   Ac_s: PAW                             
 100
Core Pot   L  =         .00000   -.28922
  -.30000000E+01  .15452975E+00
  -.29500000E+01 -.12364712E+02
  -.29000000E+01  .31235074E+01
  -.28500000E+01  .22285090E+01
  -.28000000E+01  .19404154E+01
  -.27500000E+01  .17913697E+01
  -.27000000E+01  .16959962E+01
  -.26500000E+01  .16268677E+01
  -.26000000E+01  .15724698E+01
  -.25500000E+01  .15271203E+01
  -.25000000E+01  .14876897E+01
  -.24500000E+01  .14523109E+01
  -.24000000E+01  .14197995E+01
  -.23500000E+01  .13893669E+01
  -.23000000E+01  .13604661E+01
  -.22500000E+01  .13327053E+01
  -.22000000E+01  .13057950E+01
  -.21500000E+01  .12795159E+01
  -.21000000E+01  .12536981E+01
  -.20500000E+01  .12282068E+01
  -.20000000E+01  .12029333E+01
  -.19500000E+01  .11777876E+01
  -.19000000E+01  .11526945E+01
  -.18500000E+01  .11275893E+01
  -.18000000E+01  .11024158E+01
  -.17500000E+01  .10771241E+01
  -.17000000E+01  .10516693E+01
  -.16500000E+01  .10260099E+01
  -.16000000E+01  .10001074E+01
  -.15500000E+01  .97392506E+00
  -.15000000E+01  .94742774E+00
  -.14500000E+01  .92058098E+00
  -.14000000E+01  .89335077E+00
  -.13500000E+01  .86570304E+00
  -.13000000E+01  .83760337E+00
  -.12500000E+01  .80901661E+00
  -.12000000E+01  .77990656E+00
  -.11500000E+01  .75023565E+00
  -.11000000E+01  .71996467E+00
  -.10500000E+01  .68905237E+00
  -.10000000E+01  .65745517E+00
  -.95000000E+00  .62512679E+00
  -.90000000E+00  .59201787E+00
  -.85000000E+00  .55807551E+00
  -.80000000E+00  .52324287E+00
  -.75000000E+00  .48745859E+00
  -.70000000E+00  .45065624E+00
  -.65000000E+00  .41276367E+00
  -.60000000E+00  .37370227E+00
  -.55000000E+00  .33338611E+00
  -.50000000E+00  .29172101E+00
  -.45000000E+00  .24860338E+00
  -.40000000E+00  .20391898E+00
  -.35000000E+00  .15754138E+00
  -.30000000E+00  .10933028E+00
  -.25000000E+00  .59129382E-01
  -.20000000E+00  .67640621E-02
  -.15000000E+00 -.47961542E-01
  -.10000000E+00 -.10526791E+00
  -.50000000E-01 -.16540419E+00
  -.22898350E-14 -.22865314E+00
   .50000000E-01 -.29533702E+00
   .10000000E+00 -.36582484E+00
   .15000000E+00 -.44054124E+00
   .20000000E+00 -.51997746E+00
   .25000000E+00 -.60470504E+00
   .30000000E+00 -.69539300E+00
   .35000000E+00 -.79282965E+00
   .40000000E+00 -.89795057E+00
   .45000000E+00 -.10118747E+01
   .50000000E+00 -.11359519E+01
   .55000000E+00 -.12718257E+01
   .60000000E+00 -.14215180E+01
   .65000000E+00 -.15875448E+01
   .70000000E+00 -.17730774E+01
   .75000000E+00 -.19821702E+01
   .80000000E+00 -.22200922E+01
   .85000000E+00 -.24938186E+01
   .90000000E+00 -.28127823E+01
   .95000000E+00 -.31900626E+01
   .10000000E+01 -.36443348E+01
   .10500000E+01 -.42032237E+01
   .11000000E+01 -.49093945E+01
   .11500000E+01 -.58324036E+01
   .12000000E+01 -.70938501E+01
   .12500000E+01 -.89272517E+01
   .13000000E+01 -.11845295E+02
   .13500000E+01 -.17234868E+02
   .14000000E+01 -.30604836E+02
   .14500000E+01 -.12117974E+03
   .15000000E+01  .65104248E+02
   .15500000E+01  .26132778E+02
   .16000000E+01  .16512159E+02
   .16500000E+01  .12145695E+02
   .17000000E+01  .96465009E+01
   .17500000E+01  .80237173E+01
   .18000000E+01  .68821154E+01
   .18500000E+01  .60330065E+01
   .19000000E+01  .53749118E+01
   .19500000E+01  .48483958E+01
   .20000000E+01  .44163347E+01
Potential  L  =         .00000   -.28922
  -.30000000E+01  .15207067E+01
  -.29500000E+01  .15044774E+01
  -.29000000E+01  .14880808E+01
  -.28500000E+01  .14715121E+01
  -.28000000E+01  .14547660E+01
  -.27500000E+01  .14378373E+01
  -.27000000E+01  .14207202E+01
  -.26500000E+01  .14034090E+01
  -.26000000E+01  .13858977E+01
  -.25500000E+01  .13681796E+01
  -.25000000E+01  .13502477E+01
  -.24500000E+01  .13320952E+01
  -.24000000E+01  .13137144E+01
  -.23500000E+01  .12950976E+01
  -.23000000E+01  .12762372E+01
  -.22500000E+01  .12571229E+01
  -.22000000E+01  .12377463E+01
  -.21500000E+01  .12180978E+01
  -.21000000E+01  .11981671E+01
  -.20500000E+01  .11779433E+01
  -.20000000E+01  .11574149E+01
  -.19500000E+01  .11365699E+01
  -.19000000E+01  .11153955E+01
  -.18500000E+01  .10938779E+01
  -.18000000E+01  .10720027E+01
  -.17500000E+01  .10497546E+01
  -.17000000E+01  .10271171E+01
  -.16500000E+01  .10040730E+01
  -.16000000E+01  .98060359E+00
  -.15500000E+01  .95668914E+00
  -.15000000E+01  .93230848E+00
  -.14500000E+01  .90743902E+00
  -.14000000E+01  .88205655E+00
  -.13500000E+01  .85613513E+00
  -.13000000E+01  .82964689E+00
  -.12500000E+01  .80256191E+00
  -.12000000E+01  .77484799E+00
  -.11500000E+01  .74647043E+00
  -.11000000E+01  .71739178E+00
  -.10500000E+01  .68757157E+00
  -.10000000E+01  .65696599E+00
  -.95000000E+00  .62552764E+00
  -.90000000E+00  .59320495E+00
  -.85000000E+00  .55994191E+00
  -.80000000E+00  .52567750E+00
  -.75000000E+00  .49034514E+00
  -.70000000E+00  .45387209E+00
  -.65000000E+00  .41617862E+00
  -.60000000E+00  .37717734E+00
  -.55000000E+00  .33677217E+00
  -.50000000E+00  .29485728E+00
  -.45000000E+00  .25131585E+00
  -.40000000E+00  .20601868E+00
  -.35000000E+00  .15882253E+00
  -.30000000E+00  .10956838E+00
  -.25000000E+00  .58079001E-01
  -.20000000E+00  .41567207E-02
  -.15000000E+00 -.52419705E-01
  -.10000000E+00 -.11189834E+00
  -.50000000E-01 -.17455814E+00
  -.22898350E-14 -.24071341E+00
   .50000000E-01 -.31071929E+00
   .10000000E+00 -.38497792E+00
   .15000000E+00 -.46394576E+00
   .20000000E+00 -.54814207E+00
   .25000000E+00 -.63815830E+00
   .30000000E+00 -.73466948E+00
   .35000000E+00 -.83844948E+00
   .40000000E+00 -.95038017E+00
   .45000000E+00 -.10714703E+01
   .50000000E+00 -.12028715E+01
   .55000000E+00 -.13458920E+01
   .60000000E+00 -.15020089E+01
   .65000000E+00 -.16728718E+01
   .70000000E+00 -.18602889E+01
   .75000000E+00 -.20661846E+01
   .80000000E+00 -.22925030E+01
   .85000000E+00 -.25410202E+01
   .90000000E+00 -.28130123E+01
   .95000000E+00 -.31086854E+01
   .10000000E+01 -.34262566E+01
   .10500000E+01 -.37605475E+01
   .11000000E+01 -.41009967E+01
   .11500000E+01 -.44292013E+01
   .12000000E+01 -.47166078E+01
   .12500000E+01 -.49238918E+01
   .13000000E+01 -.50045933E+01
   .13500000E+01 -.49154051E+01
   .14000000E+01 -.46322182E+01
   .14500000E+01 -.41648134E+01
   .15000000E+01 -.35595567E+01
   .15500000E+01 -.28856409E+01
   .16000000E+01 -.22127431E+01
   .16500000E+01 -.15933385E+01
   .17000000E+01 -.10565932E+01
   .17500000E+01 -.61166185E+00
   .18000000E+01 -.25468735E+00
   .18500000E+01  .24705936E-01
   .19000000E+01  .23897387E+00
   .19500000E+01  .40019332E+00
   .20000000E+01  .51896616E+00
Core Pot   L  =        1.00000  -1.47647
  -.30000000E+01  .14701991E+01
  -.29500000E+01  .14505599E+01
  -.29000000E+01  .14304850E+01
  -.28500000E+01  .14099396E+01
  -.28000000E+01  .13888847E+01
  -.27500000E+01  .13672757E+01
  -.27000000E+01  .13450619E+01
  -.26500000E+01  .13221849E+01
  -.26000000E+01  .12985774E+01
  -.25500000E+01  .12741612E+01
  -.25000000E+01  .12488448E+01
  -.24500000E+01  .12225207E+01
  -.24000000E+01  .11950609E+01
  -.23500000E+01  .11663128E+01
  -.23000000E+01  .11360917E+01
  -.22500000E+01  .11041725E+01
  -.22000000E+01  .10702776E+01
  -.21500000E+01  .10340606E+01
  -.21000000E+01  .99508296E+00
  -.20500000E+01  .95278138E+00
  -.20000000E+01  .90641925E+00
  -.19500000E+01  .85501418E+00
  -.19000000E+01  .79722558E+00
  -.18500000E+01  .73117424E+00
  -.18000000E+01  .65414064E+00
  -.17500000E+01  .56203483E+00
  -.17000000E+01  .44840688E+00
  -.16500000E+01  .30245519E+00
  -.16000000E+01  .10460751E+00
  -.15500000E+01 -.18465505E+00
  -.15000000E+01 -.65890897E+00
  -.14500000E+01 -.16062892E+01
  -.14000000E+01 -.45625884E+01
  -.13500000E+01  .69492221E+02
  -.13000000E+01  .58941978E+01
  -.12500000E+01  .35383805E+01
  -.12000000E+01  .27004659E+01
  -.11500000E+01  .22631114E+01
  -.11000000E+01  .19894122E+01
  -.10500000E+01  .17984110E+01
  -.10000000E+01  .16549071E+01
  -.95000000E+00  .15411280E+01
  -.90000000E+00  .14471282E+01
  -.85000000E+00  .13669048E+01
  -.80000000E+00  .12966178E+01
  -.75000000E+00  .12336938E+01
  -.70000000E+00  .11763418E+01
  -.65000000E+00  .11232745E+01
  -.60000000E+00  .10735413E+01
  -.55000000E+00  .10264230E+01
  -.50000000E+00  .98136375E+00
  -.45000000E+00  .93792558E+00
  -.40000000E+00  .89575703E+00
  -.35000000E+00  .85457122E+00
  -.30000000E+00  .81413016E+00
  -.25000000E+00  .77423320E+00
  -.20000000E+00  .73470851E+00
  -.15000000E+00  .69540660E+00
  -.10000000E+00  .65619535E+00
  -.50000000E-01  .61695614E+00
  -.22898350E-14  .57758078E+00
   .50000000E-01  .53796903E+00
   .10000000E+00  .49802655E+00
   .15000000E+00  .45766320E+00
   .20000000E+00  .41679163E+00
   .25000000E+00  .37532591E+00
   .30000000E+00  .33318049E+00
   .35000000E+00  .29026907E+00
   .40000000E+00  .24650367E+00
   .45000000E+00  .20179360E+00
   .50000000E+00  .15604451E+00
   .55000000E+00  .10915743E+00
   .60000000E+00  .61027706E-01
   .65000000E+00  .11543869E-01
   .70000000E+00 -.39413528E-01
   .75000000E+00 -.91973267E-01
   .80000000E+00 -.14627495E+00
   .85000000E+00 -.20247067E+00
   .90000000E+00 -.26072693E+00
   .95000000E+00 -.32122686E+00
   .10000000E+01 -.38417274E+00
   .10500000E+01 -.44978901E+00
   .11000000E+01 -.51832573E+00
   .11500000E+01 -.59006273E+00
   .12000000E+01 -.66531454E+00
   .12500000E+01 -.74443622E+00
   .13000000E+01 -.82783045E+00
   .13500000E+01 -.91595611E+00
   .14000000E+01 -.10093387E+01
   .14500000E+01 -.11085833E+01
   .15000000E+01 -.12143904E+01
   .15500000E+01 -.13275756E+01
   .16000000E+01 -.14490950E+01
   .16500000E+01 -.15800769E+01
   .17000000E+01 -.17218624E+01
   .17500000E+01 -.18760589E+01
   .18000000E+01 -.20446095E+01
   .18500000E+01 -.22298861E+01
   .19000000E+01 -.24348147E+01
   .19500000E+01 -.26630481E+01
   .20000000E+01 -.29192064E+01
Potential  L  =        1.00000  -1.47647
  -.30000000E+01  .14268393E+01
  -.29500000E+01  .14057649E+01
  -.29000000E+01  .13841773E+01
  -.28500000E+01  .13620356E+01
  -.28000000E+01  .13392938E+01
  -.27500000E+01  .13158997E+01
  -.27000000E+01  .12917940E+01
  -.26500000E+01  .12669086E+01
  -.26000000E+01  .12411654E+01
  -.25500000E+01  .12144742E+01
  -.25000000E+01  .11867298E+01
  -.24500000E+01  .11578091E+01
  -.24000000E+01  .11275667E+01
  -.23500000E+01  .10958299E+01
  -.23000000E+01  .10623915E+01
  -.22500000E+01  .10270007E+01
  -.22000000E+01  .98935067E+00
  -.21500000E+01  .94906215E+00
  -.21000000E+01  .90566000E+00
  -.20500000E+01  .85854081E+00
  -.20000000E+01  .80692597E+00
  -.19500000E+01  .74979260E+00
  -.19000000E+01  .68576913E+00
  -.18500000E+01  .61297177E+00
  -.18000000E+01  .52873994E+00
  -.17500000E+01  .42918835E+00
  -.17000000E+01  .30840866E+00
  -.16500000E+01  .15695319E+00
  -.16000000E+01 -.41287072E-01
  -.15500000E+01 -.31621527E+00
  -.15000000E+01 -.73032781E+00
  -.14500000E+01 -.14397767E+01
  -.14000000E+01 -.29749752E+01
  -.13500000E+01 -.90385973E+01
  -.13000000E+01  .21384966E+02
  -.12500000E+01  .60671753E+01
  -.12000000E+01  .38717392E+01
  -.11500000E+01  .29806410E+01
  -.11000000E+01  .24901643E+01
  -.10500000E+01  .21746389E+01
  -.10000000E+01  .19509602E+01
  -.95000000E+00  .17813559E+01
  -.90000000E+00  .16461792E+01
  -.85000000E+00  .15341957E+01
  -.80000000E+00  .14385110E+01
  -.75000000E+00  .13546554E+01
  -.70000000E+00  .12795995E+01
  -.65000000E+00  .12112136E+01
  -.60000000E+00  .11479524E+01
  -.55000000E+00  .10886645E+01
  -.50000000E+00  .10324698E+01
  -.45000000E+00  .97868116E+00
  -.40000000E+00  .92675037E+00
  -.35000000E+00  .87623115E+00
  -.30000000E+00  .82675302E+00
  -.25000000E+00  .77800223E+00
  -.20000000E+00  .72970774E+00
  -.15000000E+00  .68163057E+00
  -.10000000E+00  .63355563E+00
  -.50000000E-01  .58528520E+00
  -.22898350E-14  .53663369E+00
   .50000000E-01  .48742326E+00
   .10000000E+00  .43748001E+00
   .15000000E+00  .38663056E+00
   .20000000E+00  .33469898E+00
   .25000000E+00  .28150362E+00
   .30000000E+00  .22685403E+00
   .35000000E+00  .17054796E+00
   .40000000E+00  .11236758E+00
   .45000000E+00  .52075770E-01
   .50000000E+00 -.10588282E-01
   .55000000E+00 -.75914204E-01
   .60000000E+00 -.14422645E+00
   .65000000E+00 -.21589150E+00
   .70000000E+00 -.29132661E+00
   .75000000E+00 -.37101051E+00
   .80000000E+00 -.45549672E+00
   .85000000E+00 -.54543016E+00
   .90000000E+00 -.64156825E+00
   .95000000E+00 -.74480796E+00
   .10000000E+01 -.85622077E+00
   .10500000E+01 -.97709864E+00
   .11000000E+01 -.11090151E+01
   .11500000E+01 -.12539076E+01
   .12000000E+01 -.14141907E+01
   .12500000E+01 -.15929138E+01
   .13000000E+01 -.17939861E+01
   .13500000E+01 -.20225041E+01
   .14000000E+01 -.22852408E+01
   .14500000E+01 -.25913992E+01
   .15000000E+01 -.29538112E+01
   .15500000E+01 -.33909249E+01
   .16000000E+01 -.39302569E+01
   .16500000E+01 -.46147500E+01
   .17000000E+01 -.55153496E+01
   .17500000E+01 -.67582818E+01
   .18000000E+01 -.85919340E+01
   .18500000E+01 -.11581825E+02
   .19000000E+01 -.17354067E+02
   .19500000E+01 -.33276604E+02
   .20000000E+01 -.28862567E+03
Core Pot   L  =        2.00000   -.16765
  -.30000000E+01  .16285853E+01
  -.29500000E+01  .16127599E+01
  -.29000000E+01  .15967670E+01
  -.28500000E+01  .15806012E+01
  -.28000000E+01  .15642566E+01
  -.27500000E+01  .15477273E+01
  -.27000000E+01  .15310068E+01
  -.26500000E+01  .15140883E+01
  -.26000000E+01  .14969647E+01
  -.25500000E+01  .14796284E+01
  -.25000000E+01  .14620714E+01
  -.24500000E+01  .14442852E+01
  -.24000000E+01  .14262607E+01
  -.23500000E+01  .14079883E+01
  -.23000000E+01  .13894577E+01
  -.22500000E+01  .13706581E+01
  -.22000000E+01  .13515777E+01
  -.21500000E+01  .13322040E+01
  -.21000000E+01  .13125238E+01
  -.20500000E+01  .12925226E+01
  -.20000000E+01  .12721851E+01
  -.19500000E+01  .12514946E+01
  -.19000000E+01  .12304334E+01
  -.18500000E+01  .12089822E+01
  -.18000000E+01  .11871201E+01
  -.17500000E+01  .11648245E+01
  -.17000000E+01  .11420709E+01
  -.16500000E+01  .11188326E+01
  -.16000000E+01  .10950805E+01
  -.15500000E+01  .10707829E+01
  -.15000000E+01  .10459049E+01
  -.14500000E+01  .10204082E+01
  -.14000000E+01  .99425086E+00
  -.13500000E+01  .96738634E+00
  -.13000000E+01  .93976324E+00
  -.12500000E+01  .91132447E+00
  -.12000000E+01  .88200643E+00
  -.11500000E+01  .85173810E+00
  -.11000000E+01  .82043981E+00
  -.10500000E+01  .78802190E+00
  -.10000000E+01  .75438307E+00
  -.95000000E+00  .71940837E+00
  -.90000000E+00  .68296682E+00
  -.85000000E+00  .64490841E+00
  -.80000000E+00  .60506053E+00
  -.75000000E+00  .56322341E+00
  -.70000000E+00  .51916458E+00
  -.65000000E+00  .47261173E+00
  -.60000000E+00  .42324375E+00
  -.55000000E+00  .37067918E+00
  -.50000000E+00  .31446122E+00
  -.45000000E+00  .25403798E+00
  -.40000000E+00  .18873626E+00
  -.35000000E+00  .11772607E+00
  -.30000000E+00  .39971924E-01
  -.25000000E+00 -.45835242E-01
  -.20000000E+00 -.14137512E+00
  -.15000000E+00 -.24883962E+00
  -.10000000E+00 -.37114477E+00
  -.50000000E-01 -.51225726E+00
  -.22898350E-14 -.67771536E+00
   .50000000E-01 -.87549384E+00
   .10000000E+00 -.11175110E+01
   .15000000E+00 -.14224118E+01
   .20000000E+00 -.18210966E+01
   .25000000E+00 -.23687743E+01
   .30000000E+00 -.31747258E+01
   .35000000E+00 -.44899795E+01
   .40000000E+00 -.70474580E+01
   .45000000E+00 -.14285515E+02
   .50000000E+00 -.19411782E+03
   .55000000E+00  .18485115E+02
   .60000000E+00  .91845530E+01
   .65000000E+00  .62461800E+01
   .70000000E+00  .47962207E+01
   .75000000E+00  .39262273E+01
   .80000000E+00  .33419358E+01
   .85000000E+00  .29192589E+01
   .90000000E+00  .25968016E+01
   .95000000E+00  .23407055E+01
   .10000000E+01  .21307637E+01
   .10500000E+01  .19541677E+01
   .11000000E+01  .18024029E+01
   .11500000E+01  .16695862E+01
   .12000000E+01  .15515198E+01
   .12500000E+01  .14451261E+01
   .13000000E+01  .13480956E+01
   .13500000E+01  .12586594E+01
   .14000000E+01  .11754379E+01
   .14500000E+01  .10973374E+01
   .15000000E+01  .10234782E+01
   .15500000E+01  .95314304E+00
   .16000000E+01  .88573922E+00
   .16500000E+01  .82077135E+00
   .17000000E+01  .75782035E+00
   .17500000E+01  .69652769E+00
   .18000000E+01  .63658316E+00
   .18500000E+01  .57771532E+00
   .19000000E+01  .51968396E+00
   .19500000E+01  .46227407E+00
   .20000000E+01  .40529092E+00
Potential  L  =        2.00000   -.16765
  -.30000000E+01  .16304630E+01
  -.29500000E+01  .16146211E+01
  -.29000000E+01  .15986106E+01
  -.28500000E+01  .15824259E+01
  -.28000000E+01  .15660614E+01
  -.27500000E+01  .15495109E+01
  -.27000000E+01  .15327680E+01
  -.26500000E+01  .15158259E+01
  -.26000000E+01  .14986774E+01
  -.25500000E+01  .14813149E+01
  -.25000000E+01  .14637304E+01
  -.24500000E+01  .14459152E+01
  -.24000000E+01  .14278603E+01
  -.23500000E+01  .14095560E+01
  -.23000000E+01  .13909921E+01
  -.22500000E+01  .13721575E+01
  -.22000000E+01  .13530406E+01
  -.21500000E+01  .13336287E+01
  -.21000000E+01  .13139086E+01
  -.20500000E+01  .12938658E+01
  -.20000000E+01  .12734849E+01
  -.19500000E+01  .12527493E+01
  -.19000000E+01  .12316411E+01
  -.18500000E+01  .12101409E+01
  -.18000000E+01  .11882279E+01
  -.17500000E+01  .11658794E+01
  -.17000000E+01  .11430710E+01
  -.16500000E+01  .11197758E+01
  -.16000000E+01  .10959648E+01
  -.15500000E+01  .10716062E+01
  -.15000000E+01  .10466651E+01
  -.14500000E+01  .10211034E+01
  -.14000000E+01  .99487885E+00
  -.13500000E+01  .96794518E+00
  -.13000000E+01  .94025098E+00
  -.12500000E+01  .91173925E+00
  -.12000000E+01  .88234653E+00
  -.11500000E+01  .85200192E+00
  -.11000000E+01  .82062597E+00
  -.10500000E+01  .78812927E+00
  -.10000000E+01  .75441084E+00
  -.95000000E+00  .71935616E+00
  -.90000000E+00  .68283476E+00
  -.85000000E+00  .64469727E+00
  -.80000000E+00  .60477192E+00
  -.75000000E+00  .56285995E+00
  -.70000000E+00  .51873017E+00
  -.65000000E+00  .47211189E+00
  -.60000000E+00  .42268605E+00
  -.55000000E+00  .37007378E+00
  -.50000000E+00  .31382158E+00
  -.45000000E+00  .25338186E+00
  -.40000000E+00  .18808696E+00
  -.35000000E+00  .11711418E+00
  -.30000000E+00  .39437723E-01
  -.25000000E+00 -.46238398E-01
  -.20000000E+00 -.14157599E+00
  -.15000000E+00 -.24874196E+00
  -.10000000E+00 -.37061663E+00
  -.50000000E-01 -.51111438E+00
  -.22898350E-14 -.67569434E+00
   .50000000E-01 -.87220705E+00
   .10000000E+00 -.11123666E+01
   .15000000E+00 -.14144633E+01
   .20000000E+00 -.18087347E+01
   .25000000E+00 -.23490298E+01
   .30000000E+00 -.31414547E+01
   .35000000E+00 -.44280829E+01
   .40000000E+00 -.69074416E+01
   .45000000E+00 -.13769945E+02
   .50000000E+00 -.13344169E+03
   .55000000E+00  .19207692E+02
   .60000000E+00  .93296104E+01
   .65000000E+00  .62976521E+01
   .70000000E+00  .48164078E+01
   .75000000E+00  .39320840E+01
   .80000000E+00  .33398562E+01
   .85000000E+00  .29121473E+01
   .90000000E+00  .25861422E+01
   .95000000E+00  .23273170E+01
   .10000000E+01  .21151193E+01
   .10500000E+01  .19365462E+01
   .11000000E+01  .17829661E+01
   .11500000E+01  .16484211E+01
   .12000000E+01  .15286630E+01
   .12500000E+01  .14205787E+01
   .13000000E+01  .13218318E+01
   .13500000E+01  .12306323E+01
   .14000000E+01  .11455829E+01
   .14500000E+01  .10655746E+01
   .15000000E+01  .98971368E+00
   .15500000E+01  .91726909E+00
   .16000000E+01  .84763491E+00
   .16500000E+01  .78030214E+00
   .17000000E+01  .71483762E+00
   .17500000E+01  .65086796E+00
   .18000000E+01  .58806708E+00
   .18500000E+01  .52614648E+00
   .19000000E+01  .46484728E+00
   .19500000E+01  .40393419E+00
   .20000000E+01  .34319025E+00
Core Pot   L  =        3.00000   -.00766
  -.30000000E+01  .18011600E+01
  -.29500000E+01  .17871748E+01
  -.29000000E+01  .17730758E+01
  -.28500000E+01  .17588598E+01
  -.28000000E+01  .17445238E+01
  -.27500000E+01  .17300646E+01
  -.27000000E+01  .17154785E+01
  -.26500000E+01  .17007621E+01
  -.26000000E+01  .16859115E+01
  -.25500000E+01  .16709226E+01
  -.25000000E+01  .16557914E+01
  -.24500000E+01  .16405131E+01
  -.24000000E+01  .16250833E+01
  -.23500000E+01  .16094967E+01
  -.23000000E+01  .15937482E+01
  -.22500000E+01  .15778320E+01
  -.22000000E+01  .15617422E+01
  -.21500000E+01  .15454724E+01
  -.21000000E+01  .15290157E+01
  -.20500000E+01  .15123648E+01
  -.20000000E+01  .14955118E+01
  -.19500000E+01  .14784483E+01
  -.19000000E+01  .14611652E+01
  -.18500000E+01  .14436528E+01
  -.18000000E+01  .14259003E+01
  -.17500000E+01  .14078962E+01
  -.17000000E+01  .13896281E+01
  -.16500000E+01  .13710821E+01
  -.16000000E+01  .13522432E+01
  -.15500000E+01  .13330950E+01
  -.15000000E+01  .13136191E+01
  -.14500000E+01  .12937955E+01
  -.14000000E+01  .12736016E+01
  -.13500000E+01  .12530123E+01
  -.13000000E+01  .12319995E+01
  -.12500000E+01  .12105315E+01
  -.12000000E+01  .11885721E+01
  -.11500000E+01  .11660803E+01
  -.11000000E+01  .11430089E+01
  -.10500000E+01  .11193033E+01
  -.10000000E+01  .10949002E+01
  -.95000000E+00  .10697252E+01
  -.90000000E+00  .10436902E+01
  -.85000000E+00  .10166901E+01
  -.80000000E+00  .98859848E+00
  -.75000000E+00  .95926083E+00
  -.70000000E+00  .92848678E+00
  -.65000000E+00  .89603820E+00
  -.60000000E+00  .86161288E+00
  -.55000000E+00  .82482069E+00
  -.50000000E+00  .78514838E+00
  -.45000000E+00  .74190569E+00
  -.40000000E+00  .69414058E+00
  -.35000000E+00  .64050024E+00
  -.30000000E+00  .57899291E+00
  -.25000000E+00  .50655670E+00
  -.20000000E+00  .41822420E+00
  -.15000000E+00  .30535917E+00
  -.10000000E+00  .15148946E+00
  -.50000000E-01 -.79211378E-01
  -.22898350E-14 -.48222485E+00
   .50000000E-01 -.14255701E+01
   .10000000E+00 -.69471584E+01
   .15000000E+00  .58838442E+01
   .20000000E+00  .26316584E+01
   .25000000E+00  .18610280E+01
   .30000000E+00  .15028631E+01
   .35000000E+00  .12876866E+01
   .40000000E+00  .11385190E+01
   .45000000E+00  .10250207E+01
   .50000000E+00  .93280150E+00
   .55000000E+00  .85414450E+00
   .60000000E+00  .78452825E+00
   .65000000E+00  .72111728E+00
   .70000000E+00  .66203333E+00
   .75000000E+00  .60597335E+00
   .80000000E+00  .55199578E+00
   .85000000E+00  .49939439E+00
   .90000000E+00  .44762032E+00
   .95000000E+00  .39623190E+00
   .10000000E+01  .34486128E+00
   .10500000E+01  .29319128E+00
   .11000000E+01  .24093889E+00
   .11500000E+01  .18784300E+00
   .12000000E+01  .13365489E+00
   .12500000E+01  .78130477E-01
   .13000000E+01  .21023719E-01
   .13500000E+01 -.37919440E-01
   .14000000E+01 -.98966854E-01
   .14500000E+01 -.16240608E+00
   .15000000E+01 -.22855068E+00
   .15500000E+01 -.29774723E+00
   .16000000E+01 -.37038341E+00
   .16500000E+01 -.44689747E+00
   .17000000E+01 -.52778973E+00
   .17500000E+01 -.61363660E+00
   .18000000E+01 -.70510804E+00
   .18500000E+01 -.80298962E+00
   .19000000E+01 -.90821060E+00
   .19500000E+01 -.10218804E+01
   .20000000E+01 -.11453363E+01
Potential  L  =        3.00000   -.00766
  -.30000000E+01  .17439927E+01
  -.29500000E+01  .17286477E+01
  -.29000000E+01  .17131400E+01
  -.28500000E+01  .16974644E+01
  -.28000000E+01  .16816150E+01
  -.27500000E+01  .16655861E+01
  -.27000000E+01  .16493713E+01
  -.26500000E+01  .16329640E+01
  -.26000000E+01  .16163571E+01
  -.25500000E+01  .15995433E+01
  -.25000000E+01  .15825145E+01
  -.24500000E+01  .15652626E+01
  -.24000000E+01  .15477786E+01
  -.23500000E+01  .15300530E+01
  -.23000000E+01  .15120760E+01
  -.22500000E+01  .14938366E+01
  -.22000000E+01  .14753236E+01
  -.21500000E+01  .14565246E+01
  -.21000000E+01  .14374268E+01
  -.20500000E+01  .14180160E+01
  -.20000000E+01  .13982773E+01
  -.19500000E+01  .13781944E+01
  -.19000000E+01  .13577502E+01
  -.18500000E+01  .13369257E+01
  -.18000000E+01  .13157009E+01
  -.17500000E+01  .12940538E+01
  -.17000000E+01  .12719607E+01
  -.16500000E+01  .12493959E+01
  -.16000000E+01  .12263313E+01
  -.15500000E+01  .12027365E+01
  -.15000000E+01  .11785780E+01
  -.14500000E+01  .11538192E+01
  -.14000000E+01  .11284201E+01
  -.13500000E+01  .11023365E+01
  -.13000000E+01  .10755196E+01
  -.12500000E+01  .10479156E+01
  -.12000000E+01  .10194646E+01
  -.11500000E+01  .99010016E+00
  -.11000000E+01  .95974785E+00
  -.10500000E+01  .92832445E+00
  -.10000000E+01  .89573639E+00
  -.95000000E+00  .86187806E+00
  -.90000000E+00  .82662979E+00
  -.85000000E+00  .78985547E+00
  -.80000000E+00  .75139950E+00
  -.75000000E+00  .71108315E+00
  -.70000000E+00  .66870012E+00
  -.65000000E+00  .62401086E+00
  -.60000000E+00  .57673567E+00
  -.55000000E+00  .52654568E+00
  -.50000000E+00  .47305159E+00
  -.45000000E+00  .41578902E+00
  -.40000000E+00  .35419939E+00
  -.35000000E+00  .28760458E+00
  -.30000000E+00  .21517318E+00
  -.25000000E+00  .13587415E+00
  -.20000000E+00  .48413113E-01
  -.15000000E+00 -.48857763E-01
  -.10000000E+00 -.15806957E+00
  -.50000000E-01 -.28202810E+00
  -.22898350E-14 -.42450431E+00
   .50000000E-01 -.59068886E+00
   .10000000E+00 -.78793040E+00
   .15000000E+00 -.10269880E+01
   .20000000E+00 -.13242705E+01
   .25000000E+00 -.17061069E+01
   .30000000E+00 -.22175812E+01
   .35000000E+00 -.29428528E+01
   .40000000E+00 -.40592107E+01
   .45000000E+00 -.60151715E+01
   .50000000E+00 -.10370436E+02
   .55000000E+00 -.28836736E+02
   .60000000E+00  .48407736E+02
   .65000000E+00  .14116285E+02
   .70000000E+00  .85580322E+01
   .75000000E+00  .62710867E+01
   .80000000E+00  .50174430E+01
   .85000000E+00  .42213464E+01
   .90000000E+00  .36677027E+01
   .95000000E+00  .32579092E+01
   .10000000E+01  .29403937E+01
   .10500000E+01  .26855598E+01
   .11000000E+01  .24752062E+01
   .11500000E+01  .22975224E+01
   .12000000E+01  .21445087E+01
   .12500000E+01  .20105521E+01
   .13000000E+01  .18915971E+01
   .13500000E+01  .17846388E+01
   .14000000E+01  .16874024E+01
   .14500000E+01  .15981330E+01
   .15000000E+01  .15154538E+01
   .15500000E+01  .14382686E+01
   .16000000E+01  .13656926E+01
   .16500000E+01  .12970028E+01
   .17000000E+01  .12316016E+01
   .17500000E+01  .11689896E+01
   .18000000E+01  .11087455E+01
   .18500000E+01  .10505100E+01
   .19000000E+01  .99397435E+00
   .19500000E+01  .93887020E+00
   .20000000E+01  .88496256E+00
Core Pot   L  =        4.00000    .00000
  -.30000000E+01  .20023246E+01
  -.29500000E+01  .19900199E+01
  -.29000000E+01  .19776427E+01
  -.28500000E+01  .19651919E+01
  -.28000000E+01  .19526662E+01
  -.27500000E+01  .19400642E+01
  -.27000000E+01  .19273846E+01
  -.26500000E+01  .19146260E+01
  -.26000000E+01  .19017870E+01
  -.25500000E+01  .18888660E+01
  -.25000000E+01  .18758617E+01
  -.24500000E+01  .18627724E+01
  -.24000000E+01  .18495965E+01
  -.23500000E+01  .18363324E+01
  -.23000000E+01  .18229784E+01
  -.22500000E+01  .18095326E+01
  -.22000000E+01  .17959933E+01
  -.21500000E+01  .17823586E+01
  -.21000000E+01  .17686266E+01
  -.20500000E+01  .17547952E+01
  -.20000000E+01  .17408624E+01
  -.19500000E+01  .17268260E+01
  -.19000000E+01  .17126839E+01
  -.18500000E+01  .16984338E+01
  -.18000000E+01  .16840732E+01
  -.17500000E+01  .16695998E+01
  -.17000000E+01  .16550110E+01
  -.16500000E+01  .16403041E+01
  -.16000000E+01  .16254765E+01
  -.15500000E+01  .16105254E+01
  -.15000000E+01  .15954477E+01
  -.14500000E+01  .15802404E+01
  -.14000000E+01  .15649005E+01
  -.13500000E+01  .15494246E+01
  -.13000000E+01  .15338092E+01
  -.12500000E+01  .15180509E+01
  -.12000000E+01  .15021460E+01
  -.11500000E+01  .14860905E+01
  -.11000000E+01  .14698806E+01
  -.10500000E+01  .14535119E+01
  -.10000000E+01  .14369802E+01
  -.95000000E+00  .14202810E+01
  -.90000000E+00  .14034094E+01
  -.85000000E+00  .13863605E+01
  -.80000000E+00  .13691292E+01
  -.75000000E+00  .13517099E+01
  -.70000000E+00  .13340970E+01
  -.65000000E+00  .13162846E+01
  -.60000000E+00  .12982665E+01
  -.55000000E+00  .12800360E+01
  -.50000000E+00  .12615863E+01
  -.45000000E+00  .12429102E+01
  -.40000000E+00  .12240001E+01
  -.35000000E+00  .12048479E+01
  -.30000000E+00  .11854453E+01
  -.25000000E+00  .11657834E+01
  -.20000000E+00  .11458529E+01
  -.15000000E+00  .11256437E+01
  -.10000000E+00  .11051455E+01
  -.50000000E-01  .10843471E+01
  -.22898350E-14  .10632369E+01
   .50000000E-01  .10418024E+01
   .10000000E+00  .10200304E+01
   .15000000E+00  .99790689E+00
   .20000000E+00  .97541688E+00
   .25000000E+00  .95254449E+00
   .30000000E+00  .92927274E+00
   .35000000E+00  .90558351E+00
   .40000000E+00  .88145743E+00
   .45000000E+00  .85687373E+00
   .50000000E+00  .83181018E+00
   .55000000E+00  .80624287E+00
   .60000000E+00  .78014609E+00
   .65000000E+00  .75349216E+00
   .70000000E+00  .72625119E+00
   .75000000E+00  .69839089E+00
   .80000000E+00  .66987630E+00
   .85000000E+00  .64066946E+00
   .90000000E+00  .61072914E+00
   .95000000E+00  .58001043E+00
   .10000000E+01  .54846431E+00
   .10500000E+01  .51603716E+00
   .11000000E+01  .48267019E+00
   .11500000E+01  .44829878E+00
   .12000000E+01  .41285174E+00
   .12500000E+01  .37625041E+00
   .13000000E+01  .33840766E+00
   .13500000E+01  .29922665E+00
   .14000000E+01  .25859946E+00
   .14500000E+01  .21640538E+00
   .15000000E+01  .17250898E+00
   .15500000E+01  .12675770E+00
   .16000000E+01  .78979026E-01
   .16500000E+01  .28977104E-01
   .17000000E+01 -.23471456E-01
   .17500000E+01 -.78622625E-01
   .18000000E+01 -.13677120E+00
   .18500000E+01 -.19825856E+00
   .19000000E+01 -.26348230E+00
   .19500000E+01 -.33290843E+00
   .20000000E+01 -.40708690E+00
Potential  L  =        4.00000    .00000
  -.30000000E+01  .20048566E+01
  -.29500000E+01  .19926218E+01
  -.29000000E+01  .19803148E+01
  -.28500000E+01  .19679392E+01
  -.28000000E+01  .19554899E+01
  -.27500000E+01  .19429673E+01
  -.27000000E+01  .19303695E+01
  -.26500000E+01  .19176963E+01
  -.26000000E+01  .19049455E+01
  -.25500000E+01  .18921161E+01
  -.25000000E+01  .18792065E+01
  -.24500000E+01  .18662160E+01
  -.24000000E+01  .18531424E+01
  -.23500000E+01  .18399842E+01
  -.23000000E+01  .18267404E+01
  -.22500000E+01  .18134092E+01
  -.22000000E+01  .17999887E+01
  -.21500000E+01  .17864779E+01
  -.21000000E+01  .17728742E+01
  -.20500000E+01  .17591763E+01
  -.20000000E+01  .17453826E+01
  -.19500000E+01  .17314901E+01
  -.19000000E+01  .17174993E+01
  -.18500000E+01  .17034058E+01
  -.18000000E+01  .16892085E+01
  -.17500000E+01  .16749052E+01
  -.17000000E+01  .16604936E+01
  -.16500000E+01  .16459709E+01
  -.16000000E+01  .16313368E+01
  -.15500000E+01  .16165868E+01
  -.15000000E+01  .16017182E+01
  -.14500000E+01  .15867302E+01
  -.14000000E+01  .15716190E+01
  -.13500000E+01  .15563824E+01
  -.13000000E+01  .15410172E+01
  -.12500000E+01  .15255202E+01
  -.12000000E+01  .15098898E+01
  -.11500000E+01  .14941207E+01
  -.11000000E+01  .14782095E+01
  -.10500000E+01  .14621549E+01
  -.10000000E+01  .14459523E+01
  -.95000000E+00  .14295981E+01
  -.90000000E+00  .14130883E+01
  -.85000000E+00  .13964192E+01
  -.80000000E+00  .13795866E+01
  -.75000000E+00  .13625862E+01
  -.70000000E+00  .13454135E+01
  -.65000000E+00  .13280640E+01
  -.60000000E+00  .13105327E+01
  -.55000000E+00  .12928148E+01
  -.50000000E+00  .12749049E+01
  -.45000000E+00  .12567978E+01
  -.40000000E+00  .12384875E+01
  -.35000000E+00  .12199682E+01
  -.30000000E+00  .12012337E+01
  -.25000000E+00  .11822782E+01
  -.20000000E+00  .11630929E+01
  -.15000000E+00  .11436733E+01
  -.10000000E+00  .11240101E+01
  -.50000000E-01  .11040962E+01
  -.22898350E-14  .10839234E+01
   .50000000E-01  .10634831E+01
   .10000000E+00  .10427664E+01
   .15000000E+00  .10217639E+01
   .20000000E+00  .10004656E+01
   .25000000E+00  .97886104E+00
   .30000000E+00  .95693935E+00
   .35000000E+00  .93468894E+00
   .40000000E+00  .91209762E+00
   .45000000E+00  .88915254E+00
   .50000000E+00  .86584006E+00
   .55000000E+00  .84214586E+00
   .60000000E+00  .81805474E+00
   .65000000E+00  .79355061E+00
   .70000000E+00  .76861642E+00
   .75000000E+00  .74323411E+00
   .80000000E+00  .71738441E+00
   .85000000E+00  .69104693E+00
   .90000000E+00  .66419994E+00
   .95000000E+00  .63682027E+00
   .10000000E+01  .60888324E+00
   .10500000E+01  .58036248E+00
   .11000000E+01  .55122958E+00
   .11500000E+01  .52145478E+00
   .12000000E+01  .49100552E+00
   .12500000E+01  .45984712E+00
   .13000000E+01  .42794226E+00
   .13500000E+01  .39525079E+00
   .14000000E+01  .36172945E+00
   .14500000E+01  .32733151E+00
   .15000000E+01  .29200648E+00
   .15500000E+01  .25569967E+00
   .16000000E+01  .21835175E+00
   .16500000E+01  .17989820E+00
   .17000000E+01  .14026881E+00
   .17500000E+01  .99387095E-01
   .18000000E+01  .57169044E-01
   .18500000E+01  .13522994E-01
   .19000000E+01 -.31651800E-01
   .19500000E+01 -.78466216E-01
   .20000000E+01 -.12704265E+00
KBPotential  L  =       .00000   -.57844
  -.30000000E+01  .15290591E+01
  -.29500000E+01  .15125235E+01
  -.29000000E+01  .14958147E+01
  -.28500000E+01  .14789276E+01
  -.28000000E+01  .14618571E+01
  -.27500000E+01  .14445980E+01
  -.27000000E+01  .14271447E+01
  -.26500000E+01  .14094914E+01
  -.26000000E+01  .13916319E+01
  -.25500000E+01  .13735598E+01
  -.25000000E+01  .13552686E+01
  -.24500000E+01  .13367511E+01
  -.24000000E+01  .13180001E+01
  -.23500000E+01  .12990078E+01
  -.23000000E+01  .12797662E+01
  -.22500000E+01  .12602669E+01
  -.22000000E+01  .12405008E+01
  -.21500000E+01  .12204585E+01
  -.21000000E+01  .12001303E+01
  -.20500000E+01  .11795056E+01
  -.20000000E+01  .11585735E+01
  -.19500000E+01  .11373225E+01
  -.19000000E+01  .11157403E+01
  -.18500000E+01  .10938138E+01
  -.18000000E+01  .10715296E+01
  -.17500000E+01  .10488730E+01
  -.17000000E+01  .10258286E+01
  -.16500000E+01  .10023802E+01
  -.16000000E+01  .97851045E+00
  -.15500000E+01  .95420087E+00
  -.15000000E+01  .92943185E+00
  -.14500000E+01  .90418249E+00
  -.14000000E+01  .87843043E+00
  -.13500000E+01  .85215187E+00
  -.13000000E+01  .82532128E+00
  -.12500000E+01  .79791136E+00
  -.12000000E+01  .76989280E+00
  -.11500000E+01  .74123413E+00
  -.11000000E+01  .71190152E+00
  -.10500000E+01  .68185851E+00
  -.10000000E+01  .65106575E+00
  -.95000000E+00  .61948071E+00
  -.90000000E+00  .58705735E+00
  -.85000000E+00  .55374572E+00
  -.80000000E+00  .51949149E+00
  -.75000000E+00  .48423543E+00
  -.70000000E+00  .44791275E+00
  -.65000000E+00  .41045228E+00
  -.60000000E+00  .37177524E+00
  -.55000000E+00  .33179313E+00
  -.50000000E+00  .29040259E+00
  -.45000000E+00  .24746578E+00
  -.40000000E+00  .20263696E+00
  -.35000000E+00  .15898786E+00
  -.30000000E+00  .10952170E+00
  -.25000000E+00  .59300998E-01
  -.20000000E+00  .69912211E-02
  -.15000000E+00 -.47675820E-01
  -.10000000E+00 -.10493679E+00
  -.50000000E-01 -.16504552E+00
  -.22898350E-14 -.22828573E+00
   .50000000E-01 -.29497899E+00
   .10000000E+00 -.36549267E+00
   .15000000E+00 -.44024907E+00
   .20000000E+00 -.51973643E+00
   .25000000E+00 -.60452258E+00
   .30000000E+00 -.69527205E+00
   .35000000E+00 -.79276769E+00
   .40000000E+00 -.89793839E+00
   .45000000E+00 -.10118950E+01
   .50000000E+00 -.11359775E+01
   .55000000E+00 -.12718170E+01
   .60000000E+00 -.14214202E+01
   .65000000E+00 -.15872841E+01
   .70000000E+00 -.17725555E+01
   .75000000E+00 -.19812582E+01
   .80000000E+00 -.22186212E+01
   .85000000E+00 -.24915675E+01
   .90000000E+00 -.28094611E+01
   .95000000E+00 -.31852879E+01
   .10000000E+01 -.36375956E+01
   .10500000E+01 -.41938300E+01
   .11000000E+01 -.48964011E+01
   .11500000E+01 -.58144936E+01
   .12000000E+01 -.70691635E+01
   .12500000E+01 -.88931720E+01
   .13000000E+01 -.11798483E+02
   .13500000E+01 -.17174256E+02
   .14000000E+01 -.30573436E+02
   .14500000E+01 -.12395074E+03
   .15000000E+01  .63227513E+02
   .15500000E+01  .25605360E+02
   .16000000E+01  .16193997E+02
   .16500000E+01  .11904157E+02
   .17000000E+01  .94423281E+01
   .17500000E+01  .78402979E+01
   .18000000E+01  .67108725E+01
   .18500000E+01  .58688938E+01
   .19000000E+01  .52146602E+01
   .19500000E+01  .46897216E+01
   .20000000E+01  .42575394E+01
KBPotential  L  =      1.00000  -2.95295
  -.30000000E+01  .14706950E+01
  -.29500000E+01  .14510312E+01
  -.29000000E+01  .14309316E+01
  -.28500000E+01  .14103615E+01
  -.28000000E+01  .13892819E+01
  -.27500000E+01  .13676484E+01
  -.27000000E+01  .13454101E+01
  -.26500000E+01  .13225087E+01
  -.26000000E+01  .12988771E+01
  -.25500000E+01  .12744371E+01
  -.25000000E+01  .12490972E+01
  -.24500000E+01  .12227500E+01
  -.24000000E+01  .11952676E+01
  -.23500000E+01  .11664975E+01
  -.23000000E+01  .11362549E+01
  -.22500000E+01  .11043150E+01
  -.22000000E+01  .10704003E+01
  -.21500000E+01  .10341643E+01
  -.21000000E+01  .99516880E+00
  -.20500000E+01  .95285050E+00
  -.20000000E+01  .90647286E+00
  -.19500000E+01  .85505367E+00
  -.19000000E+01  .79725243E+00
  -.18500000E+01  .73119001E+00
  -.18000000E+01  .65414697E+00
  -.17500000E+01  .56203339E+00
  -.17000000E+01  .44839931E+00
  -.16500000E+01  .30244292E+00
  -.16000000E+01  .10459159E+00
  -.15500000E+01 -.18467433E+00
  -.15000000E+01 -.65893256E+00
  -.14500000E+01 -.16063164E+01
  -.14000000E+01 -.45625331E+01
  -.13500000E+01  .69549871E+02
  -.13000000E+01  .58949829E+01
  -.12500000E+01  .35388414E+01
  -.12000000E+01  .27008765E+01
  -.11500000E+01  .22635292E+01
  -.11000000E+01  .19898645E+01
  -.10500000E+01  .17989155E+01
  -.10000000E+01  .16554778E+01
  -.95000000E+00  .15417779E+01
  -.90000000E+00  .14478700E+01
  -.85000000E+00  .13677518E+01
  -.80000000E+00  .12975837E+01
  -.75000000E+00  .12347928E+01
  -.70000000E+00  .11775902E+01
  -.65000000E+00  .11246892E+01
  -.60000000E+00  .10751407E+01
  -.55000000E+00  .10282269E+01
  -.50000000E+00  .98339372E+00
  -.45000000E+00  .94020507E+00
  -.40000000E+00  .89831152E+00
  -.35000000E+00  .85742847E+00
  -.30000000E+00  .81732042E+00
  -.25000000E+00  .77778946E+00
  -.20000000E+00  .73866681E+00
  -.15000000E+00  .69980621E+00
  -.10000000E+00  .66107931E+00
  -.50000000E-01  .62237146E+00
  -.22898350E-14  .58357898E+00
   .50000000E-01  .54460659E+00
   .10000000E+00  .50536540E+00
   .15000000E+00  .46577133E+00
   .20000000E+00  .42574375E+00
   .25000000E+00  .38520423E+00
   .30000000E+00  .34407557E+00
   .35000000E+00  .30228076E+00
   .40000000E+00  .25974219E+00
   .45000000E+00  .21638081E+00
   .50000000E+00  .17211545E+00
   .55000000E+00  .12686175E+00
   .60000000E+00  .80531608E-01
   .65000000E+00  .33032211E-01
   .70000000E+00 -.15734760E-01
   .75000000E+00 -.65874134E-01
   .80000000E+00 -.11749827E+00
   .85000000E+00 -.17072822E+00
   .90000000E+00 -.22569518E+00
   .95000000E+00 -.28254119E+00
   .10000000E+01 -.34142188E+00
   .10500000E+01 -.40250767E+00
   .11000000E+01 -.46598602E+00
   .11500000E+01 -.53206406E+00
   .12000000E+01 -.60097143E+00
   .12500000E+01 -.67296340E+00
   .13000000E+01 -.74832611E+00
   .13500000E+01 -.82737964E+00
   .14000000E+01 -.91048509E+00
   .14500000E+01 -.99805066E+00
   .15000000E+01 -.10905403E+01
   .15500000E+01 -.11884836E+01
   .16000000E+01 -.12924885E+01
   .16500000E+01 -.14032556E+01
   .17000000E+01 -.15215976E+01
   .17500000E+01 -.16484628E+01
   .18000000E+01 -.17849645E+01
   .18500000E+01 -.19324190E+01
   .19000000E+01 -.20923941E+01
   .19500000E+01 -.22667730E+01
   .20000000E+01 -.24578376E+01
KBPotential  L  =      2.00000   -.33530
  -.30000000E+01  .16283363E+01
  -.29500000E+01  .16125206E+01
  -.29000000E+01  .15965373E+01
  -.28500000E+01  .15803809E+01
  -.28000000E+01  .15640458E+01
  -.27500000E+01  .15475259E+01
  -.27000000E+01  .15308146E+01
  -.26500000E+01  .15139054E+01
  -.26000000E+01  .14967911E+01
  -.25500000E+01  .14794640E+01
  -.25000000E+01  .14619162E+01
  -.24500000E+01  .14441389E+01
  -.24000000E+01  .14261235E+01
  -.23500000E+01  .14078602E+01
  -.23000000E+01  .13893387E+01
  -.22500000E+01  .13705482E+01
  -.22000000E+01  .13514769E+01
  -.21500000E+01  .13321123E+01
  -.21000000E+01  .13124349E+01
  -.20500000E+01  .12924429E+01
  -.20000000E+01  .12721145E+01
  -.19500000E+01  .12512840E+01
  -.19000000E+01  .12302309E+01
  -.18500000E+01  .12087876E+01
  -.18000000E+01  .11869333E+01
  -.17500000E+01  .11646454E+01
  -.17000000E+01  .11418993E+01
  -.16500000E+01  .11186739E+01
  -.16000000E+01  .10949292E+01
  -.15500000E+01  .10706387E+01
  -.15000000E+01  .10457676E+01
  -.14500000E+01  .10202778E+01
  -.14000000E+01  .99412701E+00
  -.13500000E+01  .96726887E+00
  -.13000000E+01  .93965194E+00
  -.12500000E+01  .91121910E+00
  -.12000000E+01  .88190676E+00
  -.11500000E+01  .85164397E+00
  -.11000000E+01  .82035084E+00
  -.10500000E+01  .78793779E+00
  -.10000000E+01  .75430352E+00
  -.95000000E+00  .71933490E+00
  -.90000000E+00  .68289739E+00
  -.85000000E+00  .64484717E+00
  -.80000000E+00  .60500280E+00
  -.75000000E+00  .56316882E+00
  -.70000000E+00  .51911296E+00
  -.65000000E+00  .47256274E+00
  -.60000000E+00  .42319622E+00
  -.55000000E+00  .37065813E+00
  -.50000000E+00  .31444145E+00
  -.45000000E+00  .25401909E+00
  -.40000000E+00  .18871787E+00
  -.35000000E+00  .11770779E+00
  -.30000000E+00  .39953405E-01
  -.25000000E+00 -.45854377E-01
  -.20000000E+00 -.14139516E+00
  -.15000000E+00 -.24886082E+00
  -.10000000E+00 -.37116723E+00
  -.50000000E-01 -.51228121E+00
  -.22898350E-14 -.67774165E+00
   .50000000E-01 -.87555708E+00
   .10000000E+00 -.11175780E+01
   .15000000E+00 -.14224813E+01
   .20000000E+00 -.18211723E+01
   .25000000E+00 -.23688616E+01
   .30000000E+00 -.31748409E+01
   .35000000E+00 -.44901773E+01
   .40000000E+00 -.70479778E+01
   .45000000E+00 -.14288231E+02
   .50000000E+00 -.19481255E+03
   .55000000E+00  .18476289E+02
   .60000000E+00  .91815183E+01
   .65000000E+00  .62442615E+01
   .70000000E+00  .47947032E+01
   .75000000E+00  .39248871E+01
   .80000000E+00  .33406757E+01
   .85000000E+00  .29180269E+01
   .90000000E+00  .25955669E+01
   .95000000E+00  .23394446E+01
   .10000000E+01  .21294637E+01
   .10500000E+01  .19528069E+01
   .11000000E+01  .18009686E+01
   .11500000E+01  .16680751E+01
   .12000000E+01  .15499162E+01
   .12500000E+01  .14434194E+01
   .13000000E+01  .13462746E+01
   .13500000E+01  .12567068E+01
   .14000000E+01  .11733522E+01
   .14500000E+01  .10951003E+01
   .15000000E+01  .10210758E+01
   .15500000E+01  .95056056E+00
   .16000000E+01  .88296089E+00
   .16500000E+01  .81777895E+00
   .17000000E+01  .75459616E+00
   .17500000E+01  .69305154E+00
   .18000000E+01  .63283320E+00
   .18500000E+01  .57366775E+00
   .19000000E+01  .51531284E+00
   .19500000E+01  .45755037E+00
   .20000000E+01  .40018431E+00
KBPotential  L  =      3.00000   -.01531
  -.30000000E+01  .18018243E+01
  -.29500000E+01  .17878397E+01
  -.29000000E+01  .17737411E+01
  -.28500000E+01  .17595255E+01
  -.28000000E+01  .17451898E+01
  -.27500000E+01  .17307307E+01
  -.27000000E+01  .17161448E+01
  -.26500000E+01  .17014283E+01
  -.26000000E+01  .16865774E+01
  -.25500000E+01  .16715882E+01
  -.25000000E+01  .16564563E+01
  -.24500000E+01  .16411773E+01
  -.24000000E+01  .16257464E+01
  -.23500000E+01  .16101586E+01
  -.23000000E+01  .15944086E+01
  -.22500000E+01  .15784907E+01
  -.22000000E+01  .15623988E+01
  -.21500000E+01  .15461266E+01
  -.21000000E+01  .15296671E+01
  -.20500000E+01  .15130131E+01
  -.20000000E+01  .14961567E+01
  -.19500000E+01  .14790894E+01
  -.19000000E+01  .14618021E+01
  -.18500000E+01  .14442850E+01
  -.18000000E+01  .14265274E+01
  -.17500000E+01  .14085178E+01
  -.17000000E+01  .13902436E+01
  -.16500000E+01  .13716911E+01
  -.16000000E+01  .13528452E+01
  -.15500000E+01  .13336895E+01
  -.15000000E+01  .13142056E+01
  -.14500000E+01  .12943734E+01
  -.14000000E+01  .12741704E+01
  -.13500000E+01  .12535715E+01
  -.13000000E+01  .12325486E+01
  -.12500000E+01  .12110699E+01
  -.12000000E+01  .11890994E+01
  -.11500000E+01  .11665960E+01
  -.11000000E+01  .11435126E+01
  -.10500000E+01  .11197946E+01
  -.10000000E+01  .10953788E+01
  -.95000000E+00  .10701906E+01
  -.90000000E+00  .10441423E+01
  -.85000000E+00  .10171288E+01
  -.80000000E+00  .98902364E+00
  -.75000000E+00  .95967255E+00
  -.70000000E+00  .92888526E+00
  -.65000000E+00  .89642371E+00
  -.60000000E+00  .86198597E+00
  -.55000000E+00  .82518206E+00
  -.50000000E+00  .78549897E+00
  -.45000000E+00  .74224658E+00
  -.40000000E+00  .69447314E+00
  -.35000000E+00  .64082617E+00
  -.30000000E+00  .57931421E+00
  -.25000000E+00  .50687543E+00
  -.20000000E+00  .41854258E+00
  -.15000000E+00  .30567938E+00
  -.10000000E+00  .15181301E+00
  -.50000000E-01 -.78885047E-01
  -.22898350E-14 -.48190139E+00
   .50000000E-01 -.14252687E+01
   .10000000E+00 -.69465975E+01
   .15000000E+00  .58893926E+01
   .20000000E+00  .26192635E+01
   .25000000E+00  .18614440E+01
   .30000000E+00  .15033088E+01
   .35000000E+00  .12882038E+01
   .40000000E+00  .11391390E+01
   .45000000E+00  .10257730E+01
   .50000000E+00  .93370943E+00
   .55000000E+00  .85526259E+00
   .60000000E+00  .78587703E+00
   .65000000E+00  .72274375E+00
   .70000000E+00  .66398740E+00
   .75000000E+00  .60831114E+00
   .80000000E+00  .55478160E+00
   .85000000E+00  .49621381E+00
   .90000000E+00  .45250107E+00
   .95000000E+00  .40215502E+00
   .10000000E+01  .35131412E+00
   .10500000E+01  .30064012E+00
   .11000000E+01  .24953591E+00
   .11500000E+01  .19776391E+00
   .12000000E+01  .14510288E+00
   .12500000E+01  .91340961E-01
   .13000000E+01  .36270146E-01
   .13500000E+01 -.20318942E-01
   .14000000E+01 -.78641083E-01
   .14500000E+01 -.13892087E+00
   .15000000E+01 -.20139666E+00
   .15500000E+01 -.26632498E+00
   .16000000E+01 -.33398510E+00
   .16500000E+01 -.40468420E+00
   .17000000E+01 -.47876312E+00
   .17500000E+01 -.55660333E+00
   .18000000E+01 -.63863493E+00
   .18500000E+01 -.72534629E+00
   .19000000E+01 -.81729583E+00
   .19500000E+01 -.91512648E+00
   .20000000E+01 -.10195835E+01
KBPotential  L  =      4.00000    .00000
  -.30000000E+01  .20048566E+01
  -.29500000E+01  .19926218E+01
  -.29000000E+01  .19803148E+01
  -.28500000E+01  .19679392E+01
  -.28000000E+01  .19554899E+01
  -.27500000E+01  .19429673E+01
  -.27000000E+01  .19303695E+01
  -.26500000E+01  .19176963E+01
  -.26000000E+01  .19049455E+01
  -.25500000E+01  .18921161E+01
  -.25000000E+01  .18792065E+01
  -.24500000E+01  .18662160E+01
  -.24000000E+01  .18531424E+01
  -.23500000E+01  .18399842E+01
  -.23000000E+01  .18267404E+01
  -.22500000E+01  .18134092E+01
  -.22000000E+01  .17999887E+01
  -.21500000E+01  .17864779E+01
  -.21000000E+01  .17728742E+01
  -.20500000E+01  .17591763E+01
  -.20000000E+01  .17453826E+01
  -.19500000E+01  .17314901E+01
  -.19000000E+01  .17174993E+01
  -.18500000E+01  .17034058E+01
  -.18000000E+01  .16892085E+01
  -.17500000E+01  .16749052E+01
  -.17000000E+01  .16604936E+01
  -.16500000E+01  .16459709E+01
  -.16000000E+01  .16313368E+01
  -.15500000E+01  .16165868E+01
  -.15000000E+01  .16017182E+01
  -.14500000E+01  .15867302E+01
  -.14000000E+01  .15716190E+01
  -.13500000E+01  .15563824E+01
  -.13000000E+01  .15410172E+01
  -.12500000E+01  .15255202E+01
  -.12000000E+01  .15098898E+01
  -.11500000E+01  .14941207E+01
  -.11000000E+01  .14782095E+01
  -.10500000E+01  .14621549E+01
  -.10000000E+01  .14459523E+01
  -.95000000E+00  .14295981E+01
  -.90000000E+00  .14130883E+01
  -.85000000E+00  .13964192E+01
  -.80000000E+00  .13795866E+01
  -.75000000E+00  .13625862E+01
  -.70000000E+00  .13454135E+01
  -.65000000E+00  .13280640E+01
  -.60000000E+00  .13105327E+01
  -.55000000E+00  .12928148E+01
  -.50000000E+00  .12749049E+01
  -.45000000E+00  .12567978E+01
  -.40000000E+00  .12384875E+01
  -.35000000E+00  .12199682E+01
  -.30000000E+00  .12012337E+01
  -.25000000E+00  .11822782E+01
  -.20000000E+00  .11630929E+01
  -.15000000E+00  .11436733E+01
  -.10000000E+00  .11240101E+01
  -.50000000E-01  .11040962E+01
  -.22898350E-14  .10839234E+01
   .50000000E-01  .10634831E+01
   .10000000E+00  .10427664E+01
   .15000000E+00  .10217639E+01
   .20000000E+00  .10004656E+01
   .25000000E+00  .97886104E+00
   .30000000E+00  .95693935E+00
   .35000000E+00  .93468894E+00
   .40000000E+00  .91209762E+00
   .45000000E+00  .88915254E+00
   .50000000E+00  .86584006E+00
   .55000000E+00  .84214586E+00
   .60000000E+00  .81805474E+00
   .65000000E+00  .79355061E+00
   .70000000E+00  .76861642E+00
   .75000000E+00  .74323411E+00
   .80000000E+00  .71738441E+00
   .85000000E+00  .69104693E+00
   .90000000E+00  .66419994E+00
   .95000000E+00  .63682027E+00
   .10000000E+01  .60888324E+00
   .10500000E+01  .58036248E+00
   .11000000E+01  .55122958E+00
   .11500000E+01  .52145478E+00
   .12000000E+01  .49100552E+00
   .12500000E+01  .45984712E+00
   .13000000E+01  .42794226E+00
   .13500000E+01  .39525079E+00
   .14000000E+01  .36172945E+00
   .14500000E+01  .32733151E+00
   .15000000E+01  .29200648E+00
   .15500000E+01  .25569967E+00
   .16000000E+01  .21835175E+00
   .16500000E+01  .17989820E+00
   .17000000E+01  .14026881E+00
   .17500000E+01  .99387095E-01
   .18000000E+01  .57169044E-01
   .18500000E+01  .13522994E-01
   .19000000E+01 -.31651800E-01
   .19500000E+01 -.78466216E-01
   .20000000E+01 -.12704265E+00
