Ac:                                     
  .104110780E+01  .105365686E+01  .106635533E+01  .107920497E+01  .109220754E+01
  .110536482E+01  .111867861E+01  .113215075E+01  .114578307E+01  .115957745E+01
  .117353576E+01  .118765993E+01  .120195187E+01  .121641354E+01  .123104691E+01
  .124585397E+01  .126083675E+01  .127599728E+01  .129133763E+01  .130685988E+01
  .132256614E+01  .133845854E+01  .135453924E+01  .137081042E+01  .138727428E+01
  .140393305E+01  .142078899E+01  .143784437E+01  .145510149E+01  .147256269E+01
  .149023032E+01  .150810676E+01  .152619442E+01  .154449572E+01  .156301314E+01
  .158174916E+01  .160070628E+01  .161988706E+01  .163929407E+01  .165892990E+01
  .167879717E+01  .169889855E+01  .171923672E+01  .173981439E+01  .176063431E+01
  .178169924E+01  .180301199E+01  .182457540E+01  .184639233E+01  .186846567E+01
  .189079834E+01  .191339332E+01  .193625359E+01  .195938216E+01  .198278211E+01
  .200645650E+01  .203040847E+01  .205464117E+01  .207915779E+01  .210396155E+01
  .212905570E+01  .215444355E+01  .218012841E+01  .220611365E+01  .223240266E+01
  .225899889E+01  .228590580E+01  .231312689E+01  .234066573E+01  .236852587E+01
  .239671096E+01  .242522464E+01  .245407061E+01  .248325260E+01  .251277440E+01
  .254263982E+01  .257285270E+01  .260341695E+01  .263433650E+01  .266561533E+01
  .269725745E+01  .272926692E+01  .276164785E+01  .279440438E+01  .282754070E+01
  .286106103E+01  .289496966E+01  .292927089E+01  .296396909E+01  .299906867E+01
  .303457408E+01  .307048981E+01  .310682041E+01  .314357048E+01  .318074464E+01
  .321834758E+01  .325638403E+01  .329485877E+01  .333377662E+01  .337314247E+01
  .341296123E+01  .345323788E+01  .349397745E+01  .353518500E+01  .357686567E+01
  .361902463E+01  .366166710E+01  .370479837E+01  .374842376E+01  .379254866E+01
  .383717851E+01  .388231880E+01  .392797507E+01  .397415291E+01  .402085799E+01
  .406809601E+01  .411587274E+01  .416419398E+01  .421306563E+01  .426249361E+01
  .431248391E+01  .436304258E+01  .441417573E+01  .446588951E+01  .451819015E+01
  .457108393E+01  .462457719E+01  .467867633E+01  .473338782E+01  .478871817E+01
  .484467397E+01  .490126186E+01  .495848854E+01  .501636080E+01  .507488545E+01
  .513406939E+01  .519391958E+01  .525444305E+01  .531564687E+01  .537753820E+01
  .544012426E+01  .550341232E+01  .556740973E+01  .563212391E+01  .569756233E+01
  .576373255E+01  .583064217E+01  .589829887E+01  .596671042E+01  .603588461E+01
  .610582935E+01  .617655257E+01  .624806232E+01  .632036668E+01  .639347382E+01
  .646739197E+01  .654212944E+01  .661769459E+01  .669409589E+01  .677134185E+01
  .684944105E+01  .692840217E+01  .700823393E+01  .708894515E+01  .717054470E+01
  .725304154E+01  .733644470E+01  .742076327E+01  .750600643E+01  .759218343E+01
  .767930359E+01  .776737631E+01  .785641106E+01  .794641740E+01  .803740493E+01
  .812938336E+01  .822236247E+01  .831635209E+01  .841136216E+01  .850740267E+01
  .860448370E+01  .870261541E+01  .880180801E+01  .890207181E+01  .900341720E+01
  .910585462E+01  .920939462E+01  .931404779E+01  .941982484E+01  .952673650E+01
  .963479364E+01  .974400714E+01  .985438802E+01  .996594733E+01  .100786962E+02
  .101926459E+02  .103078076E+02  .104241929E+02  .105418130E+02  .106606795E+02
  .107808040E+02  .109021982E+02  .110248738E+02  .111488427E+02  .112741167E+02
  .114007078E+02  .115286280E+02  .116578894E+02  .117885043E+02  .119204848E+02
  .120538434E+02  .121885923E+02  .123247441E+02  .124623113E+02  .126013065E+02
  .127417423E+02  .128836316E+02  .130269871E+02  .131718218E+02  .133181484E+02
  .134659802E+02  .136153301E+02  .137662112E+02  .139186368E+02  .140726201E+02
  .142281745E+02  .143853134E+02  .145440501E+02  .147043982E+02  .148663712E+02
  .150299828E+02  .151952466E+02  .153621763E+02  .155307858E+02  .157010888E+02
  .158730992E+02  .160468310E+02  .162222980E+02  .163995144E+02  .165784942E+02
  .167592515E+02  .169418004E+02  .171261551E+02  .173123299E+02  .175003390E+02
  .176901966E+02  .178819172E+02  .180755150E+02  .182710045E+02  .184684001E+02
  .186677162E+02  .188689672E+02  .190721676E+02  .192773320E+02  .194844748E+02
  .196936106E+02  .199047539E+02  .201179192E+02  .203331211E+02  .205503741E+02
  .207696929E+02  .209910919E+02  .212145856E+02  .214401888E+02  .216679157E+02
  .218977811E+02  .221297993E+02  .223639849E+02  .226003523E+02  .228389159E+02
  .230796902E+02  .233226895E+02  .235679280E+02  .238154203E+02  .240651803E+02
  .243172225E+02  .245715609E+02  .248282095E+02  .250871825E+02  .253484938E+02
  .256121573E+02  .258781868E+02  .261465960E+02  .264173988E+02  .266906085E+02
  .269662388E+02  .272443030E+02  .275248145E+02  .278077863E+02  .280932317E+02
  .283811636E+02  .286715948E+02  .289645381E+02  .292600060E+02  .295580111E+02
  .298585657E+02  .301616818E+02  .304673717E+02  .307756470E+02  .310865196E+02
  .314000009E+02  .317161023E+02  .320348350E+02  .323562099E+02  .326802379E+02
  .330069295E+02  .333362951E+02  .336683448E+02  .340030886E+02  .343405362E+02
  .346806971E+02  .350235805E+02  .353691953E+02  .357175503E+02  .360686539E+02
  .364225143E+02  .367791394E+02  .371385367E+02  .375007137E+02  .378656772E+02
  .382334340E+02  .386039904E+02  .389773525E+02  .393535260E+02  .397325161E+02
  .401143279E+02  .404989660E+02  .408864347E+02  .412767378E+02  .416698787E+02
  .420658605E+02  .424646860E+02  .428663573E+02  .432708761E+02  .436782440E+02
  .440884618E+02  .445015299E+02  .449174483E+02  .453362165E+02  .457578335E+02
  .461822979E+02  .466096075E+02  .470397600E+02  .474727522E+02  .479085805E+02
  .483472407E+02  .487887282E+02  .492330376E+02  .496801630E+02  .501300980E+02
  .505828354E+02  .510383676E+02  .514966861E+02  .519577821E+02  .524216457E+02
  .528882668E+02  .533576343E+02  .538297365E+02  .543045610E+02  .547820948E+02
  .552623240E+02  .557452341E+02  .562308097E+02  .567190347E+02  .572098924E+02
  .577033651E+02  .581994343E+02  .586980809E+02  .591992847E+02  .597030249E+02
  .602092797E+02  .607180266E+02  .612292421E+02  .617429019E+02  .622589807E+02
  .627774523E+02  .632982898E+02  .638214652E+02  .643469495E+02  .648747129E+02
  .654047245E+02  .659369526E+02  .664713643E+02  .670079259E+02  .675466026E+02
  .680873585E+02  .686301569E+02  .691749598E+02  .697217284E+02  .702704225E+02
  .708210013E+02  .713734225E+02  .719276429E+02  .724836181E+02  .730413028E+02
  .736006503E+02  .741616129E+02  .747241419E+02  .752881873E+02  .758536979E+02
  .764206214E+02  .769889044E+02  .775584922E+02  .781293290E+02  .787013579E+02
  .792745205E+02  .798487575E+02  .804240083E+02  .810002110E+02  .815773026E+02
  .821552187E+02  .827338940E+02  .833132617E+02  .838932537E+02  .844738009E+02
  .850548329E+02  .856362780E+02  .862180632E+02  .868001145E+02  .873823564E+02
  .879647123E+02  .885471042E+02  .891294532E+02  .897116788E+02  .902936996E+02
  .908754326E+02  .914567939E+02  .920376983E+02  .926180593E+02  .931977892E+02
  .937767993E+02  .943549996E+02  .949322987E+02  .955086045E+02  .960838233E+02
  .966578604E+02  .972306203E+02  .978020058E+02  .983719191E+02  .989402610E+02
  .995069313E+02  .100071829E+03  .100634852E+03  .101195896E+03  .101754858E+03
  .102311633E+03  .102866113E+03  .103418193E+03  .103967764E+03  .104514718E+03
  .105058944E+03  .105600332E+03  .106138771E+03  .106674149E+03  .107206353E+03
  .107735270E+03  .108260785E+03  .108782785E+03  .109301153E+03  .109815774E+03
  .110326531E+03  .110833308E+03  .111335988E+03  .111834454E+03  .112328586E+03
  .112818268E+03  .113303380E+03  .113783805E+03  .114259424E+03  .114730117E+03
  .115195767E+03  .115656255E+03  .116111461E+03  .116561268E+03  .117005558E+03
  .117444212E+03  .117877114E+03  .118304145E+03  .118725190E+03  .119140131E+03
  .119548854E+03  .119951245E+03  .120347188E+03  .120736570E+03  .121119280E+03
  .121495206E+03  .121864238E+03  .122226267E+03  .122581184E+03  .122928884E+03
  .123269261E+03  .123602212E+03  .123927635E+03  .124245428E+03  .124555494E+03
  .124857736E+03  .125152059E+03  .125438369E+03  .125716577E+03  .125986594E+03
  .126248333E+03  .126501711E+03  .126746647E+03  .126983061E+03  .127210878E+03
  .127430025E+03  .127640432E+03  .127842032E+03  .128034759E+03  .128218554E+03
  .128393360E+03  .128559121E+03  .128715788E+03  .128863314E+03  .129001656E+03
  .129130774E+03  .129250634E+03  .129361203E+03  .129462456E+03  .129554370E+03
  .129636926E+03  .129710110E+03  .129773914E+03  .129828333E+03  .129873368E+03
  .129909024E+03  .129935311E+03  .129952244E+03  .129959846E+03  .129958141E+03
  .129947162E+03  .129926945E+03  .129897533E+03  .129858975E+03  .129811324E+03
  .129754641E+03  .129688992E+03  .129614449E+03  .129531091E+03  .129439001E+03
  .129338272E+03  .129228999E+03  .129111287E+03  .128985245E+03  .128850991E+03
  .128708649E+03  .128558347E+03  .128400223E+03  .128234420E+03  .128061090E+03
  .127880389E+03  .127692481E+03  .127497537E+03  .127295736E+03  .127087263E+03
  .126872309E+03  .126651075E+03  .126423765E+03  .126190592E+03  .125951778E+03
  .125707548E+03  .125458137E+03  .125203785E+03  .124944741E+03  .124681257E+03
  .124413597E+03  .124142027E+03  .123866823E+03  .123588264E+03  .123306640E+03
  .123022244E+03  .122735377E+03  .122446344E+03  .122155459E+03  .121863040E+03
  .121569411E+03  .121274903E+03  .120979851E+03  .120684595E+03  .120389483E+03
  .120094864E+03  .119801095E+03  .119508537E+03  .119217553E+03  .118928514E+03
  .118641793E+03  .118357766E+03  .118076813E+03  .117799319E+03  .117525669E+03
  .117256253E+03  .116991462E+03  .116731690E+03  .116477332E+03  .116228785E+03
  .115986448E+03  .115750719E+03  .115521997E+03  .115300682E+03  .115087174E+03
  .114881870E+03  .114685168E+03  .114497465E+03  .114319154E+03  .114150628E+03
  .113992277E+03  .113844487E+03  .113707641E+03  .113582118E+03  .113468293E+03
  .113366535E+03  .113277210E+03  .113200677E+03  .113137288E+03  .113087389E+03
  .113051320E+03  .113029411E+03  .113021985E+03  .113029357E+03  .113051833E+03
  .113089708E+03  .113143268E+03  .113212788E+03  .113298531E+03  .113400751E+03
  .113519686E+03  .113655566E+03  .113808603E+03  .113979000E+03  .114166942E+03
  .114372603E+03  .114596138E+03  .114837690E+03  .115097384E+03  .115375329E+03
  .115671617E+03  .115986324E+03  .116319506E+03  .116671201E+03  .117041431E+03
  .117430196E+03  .117837478E+03  .118263239E+03  .118707420E+03  .119169943E+03
  .119650709E+03  .120149596E+03  .120666464E+03  .121201147E+03  .121753461E+03
  .122323199E+03  .122910129E+03  .123514001E+03  .124134538E+03  .124771443E+03
  .125424396E+03  .126093052E+03  .126777045E+03  .127475987E+03  .128189464E+03
  .128917041E+03  .129658260E+03  .130412641E+03  .131179680E+03  .131958851E+03
  .132749607E+03  .133551378E+03  .134363573E+03  .135185579E+03  .136016762E+03
  .136856470E+03  .137704028E+03  .138558742E+03  .139419901E+03  .140286773E+03
  .141158608E+03  .142034642E+03  .142914091E+03  .143796156E+03  .144680025E+03
  .145564868E+03  .146449845E+03  .147334101E+03  .148216771E+03  .149096979E+03
  .149973838E+03  .150846453E+03  .151713922E+03  .152575336E+03  .153429781E+03
  .154276338E+03  .155114085E+03  .155942099E+03  .156759457E+03  .157565235E+03
  .158358513E+03  .159138373E+03  .159903903E+03  .160654196E+03  .161388354E+03
  .162105488E+03  .162804720E+03  .163485182E+03  .164146022E+03  .164786403E+03
  .165405503E+03  .166002519E+03  .166576668E+03  .167127189E+03  .167653342E+03
  .168154413E+03  .168629713E+03  .169078581E+03  .169500383E+03  .169894519E+03
  .170260416E+03  .170597540E+03  .170905387E+03  .171183491E+03  .171431424E+03
  .171648797E+03  .171835259E+03  .171990502E+03  .172114262E+03  .172206315E+03
  .172266487E+03  .172294644E+03  .172290705E+03  .172254632E+03  .172186438E+03
  .172086185E+03  .171953987E+03  .171790006E+03  .171594458E+03  .171367608E+03
  .171109777E+03  .170821337E+03  .170502712E+03  .170154380E+03  .169776872E+03
  .169370771E+03  .168936716E+03  .168475394E+03  .167987548E+03  .167473970E+03
  .166935504E+03  .166373045E+03  .165787536E+03  .165179970E+03  .164551386E+03
  .163902871E+03  .163235554E+03  .162550612E+03  .161849259E+03  .161132753E+03
  .160402388E+03  .159659497E+03  .158905447E+03  .158141635E+03  .157369492E+03
  .156590475E+03  .155806065E+03  .155017770E+03  .154227113E+03  .153435640E+03
  .152644907E+03  .151856484E+03  .151071950E+03  .150292888E+03  .149520884E+03
  .148757524E+03  .148004388E+03  .147263050E+03  .146535071E+03  .145822001E+03
  .145125368E+03  .144446680E+03  .143787420E+03  .143149042E+03  .142532968E+03
  .141940584E+03  .141373234E+03  .140832222E+03  .140318804E+03  .139834186E+03
  .139379519E+03  .138955899E+03  .138564360E+03  .138205872E+03  .137881339E+03
  .137591594E+03  .137337399E+03  .137119436E+03  .136938314E+03  .136794555E+03
  .136688600E+03  .136620804E+03  .136591434E+03  .136600665E+03  .136648581E+03
  .136735172E+03  .136860333E+03  .137023864E+03  .137225465E+03  .137464739E+03
  .137741192E+03  .138054228E+03  .138403155E+03  .138787181E+03  .139205415E+03
  .139656869E+03  .140140459E+03  .140655003E+03  .141199229E+03  .141771769E+03
  .142371168E+03  .142995881E+03  .143644279E+03  .144314651E+03  .145005206E+03
  .145714078E+03  .146439327E+03  .147178947E+03  .147930867E+03  .148692956E+03
  .149463030E+03  .150238852E+03  .151018142E+03  .151798579E+03  .152577808E+03
  .153353446E+03  .154123086E+03  .154884306E+03  .155634671E+03  .156371743E+03
  .157093087E+03  .157796274E+03  .158478891E+03  .159138548E+03  .159772882E+03
  .160379564E+03  .160956310E+03  .161500880E+03  .162011094E+03  .162484830E+03
  .162920035E+03  .163314733E+03  .163667025E+03  .163975103E+03  .164237249E+03
  .164451847E+03  .164617385E+03  .164732459E+03  .164795783E+03  .164806191E+03
  .164762640E+03  .164664218E+03  .164510146E+03  .164299783E+03  .164032626E+03
  .163708318E+03  .163326646E+03  .162887547E+03  .162391106E+03  .161837561E+03
  .161227302E+03  .160560871E+03  .159838963E+03  .159062427E+03  .158232260E+03
  .157349613E+03  .156415783E+03  .155432214E+03  .154400492E+03  .153322346E+03
  .152199637E+03  .151034361E+03  .149828641E+03  .148584723E+03  .147304967E+03
  .145991849E+03  .144647944E+03  .143275929E+03  .141878569E+03  .140458715E+03
  .139019292E+03  .137563291E+03  .136093764E+03  .134613811E+03  .133126577E+03
  .131635234E+03  .130142980E+03  .128653025E+03  .127168584E+03  .125692863E+03
  .124229054E+03  .122780322E+03  .121349797E+03  .119940564E+03  .118555651E+03
  .117198021E+03  .115870564E+03  .114576086E+03  .113317298E+03  .112096810E+03
  .110917124E+03  .109780618E+03  .108689548E+03  .107646033E+03  .106652048E+03
  .105709424E+03  .104819833E+03  .103984788E+03  .103205634E+03  .102483544E+03
  .101819517E+03  .101214370E+03  .100668739E+03  .100183072E+03  .997576302E+02
  .993924849E+02  .990875171E+02  .988424172E+02  .986566854E+02  .985296328E+02
  .984603830E+02  .984478747E+02  .984908644E+02  .985879304E+02  .987374774E+02
  .989377408E+02  .991867930E+02  .994825495E+02  .998227756E+02  .100205094E+03
  .100626993E+03  .101085833E+03  .101578860E+03  .102103210E+03  .102655920E+03
  .103233940E+03  .103834140E+03  .104453323E+03  .105088235E+03  .105735574E+03
  .106392006E+03  .107054167E+03  .107718684E+03  .108382179E+03  .109041284E+03
  .109692648E+03  .110332955E+03  .110958926E+03  .111567335E+03  .112155020E+03
  .112718890E+03  .113255937E+03  .113763244E+03  .114237997E+03  .114677491E+03
  .115079140E+03  .115440486E+03  .115759202E+03  .116033104E+03  .116260156E+03
  .116438476E+03  .116566338E+03  .116642181E+03  .116664613E+03  .116632411E+03
  .116544527E+03  .116400087E+03  .116198398E+03  .115938942E+03  .115621382E+03
  .115245557E+03  .114811485E+03  .114319359E+03  .113769546E+03  .113162581E+03
  .112499169E+03  .111780175E+03  .111006625E+03  .110179697E+03  .109300718E+03
  .108371154E+03  .107392611E+03  .106366818E+03  .105295632E+03  .104181017E+03
  .103025048E+03  .101829896E+03  .100597822E+03  .993311671E+02  .980323452E+02
  .967038328E+02  .953481621E+02  .939679087E+02  .925656862E+02  .911441331E+02
  .897059081E+02  .882536768E+02  .867901068E+02  .853178548E+02  .838395628E+02
  .823578444E+02  .808752821E+02  .793944138E+02  .779177307E+02  .764476644E+02
  .749865856E+02  .735367916E+02  .721005058E+02  .706798657E+02  .692769237E+02
  .678936358E+02  .665318627E+02  .651933599E+02  .638797799E+02  .625926623E+02
  .613334377E+02  .601034186E+02  .589038038E+02  .577356708E+02  .565999807E+02
  .554975716E+02  .544291645E+02  .533953577E+02  .523966330E+02  .514333515E+02
  .505057605E+02  .496139903E+02  .487580608E+02  .479378804E+02  .471532526E+02
  .464038757E+02  .456893496E+02  .450091768E+02  .443627692E+02  .437494500E+02
  .431684604E+02  .426189624E+02  .421000459E+02  .416107315E+02  .411499779E+02
  .407166857E+02  .403097040E+02  .399278348E+02  .395698400E+02  .392344457E+02
  .389203489E+02  .386262224E+02  .383507210E+02  .380924863E+02  .378501532E+02
  .376223541E+02  .374077250E+02  .372049102E+02  .370125671E+02  .368293713E+02
  .366540206E+02  .364852397E+02  .363217838E+02  .361624434E+02  .360060464E+02
  .358514626E+02  .356976063E+02  .355434390E+02  .353879720E+02  .352302688E+02
  .350694467E+02  .349046789E+02  .347351955E+02  .345602852E+02  .343792954E+02
  .341916336E+02  .339967672E+02  .337942241E+02  .335835919E+02  .333645185E+02
  .331367102E+02  .328999323E+02  .326540067E+02  .323988118E+02  .321342802E+02
  .318603978E+02  .315772013E+02  .312847772E+02  .309832584E+02  .306728236E+02
  .303536936E+02  .300261297E+02  .296904306E+02  .293469308E+02  .289959967E+02
  .286380248E+02  .282734387E+02  .279026865E+02  .275262374E+02  .271445803E+02
  .267582195E+02  .263676732E+02  .259734700E+02  .255761473E+02  .251762472E+02
  .247743158E+02  .243708993E+02  .239665425E+02  .235617861E+02  .231571651E+02
  .227532061E+02  .223504260E+02  .219493294E+02  .215504078E+02  .211541373E+02
  .207609774E+02  .203713697E+02  .199857366E+02  .196044802E+02  .192279814E+02
  .188565990E+02  .184906689E+02  .181305037E+02  .177763920E+02  .174285982E+02
  .170873624E+02  .167528995E+02  .164254004E+02  .161050309E+02  .157919326E+02
  .154862229E+02  .151879954E+02  .148973203E+02  .146142449E+02  .143387942E+02
  .140709718E+02  .138107601E+02  .135581217E+02  .133129996E+02  .130753185E+02
  .128449855E+02  .126218913E+02  .124059108E+02  .121969045E+02  .119947192E+02
  .117991891E+02  .116101370E+02  .114273754E+02  .112507070E+02  .110799268E+02
  .109148219E+02  .107551737E+02  .106007579E+02  .104513464E+02  .103067076E+02
  .101666081E+02  .100308125E+02  .989908578E+01  .977119281E+01  .964690024E+01
  .952597648E+01  .940819324E+01  .929332548E+01  .918115291E+01  .907145979E+01
  .896403637E+01  .885867862E+01  .875518957E+01  .865337897E+01  .855306431E+01
  .845407088E+01  .835623223E+01  .825939036E+01  .816339602E+01  .806810883E+01
  .797339757E+01  .787914004E+01  .778522340E+01  .769154378E+01  .759800703E+01
  .750452746E+01  .741102939E+01  .731744546E+01  .722371764E+01  .712979636E+01
  .703564073E+01  .694121803E+01  .684650371E+01  .675148081E+01  .665614013E+01
  .656047933E+01  .646450327E+01  .636822295E+01  .627165595E+01  .617482526E+01
  .607775967E+01  .598049270E+01  .588306289E+01  .578551275E+01  .568788899E+01
  .559024158E+01  .549262392E+01  .539509185E+01  .529770388E+01  .520052028E+01
  .510360318E+01  .500701578E+01  .491082239E+01  .481508777E+01  .471987709E+01
  .462525529E+01  .453128717E+01  .443803666E+01  .434556700E+01  .425394004E+01
  .416321641E+01  .407345489E+01  .398471260E+01  .389704441E+01  .381050312E+01
  .372513896E+01  .364099979E+01  .355813060E+01  .347657376E+01  .339636858E+01
  .331755158E+01  .324015601E+01  .316421227E+01  .308974738E+01  .301678544E+01
  .294534717E+01  .287545033E+01  .280710932E+01  .274033566E+01  .267513756E+01
  .261152043E+01  .254948647E+01  .248903523E+01  .243016325E+01  .237286442E+01
  .231712997E+01  .226294858E+01  .221030652E+01  .215918768E+01  .210957375E+01
  .206144432E+01  .201477698E+01  .196954748E+01  .192572978E+01  .188329626E+01
  .184221778E+01  .180246382E+01  .176400262E+01  .172680130E+01  .169082592E+01
  .165604172E+01  .162241310E+01  .158990384E+01  .155847717E+01  .152809589E+01
  .149872245E+01  .147031911E+01  .144284799E+01  .141627120E+01  .139055092E+01
  .136564952E+01  .134152961E+01  .131815417E+01  .129548657E+01  .127349073E+01
  .125213112E+01  .123137289E+01  .121118188E+01  .119152474E+01  .117236893E+01
  .115368282E+01  .113543571E+01  .111759791E+01  .110014070E+01  .108303647E+01
  .106625868E+01  .104978191E+01  .103358185E+01  .101763539E+01  .100192055E+01
  .986416554E+00  .971103777E+00  .955963825E+00  .940979434E+00  .926134575E+00
  .911414336E+00  .896805019E+00  .882294021E+00  .867869922E+00  .853522363E+00
  .839242128E+00  .825021019E+00  .810851932E+00  .796728729E+00  .782646311E+00
  .768600484E+00  .754588033E+00  .740606584E+00  .726654668E+00  .712731594E+00
  .698837498E+00  .684973219E+00  .671140350E+00  .657341101E+00  .643578362E+00
  .629855552E+00  .616176687E+00  .602546229E+00  .588969145E+00  .575450768E+00
  .561996839E+00  .548613379E+00  .535306730E+00  .522083423E+00  .508950223E+00
  .495913987E+00  .482981727E+00  .470160462E+00  .457457275E+00  .444879177E+00
  .432433164E+00  .420126085E+00  .407964698E+00  .395955547E+00  .384105016E+00
  .372419220E+00  .360904054E+00  .349565095E+00  .338407655E+00  .327436685E+00
  .316656837E+00  .306072374E+00  .295687234E+00  .285504945E+00  .275528699E+00
  .265761267E+00  .256205080E+00  .246862150E+00  .237734148E+00  .228822337E+00
  .220127654E+00  .211650640E+00  .203391525E+00  .195350167E+00  .187526137E+00
  .179918656E+00  .172526685E+00  .165348863E+00  .158383599E+00  .151629015E+00
  .145083011E+00  .138743259E+00  .132607225E+00  .126672179E+00  .120935215E+00
  .115393265E+00  .110043109E+00  .104881394E+00  .999046478E-01  .951092878E-01
  .904916379E-01  .860479386E-01  .817743596E-01  .776670107E-01  .737219518E-01
  .699352040E-01  .663027579E-01  .628205834E-01  .594846379E-01  .562908739E-01
  .532352468E-01  .503137214E-01  .475222790E-01  .448569227E-01  .423136838E-01
  .398886262E-01  .375778522E-01  .353775063E-01  .332837798E-01  .312929146E-01
  .294012066E-01  .276050096E-01  .259007376E-01  .242848685E-01  .227539459E-01
  .213045821E-01  .199334599E-01  .186373346E-01  .174130361E-01  .162574701E-01
  .151676195E-01  .141405457E-01  .131733897E-01  .122633728E-01  .114077972E-01
  .106040467E-01  .984958670E-02  .914196456E-02  .847880951E-02  .785783241E-02
  .727682546E-02  .673366167E-02  .622629418E-02  .575275550E-02  .531115656E-02
  .489968560E-02  .451660708E-02  .416026028E-02  .382905792E-02  .352148465E-02
  .323609547E-02  .297151398E-02  .272643069E-02  .249960114E-02  .228984408E-02
  .209603946E-02  .191712655E-02  .175210189E-02  .160001730E-02  .145997785E-02
  .133113981E-02  .121270863E-02  .110393690E-02  .100412237E-02  .912605942E-03
  .828769686E-03  .752034958E-03  .681860460E-03  .617740420E-03  .559202754E-03
  .505807328E-03  .457144220E-03  .412832087E-03  .372516530E-03  .335868572E-03
  .302583139E-03  .272377649E-03  .244990611E-03  .220180328E-03  .197723620E-03
  .177414636E-03  .159063694E-03  .142496213E-03  .127551655E-03  .114082575E-03
  .101953670E-03  .910409271E-04  .812307804E-04  .724193563E-04  .645117254E-04
  .574212381E-04  .510688658E-04  .453826208E-04  .402969778E-04  .357523713E-04
  .316946906E-04  .280748453E-04  .248483322E-04  .219748524E-04  .194179487E-04
  .171446722E-04  .151252741E-04  .133329210E-04  .117434329E-04  .103350422E-04
  .908817211E-05  .798523290E-05  .701043579E-05  .614962208E-05  .539010709E-05
  .472053756E-05  .413076161E-05  .361171027E-05  .315528966E-05  .275428298E-05
  .240226155E-05  .209350413E-05  .182292389E-05  .158600225E-05  .137872922E-05
  .119754942E-05  .103931352E-05  .901234434E-06  .780847975E-06  .675977434E-06
  .584701840E-06  .505327478E-06  .436362385E-06  .376493529E-06  .324566419E-06
  .279566897E-06  .240604902E-06  .206900007E-06  .177768546E-06  .152612172E-06
  .130907690E-06  .112198048E-06  .960843397E-07  .822187367E-07  .702982270E-07
  .600590894E-07  .512720135E-07  .437377977E-07  .372835592E-07  .317593994E-07
  .270354715E-07  .229994065E-07  .195540540E-07  .166155021E-07  .141113442E-07
  .119791624E-07  .101652027E-07  .862321783E-08  .731345892E-08  .620179635E-08
  .525895496E-08  .445984902E-08  .378300455E-08  .321005817E-08  .272532265E-08
  .231541077E-08  .196890996E-08  .167610110E-08  .142871591E-08  .121972772E-08
  .104317117E-08  .893987264E-09  .767890024E-09  .661252145E-09  .571006875E-09
  .494563993E-09  .429737923E-09  .374686294E-09  .327857499E-09  .287945988E-09
  .253854193E-09  .224660141E-09  .199589948E-09  .177994476E-09  .159329550E-09
  .143139217E-09  .129041596E-09  .116716924E-09  .105897490E-09  .963591431E-10
  .879141613E-10  .804052569E-10  .737005486E-10  .676893486E-10  .622786371E-10
  .573901164E-10  .529577508E-10  .489257162E-10  .452466920E-10  .418804401E-10
  .387926245E-10  .359538299E-10  .333387495E-10  .309255098E-10  .286951128E-10
  .266309730E-10  .247185350E-10  .229449572E-10  .212988457E-10  .197700496E-10
  .183494548E-10  .170288701E-10  .158008663E-10  .146587025E-10  .135962288E-10
  .126078139E-10  .116882847E-10  .108328748E-10  .100371819E-10  .929713055E-11
  .860894057E-11  .796910000E-11  .737434153E-11  .682162185E-11  .630810367E-11
  .583113963E-11  .538825816E-11  .497715061E-11  .459565984E-11  .424176968E-11
  .391359548E-11  .360937538E-11  .332746226E-11  .306631633E-11  .282449829E-11
  .260066297E-11  .239355333E-11  .220199497E-11  .202489093E-11  .186121683E-11
  .171001635E-11  .157039696E-11  .144152591E-11  .132262646E-11  .121297438E-11
  .111189463E-11  .101875820E-11  .932979216E-12  .854012185E-12  .781349383E-12
  .714518430E-12  .653080002E-12  .596625679E-12  .544775921E-12  .497178176E-12
  .453505091E-12  .413452846E-12  .376739577E-12  .343103905E-12  .312303557E-12
  .284114063E-12  .258327549E-12  .234751594E-12  .213208166E-12  .193532623E-12
  .175572777E-12  .159188022E-12  .144248518E-12  .130634420E-12  .118235170E-12
  .106948828E-12  .966814446E-13  .873464862E-13  .788642868E-13  .711615443E-13
  .641708480E-13  .578302396E-13  .520828031E-13  .468762844E-13  .421627363E-13
  .378981890E-13  .340423436E-13  .305582874E-13  .274122294E-13  .245732551E-13
  .220130988E-13  .197059325E-13  .176281708E-13  .157582892E-13  .140766571E-13
  .125653824E-13  .112081682E-13  .999018071E-14  .889792660E-14  .791914030E-14
  .704267988E-14  .625843114E-14  .555721923E-14  .493072726E-14  .437142152E-14
  .387248259E-14  .342774220E-14  .303162513E-14  .267909597E-14  .236561029E-14
  .208706989E-14  .183978184E-14  .162042099E-14  .142599571E-14  .125381658E-14
  .110146779E-14  .966781107E-15  .847812056E-15  .742818309E-15  .650239967E-15
  .568681647E-15  .496896197E-15  .433769917E-15  .378309148E-15  .329628115E-15
  .286937918E-15  .249536575E-15  .216800009E-15  .188173913E-15  .163166412E-15
  .141341435E-15  .122312755E-15  .105738615E-15  .913169030E-16  .787808138E-16
  .678949532E-16  .584518478E-16  .502688172E-16  .431851744E-16  .370597226E-16
  .317685199E-16  .272028841E-16  .232676149E-16  .198794099E-16  .169654560E-16
  .144621783E-16  .123141282E-16  .104729985E-16  .889675059E-17  .754884234E-17
  .639754551E-17  .541534331E-17  .457839904E-17  .386608812E-17  .326058630E-17
  .274650786E-17  .231058795E-17  .194140414E-17  .162913259E-17  .136533477E-17
  .114277117E-17  .955238763E-18  .797429384E-18  .664806445E-18  .553497821E-18
  .460202843E-18  .382111677E-18  .316835512E-18  .262346207E-18  .216924170E-18
  .179113409E-18  .147682828E-18  .121592937E-18  .999672630E-19  .820678364E-19
  .672741894E-19  .550654010E-19  .450047628E-19  .367267026E-19  .299256504E-19
  .243465721E-19  .197769327E-19  .160398836E-19  .129884967E-19  .105008910E-19
  .847612098E-20  .683071197E-20  .549574638E-20  .441441626E-20  .353997125E-20
  .283400068E-20  .226499786E-20  .180716202E-20  .143940035E-20  .114449805E-20
  .908429289E-21  .719786068E-21  .569305734E-21  .449480668E-21  .354236484E-21
  .278667162E-21  .218817428E-21  .171504275E-21  .134170855E-21  .104767079E-21
  .816522318E-22  .635156825E-22  .493124544E-22  .382109654E-22  .295507217E-22
  .228081340E-22  .175689513E-22  .135060738E-22  .103617312E-22  .793319478E-23
  .606134651E-23  .462155217E-23  .351638853E-23  .266986026E-23  .202281080E-23
  .152928832E-23  .115367402E-23  .868417716E-24  .652256174E-24  .488814134E-24
  .365508393E-24  .272691087E-24  .202981477E-24  .150745921E-24  .111694088E-24
  .825661331E-25  .608909118E-25  .447995181E-25  .328818342E-25  .240764240E-25
  .175862219E-25  .128141269E-25  .931392265E-26  .675296534E-26  .488388903E-26
  .352320119E-26  .253513116E-26  .181947305E-26  .130245831E-26  .929920394E-27
  .662189218E-27  .470287476E-27  .333104274E-27  .235300534E-27  .165760823E-27
  .116452129E-27  .815848894E-28  .569979080E-28  .397086425E-28  .275853231E-28
  .191085578E-28  .131984934E-28  .908985917E-29  .624188764E-29  .427356490E-29
  .291722356E-29  .198537969E-29  .134710427E-29  .911238082E-30  .614503936E-30
  .413112847E-30  .276855359E-30  .184955078E-30  .123167884E-30  .817589508E-31
  .540964009E-31  .356767432E-31  .234516954E-31  .153646917E-31  .100328029E-31
  .652916584E-32  .423465646E-32  .273710660E-32  .176305624E-32  .113169483E-32
  .723883880E-33  .461394566E-33  .293040427E-33  .185447716E-33  .116934221E-33
  .734640961E-34  .459842519E-34  .286767927E-34  .178166635E-34  .110276587E-34
  .679967362E-35  .417664158E-35  .255556659E-35  .155759452E-35  .945616599E-36
  .571814772E-36  .344398534E-36  .206594512E-36  .123427985E-36  .734398138E-37
  .435169198E-37  .256790439E-37  .150896453E-37  .882965885E-38  .514468340E-38
  .298475179E-38  .172415979E-38  .991633723E-39  .567824585E-39  .323705999E-39
  .183715311E-39  .103796398E-39  .583775256E-40  .326828246E-40  .182132681E-40
  .101026276E-40  .557753902E-41  .306475816E-41  .167601733E-41  .912163629E-42
  .494039947E-42  .266274412E-42  .142809698E-42  .762130925E-43  .404694831E-43
  .213813124E-43  .112391117E-43  .587763626E-44  .305793698E-44  .158267352E-44
  .814840978E-45  .417306059E-45  .212577977E-45  .107707239E-45  .542769852E-46
  .272026828E-46  .135585675E-46  .672051613E-47  .331252182E-47  .162353839E-47
  .791214638E-48  .383384091E-48  .184697839E-48  .884621044E-49  .421211342E-49
  .199374513E-49  .938091726E-50  .438738946E-50  .203953541E-50  .942321932E-51
  .432702066E-51  .197459817E-51  .895461435E-52  .403526044E-52  .180688595E-52
  .803900308E-53  .355355915E-53  .156060231E-53  .680872130E-54  .295094135E-54
  .127044018E-54  .543279389E-55  .230751300E-55  .973404572E-56  .407799886E-56
  .169660728E-56  .700925538E-57  .287537451E-57  .117118199E-57  .473627657E-58
  .190154892E-58  .757897753E-59  .299861773E-59  .117764248E-59  .459052129E-60
  .177599137E-60  .681905073E-61  .259827395E-61  .982420531E-62  .368582503E-62
  .137204992E-62  .506729197E-63  .185663040E-63  .674824799E-64  .243301547E-64
  .870080162E-65  .308608695E-65  .108558738E-65  .378714039E-66  .131031537E-66
  .449687995E-67  .153179905E-67  .519836534E-68  .176486390E-68  .616208737E-69
  .232173531E-69  .109525775E-69  .826182023E-70  .000000000E+00  .000000000E+00
  .000000000E+00  .000000000E+00  .000000000E+00  .000000000E+00  .000000000E+00
  .000000000E+00  .000000000E+00  .000000000E+00  .000000000E+00  .000000000E+00
  .000000000E+00  .000000000E+00  .000000000E+00  .000000000E+00  .000000000E+00
  .000000000E+00  .000000000E+00  .000000000E+00  .000000000E+00  .000000000E+00
  .000000000E+00  .000000000E+00  .000000000E+00  .000000000E+00  .000000000E+00
  .000000000E+00  .000000000E+00  .000000000E+00  .000000000E+00  .000000000E+00
  .000000000E+00  .000000000E+00  .000000000E+00  .000000000E+00  .000000000E+00
  .000000000E+00  .000000000E+00  .000000000E+00  .000000000E+00  .000000000E+00
  .000000000E+00  .000000000E+00  .000000000E+00  .000000000E+00  .000000000E+00
