  PAW F                                  
 100
Core Pot   L  =         .00000  -2.19554
  -.30000000E+01 -.16923611E+00
  -.29500000E+01 -.20959810E+00
  -.29000000E+01 -.25075596E+00
  -.28500000E+01 -.29273807E+00
  -.28000000E+01 -.33557421E+00
  -.27500000E+01 -.37929559E+00
  -.27000000E+01 -.42393501E+00
  -.26500000E+01 -.46952691E+00
  -.26000000E+01 -.51610751E+00
  -.25500000E+01 -.56371491E+00
  -.25000000E+01 -.61238919E+00
  -.24500000E+01 -.66217260E+00
  -.24000000E+01 -.71310965E+00
  -.23500000E+01 -.76524728E+00
  -.23000000E+01 -.81863507E+00
  -.22500000E+01 -.87332536E+00
  -.22000000E+01 -.92937349E+00
  -.21500000E+01 -.98683800E+00
  -.21000000E+01 -.10457809E+01
  -.20500000E+01 -.11062679E+01
  -.20000000E+01 -.11683686E+01
  -.19500000E+01 -.12321570E+01
  -.19000000E+01 -.12977116E+01
  -.18500000E+01 -.13651161E+01
  -.18000000E+01 -.14344594E+01
  -.17500000E+01 -.15058363E+01
  -.17000000E+01 -.15793479E+01
  -.16500000E+01 -.16551022E+01
  -.16000000E+01 -.17332145E+01
  -.15500000E+01 -.18138084E+01
  -.15000000E+01 -.18970162E+01
  -.14500000E+01 -.19829799E+01
  -.14000000E+01 -.20718519E+01
  -.13500000E+01 -.21637963E+01
  -.13000000E+01 -.22589896E+01
  -.12500000E+01 -.23576224E+01
  -.12000000E+01 -.24599002E+01
  -.11500000E+01 -.25660457E+01
  -.11000000E+01 -.26762999E+01
  -.10500000E+01 -.27909243E+01
  -.10000000E+01 -.29102033E+01
  -.95000000E+00 -.30344466E+01
  -.90000000E+00 -.31639918E+01
  -.85000000E+00 -.32992083E+01
  -.80000000E+00 -.34405004E+01
  -.75000000E+00 -.35883121E+01
  -.70000000E+00 -.37431316E+01
  -.65000000E+00 -.39054974E+01
  -.60000000E+00 -.40760046E+01
  -.55000000E+00 -.42553128E+01
  -.50000000E+00 -.44441548E+01
  -.45000000E+00 -.46433475E+01
  -.40000000E+00 -.48538036E+01
  -.35000000E+00 -.50765467E+01
  -.30000000E+00 -.53127287E+01
  -.25000000E+00 -.55636500E+01
  -.20000000E+00 -.58307845E+01
  -.15000000E+00 -.61158100E+01
  -.10000000E+00 -.64206439E+01
  -.50000000E-01 -.67474881E+01
  -.22898350E-14 -.70988837E+01
   .50000000E-01 -.74777788E+01
   .10000000E+00 -.78876138E+01
   .15000000E+00 -.83324278E+01
   .20000000E+00 -.88169958E+01
   .25000000E+00 -.93470035E+01
   .30000000E+00 -.99292755E+01
   .35000000E+00 -.10572076E+02
   .40000000E+00 -.11285508E+02
   .45000000E+00 -.12082058E+02
   .50000000E+00 -.12977339E+02
   .55000000E+00 -.13991138E+02
   .60000000E+00 -.15148905E+02
   .65000000E+00 -.16483945E+02
   .70000000E+00 -.18040693E+02
   .75000000E+00 -.19879789E+02
   .80000000E+00 -.22086210E+02
   .85000000E+00 -.24782839E+02
   .90000000E+00 -.28154248E+02
   .95000000E+00 -.32490977E+02
   .10000000E+01 -.38278314E+02
   .10500000E+01 -.46392331E+02
   .11000000E+01 -.58592374E+02
   .11500000E+01 -.79009371E+02
   .12000000E+01 -.12017311E+03
   .12500000E+01 -.24642267E+03
   .13000000E+01  .73667102E+04
   .13500000E+01  .23459376E+03
   .14000000E+01  .12011684E+03
   .14500000E+01  .81131077E+02
   .15000000E+01  .61476125E+02
   .15500000E+01  .49628669E+02
   .16000000E+01  .41706064E+02
   .16500000E+01  .36034024E+02
   .17000000E+01  .31772009E+02
   .17500000E+01  .28451701E+02
   .18000000E+01  .25791501E+02
   .18500000E+01  .23611907E+02
   .19000000E+01  .21793089E+02
   .19500000E+01  .20251994E+02
   .20000000E+01  .18929244E+02
Potential  L  =         .00000  -2.19554
  -.30000000E+01 -.53200167E-01
  -.29500000E+01 -.97319305E-01
  -.29000000E+01 -.14254875E+00
  -.28500000E+01 -.18893967E+00
  -.28000000E+01 -.23654643E+00
  -.27500000E+01 -.28542693E+00
  -.27000000E+01 -.33564282E+00
  -.26500000E+01 -.38725987E+00
  -.26000000E+01 -.44034828E+00
  -.25500000E+01 -.49498307E+00
  -.25000000E+01 -.55124452E+00
  -.24500000E+01 -.60921859E+00
  -.24000000E+01 -.66899752E+00
  -.23500000E+01 -.73068030E+00
  -.23000000E+01 -.79437342E+00
  -.22500000E+01 -.86019148E+00
  -.22000000E+01 -.92825807E+00
  -.21500000E+01 -.99870663E+00
  -.21000000E+01 -.10716814E+01
  -.20500000E+01 -.11473388E+01
  -.20000000E+01 -.12258481E+01
  -.19500000E+01 -.13073937E+01
  -.19000000E+01 -.13921760E+01
  -.18500000E+01 -.14804137E+01
  -.18000000E+01 -.15723458E+01
  -.17500000E+01 -.16682339E+01
  -.17000000E+01 -.17683650E+01
  -.16500000E+01 -.18730547E+01
  -.16000000E+01 -.19826509E+01
  -.15500000E+01 -.20975380E+01
  -.15000000E+01 -.22181416E+01
  -.14500000E+01 -.23449346E+01
  -.14000000E+01 -.24784437E+01
  -.13500000E+01 -.26192571E+01
  -.13000000E+01 -.27680342E+01
  -.12500000E+01 -.29255163E+01
  -.12000000E+01 -.30925400E+01
  -.11500000E+01 -.32700529E+01
  -.11000000E+01 -.34591325E+01
  -.10500000E+01 -.36610097E+01
  -.10000000E+01 -.38770966E+01
  -.95000000E+00 -.41090214E+01
  -.90000000E+00 -.43586713E+01
  -.85000000E+00 -.46282463E+01
  -.80000000E+00 -.49203266E+01
  -.75000000E+00 -.52379583E+01
  -.70000000E+00 -.55847642E+01
  -.65000000E+00 -.59650863E+01
  -.60000000E+00 -.63841740E+01
  -.55000000E+00 -.68484341E+01
  -.50000000E+00 -.73657685E+01
  -.45000000E+00 -.79460375E+01
  -.40000000E+00 -.86017058E+01
  -.35000000E+00 -.93487644E+01
  -.30000000E+00 -.10208071E+02
  -.25000000E+00 -.11207357E+02
  -.20000000E+00 -.12384308E+02
  -.15000000E+00 -.13791476E+02
  -.10000000E+00 -.15504407E+02
  -.50000000E-01 -.17635769E+02
  -.22898350E-14 -.20361339E+02
   .50000000E-01 -.23971388E+02
   .10000000E+00 -.28982042E+02
   .15000000E+00 -.36407979E+02
   .20000000E+00 -.48556078E+02
   .25000000E+00 -.72043234E+02
   .30000000E+00 -.13668434E+03
   .35000000E+00 -.11184467E+04
   .40000000E+00  .18544290E+03
   .45000000E+00  .86578363E+02
   .50000000E+00  .56865565E+02
   .55000000E+00  .42546474E+02
   .60000000E+00  .34116938E+02
   .65000000E+00  .28561327E+02
   .70000000E+00  .24622637E+02
   .75000000E+00  .21683637E+02
   .80000000E+00  .19405786E+02
   .85000000E+00  .17587895E+02
   .90000000E+00  .16102883E+02
   .95000000E+00  .14866534E+02
   .10000000E+01  .13820828E+02
   .10500000E+01  .12924489E+02
   .11000000E+01  .12147360E+02
   .11500000E+01  .11466881E+02
   .12000000E+01  .10865844E+02
   .12500000E+01  .10330901E+02
   .13000000E+01  .98515360E+01
   .13500000E+01  .94193483E+01
   .14000000E+01  .90275449E+01
   .14500000E+01  .86705799E+01
   .15000000E+01  .83438771E+01
   .15500000E+01  .80436269E+01
   .16000000E+01  .77666330E+01
   .16500000E+01  .75101934E+01
   .17000000E+01  .72720085E+01
   .17500000E+01  .70501086E+01
   .18000000E+01  .68427973E+01
   .18500000E+01  .66486052E+01
   .19000000E+01  .64662535E+01
   .19500000E+01  .62946238E+01
   .20000000E+01  .61327338E+01
Core Pot   L  =        1.00000   -.81667
  -.30000000E+01  .96124243E+00
  -.29500000E+01  .93700594E+00
  -.29000000E+01  .91242101E+00
  -.28500000E+01  .88747727E+00
  -.28000000E+01  .86216393E+00
  -.27500000E+01  .83646970E+00
  -.27000000E+01  .81038286E+00
  -.26500000E+01  .78389116E+00
  -.26000000E+01  .75698184E+00
  -.25500000E+01  .72964156E+00
  -.25000000E+01  .70185642E+00
  -.24500000E+01  .67361186E+00
  -.24000000E+01  .64489271E+00
  -.23500000E+01  .61568304E+00
  -.23000000E+01  .58596625E+00
  -.22500000E+01  .55572490E+00
  -.22000000E+01  .52494079E+00
  -.21500000E+01  .49359507E+00
  -.21000000E+01  .46166714E+00
  -.20500000E+01  .42913626E+00
  -.20000000E+01  .39598036E+00
  -.19500000E+01  .36217623E+00
  -.19000000E+01  .32769952E+00
  -.18500000E+01  .29252459E+00
  -.18000000E+01  .25662445E+00
  -.17500000E+01  .21997069E+00
  -.17000000E+01  .18253336E+00
  -.16500000E+01  .14428087E+00
  -.16000000E+01  .10517990E+00
  -.15500000E+01  .65195229E-01
  -.15000000E+01  .24289640E-01
  -.14500000E+01 -.17576234E-01
  -.14000000E+01 -.60444076E-01
  -.13500000E+01 -.10435805E+00
  -.13000000E+01 -.14936499E+00
  -.12500000E+01 -.19551461E+00
  -.12000000E+01 -.24285973E+00
  -.11500000E+01 -.29145651E+00
  -.11000000E+01 -.34136474E+00
  -.10500000E+01 -.39264810E+00
  -.10000000E+01 -.44537454E+00
  -.95000000E+00 -.49961659E+00
  -.90000000E+00 -.55545178E+00
  -.85000000E+00 -.61296309E+00
  -.80000000E+00 -.67223939E+00
  -.75000000E+00 -.73337604E+00
  -.70000000E+00 -.79647543E+00
  -.65000000E+00 -.86164768E+00
  -.60000000E+00 -.92901139E+00
  -.55000000E+00 -.99869442E+00
  -.50000000E+00 -.10708349E+01
  -.45000000E+00 -.11455821E+01
  -.40000000E+00 -.12230980E+01
  -.35000000E+00 -.13035580E+01
  -.30000000E+00 -.13871530E+01
  -.25000000E+00 -.14740907E+01
  -.20000000E+00 -.15645978E+01
  -.15000000E+00 -.16589221E+01
  -.10000000E+00 -.17573347E+01
  -.50000000E-01 -.18601336E+01
  -.22898350E-14 -.19676462E+01
   .50000000E-01 -.20802335E+01
   .10000000E+00 -.21982948E+01
   .15000000E+00 -.23222722E+01
   .20000000E+00 -.24526571E+01
   .25000000E+00 -.25899969E+01
   .30000000E+00 -.27349035E+01
   .35000000E+00 -.28880629E+01
   .40000000E+00 -.30502469E+01
   .45000000E+00 -.32223267E+01
   .50000000E+00 -.34052898E+01
   .55000000E+00 -.36002597E+01
   .60000000E+00 -.38085205E+01
   .65000000E+00 -.40315464E+01
   .70000000E+00 -.42710384E+01
   .75000000E+00 -.45289696E+01
   .80000000E+00 -.48076418E+01
   .85000000E+00 -.51097571E+01
   .90000000E+00 -.54385087E+01
   .95000000E+00 -.57976978E+01
   .10000000E+01 -.61918860E+01
   .10500000E+01 -.66265945E+01
   .11000000E+01 -.71085714E+01
   .11500000E+01 -.76461522E+01
   .12000000E+01 -.82497553E+01
   .12500000E+01 -.89325770E+01
   .13000000E+01 -.97115824E+01
   .13500000E+01 -.10608955E+02
   .14000000E+01 -.11654269E+02
   .14500000E+01 -.12887851E+02
   .15000000E+01 -.14366147E+02
   .15500000E+01 -.16170683E+02
   .16000000E+01 -.18423720E+02
   .16500000E+01 -.21317341E+02
   .17000000E+01 -.25171590E+02
   .17500000E+01 -.30562315E+02
   .18000000E+01 -.38640575E+02
   .18500000E+01 -.52089906E+02
   .19000000E+01 -.78949003E+02
   .19500000E+01 -.15926901E+03
   .20000000E+01 -.36364308E+05
Potential  L  =        1.00000   -.81667
  -.30000000E+01  .81785807E+00
  -.29500000E+01  .79370794E+00
  -.29000000E+01  .76926270E+00
  -.28500000E+01  .74451510E+00
  -.28000000E+01  .71945771E+00
  -.27500000E+01  .69408286E+00
  -.27000000E+01  .66838262E+00
  -.26500000E+01  .64234877E+00
  -.26000000E+01  .61597282E+00
  -.25500000E+01  .58924595E+00
  -.25000000E+01  .56215910E+00
  -.24500000E+01  .53470280E+00
  -.24000000E+01  .50686731E+00
  -.23500000E+01  .47864248E+00
  -.23000000E+01  .45001783E+00
  -.22500000E+01  .42098246E+00
  -.22000000E+01  .39152508E+00
  -.21500000E+01  .36163396E+00
  -.21000000E+01  .33129694E+00
  -.20500000E+01  .30050138E+00
  -.20000000E+01  .26923415E+00
  -.19500000E+01  .23748160E+00
  -.19000000E+01  .20522955E+00
  -.18500000E+01  .17246325E+00
  -.18000000E+01  .13916733E+00
  -.17500000E+01  .10532583E+00
  -.17000000E+01  .70922092E-01
  -.16500000E+01  .35938789E-01
  -.16000000E+01  .35785048E-03
  -.15500000E+01 -.35839563E-01
  -.15000000E+01 -.72673103E-01
  -.14500000E+01 -.11016328E+00
  -.14000000E+01 -.14833151E+00
  -.13500000E+01 -.18720015E+00
  -.13000000E+01 -.22679259E+00
  -.12500000E+01 -.26713326E+00
  -.12000000E+01 -.30824775E+00
  -.11500000E+01 -.35016281E+00
  -.11000000E+01 -.39290648E+00
  -.10500000E+01 -.43650812E+00
  -.10000000E+01 -.48099853E+00
  -.95000000E+00 -.52641000E+00
  -.90000000E+00 -.57277645E+00
  -.85000000E+00 -.62013347E+00
  -.80000000E+00 -.66851849E+00
  -.75000000E+00 -.71797084E+00
  -.70000000E+00 -.76853193E+00
  -.65000000E+00 -.82024534E+00
  -.60000000E+00 -.87315701E+00
  -.55000000E+00 -.92731535E+00
  -.50000000E+00 -.98277146E+00
  -.45000000E+00 -.10395793E+01
  -.40000000E+00 -.10977958E+01
  -.35000000E+00 -.11574813E+01
  -.30000000E+00 -.12186996E+01
  -.25000000E+00 -.12815183E+01
  -.20000000E+00 -.13460089E+01
  -.15000000E+00 -.14122475E+01
  -.10000000E+00 -.14803148E+01
  -.50000000E-01 -.15502966E+01
  -.22898350E-14 -.16222841E+01
   .50000000E-01 -.16963745E+01
   .10000000E+00 -.17726716E+01
   .15000000E+00 -.18512857E+01
   .20000000E+00 -.19323352E+01
   .25000000E+00 -.20159462E+01
   .30000000E+00 -.21022542E+01
   .35000000E+00 -.21914041E+01
   .40000000E+00 -.22835516E+01
   .45000000E+00 -.23788639E+01
   .50000000E+00 -.24775211E+01
   .55000000E+00 -.25797172E+01
   .60000000E+00 -.26856615E+01
   .65000000E+00 -.27955803E+01
   .70000000E+00 -.29097184E+01
   .75000000E+00 -.30283414E+01
   .80000000E+00 -.31517376E+01
   .85000000E+00 -.32802205E+01
   .90000000E+00 -.34141321E+01
   .95000000E+00 -.35538454E+01
   .10000000E+01 -.36997690E+01
   .10500000E+01 -.38523503E+01
   .11000000E+01 -.40120812E+01
   .11500000E+01 -.41795033E+01
   .12000000E+01 -.43552144E+01
   .12500000E+01 -.45398760E+01
   .13000000E+01 -.47342220E+01
   .13500000E+01 -.49390690E+01
   .14000000E+01 -.51553282E+01
   .14500000E+01 -.53840194E+01
   .15000000E+01 -.56262880E+01
   .15500000E+01 -.58834244E+01
   .16000000E+01 -.61568884E+01
   .16500000E+01 -.64483374E+01
   .17000000E+01 -.67596611E+01
   .17500000E+01 -.70930239E+01
   .18000000E+01 -.74509166E+01
   .18500000E+01 -.78362202E+01
   .19000000E+01 -.82522854E+01
   .19500000E+01 -.87030329E+01
   .20000000E+01 -.91930793E+01
Core Pot   L  =        2.00000   -.80000
  -.30000000E+01  .24001077E+01
  -.29500000E+01  .23906988E+01
  -.29000000E+01  .23812628E+01
  -.28500000E+01  .23717995E+01
  -.28000000E+01  .23623086E+01
  -.27500000E+01  .23527900E+01
  -.27000000E+01  .23432435E+01
  -.26500000E+01  .23336688E+01
  -.26000000E+01  .23240658E+01
  -.25500000E+01  .23144343E+01
  -.25000000E+01  .23047740E+01
  -.24500000E+01  .22950847E+01
  -.24000000E+01  .22853663E+01
  -.23500000E+01  .22756184E+01
  -.23000000E+01  .22658409E+01
  -.22500000E+01  .22560336E+01
  -.22000000E+01  .22461962E+01
  -.21500000E+01  .22363286E+01
  -.21000000E+01  .22264304E+01
  -.20500000E+01  .22165014E+01
  -.20000000E+01  .22065415E+01
  -.19500000E+01  .21965503E+01
  -.19000000E+01  .21865276E+01
  -.18500000E+01  .21764733E+01
  -.18000000E+01  .21663870E+01
  -.17500000E+01  .21562684E+01
  -.17000000E+01  .21461175E+01
  -.16500000E+01  .21359338E+01
  -.16000000E+01  .21257171E+01
  -.15500000E+01  .21154673E+01
  -.15000000E+01  .21051839E+01
  -.14500000E+01  .20948668E+01
  -.14000000E+01  .20845156E+01
  -.13500000E+01  .20741302E+01
  -.13000000E+01  .20637101E+01
  -.12500000E+01  .20532553E+01
  -.12000000E+01  .20427653E+01
  -.11500000E+01  .20322399E+01
  -.11000000E+01  .20216787E+01
  -.10500000E+01  .20110816E+01
  -.10000000E+01  .20004482E+01
  -.95000000E+00  .19897782E+01
  -.90000000E+00  .19790713E+01
  -.85000000E+00  .19683272E+01
  -.80000000E+00  .19575455E+01
  -.75000000E+00  .19467261E+01
  -.70000000E+00  .19358685E+01
  -.65000000E+00  .19249725E+01
  -.60000000E+00  .19140376E+01
  -.55000000E+00  .19030636E+01
  -.50000000E+00  .18920502E+01
  -.45000000E+00  .18809970E+01
  -.40000000E+00  .18699037E+01
  -.35000000E+00  .18587699E+01
  -.30000000E+00  .18475952E+01
  -.25000000E+00  .18363794E+01
  -.20000000E+00  .18251220E+01
  -.15000000E+00  .18138228E+01
  -.10000000E+00  .18024812E+01
  -.50000000E-01  .17910970E+01
  -.22898350E-14  .17796698E+01
   .50000000E-01  .17681992E+01
   .10000000E+00  .17566847E+01
   .15000000E+00  .17451261E+01
   .20000000E+00  .17335229E+01
   .25000000E+00  .17218747E+01
   .30000000E+00  .17101812E+01
   .35000000E+00  .16984418E+01
   .40000000E+00  .16866561E+01
   .45000000E+00  .16748238E+01
   .50000000E+00  .16629445E+01
   .55000000E+00  .16510176E+01
   .60000000E+00  .16390427E+01
   .65000000E+00  .16270195E+01
   .70000000E+00  .16149473E+01
   .75000000E+00  .16028259E+01
   .80000000E+00  .15906546E+01
   .85000000E+00  .15784331E+01
   .90000000E+00  .15661609E+01
   .95000000E+00  .15538374E+01
   .10000000E+01  .15414622E+01
   .10500000E+01  .15290348E+01
   .11000000E+01  .15165547E+01
   .11500000E+01  .15040213E+01
   .12000000E+01  .14914342E+01
   .12500000E+01  .14787928E+01
   .13000000E+01  .14660966E+01
   .13500000E+01  .14533450E+01
   .14000000E+01  .14405375E+01
   .14500000E+01  .14276736E+01
   .15000000E+01  .14147526E+01
   .15500000E+01  .14017740E+01
   .16000000E+01  .13887372E+01
   .16500000E+01  .13756416E+01
   .17000000E+01  .13624867E+01
   .17500000E+01  .13492717E+01
   .18000000E+01  .13359962E+01
   .18500000E+01  .13226594E+01
   .19000000E+01  .13092608E+01
   .19500000E+01  .12957997E+01
   .20000000E+01  .12822754E+01
Potential  L  =        2.00000   -.80000
  -.30000000E+01  .24003878E+01
  -.29500000E+01  .23909692E+01
  -.29000000E+01  .23815236E+01
  -.28500000E+01  .23720507E+01
  -.28000000E+01  .23625505E+01
  -.27500000E+01  .23530227E+01
  -.27000000E+01  .23434670E+01
  -.26500000E+01  .23338834E+01
  -.26000000E+01  .23242716E+01
  -.25500000E+01  .23146314E+01
  -.25000000E+01  .23049626E+01
  -.24500000E+01  .22952649E+01
  -.24000000E+01  .22855383E+01
  -.23500000E+01  .22757824E+01
  -.23000000E+01  .22659970E+01
  -.22500000E+01  .22561820E+01
  -.22000000E+01  .22463371E+01
  -.21500000E+01  .22364621E+01
  -.21000000E+01  .22265568E+01
  -.20500000E+01  .22166209E+01
  -.20000000E+01  .22066542E+01
  -.19500000E+01  .21966565E+01
  -.19000000E+01  .21866275E+01
  -.18500000E+01  .21765671E+01
  -.18000000E+01  .21664749E+01
  -.17500000E+01  .21563508E+01
  -.17000000E+01  .21461944E+01
  -.16500000E+01  .21360056E+01
  -.16000000E+01  .21257841E+01
  -.15500000E+01  .21155296E+01
  -.15000000E+01  .21052419E+01
  -.14500000E+01  .20949207E+01
  -.14000000E+01  .20845657E+01
  -.13500000E+01  .20741768E+01
  -.13000000E+01  .20637536E+01
  -.12500000E+01  .20532958E+01
  -.12000000E+01  .20428032E+01
  -.11500000E+01  .20322755E+01
  -.11000000E+01  .20217125E+01
  -.10500000E+01  .20111138E+01
  -.10000000E+01  .20004791E+01
  -.95000000E+00  .19898083E+01
  -.90000000E+00  .19791009E+01
  -.85000000E+00  .19683566E+01
  -.80000000E+00  .19575753E+01
  -.75000000E+00  .19467565E+01
  -.70000000E+00  .19359000E+01
  -.65000000E+00  .19250054E+01
  -.60000000E+00  .19140725E+01
  -.55000000E+00  .19031009E+01
  -.50000000E+00  .18920903E+01
  -.45000000E+00  .18810404E+01
  -.40000000E+00  .18699508E+01
  -.35000000E+00  .18588212E+01
  -.30000000E+00  .18476514E+01
  -.25000000E+00  .18364408E+01
  -.20000000E+00  .18251892E+01
  -.15000000E+00  .18138962E+01
  -.10000000E+00  .18025616E+01
  -.50000000E-01  .17911848E+01
  -.22898350E-14  .17797656E+01
   .50000000E-01  .17683036E+01
   .10000000E+00  .17567984E+01
   .15000000E+00  .17452496E+01
   .20000000E+00  .17336569E+01
   .25000000E+00  .17220198E+01
   .30000000E+00  .17103380E+01
   .35000000E+00  .16986111E+01
   .40000000E+00  .16868387E+01
   .45000000E+00  .16750204E+01
   .50000000E+00  .16631556E+01
   .55000000E+00  .16512442E+01
   .60000000E+00  .16392855E+01
   .65000000E+00  .16272793E+01
   .70000000E+00  .16152249E+01
   .75000000E+00  .16031221E+01
   .80000000E+00  .15909704E+01
   .85000000E+00  .15787692E+01
   .90000000E+00  .15665183E+01
   .95000000E+00  .15542170E+01
   .10000000E+01  .15418649E+01
   .10500000E+01  .15294616E+01
   .11000000E+01  .15170066E+01
   .11500000E+01  .15044993E+01
   .12000000E+01  .14919393E+01
   .12500000E+01  .14793261E+01
   .13000000E+01  .14666591E+01
   .13500000E+01  .14539379E+01
   .14000000E+01  .14411620E+01
   .14500000E+01  .14283307E+01
   .15000000E+01  .14154436E+01
   .15500000E+01  .14025001E+01
   .16000000E+01  .13894997E+01
   .16500000E+01  .13764417E+01
   .17000000E+01  .13633258E+01
   .17500000E+01  .13501511E+01
   .18000000E+01  .13369173E+01
   .18500000E+01  .13236236E+01
   .19000000E+01  .13102695E+01
   .19500000E+01  .12968544E+01
   .20000000E+01  .12833776E+01
Core Pot   L  =        3.00000    .00000
  -.30000000E+01  .33090847E+01
  -.29500000E+01  .33022014E+01
  -.29000000E+01  .32953071E+01
  -.28500000E+01  .32884018E+01
  -.28000000E+01  .32814854E+01
  -.27500000E+01  .32745579E+01
  -.27000000E+01  .32676192E+01
  -.26500000E+01  .32606693E+01
  -.26000000E+01  .32537082E+01
  -.25500000E+01  .32467357E+01
  -.25000000E+01  .32397519E+01
  -.24500000E+01  .32327567E+01
  -.24000000E+01  .32257501E+01
  -.23500000E+01  .32187319E+01
  -.23000000E+01  .32117022E+01
  -.22500000E+01  .32046610E+01
  -.22000000E+01  .31976080E+01
  -.21500000E+01  .31905434E+01
  -.21000000E+01  .31834671E+01
  -.20500000E+01  .31763790E+01
  -.20000000E+01  .31692790E+01
  -.19500000E+01  .31621671E+01
  -.19000000E+01  .31550433E+01
  -.18500000E+01  .31479075E+01
  -.18000000E+01  .31407597E+01
  -.17500000E+01  .31335997E+01
  -.17000000E+01  .31264276E+01
  -.16500000E+01  .31192434E+01
  -.16000000E+01  .31120468E+01
  -.15500000E+01  .31048380E+01
  -.15000000E+01  .30976168E+01
  -.14500000E+01  .30903832E+01
  -.14000000E+01  .30831371E+01
  -.13500000E+01  .30758785E+01
  -.13000000E+01  .30686073E+01
  -.12500000E+01  .30613235E+01
  -.12000000E+01  .30540270E+01
  -.11500000E+01  .30467177E+01
  -.11000000E+01  .30393957E+01
  -.10500000E+01  .30320608E+01
  -.10000000E+01  .30247130E+01
  -.95000000E+00  .30173522E+01
  -.90000000E+00  .30099783E+01
  -.85000000E+00  .30025914E+01
  -.80000000E+00  .29951914E+01
  -.75000000E+00  .29877781E+01
  -.70000000E+00  .29803516E+01
  -.65000000E+00  .29729118E+01
  -.60000000E+00  .29654585E+01
  -.55000000E+00  .29579918E+01
  -.50000000E+00  .29505117E+01
  -.45000000E+00  .29430179E+01
  -.40000000E+00  .29355105E+01
  -.35000000E+00  .29279894E+01
  -.30000000E+00  .29204546E+01
  -.25000000E+00  .29129060E+01
  -.20000000E+00  .29053434E+01
  -.15000000E+00  .28977669E+01
  -.10000000E+00  .28901765E+01
  -.50000000E-01  .28825719E+01
  -.22898350E-14  .28749532E+01
   .50000000E-01  .28673203E+01
   .10000000E+00  .28596731E+01
   .15000000E+00  .28520116E+01
   .20000000E+00  .28443356E+01
   .25000000E+00  .28366452E+01
   .30000000E+00  .28289403E+01
   .35000000E+00  .28212207E+01
   .40000000E+00  .28134865E+01
   .45000000E+00  .28057375E+01
   .50000000E+00  .27979737E+01
   .55000000E+00  .27901950E+01
   .60000000E+00  .27824013E+01
   .65000000E+00  .27745926E+01
   .70000000E+00  .27667688E+01
   .75000000E+00  .27589298E+01
   .80000000E+00  .27510756E+01
   .85000000E+00  .27432060E+01
   .90000000E+00  .27353211E+01
   .95000000E+00  .27274207E+01
   .10000000E+01  .27195047E+01
   .10500000E+01  .27115731E+01
   .11000000E+01  .27036258E+01
   .11500000E+01  .26956627E+01
   .12000000E+01  .26876838E+01
   .12500000E+01  .26796889E+01
   .13000000E+01  .26716780E+01
   .13500000E+01  .26636510E+01
   .14000000E+01  .26556079E+01
   .14500000E+01  .26475485E+01
   .15000000E+01  .26394728E+01
   .15500000E+01  .26313806E+01
   .16000000E+01  .26232720E+01
   .16500000E+01  .26151468E+01
   .17000000E+01  .26070049E+01
   .17500000E+01  .25988463E+01
   .18000000E+01  .25906708E+01
   .18500000E+01  .25824784E+01
   .19000000E+01  .25742691E+01
   .19500000E+01  .25660426E+01
   .20000000E+01  .25577990E+01
Potential  L  =        3.00000    .00000
  -.30000000E+01  .33106250E+01
  -.29500000E+01  .33037281E+01
  -.29000000E+01  .32968201E+01
  -.28500000E+01  .32899010E+01
  -.28000000E+01  .32829707E+01
  -.27500000E+01  .32760292E+01
  -.27000000E+01  .32690765E+01
  -.26500000E+01  .32621124E+01
  -.26000000E+01  .32551369E+01
  -.25500000E+01  .32481500E+01
  -.25000000E+01  .32411517E+01
  -.24500000E+01  .32341419E+01
  -.24000000E+01  .32271204E+01
  -.23500000E+01  .32200874E+01
  -.23000000E+01  .32130428E+01
  -.22500000E+01  .32059864E+01
  -.22000000E+01  .31989183E+01
  -.21500000E+01  .31918383E+01
  -.21000000E+01  .31847465E+01
  -.20500000E+01  .31776428E+01
  -.20000000E+01  .31705272E+01
  -.19500000E+01  .31633995E+01
  -.19000000E+01  .31562598E+01
  -.18500000E+01  .31491079E+01
  -.18000000E+01  .31419439E+01
  -.17500000E+01  .31347677E+01
  -.17000000E+01  .31275792E+01
  -.16500000E+01  .31203783E+01
  -.16000000E+01  .31131651E+01
  -.15500000E+01  .31059395E+01
  -.15000000E+01  .30987013E+01
  -.14500000E+01  .30914507E+01
  -.14000000E+01  .30841874E+01
  -.13500000E+01  .30769115E+01
  -.13000000E+01  .30696228E+01
  -.12500000E+01  .30623214E+01
  -.12000000E+01  .30550072E+01
  -.11500000E+01  .30476801E+01
  -.11000000E+01  .30403400E+01
  -.10500000E+01  .30329870E+01
  -.10000000E+01  .30256209E+01
  -.95000000E+00  .30182416E+01
  -.90000000E+00  .30108493E+01
  -.85000000E+00  .30034436E+01
  -.80000000E+00  .29960247E+01
  -.75000000E+00  .29885925E+01
  -.70000000E+00  .29811468E+01
  -.65000000E+00  .29736876E+01
  -.60000000E+00  .29662150E+01
  -.55000000E+00  .29587287E+01
  -.50000000E+00  .29512287E+01
  -.45000000E+00  .29437151E+01
  -.40000000E+00  .29361876E+01
  -.35000000E+00  .29286463E+01
  -.30000000E+00  .29210911E+01
  -.25000000E+00  .29135219E+01
  -.20000000E+00  .29059387E+01
  -.15000000E+00  .28983414E+01
  -.10000000E+00  .28907299E+01
  -.50000000E-01  .28831041E+01
  -.22898350E-14  .28754640E+01
   .50000000E-01  .28678096E+01
   .10000000E+00  .28601407E+01
   .15000000E+00  .28524574E+01
   .20000000E+00  .28447594E+01
   .25000000E+00  .28370468E+01
   .30000000E+00  .28293195E+01
   .35000000E+00  .28215774E+01
   .40000000E+00  .28138204E+01
   .45000000E+00  .28060485E+01
   .50000000E+00  .27982616E+01
   .55000000E+00  .27904596E+01
   .60000000E+00  .27826425E+01
   .65000000E+00  .27748102E+01
   .70000000E+00  .27669625E+01
   .75000000E+00  .27590995E+01
   .80000000E+00  .27512211E+01
   .85000000E+00  .27433272E+01
   .90000000E+00  .27354176E+01
   .95000000E+00  .27274924E+01
   .10000000E+01  .27195514E+01
   .10500000E+01  .27115947E+01
   .11000000E+01  .27036220E+01
   .11500000E+01  .26956333E+01
   .12000000E+01  .26876286E+01
   .12500000E+01  .26796077E+01
   .13000000E+01  .26715707E+01
   .13500000E+01  .26635173E+01
   .14000000E+01  .26554475E+01
   .14500000E+01  .26473613E+01
   .15000000E+01  .26392586E+01
   .15500000E+01  .26311392E+01
   .16000000E+01  .26230031E+01
   .16500000E+01  .26148501E+01
   .17000000E+01  .26066804E+01
   .17500000E+01  .25984936E+01
   .18000000E+01  .25902898E+01
   .18500000E+01  .25820688E+01
   .19000000E+01  .25738306E+01
   .19500000E+01  .25655751E+01
   .20000000E+01  .25573022E+01
Core Pot   L  =        4.00000    .00000
  -.30000000E+01  .41668653E+01
  -.29500000E+01  .41613345E+01
  -.29000000E+01  .41557988E+01
  -.28500000E+01  .41502563E+01
  -.28000000E+01  .41447076E+01
  -.27500000E+01  .41391510E+01
  -.27000000E+01  .41335909E+01
  -.26500000E+01  .41280254E+01
  -.26000000E+01  .41224535E+01
  -.25500000E+01  .41168751E+01
  -.25000000E+01  .41112913E+01
  -.24500000E+01  .41057045E+01
  -.24000000E+01  .41001079E+01
  -.23500000E+01  .40945062E+01
  -.23000000E+01  .40888984E+01
  -.22500000E+01  .40832848E+01
  -.22000000E+01  .40776622E+01
  -.21500000E+01  .40720361E+01
  -.21000000E+01  .40664040E+01
  -.20500000E+01  .40607659E+01
  -.20000000E+01  .40551211E+01
  -.19500000E+01  .40494706E+01
  -.19000000E+01  .40438165E+01
  -.18500000E+01  .40381532E+01
  -.18000000E+01  .40324841E+01
  -.17500000E+01  .40268087E+01
  -.17000000E+01  .40211274E+01
  -.16500000E+01  .40154395E+01
  -.16000000E+01  .40097453E+01
  -.15500000E+01  .40040421E+01
  -.15000000E+01  .39983355E+01
  -.14500000E+01  .39926227E+01
  -.14000000E+01  .39869030E+01
  -.13500000E+01  .39811796E+01
  -.13000000E+01  .39754473E+01
  -.12500000E+01  .39697087E+01
  -.12000000E+01  .39639631E+01
  -.11500000E+01  .39582115E+01
  -.11000000E+01  .39524541E+01
  -.10500000E+01  .39466873E+01
  -.10000000E+01  .39409163E+01
  -.95000000E+00  .39351391E+01
  -.90000000E+00  .39293551E+01
  -.85000000E+00  .39235640E+01
  -.80000000E+00  .39177695E+01
  -.75000000E+00  .39119658E+01
  -.70000000E+00  .39061551E+01
  -.65000000E+00  .39003382E+01
  -.60000000E+00  .38945146E+01
  -.55000000E+00  .38886843E+01
  -.50000000E+00  .38828449E+01
  -.45000000E+00  .38770012E+01
  -.40000000E+00  .38711507E+01
  -.35000000E+00  .38652959E+01
  -.30000000E+00  .38594319E+01
  -.25000000E+00  .38535587E+01
  -.20000000E+00  .38476832E+01
  -.15000000E+00  .38417988E+01
  -.10000000E+00  .38359076E+01
  -.50000000E-01  .38300092E+01
  -.22898350E-14  .38241043E+01
   .50000000E-01  .38181902E+01
   .10000000E+00  .38122708E+01
   .15000000E+00  .38063474E+01
   .20000000E+00  .38004143E+01
   .25000000E+00  .37944723E+01
   .30000000E+00  .37885277E+01
   .35000000E+00  .37825737E+01
   .40000000E+00  .37766124E+01
   .45000000E+00  .37706442E+01
   .50000000E+00  .37646691E+01
   .55000000E+00  .37586848E+01
   .60000000E+00  .37526948E+01
   .65000000E+00  .37467005E+01
   .70000000E+00  .37406945E+01
   .75000000E+00  .37346853E+01
   .80000000E+00  .37286669E+01
   .85000000E+00  .37226414E+01
   .90000000E+00  .37166085E+01
   .95000000E+00  .37105681E+01
   .10000000E+01  .37045186E+01
   .10500000E+01  .36984637E+01
   .11000000E+01  .36924032E+01
   .11500000E+01  .36863337E+01
   .12000000E+01  .36802546E+01
   .12500000E+01  .36741720E+01
   .13000000E+01  .36680798E+01
   .13500000E+01  .36619800E+01
   .14000000E+01  .36558732E+01
   .14500000E+01  .36497563E+01
   .15000000E+01  .36436343E+01
   .15500000E+01  .36375066E+01
   .16000000E+01  .36313689E+01
   .16500000E+01  .36252240E+01
   .17000000E+01  .36190713E+01
   .17500000E+01  .36129110E+01
   .18000000E+01  .36067427E+01
   .18500000E+01  .36005648E+01
   .19000000E+01  .35943814E+01
   .19500000E+01  .35881919E+01
   .20000000E+01  .35819930E+01
Potential  L  =        4.00000    .00000
  -.30000000E+01  .41700378E+01
  -.29500000E+01  .41645064E+01
  -.29000000E+01  .41589687E+01
  -.28500000E+01  .41534248E+01
  -.28000000E+01  .41478754E+01
  -.27500000E+01  .41423200E+01
  -.27000000E+01  .41367590E+01
  -.26500000E+01  .41311920E+01
  -.26000000E+01  .41256185E+01
  -.25500000E+01  .41200394E+01
  -.25000000E+01  .41144542E+01
  -.24500000E+01  .41088634E+01
  -.24000000E+01  .41032663E+01
  -.23500000E+01  .40976632E+01
  -.23000000E+01  .40920539E+01
  -.22500000E+01  .40864386E+01
  -.22000000E+01  .40808174E+01
  -.21500000E+01  .40751899E+01
  -.21000000E+01  .40695562E+01
  -.20500000E+01  .40639165E+01
  -.20000000E+01  .40582706E+01
  -.19500000E+01  .40526187E+01
  -.19000000E+01  .40469604E+01
  -.18500000E+01  .40412959E+01
  -.18000000E+01  .40356253E+01
  -.17500000E+01  .40299484E+01
  -.17000000E+01  .40242652E+01
  -.16500000E+01  .40185757E+01
  -.16000000E+01  .40128799E+01
  -.15500000E+01  .40071779E+01
  -.15000000E+01  .40014695E+01
  -.14500000E+01  .39957545E+01
  -.14000000E+01  .39900336E+01
  -.13500000E+01  .39843060E+01
  -.13000000E+01  .39785720E+01
  -.12500000E+01  .39728317E+01
  -.12000000E+01  .39670848E+01
  -.11500000E+01  .39613313E+01
  -.11000000E+01  .39555716E+01
  -.10500000E+01  .39498053E+01
  -.10000000E+01  .39440326E+01
  -.95000000E+00  .39382535E+01
  -.90000000E+00  .39324676E+01
  -.85000000E+00  .39266747E+01
  -.80000000E+00  .39208756E+01
  -.75000000E+00  .39150699E+01
  -.70000000E+00  .39092574E+01
  -.65000000E+00  .39034384E+01
  -.60000000E+00  .38976130E+01
  -.55000000E+00  .38917806E+01
  -.50000000E+00  .38859412E+01
  -.45000000E+00  .38800954E+01
  -.40000000E+00  .38742427E+01
  -.35000000E+00  .38683833E+01
  -.30000000E+00  .38625172E+01
  -.25000000E+00  .38566441E+01
  -.20000000E+00  .38507642E+01
  -.15000000E+00  .38448775E+01
  -.10000000E+00  .38389838E+01
  -.50000000E-01  .38330832E+01
  -.22898350E-14  .38271757E+01
   .50000000E-01  .38212614E+01
   .10000000E+00  .38153401E+01
   .15000000E+00  .38094117E+01
   .20000000E+00  .38034763E+01
   .25000000E+00  .37975339E+01
   .30000000E+00  .37915843E+01
   .35000000E+00  .37856281E+01
   .40000000E+00  .37796644E+01
   .45000000E+00  .37736933E+01
   .50000000E+00  .37677156E+01
   .55000000E+00  .37617304E+01
   .60000000E+00  .37557382E+01
   .65000000E+00  .37497388E+01
   .70000000E+00  .37437320E+01
   .75000000E+00  .37377182E+01
   .80000000E+00  .37316969E+01
   .85000000E+00  .37256684E+01
   .90000000E+00  .37196326E+01
   .95000000E+00  .37135895E+01
   .10000000E+01  .37075388E+01
   .10500000E+01  .37014808E+01
   .11000000E+01  .36954157E+01
   .11500000E+01  .36893427E+01
   .12000000E+01  .36832625E+01
   .12500000E+01  .36771748E+01
   .13000000E+01  .36710795E+01
   .13500000E+01  .36649768E+01
   .14000000E+01  .36588664E+01
   .14500000E+01  .36527487E+01
   .15000000E+01  .36466231E+01
   .15500000E+01  .36404900E+01
   .16000000E+01  .36343491E+01
   .16500000E+01  .36282006E+01
   .17000000E+01  .36220444E+01
   .17500000E+01  .36158806E+01
   .18000000E+01  .36097090E+01
   .18500000E+01  .36035297E+01
   .19000000E+01  .35973423E+01
   .19500000E+01  .35911474E+01
   .20000000E+01  .35849444E+01
KBPotential  L  =       .00000  -4.39108
  -.30000000E+01 -.16922949E+00
  -.29500000E+01 -.20959174E+00
  -.29000000E+01 -.25074991E+00
  -.28500000E+01 -.29273237E+00
  -.28000000E+01 -.33556889E+00
  -.27500000E+01 -.37929071E+00
  -.27000000E+01 -.42393060E+00
  -.26500000E+01 -.46952302E+00
  -.26000000E+01 -.51610417E+00
  -.25500000E+01 -.56371216E+00
  -.25000000E+01 -.61238707E+00
  -.24500000E+01 -.66217115E+00
  -.24000000E+01 -.71310890E+00
  -.23500000E+01 -.76524728E+00
  -.23000000E+01 -.81863584E+00
  -.22500000E+01 -.87332694E+00
  -.22000000E+01 -.92937590E+00
  -.21500000E+01 -.98684129E+00
  -.21000000E+01 -.10457851E+01
  -.20500000E+01 -.11062730E+01
  -.20000000E+01 -.11683746E+01
  -.19500000E+01 -.12321640E+01
  -.19000000E+01 -.12977197E+01
  -.18500000E+01 -.13651251E+01
  -.18000000E+01 -.14344701E+01
  -.17500000E+01 -.15058477E+01
  -.17000000E+01 -.15793600E+01
  -.16500000E+01 -.16551151E+01
  -.16000000E+01 -.17332289E+01
  -.15500000E+01 -.18138239E+01
  -.15000000E+01 -.18970329E+01
  -.14500000E+01 -.19829977E+01
  -.14000000E+01 -.20718709E+01
  -.13500000E+01 -.21638164E+01
  -.13000000E+01 -.22590109E+01
  -.12500000E+01 -.23576448E+01
  -.12000000E+01 -.24599239E+01
  -.11500000E+01 -.25660706E+01
  -.11000000E+01 -.26763260E+01
  -.10500000E+01 -.27909516E+01
  -.10000000E+01 -.29102319E+01
  -.95000000E+00 -.30344764E+01
  -.90000000E+00 -.31640230E+01
  -.85000000E+00 -.32992408E+01
  -.80000000E+00 -.34405343E+01
  -.75000000E+00 -.35883475E+01
  -.70000000E+00 -.37431686E+01
  -.65000000E+00 -.39055361E+01
  -.60000000E+00 -.40760452E+01
  -.55000000E+00 -.42553555E+01
  -.50000000E+00 -.44441999E+01
  -.45000000E+00 -.46433951E+01
  -.40000000E+00 -.48538543E+01
  -.35000000E+00 -.50766010E+01
  -.30000000E+00 -.53127870E+01
  -.25000000E+00 -.55637131E+01
  -.20000000E+00 -.58308533E+01
  -.15000000E+00 -.61158856E+01
  -.10000000E+00 -.64207276E+01
  -.50000000E-01 -.67475817E+01
  -.22898350E-14 -.70989892E+01
   .50000000E-01 -.74778990E+01
   .10000000E+00 -.78877518E+01
   .15000000E+00 -.83325879E+01
   .20000000E+00 -.88171831E+01
   .25000000E+00 -.93472243E+01
   .30000000E+00 -.99295385E+01
   .35000000E+00 -.10572392E+02
   .40000000E+00 -.11285891E+02
   .45000000E+00 -.12082526E+02
   .50000000E+00 -.12977916E+02
   .55000000E+00 -.13991855E+02
   .60000000E+00 -.15149806E+02
   .65000000E+00 -.16485091E+02
   .70000000E+00 -.18042167E+02
   .75000000E+00 -.19881713E+02
   .80000000E+00 -.22088762E+02
   .85000000E+00 -.24786292E+02
   .90000000E+00 -.28159036E+02
   .95000000E+00 -.32497825E+02
   .10000000E+01 -.38288519E+02
   .10500000E+01 -.46408415E+02
   .11000000E+01 -.58619885E+02
   .11500000E+01 -.79062980E+02
   .12000000E+01 -.12030594E+03
   .12500000E+01 -.24702097E+03
   .13000000E+01  .68375347E+04
   .13500000E+01  .23397788E+03
   .14000000E+01  .11994434E+03
   .14500000E+01  .81047139E+02
   .15000000E+01  .61424774E+02
   .15500000E+01  .49593045E+02
   .16000000E+01  .41679306E+02
   .16500000E+01  .36012797E+02
   .17000000E+01  .31754486E+02
   .17500000E+01  .28436793E+02
   .18000000E+01  .25778514E+02
   .18500000E+01  .23600376E+02
   .19000000E+01  .21782691E+02
   .19500000E+01  .20242495E+02
   .20000000E+01  .18920473E+02
KBPotential  L  =      1.00000  -1.63333
  -.30000000E+01  .96128460E+00
  -.29500000E+01  .93704675E+00
  -.29000000E+01  .91246048E+00
  -.28500000E+01  .88751543E+00
  -.28000000E+01  .86220078E+00
  -.27500000E+01  .83650527E+00
  -.27000000E+01  .81041717E+00
  -.26500000E+01  .78392424E+00
  -.26000000E+01  .75701369E+00
  -.25500000E+01  .72967222E+00
  -.25000000E+01  .70188590E+00
  -.24500000E+01  .67364018E+00
  -.24000000E+01  .64491988E+00
  -.23500000E+01  .61570909E+00
  -.23000000E+01  .58599119E+00
  -.22500000E+01  .55574877E+00
  -.22000000E+01  .52496360E+00
  -.21500000E+01  .49361655E+00
  -.21000000E+01  .46168759E+00
  -.20500000E+01  .42915570E+00
  -.20000000E+01  .39599881E+00
  -.19500000E+01  .36219371E+00
  -.19000000E+01  .32771605E+00
  -.18500000E+01  .29254020E+00
  -.18000000E+01  .25663916E+00
  -.17500000E+01  .21998453E+00
  -.17000000E+01  .18254635E+00
  -.16500000E+01  .14429304E+00
  -.16000000E+01  .10519127E+00
  -.15500000E+01  .65205831E-01
  -.15000000E+01  .24299504E-01
  -.14500000E+01 -.17567074E-01
  -.14000000E+01 -.60435582E-01
  -.13500000E+01 -.10435018E+00
  -.13000000E+01 -.14935770E+00
  -.12500000E+01 -.19550786E+00
  -.12000000E+01 -.24285346E+00
  -.11500000E+01 -.29145066E+00
  -.11000000E+01 -.34135925E+00
  -.10500000E+01 -.39264289E+00
  -.10000000E+01 -.44536952E+00
  -.95000000E+00 -.49961166E+00
  -.90000000E+00 -.55544684E+00
  -.85000000E+00 -.61295802E+00
  -.80000000E+00 -.67223405E+00
  -.75000000E+00 -.73337028E+00
  -.70000000E+00 -.79646908E+00
  -.65000000E+00 -.86164054E+00
  -.60000000E+00 -.92900323E+00
  -.55000000E+00 -.99868500E+00
  -.50000000E+00 -.10708239E+01
  -.45000000E+00 -.11455693E+01
  -.40000000E+00 -.12230828E+01
  -.35000000E+00 -.13035402E+01
  -.30000000E+00 -.13871320E+01
  -.25000000E+00 -.14740659E+01
  -.20000000E+00 -.15645687E+01
  -.15000000E+00 -.16588878E+01
  -.10000000E+00 -.17572946E+01
  -.50000000E-01 -.18600865E+01
  -.22898350E-14 -.19675911E+01
   .50000000E-01 -.20801691E+01
   .10000000E+00 -.21982197E+01
   .15000000E+00 -.23221846E+01
   .20000000E+00 -.24525550E+01
   .25000000E+00 -.25898781E+01
   .30000000E+00 -.27347653E+01
   .35000000E+00 -.28879022E+01
   .40000000E+00 -.30500600E+01
   .45000000E+00 -.32221094E+01
   .50000000E+00 -.34050371E+01
   .55000000E+00 -.35999656E+01
   .60000000E+00 -.38081780E+01
   .65000000E+00 -.40311472E+01
   .70000000E+00 -.42705724E+01
   .75000000E+00 -.45284249E+01
   .80000000E+00 -.48070039E+01
   .85000000E+00 -.51090083E+01
   .90000000E+00 -.54376275E+01
   .95000000E+00 -.57966579E+01
   .10000000E+01 -.61906543E+01
   .10500000E+01 -.66251300E+01
   .11000000E+01 -.71068223E+01
   .11500000E+01 -.76440522E+01
   .12000000E+01 -.82472189E+01
   .12500000E+01 -.89294923E+01
   .13000000E+01 -.97078004E+01
   .13500000E+01 -.10604274E+02
   .14000000E+01 -.11648412E+02
   .14500000E+01 -.12880425E+02
   .15000000E+01 -.14356583E+02
   .15500000E+01 -.16158123E+02
   .16000000E+01 -.18406824E+02
   .16500000E+01 -.21293903E+02
   .17000000E+01 -.25137734E+02
   .17500000E+01 -.30510617E+02
   .18000000E+01 -.38555002E+02
   .18500000E+01 -.51928942E+02
   .19000000E+01 -.78566650E+02
   .19500000E+01 -.15766567E+03
   .20000000E+01 -.10680375E+05
KBPotential  L  =      2.00000    .00000
  -.30000000E+01  .24003878E+01
  -.29500000E+01  .23909692E+01
  -.29000000E+01  .23815236E+01
  -.28500000E+01  .23720507E+01
  -.28000000E+01  .23625505E+01
  -.27500000E+01  .23530227E+01
  -.27000000E+01  .23434670E+01
  -.26500000E+01  .23338834E+01
  -.26000000E+01  .23242716E+01
  -.25500000E+01  .23146314E+01
  -.25000000E+01  .23049626E+01
  -.24500000E+01  .22952649E+01
  -.24000000E+01  .22855383E+01
  -.23500000E+01  .22757824E+01
  -.23000000E+01  .22659970E+01
  -.22500000E+01  .22561820E+01
  -.22000000E+01  .22463371E+01
  -.21500000E+01  .22364621E+01
  -.21000000E+01  .22265568E+01
  -.20500000E+01  .22166209E+01
  -.20000000E+01  .22066542E+01
  -.19500000E+01  .21966565E+01
  -.19000000E+01  .21866275E+01
  -.18500000E+01  .21765671E+01
  -.18000000E+01  .21664749E+01
  -.17500000E+01  .21563508E+01
  -.17000000E+01  .21461944E+01
  -.16500000E+01  .21360056E+01
  -.16000000E+01  .21257841E+01
  -.15500000E+01  .21155296E+01
  -.15000000E+01  .21052419E+01
  -.14500000E+01  .20949207E+01
  -.14000000E+01  .20845657E+01
  -.13500000E+01  .20741768E+01
  -.13000000E+01  .20637536E+01
  -.12500000E+01  .20532958E+01
  -.12000000E+01  .20428032E+01
  -.11500000E+01  .20322755E+01
  -.11000000E+01  .20217125E+01
  -.10500000E+01  .20111138E+01
  -.10000000E+01  .20004791E+01
  -.95000000E+00  .19898083E+01
  -.90000000E+00  .19791009E+01
  -.85000000E+00  .19683566E+01
  -.80000000E+00  .19575753E+01
  -.75000000E+00  .19467565E+01
  -.70000000E+00  .19359000E+01
  -.65000000E+00  .19250054E+01
  -.60000000E+00  .19140725E+01
  -.55000000E+00  .19031009E+01
  -.50000000E+00  .18920903E+01
  -.45000000E+00  .18810404E+01
  -.40000000E+00  .18699508E+01
  -.35000000E+00  .18588212E+01
  -.30000000E+00  .18476514E+01
  -.25000000E+00  .18364408E+01
  -.20000000E+00  .18251892E+01
  -.15000000E+00  .18138962E+01
  -.10000000E+00  .18025616E+01
  -.50000000E-01  .17911848E+01
  -.22898350E-14  .17797656E+01
   .50000000E-01  .17683036E+01
   .10000000E+00  .17567984E+01
   .15000000E+00  .17452496E+01
   .20000000E+00  .17336569E+01
   .25000000E+00  .17220198E+01
   .30000000E+00  .17103380E+01
   .35000000E+00  .16986111E+01
   .40000000E+00  .16868387E+01
   .45000000E+00  .16750204E+01
   .50000000E+00  .16631556E+01
   .55000000E+00  .16512442E+01
   .60000000E+00  .16392855E+01
   .65000000E+00  .16272793E+01
   .70000000E+00  .16152249E+01
   .75000000E+00  .16031221E+01
   .80000000E+00  .15909704E+01
   .85000000E+00  .15787692E+01
   .90000000E+00  .15665183E+01
   .95000000E+00  .15542170E+01
   .10000000E+01  .15418649E+01
   .10500000E+01  .15294616E+01
   .11000000E+01  .15170066E+01
   .11500000E+01  .15044993E+01
   .12000000E+01  .14919393E+01
   .12500000E+01  .14793261E+01
   .13000000E+01  .14666591E+01
   .13500000E+01  .14539379E+01
   .14000000E+01  .14411620E+01
   .14500000E+01  .14283307E+01
   .15000000E+01  .14154436E+01
   .15500000E+01  .14025001E+01
   .16000000E+01  .13894997E+01
   .16500000E+01  .13764417E+01
   .17000000E+01  .13633258E+01
   .17500000E+01  .13501511E+01
   .18000000E+01  .13369173E+01
   .18500000E+01  .13236236E+01
   .19000000E+01  .13102695E+01
   .19500000E+01  .12968544E+01
   .20000000E+01  .12833776E+01
KBPotential  L  =      3.00000    .00000
  -.30000000E+01  .33106250E+01
  -.29500000E+01  .33037281E+01
  -.29000000E+01  .32968201E+01
  -.28500000E+01  .32899010E+01
  -.28000000E+01  .32829707E+01
  -.27500000E+01  .32760292E+01
  -.27000000E+01  .32690765E+01
  -.26500000E+01  .32621124E+01
  -.26000000E+01  .32551369E+01
  -.25500000E+01  .32481500E+01
  -.25000000E+01  .32411517E+01
  -.24500000E+01  .32341419E+01
  -.24000000E+01  .32271204E+01
  -.23500000E+01  .32200874E+01
  -.23000000E+01  .32130428E+01
  -.22500000E+01  .32059864E+01
  -.22000000E+01  .31989183E+01
  -.21500000E+01  .31918383E+01
  -.21000000E+01  .31847465E+01
  -.20500000E+01  .31776428E+01
  -.20000000E+01  .31705272E+01
  -.19500000E+01  .31633995E+01
  -.19000000E+01  .31562598E+01
  -.18500000E+01  .31491079E+01
  -.18000000E+01  .31419439E+01
  -.17500000E+01  .31347677E+01
  -.17000000E+01  .31275792E+01
  -.16500000E+01  .31203783E+01
  -.16000000E+01  .31131651E+01
  -.15500000E+01  .31059395E+01
  -.15000000E+01  .30987013E+01
  -.14500000E+01  .30914507E+01
  -.14000000E+01  .30841874E+01
  -.13500000E+01  .30769115E+01
  -.13000000E+01  .30696228E+01
  -.12500000E+01  .30623214E+01
  -.12000000E+01  .30550072E+01
  -.11500000E+01  .30476801E+01
  -.11000000E+01  .30403400E+01
  -.10500000E+01  .30329870E+01
  -.10000000E+01  .30256209E+01
  -.95000000E+00  .30182416E+01
  -.90000000E+00  .30108493E+01
  -.85000000E+00  .30034436E+01
  -.80000000E+00  .29960247E+01
  -.75000000E+00  .29885925E+01
  -.70000000E+00  .29811468E+01
  -.65000000E+00  .29736876E+01
  -.60000000E+00  .29662150E+01
  -.55000000E+00  .29587287E+01
  -.50000000E+00  .29512287E+01
  -.45000000E+00  .29437151E+01
  -.40000000E+00  .29361876E+01
  -.35000000E+00  .29286463E+01
  -.30000000E+00  .29210911E+01
  -.25000000E+00  .29135219E+01
  -.20000000E+00  .29059387E+01
  -.15000000E+00  .28983414E+01
  -.10000000E+00  .28907299E+01
  -.50000000E-01  .28831041E+01
  -.22898350E-14  .28754640E+01
   .50000000E-01  .28678096E+01
   .10000000E+00  .28601407E+01
   .15000000E+00  .28524574E+01
   .20000000E+00  .28447594E+01
   .25000000E+00  .28370468E+01
   .30000000E+00  .28293195E+01
   .35000000E+00  .28215774E+01
   .40000000E+00  .28138204E+01
   .45000000E+00  .28060485E+01
   .50000000E+00  .27982616E+01
   .55000000E+00  .27904596E+01
   .60000000E+00  .27826425E+01
   .65000000E+00  .27748102E+01
   .70000000E+00  .27669625E+01
   .75000000E+00  .27590995E+01
   .80000000E+00  .27512211E+01
   .85000000E+00  .27433272E+01
   .90000000E+00  .27354176E+01
   .95000000E+00  .27274924E+01
   .10000000E+01  .27195514E+01
   .10500000E+01  .27115947E+01
   .11000000E+01  .27036220E+01
   .11500000E+01  .26956333E+01
   .12000000E+01  .26876286E+01
   .12500000E+01  .26796077E+01
   .13000000E+01  .26715707E+01
   .13500000E+01  .26635173E+01
   .14000000E+01  .26554475E+01
   .14500000E+01  .26473613E+01
   .15000000E+01  .26392586E+01
   .15500000E+01  .26311392E+01
   .16000000E+01  .26230031E+01
   .16500000E+01  .26148501E+01
   .17000000E+01  .26066804E+01
   .17500000E+01  .25984936E+01
   .18000000E+01  .25902898E+01
   .18500000E+01  .25820688E+01
   .19000000E+01  .25738306E+01
   .19500000E+01  .25655751E+01
   .20000000E+01  .25573022E+01
KBPotential  L  =      4.00000    .00000
  -.30000000E+01  .41700378E+01
  -.29500000E+01  .41645064E+01
  -.29000000E+01  .41589687E+01
  -.28500000E+01  .41534248E+01
  -.28000000E+01  .41478754E+01
  -.27500000E+01  .41423200E+01
  -.27000000E+01  .41367590E+01
  -.26500000E+01  .41311920E+01
  -.26000000E+01  .41256185E+01
  -.25500000E+01  .41200394E+01
  -.25000000E+01  .41144542E+01
  -.24500000E+01  .41088634E+01
  -.24000000E+01  .41032663E+01
  -.23500000E+01  .40976632E+01
  -.23000000E+01  .40920539E+01
  -.22500000E+01  .40864386E+01
  -.22000000E+01  .40808174E+01
  -.21500000E+01  .40751899E+01
  -.21000000E+01  .40695562E+01
  -.20500000E+01  .40639165E+01
  -.20000000E+01  .40582706E+01
  -.19500000E+01  .40526187E+01
  -.19000000E+01  .40469604E+01
  -.18500000E+01  .40412959E+01
  -.18000000E+01  .40356253E+01
  -.17500000E+01  .40299484E+01
  -.17000000E+01  .40242652E+01
  -.16500000E+01  .40185757E+01
  -.16000000E+01  .40128799E+01
  -.15500000E+01  .40071779E+01
  -.15000000E+01  .40014695E+01
  -.14500000E+01  .39957545E+01
  -.14000000E+01  .39900336E+01
  -.13500000E+01  .39843060E+01
  -.13000000E+01  .39785720E+01
  -.12500000E+01  .39728317E+01
  -.12000000E+01  .39670848E+01
  -.11500000E+01  .39613313E+01
  -.11000000E+01  .39555716E+01
  -.10500000E+01  .39498053E+01
  -.10000000E+01  .39440326E+01
  -.95000000E+00  .39382535E+01
  -.90000000E+00  .39324676E+01
  -.85000000E+00  .39266747E+01
  -.80000000E+00  .39208756E+01
  -.75000000E+00  .39150699E+01
  -.70000000E+00  .39092574E+01
  -.65000000E+00  .39034384E+01
  -.60000000E+00  .38976130E+01
  -.55000000E+00  .38917806E+01
  -.50000000E+00  .38859412E+01
  -.45000000E+00  .38800954E+01
  -.40000000E+00  .38742427E+01
  -.35000000E+00  .38683833E+01
  -.30000000E+00  .38625172E+01
  -.25000000E+00  .38566441E+01
  -.20000000E+00  .38507642E+01
  -.15000000E+00  .38448775E+01
  -.10000000E+00  .38389838E+01
  -.50000000E-01  .38330832E+01
  -.22898350E-14  .38271757E+01
   .50000000E-01  .38212614E+01
   .10000000E+00  .38153401E+01
   .15000000E+00  .38094117E+01
   .20000000E+00  .38034763E+01
   .25000000E+00  .37975339E+01
   .30000000E+00  .37915843E+01
   .35000000E+00  .37856281E+01
   .40000000E+00  .37796644E+01
   .45000000E+00  .37736933E+01
   .50000000E+00  .37677156E+01
   .55000000E+00  .37617304E+01
   .60000000E+00  .37557382E+01
   .65000000E+00  .37497388E+01
   .70000000E+00  .37437320E+01
   .75000000E+00  .37377182E+01
   .80000000E+00  .37316969E+01
   .85000000E+00  .37256684E+01
   .90000000E+00  .37196326E+01
   .95000000E+00  .37135895E+01
   .10000000E+01  .37075388E+01
   .10500000E+01  .37014808E+01
   .11000000E+01  .36954157E+01
   .11500000E+01  .36893427E+01
   .12000000E+01  .36832625E+01
   .12500000E+01  .36771748E+01
   .13000000E+01  .36710795E+01
   .13500000E+01  .36649768E+01
   .14000000E+01  .36588664E+01
   .14500000E+01  .36527487E+01
   .15000000E+01  .36466231E+01
   .15500000E+01  .36404900E+01
   .16000000E+01  .36343491E+01
   .16500000E+01  .36282006E+01
   .17000000E+01  .36220444E+01
   .17500000E+01  .36158806E+01
   .18000000E+01  .36097090E+01
   .18500000E+01  .36035297E+01
   .19000000E+01  .35973423E+01
   .19500000E+01  .35911474E+01
   .20000000E+01  .35849444E+01
