  PAW N                                  
 100
Core Pot   L  =         .00000  -1.36580
  -.20000000E+01 -.64248565E-02
  -.19600000E+01 -.40856239E-01
  -.19200000E+01 -.75992543E-01
  -.18800000E+01 -.11186050E+00
  -.18400000E+01 -.14848826E+00
  -.18000000E+01 -.18590541E+00
  -.17600000E+01 -.22414317E+00
  -.17200000E+01 -.26323441E+00
  -.16800000E+01 -.30321383E+00
  -.16400000E+01 -.34411806E+00
  -.16000000E+01 -.38598578E+00
  -.15600000E+01 -.42885792E+00
  -.15200000E+01 -.47277777E+00
  -.14800000E+01 -.51779116E+00
  -.14400000E+01 -.56394669E+00
  -.14000000E+01 -.61129591E+00
  -.13600000E+01 -.65989355E+00
  -.13200000E+01 -.70979777E+00
  -.12800000E+01 -.76107044E+00
  -.12400000E+01 -.81377744E+00
  -.12000000E+01 -.86798898E+00
  -.11600000E+01 -.92377999E+00
  -.11200000E+01 -.98123047E+00
  -.10800000E+01 -.10404260E+01
  -.10400000E+01 -.11014582E+01
  -.10000000E+01 -.11644251E+01
  -.96000000E+00 -.12294322E+01
  -.92000000E+00 -.12965927E+01
  -.88000000E+00 -.13660282E+01
  -.84000000E+00 -.14378701E+01
  -.80000000E+00 -.15122598E+01
  -.76000000E+00 -.15893503E+01
  -.72000000E+00 -.16693070E+01
  -.68000000E+00 -.17523094E+01
  -.64000000E+00 -.18385521E+01
  -.60000000E+00 -.19282469E+01
  -.56000000E+00 -.20216246E+01
  -.52000000E+00 -.21189369E+01
  -.48000000E+00 -.22204593E+01
  -.44000000E+00 -.23264936E+01
  -.40000000E+00 -.24373713E+01
  -.36000000E+00 -.25534574E+01
  -.32000000E+00 -.26751545E+01
  -.28000000E+00 -.28029079E+01
  -.24000000E+00 -.29372116E+01
  -.20000000E+00 -.30786148E+01
  -.16000000E+00 -.32277301E+01
  -.12000000E+00 -.33852429E+01
  -.80000000E-01 -.35519223E+01
  -.40000000E-01 -.37286346E+01
   .12351231E-14 -.39163590E+01
   .40000000E-01 -.41162067E+01
   .80000000E-01 -.43294435E+01
   .12000000E+00 -.45575185E+01
   .16000000E+00 -.48020977E+01
   .20000000E+00 -.50651068E+01
   .24000000E+00 -.53487831E+01
   .28000000E+00 -.56557421E+01
   .32000000E+00 -.59890603E+01
   .36000000E+00 -.63523815E+01
   .40000000E+00 -.67500544E+01
   .44000000E+00 -.71873109E+01
   .48000000E+00 -.76705032E+01
   .52000000E+00 -.82074198E+01
   .56000000E+00 -.88077165E+01
   .60000000E+00 -.94835112E+01
   .64000000E+00 -.10250222E+02
   .68000000E+00 -.11127774E+02
   .72000000E+00 -.12142374E+02
   .76000000E+00 -.13329200E+02
   .80000000E+00 -.14736595E+02
   .84000000E+00 -.16432869E+02
   .88000000E+00 -.18517788E+02
   .92000000E+00 -.21143038E+02
   .96000000E+00 -.24551051E+02
   .10000000E+01 -.29154803E+02
   .10400000E+01 -.35719782E+02
   .10800000E+01 -.45842148E+02
   .11200000E+01 -.63494971E+02
   .11600000E+01 -.10207675E+03
   .12000000E+01 -.25309898E+03
   .12400000E+01  .55807996E+03
   .12800000E+01  .13447297E+03
   .13200000E+01  .77000864E+02
   .13600000E+01  .54209042E+02
   .14000000E+01  .41979857E+02
   .14400000E+01  .34350077E+02
   .14800000E+01  .29134316E+02
   .15200000E+01  .25342387E+02
   .15600000E+01  .22460503E+02
   .16000000E+01  .20195532E+02
   .16400000E+01  .18368026E+02
   .16800000E+01  .16861980E+02
   .17200000E+01  .15599072E+02
   .17600000E+01  .14524510E+02
   .18000000E+01  .13598814E+02
   .18400000E+01  .12792818E+02
   .18800000E+01  .12084504E+02
   .19200000E+01  .11456942E+02
   .19600000E+01  .10896901E+02
   .20000000E+01  .10393889E+02
Potential  L  =         .00000  -1.36580
  -.20000000E+01  .52077069E-01
  -.19600000E+01  .15899352E-01
  -.19200000E+01 -.21159169E-01
  -.18800000E+01 -.59139079E-01
  -.18400000E+01 -.98083543E-01
  -.18000000E+01 -.13803852E+00
  -.17600000E+01 -.17905298E+00
  -.17200000E+01 -.22117919E+00
  -.16800000E+01 -.26447293E+00
  -.16400000E+01 -.30899389E+00
  -.16000000E+01 -.35480592E+00
  -.15600000E+01 -.40197746E+00
  -.15200000E+01 -.45058196E+00
  -.14800000E+01 -.50069831E+00
  -.14400000E+01 -.55241139E+00
  -.14000000E+01 -.60581264E+00
  -.13600000E+01 -.66100070E+00
  -.13200000E+01 -.71808214E+00
  -.12800000E+01 -.77717228E+00
  -.12400000E+01 -.83839609E+00
  -.12000000E+01 -.90188923E+00
  -.11600000E+01 -.96779925E+00
  -.11200000E+01 -.10362869E+01
  -.10800000E+01 -.11075275E+01
  -.10400000E+01 -.11817130E+01
  -.10000000E+01 -.12590536E+01
  -.96000000E+00 -.13397802E+01
  -.92000000E+00 -.14241470E+01
  -.88000000E+00 -.15124343E+01
  -.84000000E+00 -.16049523E+01
  -.80000000E+00 -.17020450E+01
  -.76000000E+00 -.18040949E+01
  -.72000000E+00 -.19115284E+01
  -.68000000E+00 -.20248228E+01
  -.64000000E+00 -.21445137E+01
  -.60000000E+00 -.22712042E+01
  -.56000000E+00 -.24055760E+01
  -.52000000E+00 -.25484027E+01
  -.48000000E+00 -.27005657E+01
  -.44000000E+00 -.28630737E+01
  -.40000000E+00 -.30370865E+01
  -.36000000E+00 -.32239445E+01
  -.32000000E+00 -.34252054E+01
  -.28000000E+00 -.36426896E+01
  -.24000000E+00 -.38785386E+01
  -.20000000E+00 -.41352888E+01
  -.16000000E+00 -.44159670E+01
  -.12000000E+00 -.47242147E+01
  -.80000000E-01 -.50644531E+01
  -.40000000E-01 -.54421028E+01
   .12351231E-14 -.58638839E+01
   .40000000E-01 -.63382297E+01
   .80000000E-01 -.68758700E+01
   .12000000E+00 -.74906701E+01
   .16000000E+00 -.82008662E+01
   .20000000E+00 -.90309353E+01
   .24000000E+00 -.10014515E+02
   .28000000E+00 -.11199129E+02
   .32000000E+00 -.12654184E+02
   .36000000E+00 -.14485191E+02
   .40000000E+00 -.16860770E+02
   .44000000E+00 -.20068108E+02
   .48000000E+00 -.24639418E+02
   .52000000E+00 -.31684103E+02
   .56000000E+00 -.43962280E+02
   .60000000E+00 -.70773452E+02
   .64000000E+00 -.17546027E+03
   .68000000E+00  .39150689E+03
   .72000000E+00  .93980112E+02
   .76000000E+00  .53854119E+02
   .80000000E+00  .37954726E+02
   .84000000E+00  .29425486E+02
   .88000000E+00  .24103780E+02
   .92000000E+00  .20465024E+02
   .96000000E+00  .17818686E+02
   .10000000E+01  .15806551E+02
   .10400000E+01  .14224282E+02
   .10800000E+01  .12946806E+02
   .11200000E+01  .11893278E+02
   .11600000E+01  .11009118E+02
   .12000000E+01  .10256147E+02
   .12400000E+01  .96068580E+01
   .12800000E+01  .90409274E+01
   .13200000E+01  .85430166E+01
   .13600000E+01  .81013311E+01
   .14000000E+01  .77066523E+01
   .14400000E+01  .73516712E+01
   .14800000E+01  .70305179E+01
   .15200000E+01  .67384245E+01
   .15600000E+01  .64714774E+01
   .16000000E+01  .62264347E+01
   .16400000E+01  .60005877E+01
   .16800000E+01  .57916559E+01
   .17200000E+01  .55977051E+01
   .17600000E+01  .54170847E+01
   .18000000E+01  .52483768E+01
   .18400000E+01  .50903574E+01
   .18800000E+01  .49419636E+01
   .19200000E+01  .48022684E+01
   .19600000E+01  .46704595E+01
   .20000000E+01  .45458220E+01
Core Pot   L  =        1.00000   -.52109
  -.20000000E+01  .78992207E+00
  -.19600000E+01  .76736393E+00
  -.19200000E+01  .74444942E+00
  -.18800000E+01  .72116671E+00
  -.18400000E+01  .69750340E+00
  -.18000000E+01  .67344654E+00
  -.17600000E+01  .64898254E+00
  -.17200000E+01  .62409717E+00
  -.16800000E+01  .59877550E+00
  -.16400000E+01  .57300185E+00
  -.16000000E+01  .54675979E+00
  -.15600000E+01  .52003204E+00
  -.15200000E+01  .49280041E+00
  -.14800000E+01  .46504581E+00
  -.14400000E+01  .43674811E+00
  -.14000000E+01  .40788612E+00
  -.13600000E+01  .37843750E+00
  -.13200000E+01  .34837869E+00
  -.12800000E+01  .31768481E+00
  -.12400000E+01  .28632957E+00
  -.12000000E+01  .25428520E+00
  -.11600000E+01  .22152229E+00
  -.11200000E+01  .18800970E+00
  -.10800000E+01  .15371444E+00
  -.10400000E+01  .11860150E+00
  -.10000000E+01  .82633709E-01
  -.96000000E+00  .45771573E-01
  -.92000000E+00  .79730748E-02
  -.88000000E+00 -.30806526E-01
  -.84000000E+00 -.70614914E-01
  -.80000000E+00 -.11150297E+00
  -.76000000E+00 -.15352504E+00
  -.72000000E+00 -.19673923E+00
  -.68000000E+00 -.24120777E+00
  -.64000000E+00 -.28699732E+00
  -.60000000E+00 -.33417945E+00
  -.56000000E+00 -.38283106E+00
  -.52000000E+00 -.43303487E+00
  -.48000000E+00 -.48488003E+00
  -.44000000E+00 -.53846271E+00
  -.40000000E+00 -.59388683E+00
  -.36000000E+00 -.65126488E+00
  -.32000000E+00 -.71071876E+00
  -.28000000E+00 -.77238086E+00
  -.24000000E+00 -.83639514E+00
  -.20000000E+00 -.90291849E+00
  -.16000000E+00 -.97212219E+00
  -.12000000E+00 -.10441936E+01
  -.80000000E-01 -.11193380E+01
  -.40000000E-01 -.11977810E+01
   .12351231E-14 -.12797710E+01
   .40000000E-01 -.13655821E+01
   .80000000E-01 -.14555174E+01
   .12000000E+00 -.15499134E+01
   .16000000E+00 -.16491443E+01
   .20000000E+00 -.17536275E+01
   .24000000E+00 -.18638301E+01
   .28000000E+00 -.19802766E+01
   .32000000E+00 -.21035579E+01
   .36000000E+00 -.22343420E+01
   .40000000E+00 -.23733874E+01
   .44000000E+00 -.25215585E+01
   .48000000E+00 -.26798454E+01
   .52000000E+00 -.28493867E+01
   .56000000E+00 -.30314992E+01
   .60000000E+00 -.32277139E+01
   .64000000E+00 -.34398214E+01
   .68000000E+00 -.36699295E+01
   .72000000E+00 -.39205364E+01
   .76000000E+00 -.41946257E+01
   .80000000E+00 -.44957904E+01
   .84000000E+00 -.48283969E+01
   .88000000E+00 -.51978045E+01
   .92000000E+00 -.56106650E+01
   .96000000E+00 -.60753375E+01
   .10000000E+01 -.66024734E+01
   .10400000E+01 -.72058601E+01
   .10800000E+01 -.79036673E+01
   .11200000E+01 -.87203374E+01
   .11600000E+01 -.96895494E+01
   .12000000E+01 -.10859036E+02
   .12400000E+01 -.12298770E+02
   .12800000E+01 -.14115622E+02
   .13200000E+01 -.16481373E+02
   .13600000E+01 -.19690831E+02
   .14000000E+01 -.24295970E+02
   .14400000E+01 -.31464560E+02
   .14800000E+01 -.44171081E+02
   .15200000E+01 -.72894598E+02
   .15600000E+01 -.19971480E+03
   .16000000E+01  .28521515E+03
   .16400000E+01  .84515452E+02
   .16800000E+01  .50047241E+02
   .17200000E+01  .35762037E+02
   .17600000E+01  .27944134E+02
   .18000000E+01  .23010245E+02
   .18400000E+01  .19611546E+02
   .18800000E+01  .17126874E+02
   .19200000E+01  .15230343E+02
   .19600000E+01  .13734530E+02
   .20000000E+01  .12523995E+02
Potential  L  =        1.00000   -.52109
  -.20000000E+01  .75987854E+00
  -.19600000E+01  .73725204E+00
  -.19200000E+01  .71428478E+00
  -.18800000E+01  .69096629E+00
  -.18400000E+01  .66728550E+00
  -.18000000E+01  .64323092E+00
  -.17600000E+01  .61879060E+00
  -.17200000E+01  .59395190E+00
  -.16800000E+01  .56870177E+00
  -.16400000E+01  .54302652E+00
  -.16000000E+01  .51691180E+00
  -.15600000E+01  .49034262E+00
  -.15200000E+01  .46330326E+00
  -.14800000E+01  .43577726E+00
  -.14400000E+01  .40774737E+00
  -.14000000E+01  .37919547E+00
  -.13600000E+01  .35010258E+00
  -.13200000E+01  .32044873E+00
  -.12800000E+01  .29021294E+00
  -.12400000E+01  .25937316E+00
  -.12000000E+01  .22790618E+00
  -.11600000E+01  .19578756E+00
  -.11200000E+01  .16299156E+00
  -.10800000E+01  .12949103E+00
  -.10400000E+01  .95257305E-01
  -.10000000E+01  .60260148E-01
  -.96000000E+00  .24467586E-01
  -.92000000E+00 -.12154192E-01
  -.88000000E+00 -.49640970E-01
  -.84000000E+00 -.88030657E-01
  -.80000000E+00 -.12736344E+00
  -.76000000E+00 -.16768197E+00
  -.72000000E+00 -.20903155E+00
  -.68000000E+00 -.25146031E+00
  -.64000000E+00 -.29501952E+00
  -.60000000E+00 -.33976373E+00
  -.56000000E+00 -.38575114E+00
  -.52000000E+00 -.43304388E+00
  -.48000000E+00 -.48170829E+00
  -.44000000E+00 -.53181538E+00
  -.40000000E+00 -.58344119E+00
  -.36000000E+00 -.63666723E+00
  -.32000000E+00 -.69158103E+00
  -.28000000E+00 -.74827669E+00
  -.24000000E+00 -.80685547E+00
  -.20000000E+00 -.86742654E+00
  -.16000000E+00 -.93010774E+00
  -.12000000E+00 -.99502647E+00
  -.80000000E-01 -.10623206E+01
  -.40000000E-01 -.11321399E+01
   .12351231E-14 -.12046467E+01
   .40000000E-01 -.12800179E+01
   .80000000E-01 -.13584462E+01
   .12000000E+00 -.14401425E+01
   .16000000E+00 -.15253370E+01
   .20000000E+00 -.16142827E+01
   .24000000E+00 -.17072574E+01
   .28000000E+00 -.18045674E+01
   .32000000E+00 -.19065508E+01
   .36000000E+00 -.20135820E+01
   .40000000E+00 -.21260766E+01
   .44000000E+00 -.22444974E+01
   .48000000E+00 -.23693610E+01
   .52000000E+00 -.25012462E+01
   .56000000E+00 -.26408033E+01
   .60000000E+00 -.27887658E+01
   .64000000E+00 -.29459639E+01
   .68000000E+00 -.31133413E+01
   .72000000E+00 -.32919748E+01
   .76000000E+00 -.34830992E+01
   .80000000E+00 -.36881368E+01
   .84000000E+00 -.39087351E+01
   .88000000E+00 -.41468124E+01
   .92000000E+00 -.44046164E+01
   .96000000E+00 -.46847980E+01
   .10000000E+01 -.49905056E+01
   .10400000E+01 -.53255082E+01
   .10800000E+01 -.56943556E+01
   .11200000E+01 -.61025919E+01
   .11600000E+01 -.65570431E+01
   .12000000E+01 -.70662099E+01
   .12400000E+01 -.76408150E+01
   .12800000E+01 -.82945799E+01
   .13200000E+01 -.90453522E+01
   .13600000E+01 -.99167825E+01
   .14000000E+01 -.10940891E+02
   .14400000E+01 -.12162132E+02
   .14800000E+01 -.13644072E+02
   .15200000E+01 -.15480906E+02
   .15600000E+01 -.17818426E+02
   .16000000E+01 -.20894953E+02
   .16400000E+01 -.25128600E+02
   .16800000E+01 -.31326209E+02
   .17200000E+01 -.41271929E+02
   .17600000E+01 -.59849666E+02
   .18000000E+01 -.10694406E+03
   .18400000E+01 -.46554204E+03
   .18800000E+01  .20379259E+03
   .19200000E+01  .84592369E+02
   .19600000E+01  .53757470E+02
   .20000000E+01  .39595550E+02
Core Pot   L  =        2.00000   -.50000
  -.20000000E+01  .19087395E+01
  -.19600000E+01  .18993272E+01
  -.19200000E+01  .18898812E+01
  -.18800000E+01  .18804013E+01
  -.18400000E+01  .18708871E+01
  -.18000000E+01  .18613384E+01
  -.17600000E+01  .18517547E+01
  -.17200000E+01  .18421359E+01
  -.16800000E+01  .18324815E+01
  -.16400000E+01  .18227912E+01
  -.16000000E+01  .18130649E+01
  -.15600000E+01  .18033019E+01
  -.15200000E+01  .17935022E+01
  -.14800000E+01  .17836653E+01
  -.14400000E+01  .17737908E+01
  -.14000000E+01  .17638785E+01
  -.13600000E+01  .17539279E+01
  -.13200000E+01  .17439387E+01
  -.12800000E+01  .17339106E+01
  -.12400000E+01  .17238431E+01
  -.12000000E+01  .17137359E+01
  -.11600000E+01  .17035886E+01
  -.11200000E+01  .16934009E+01
  -.10800000E+01  .16831722E+01
  -.10400000E+01  .16729024E+01
  -.10000000E+01  .16625908E+01
  -.96000000E+00  .16522372E+01
  -.92000000E+00  .16418410E+01
  -.88000000E+00  .16314020E+01
  -.84000000E+00  .16209196E+01
  -.80000000E+00  .16103934E+01
  -.76000000E+00  .15998231E+01
  -.72000000E+00  .15892080E+01
  -.68000000E+00  .15785479E+01
  -.64000000E+00  .15678422E+01
  -.60000000E+00  .15570905E+01
  -.56000000E+00  .15462922E+01
  -.52000000E+00  .15354470E+01
  -.48000000E+00  .15245542E+01
  -.44000000E+00  .15136136E+01
  -.40000000E+00  .15026244E+01
  -.36000000E+00  .14915863E+01
  -.32000000E+00  .14804986E+01
  -.28000000E+00  .14693610E+01
  -.24000000E+00  .14581728E+01
  -.20000000E+00  .14469335E+01
  -.16000000E+00  .14356425E+01
  -.12000000E+00  .14242993E+01
  -.80000000E-01  .14129034E+01
  -.40000000E-01  .14014541E+01
   .12351231E-14  .13899509E+01
   .40000000E-01  .13783932E+01
   .80000000E-01  .13667803E+01
   .12000000E+00  .13551117E+01
   .16000000E+00  .13433867E+01
   .20000000E+00  .13316047E+01
   .24000000E+00  .13197650E+01
   .28000000E+00  .13078671E+01
   .32000000E+00  .12959102E+01
   .36000000E+00  .12838936E+01
   .40000000E+00  .12718168E+01
   .44000000E+00  .12596789E+01
   .48000000E+00  .12474792E+01
   .52000000E+00  .12352171E+01
   .56000000E+00  .12228918E+01
   .60000000E+00  .12105026E+01
   .64000000E+00  .11980486E+01
   .68000000E+00  .11855292E+01
   .72000000E+00  .11729436E+01
   .76000000E+00  .11602908E+01
   .80000000E+00  .11475703E+01
   .84000000E+00  .11347810E+01
   .88000000E+00  .11219221E+01
   .92000000E+00  .11089929E+01
   .96000000E+00  .10959924E+01
   .10000000E+01  .10829198E+01
   .10400000E+01  .10697741E+01
   .10800000E+01  .10565545E+01
   .11200000E+01  .10432599E+01
   .11600000E+01  .10298895E+01
   .12000000E+01  .10164422E+01
   .12400000E+01  .10029172E+01
   .12800000E+01  .98931330E+00
   .13200000E+01  .97562958E+00
   .13600000E+01  .96186497E+00
   .14000000E+01  .94801841E+00
   .14400000E+01  .93408882E+00
   .14800000E+01  .92007511E+00
   .15200000E+01  .90597614E+00
   .15600000E+01  .89179078E+00
   .16000000E+01  .87751785E+00
   .16400000E+01  .86315618E+00
   .16800000E+01  .84870454E+00
   .17200000E+01  .83416170E+00
   .17600000E+01  .81952641E+00
   .18000000E+01  .80479739E+00
   .18400000E+01  .78997332E+00
   .18800000E+01  .77505287E+00
   .19200000E+01  .76003467E+00
   .19600000E+01  .74491735E+00
   .20000000E+01  .72969949E+00
Potential  L  =        2.00000   -.50000
  -.20000000E+01  .19087553E+01
  -.19600000E+01  .18993413E+01
  -.19200000E+01  .18898937E+01
  -.18800000E+01  .18804121E+01
  -.18400000E+01  .18708963E+01
  -.18000000E+01  .18613460E+01
  -.17600000E+01  .18517608E+01
  -.17200000E+01  .18421404E+01
  -.16800000E+01  .18324845E+01
  -.16400000E+01  .18227929E+01
  -.16000000E+01  .18130650E+01
  -.15600000E+01  .18033008E+01
  -.15200000E+01  .17934997E+01
  -.14800000E+01  .17836614E+01
  -.14400000E+01  .17737857E+01
  -.14000000E+01  .17638721E+01
  -.13600000E+01  .17539204E+01
  -.13200000E+01  .17439301E+01
  -.12800000E+01  .17339009E+01
  -.12400000E+01  .17238324E+01
  -.12000000E+01  .17137242E+01
  -.11600000E+01  .17035760E+01
  -.11200000E+01  .16933874E+01
  -.10800000E+01  .16831579E+01
  -.10400000E+01  .16728873E+01
  -.10000000E+01  .16625751E+01
  -.96000000E+00  .16522208E+01
  -.92000000E+00  .16418241E+01
  -.88000000E+00  .16313846E+01
  -.84000000E+00  .16209018E+01
  -.80000000E+00  .16103753E+01
  -.76000000E+00  .15998047E+01
  -.72000000E+00  .15891895E+01
  -.68000000E+00  .15785293E+01
  -.64000000E+00  .15678236E+01
  -.60000000E+00  .15570719E+01
  -.56000000E+00  .15462739E+01
  -.52000000E+00  .15354289E+01
  -.48000000E+00  .15245366E+01
  -.44000000E+00  .15135964E+01
  -.40000000E+00  .15026078E+01
  -.36000000E+00  .14915704E+01
  -.32000000E+00  .14804836E+01
  -.28000000E+00  .14693469E+01
  -.24000000E+00  .14581597E+01
  -.20000000E+00  .14469216E+01
  -.16000000E+00  .14356320E+01
  -.12000000E+00  .14242903E+01
  -.80000000E-01  .14128960E+01
  -.40000000E-01  .14014484E+01
   .12351231E-14  .13899471E+01
   .40000000E-01  .13783914E+01
   .80000000E-01  .13667807E+01
   .12000000E+00  .13551145E+01
   .16000000E+00  .13433921E+01
   .20000000E+00  .13316128E+01
   .24000000E+00  .13197761E+01
   .28000000E+00  .13078812E+01
   .32000000E+00  .12959276E+01
   .36000000E+00  .12839145E+01
   .40000000E+00  .12718414E+01
   .44000000E+00  .12597074E+01
   .48000000E+00  .12475119E+01
   .52000000E+00  .12352541E+01
   .56000000E+00  .12229334E+01
   .60000000E+00  .12105491E+01
   .64000000E+00  .11981002E+01
   .68000000E+00  .11855862E+01
   .72000000E+00  .11730061E+01
   .76000000E+00  .11603593E+01
   .80000000E+00  .11476449E+01
   .84000000E+00  .11348621E+01
   .88000000E+00  .11220101E+01
   .92000000E+00  .11090880E+01
   .96000000E+00  .10960950E+01
   .10000000E+01  .10830301E+01
   .10400000E+01  .10698925E+01
   .10800000E+01  .10566814E+01
   .11200000E+01  .10433957E+01
   .11600000E+01  .10300345E+01
   .12000000E+01  .10165968E+01
   .12400000E+01  .10030818E+01
   .12800000E+01  .98948838E+00
   .13200000E+01  .97581553E+00
   .13600000E+01  .96206226E+00
   .14000000E+01  .94822749E+00
   .14400000E+01  .93431018E+00
   .14800000E+01  .92030922E+00
   .15200000E+01  .90622352E+00
   .15600000E+01  .89205195E+00
   .16000000E+01  .87779336E+00
   .16400000E+01  .86344657E+00
   .16800000E+01  .84901040E+00
   .17200000E+01  .83448363E+00
   .17600000E+01  .81986502E+00
   .18000000E+01  .80515331E+00
   .18400000E+01  .79034720E+00
   .18800000E+01  .77544540E+00
   .19200000E+01  .76044655E+00
   .19600000E+01  .74534929E+00
   .20000000E+01  .73015223E+00
Core Pot   L  =        3.00000    .00000
  -.20000000E+01  .26463800E+01
  -.19600000E+01  .26395075E+01
  -.19200000E+01  .26326213E+01
  -.18800000E+01  .26257215E+01
  -.18400000E+01  .26188079E+01
  -.18000000E+01  .26118805E+01
  -.17600000E+01  .26049392E+01
  -.17200000E+01  .25979839E+01
  -.16800000E+01  .25910146E+01
  -.16400000E+01  .25840312E+01
  -.16000000E+01  .25770335E+01
  -.15600000E+01  .25700216E+01
  -.15200000E+01  .25629954E+01
  -.14800000E+01  .25559548E+01
  -.14400000E+01  .25488997E+01
  -.14000000E+01  .25418300E+01
  -.13600000E+01  .25347457E+01
  -.13200000E+01  .25276467E+01
  -.12800000E+01  .25205328E+01
  -.12400000E+01  .25134042E+01
  -.12000000E+01  .25062605E+01
  -.11600000E+01  .24991018E+01
  -.11200000E+01  .24919280E+01
  -.10800000E+01  .24847391E+01
  -.10400000E+01  .24775348E+01
  -.10000000E+01  .24703152E+01
  -.96000000E+00  .24630802E+01
  -.92000000E+00  .24558296E+01
  -.88000000E+00  .24485634E+01
  -.84000000E+00  .24412816E+01
  -.80000000E+00  .24339839E+01
  -.76000000E+00  .24266704E+01
  -.72000000E+00  .24193409E+01
  -.68000000E+00  .24119954E+01
  -.64000000E+00  .24046338E+01
  -.60000000E+00  .23972560E+01
  -.56000000E+00  .23898618E+01
  -.52000000E+00  .23824513E+01
  -.48000000E+00  .23750242E+01
  -.44000000E+00  .23675806E+01
  -.40000000E+00  .23601203E+01
  -.36000000E+00  .23526433E+01
  -.32000000E+00  .23451493E+01
  -.28000000E+00  .23376384E+01
  -.24000000E+00  .23301105E+01
  -.20000000E+00  .23225654E+01
  -.16000000E+00  .23150031E+01
  -.12000000E+00  .23074234E+01
  -.80000000E-01  .22998262E+01
  -.40000000E-01  .22922116E+01
   .12351231E-14  .22845792E+01
   .40000000E-01  .22769291E+01
   .80000000E-01  .22692612E+01
   .12000000E+00  .22615753E+01
   .16000000E+00  .22538713E+01
   .20000000E+00  .22461492E+01
   .24000000E+00  .22384088E+01
   .28000000E+00  .22306500E+01
   .32000000E+00  .22228727E+01
   .36000000E+00  .22150768E+01
   .40000000E+00  .22072622E+01
   .44000000E+00  .21994288E+01
   .48000000E+00  .21915764E+01
   .52000000E+00  .21837050E+01
   .56000000E+00  .21758145E+01
   .60000000E+00  .21679046E+01
   .64000000E+00  .21599754E+01
   .68000000E+00  .21520266E+01
   .72000000E+00  .21440582E+01
   .76000000E+00  .21360701E+01
   .80000000E+00  .21280621E+01
   .84000000E+00  .21200341E+01
   .88000000E+00  .21119860E+01
   .92000000E+00  .21039176E+01
   .96000000E+00  .20958289E+01
   .10000000E+01  .20877197E+01
   .10400000E+01  .20795899E+01
   .10800000E+01  .20714393E+01
   .11200000E+01  .20632679E+01
   .11600000E+01  .20550754E+01
   .12000000E+01  .20468618E+01
   .12400000E+01  .20386269E+01
   .12800000E+01  .20303707E+01
   .13200000E+01  .20220928E+01
   .13600000E+01  .20137933E+01
   .14000000E+01  .20054720E+01
   .14400000E+01  .19971288E+01
   .14800000E+01  .19887634E+01
   .15200000E+01  .19803758E+01
   .15600000E+01  .19719658E+01
   .16000000E+01  .19635333E+01
   .16400000E+01  .19550780E+01
   .16800000E+01  .19466000E+01
   .17200000E+01  .19380990E+01
   .17600000E+01  .19295749E+01
   .18000000E+01  .19210275E+01
   .18400000E+01  .19124567E+01
   .18800000E+01  .19038622E+01
   .19200000E+01  .18952441E+01
   .19600000E+01  .18866020E+01
   .20000000E+01  .18779359E+01
Potential  L  =        3.00000    .00000
  -.20000000E+01  .26465948E+01
  -.19600000E+01  .26397208E+01
  -.19200000E+01  .26328332E+01
  -.18800000E+01  .26259319E+01
  -.18400000E+01  .26190168E+01
  -.18000000E+01  .26120878E+01
  -.17600000E+01  .26051450E+01
  -.17200000E+01  .25981881E+01
  -.16800000E+01  .25912172E+01
  -.16400000E+01  .25842321E+01
  -.16000000E+01  .25772329E+01
  -.15600000E+01  .25702193E+01
  -.15200000E+01  .25631914E+01
  -.14800000E+01  .25561491E+01
  -.14400000E+01  .25490922E+01
  -.14000000E+01  .25420208E+01
  -.13600000E+01  .25349347E+01
  -.13200000E+01  .25278339E+01
  -.12800000E+01  .25207182E+01
  -.12400000E+01  .25135877E+01
  -.12000000E+01  .25064422E+01
  -.11600000E+01  .24992816E+01
  -.11200000E+01  .24921059E+01
  -.10800000E+01  .24849149E+01
  -.10400000E+01  .24777087E+01
  -.10000000E+01  .24704871E+01
  -.96000000E+00  .24632500E+01
  -.92000000E+00  .24559973E+01
  -.88000000E+00  .24487291E+01
  -.84000000E+00  .24414451E+01
  -.80000000E+00  .24341453E+01
  -.76000000E+00  .24268296E+01
  -.72000000E+00  .24194979E+01
  -.68000000E+00  .24121501E+01
  -.64000000E+00  .24047862E+01
  -.60000000E+00  .23974061E+01
  -.56000000E+00  .23900096E+01
  -.52000000E+00  .23825966E+01
  -.48000000E+00  .23751672E+01
  -.44000000E+00  .23677211E+01
  -.40000000E+00  .23602583E+01
  -.36000000E+00  .23527787E+01
  -.32000000E+00  .23452823E+01
  -.28000000E+00  .23377688E+01
  -.24000000E+00  .23302382E+01
  -.20000000E+00  .23226904E+01
  -.16000000E+00  .23151254E+01
  -.12000000E+00  .23075430E+01
  -.80000000E-01  .22999430E+01
  -.40000000E-01  .22923255E+01
   .12351231E-14  .22846903E+01
   .40000000E-01  .22770373E+01
   .80000000E-01  .22693664E+01
   .12000000E+00  .22616775E+01
   .16000000E+00  .22539705E+01
   .20000000E+00  .22462453E+01
   .24000000E+00  .22385018E+01
   .28000000E+00  .22307398E+01
   .32000000E+00  .22229593E+01
   .36000000E+00  .22151602E+01
   .40000000E+00  .22073423E+01
   .44000000E+00  .21995055E+01
   .48000000E+00  .21916498E+01
   .52000000E+00  .21837749E+01
   .56000000E+00  .21758808E+01
   .60000000E+00  .21679674E+01
   .64000000E+00  .21600346E+01
   .68000000E+00  .21520822E+01
   .72000000E+00  .21441101E+01
   .76000000E+00  .21361182E+01
   .80000000E+00  .21281064E+01
   .84000000E+00  .21200745E+01
   .88000000E+00  .21120224E+01
   .92000000E+00  .21039501E+01
   .96000000E+00  .20958573E+01
   .10000000E+01  .20877440E+01
   .10400000E+01  .20796100E+01
   .10800000E+01  .20714553E+01
   .11200000E+01  .20632795E+01
   .11600000E+01  .20550827E+01
   .12000000E+01  .20468647E+01
   .12400000E+01  .20386254E+01
   .12800000E+01  .20303646E+01
   .13200000E+01  .20220821E+01
   .13600000E+01  .20137780E+01
   .14000000E+01  .20054519E+01
   .14400000E+01  .19971038E+01
   .14800000E+01  .19887336E+01
   .15200000E+01  .19803410E+01
   .15600000E+01  .19719260E+01
   .16000000E+01  .19634884E+01
   .16400000E+01  .19550280E+01
   .16800000E+01  .19465447E+01
   .17200000E+01  .19380384E+01
   .17600000E+01  .19295089E+01
   .18000000E+01  .19209560E+01
   .18400000E+01  .19123796E+01
   .18800000E+01  .19037795E+01
   .19200000E+01  .18951556E+01
   .19600000E+01  .18865078E+01
   .20000000E+01  .18778358E+01
Core Pot   L  =        4.00000    .00000
  -.20000000E+01  .33412336E+01
  -.19600000E+01  .33357205E+01
  -.19200000E+01  .33302003E+01
  -.18800000E+01  .33246730E+01
  -.18400000E+01  .33191383E+01
  -.18000000E+01  .33135961E+01
  -.17600000E+01  .33080485E+01
  -.17200000E+01  .33024899E+01
  -.16800000E+01  .32969258E+01
  -.16400000E+01  .32913551E+01
  -.16000000E+01  .32857760E+01
  -.15600000E+01  .32801899E+01
  -.15200000E+01  .32745959E+01
  -.14800000E+01  .32689949E+01
  -.14400000E+01  .32633863E+01
  -.14000000E+01  .32577695E+01
  -.13600000E+01  .32521460E+01
  -.13200000E+01  .32465145E+01
  -.12800000E+01  .32408758E+01
  -.12400000E+01  .32352290E+01
  -.12000000E+01  .32295745E+01
  -.11600000E+01  .32239124E+01
  -.11200000E+01  .32182426E+01
  -.10800000E+01  .32125670E+01
  -.10400000E+01  .32068797E+01
  -.10000000E+01  .32011863E+01
  -.96000000E+00  .31954859E+01
  -.92000000E+00  .31897766E+01
  -.88000000E+00  .31840597E+01
  -.84000000E+00  .31783352E+01
  -.80000000E+00  .31726043E+01
  -.76000000E+00  .31668618E+01
  -.72000000E+00  .31611132E+01
  -.68000000E+00  .31553566E+01
  -.64000000E+00  .31495920E+01
  -.60000000E+00  .31438191E+01
  -.56000000E+00  .31380381E+01
  -.52000000E+00  .31322484E+01
  -.48000000E+00  .31264512E+01
  -.44000000E+00  .31206459E+01
  -.40000000E+00  .31148320E+01
  -.36000000E+00  .31090102E+01
  -.32000000E+00  .31031797E+01
  -.28000000E+00  .30973409E+01
  -.24000000E+00  .30914935E+01
  -.20000000E+00  .30856380E+01
  -.16000000E+00  .30797744E+01
  -.12000000E+00  .30739018E+01
  -.80000000E-01  .30680212E+01
  -.40000000E-01  .30621314E+01
   .12351231E-14  .30562351E+01
   .40000000E-01  .30503267E+01
   .80000000E-01  .30444115E+01
   .12000000E+00  .30384878E+01
   .16000000E+00  .30325552E+01
   .20000000E+00  .30266138E+01
   .24000000E+00  .30206635E+01
   .28000000E+00  .30147050E+01
   .32000000E+00  .30087372E+01
   .36000000E+00  .30027609E+01
   .40000000E+00  .29967756E+01
   .44000000E+00  .29907808E+01
   .48000000E+00  .29847776E+01
   .52000000E+00  .29787653E+01
   .56000000E+00  .29727442E+01
   .60000000E+00  .29667139E+01
   .64000000E+00  .29606741E+01
   .68000000E+00  .29546255E+01
   .72000000E+00  .29485677E+01
   .76000000E+00  .29425008E+01
   .80000000E+00  .29364245E+01
   .84000000E+00  .29303390E+01
   .88000000E+00  .29242442E+01
   .92000000E+00  .29181401E+01
   .96000000E+00  .29120266E+01
   .10000000E+01  .29059035E+01
   .10400000E+01  .28997711E+01
   .10800000E+01  .28936292E+01
   .11200000E+01  .28874778E+01
   .11600000E+01  .28813168E+01
   .12000000E+01  .28751462E+01
   .12400000E+01  .28689660E+01
   .12800000E+01  .28627759E+01
   .13200000E+01  .28565763E+01
   .13600000E+01  .28503669E+01
   .14000000E+01  .28441476E+01
   .14400000E+01  .28379186E+01
   .14800000E+01  .28316796E+01
   .15200000E+01  .28254308E+01
   .15600000E+01  .28191720E+01
   .16000000E+01  .28129031E+01
   .16400000E+01  .28066243E+01
   .16800000E+01  .28003353E+01
   .17200000E+01  .27940362E+01
   .17600000E+01  .27877270E+01
   .18000000E+01  .27814076E+01
   .18400000E+01  .27750779E+01
   .18800000E+01  .27687379E+01
   .19200000E+01  .27623876E+01
   .19600000E+01  .27560269E+01
   .20000000E+01  .27496558E+01
Potential  L  =        4.00000    .00000
  -.20000000E+01  .33415904E+01
  -.19600000E+01  .33360783E+01
  -.19200000E+01  .33305590E+01
  -.18800000E+01  .33250324E+01
  -.18400000E+01  .33194986E+01
  -.18000000E+01  .33139574E+01
  -.17600000E+01  .33084090E+01
  -.17200000E+01  .33028533E+01
  -.16800000E+01  .32972902E+01
  -.16400000E+01  .32917197E+01
  -.16000000E+01  .32861419E+01
  -.15600000E+01  .32805566E+01
  -.15200000E+01  .32749638E+01
  -.14800000E+01  .32693635E+01
  -.14400000E+01  .32637558E+01
  -.14000000E+01  .32581405E+01
  -.13600000E+01  .32525177E+01
  -.13200000E+01  .32468872E+01
  -.12800000E+01  .32412492E+01
  -.12400000E+01  .32356035E+01
  -.12000000E+01  .32299501E+01
  -.11600000E+01  .32242890E+01
  -.11200000E+01  .32186203E+01
  -.10800000E+01  .32129437E+01
  -.10400000E+01  .32072594E+01
  -.10000000E+01  .32015673E+01
  -.96000000E+00  .31958673E+01
  -.92000000E+00  .31901595E+01
  -.88000000E+00  .31844438E+01
  -.84000000E+00  .31787202E+01
  -.80000000E+00  .31729886E+01
  -.76000000E+00  .31672490E+01
  -.72000000E+00  .31615015E+01
  -.68000000E+00  .31557459E+01
  -.64000000E+00  .31499822E+01
  -.60000000E+00  .31442105E+01
  -.56000000E+00  .31384306E+01
  -.52000000E+00  .31326426E+01
  -.48000000E+00  .31268464E+01
  -.44000000E+00  .31210420E+01
  -.40000000E+00  .31152293E+01
  -.36000000E+00  .31094084E+01
  -.32000000E+00  .31035791E+01
  -.28000000E+00  .30977416E+01
  -.24000000E+00  .30918956E+01
  -.20000000E+00  .30860413E+01
  -.16000000E+00  .30801786E+01
  -.12000000E+00  .30743073E+01
  -.80000000E-01  .30684276E+01
  -.40000000E-01  .30625394E+01
   .12351231E-14  .30566426E+01
   .40000000E-01  .30507373E+01
   .80000000E-01  .30448233E+01
   .12000000E+00  .30389007E+01
   .16000000E+00  .30329693E+01
   .20000000E+00  .30270293E+01
   .24000000E+00  .30210805E+01
   .28000000E+00  .30151230E+01
   .32000000E+00  .30091566E+01
   .36000000E+00  .30031814E+01
   .40000000E+00  .29971973E+01
   .44000000E+00  .29912042E+01
   .48000000E+00  .29852023E+01
   .52000000E+00  .29791913E+01
   .56000000E+00  .29731713E+01
   .60000000E+00  .29671423E+01
   .64000000E+00  .29611042E+01
   .68000000E+00  .29550569E+01
   .72000000E+00  .29490005E+01
   .76000000E+00  .29429349E+01
   .80000000E+00  .29368601E+01
   .84000000E+00  .29307760E+01
   .88000000E+00  .29246826E+01
   .92000000E+00  .29185798E+01
   .96000000E+00  .29124677E+01
   .10000000E+01  .29063462E+01
   .10400000E+01  .29002152E+01
   .10800000E+01  .28940747E+01
   .11200000E+01  .28879247E+01
   .11600000E+01  .28817652E+01
   .12000000E+01  .28755960E+01
   .12400000E+01  .28694172E+01
   .12800000E+01  .28632287E+01
   .13200000E+01  .28570305E+01
   .13600000E+01  .28508226E+01
   .14000000E+01  .28446048E+01
   .14400000E+01  .28383772E+01
   .14800000E+01  .28321398E+01
   .15200000E+01  .28258924E+01
   .15600000E+01  .28196351E+01
   .16000000E+01  .28133678E+01
   .16400000E+01  .28070905E+01
   .16800000E+01  .28008030E+01
   .17200000E+01  .27945055E+01
   .17600000E+01  .27881978E+01
   .18000000E+01  .27818799E+01
   .18400000E+01  .27755518E+01
   .18800000E+01  .27692134E+01
   .19200000E+01  .27628646E+01
   .19600000E+01  .27565055E+01
   .20000000E+01  .27501360E+01
KBPotential  L  =       .00000  -2.73160
  -.20000000E+01 -.65305692E-02
  -.19600000E+01 -.40962167E-01
  -.19200000E+01 -.76098728E-01
  -.18800000E+01 -.11196700E+00
  -.18400000E+01 -.14859511E+00
  -.18000000E+01 -.18601267E+00
  -.17600000E+01 -.22425090E+00
  -.17200000E+01 -.26334269E+00
  -.16800000E+01 -.30332272E+00
  -.16400000E+01 -.34422764E+00
  -.16000000E+01 -.38609615E+00
  -.15600000E+01 -.42896916E+00
  -.15200000E+01 -.47288998E+00
  -.14800000E+01 -.51790446E+00
  -.14400000E+01 -.56406121E+00
  -.14000000E+01 -.61141177E+00
  -.13600000E+01 -.66001090E+00
  -.13200000E+01 -.70991676E+00
  -.12800000E+01 -.76119125E+00
  -.12400000E+01 -.81390027E+00
  -.12000000E+01 -.86811403E+00
  -.11600000E+01 -.92390749E+00
  -.11200000E+01 -.98136067E+00
  -.10800000E+01 -.10405592E+01
  -.10400000E+01 -.11015946E+01
  -.10000000E+01 -.11645652E+01
  -.96000000E+00 -.12295763E+01
  -.92000000E+00 -.12967411E+01
  -.88000000E+00 -.13661815E+01
  -.84000000E+00 -.14380287E+01
  -.80000000E+00 -.15124243E+01
  -.76000000E+00 -.15895212E+01
  -.72000000E+00 -.16694851E+01
  -.68000000E+00 -.17524954E+01
  -.64000000E+00 -.18387468E+01
  -.60000000E+00 -.19284513E+01
  -.56000000E+00 -.20218396E+01
  -.52000000E+00 -.21191638E+01
  -.48000000E+00 -.22206993E+01
  -.44000000E+00 -.23267482E+01
  -.40000000E+00 -.24376421E+01
  -.36000000E+00 -.25537462E+01
  -.32000000E+00 -.26754633E+01
  -.28000000E+00 -.28032392E+01
  -.24000000E+00 -.29375679E+01
  -.20000000E+00 -.30789985E+01
  -.16000000E+00 -.32281453E+01
  -.12000000E+00 -.33856927E+01
  -.80000000E-01 -.35524118E+01
  -.40000000E-01 -.37291690E+01
   .12351231E-14 -.39169444E+01
   .40000000E-01 -.41168501E+01
   .80000000E-01 -.43301530E+01
   .12000000E+00 -.45583035E+01
   .16000000E+00 -.48029695E+01
   .20000000E+00 -.50660783E+01
   .24000000E+00 -.53498695E+01
   .28000000E+00 -.56569627E+01
   .32000000E+00 -.59904369E+01
   .36000000E+00 -.63539409E+01
   .40000000E+00 -.67518291E+01
   .44000000E+00 -.71893414E+01
   .48000000E+00 -.76728389E+01
   .52000000E+00 -.82101233E+01
   .56000000E+00 -.88108666E+01
   .60000000E+00 -.94872112E+01
   .64000000E+00 -.10254600E+02
   .68000000E+00 -.11133010E+02
   .72000000E+00 -.12148703E+02
   .76000000E+00 -.13336946E+02
   .80000000E+00 -.14746221E+02
   .84000000E+00 -.16445043E+02
   .88000000E+00 -.18533520E+02
   .92000000E+00 -.21163920E+02
   .96000000E+00 -.24579736E+02
   .10000000E+01 -.29196034E+02
   .10400000E+01 -.35782897E+02
   .10800000E+01 -.45948225E+02
   .11200000E+01 -.63702792E+02
   .11600000E+01 -.10262608E+03
   .12000000E+01 -.25657605E+03
   .12400000E+01  .54155259E+03
   .12800000E+01  .13347028E+03
   .13200000E+01  .76663835E+02
   .13600000E+01  .54038078E+02
   .14000000E+01  .41874955E+02
   .14400000E+01  .34278218E+02
   .14800000E+01  .29081420E+02
   .15200000E+01  .25301429E+02
   .15600000E+01  .22427572E+02
   .16000000E+01  .20168276E+02
   .16400000E+01  .18344941E+02
   .16800000E+01  .16842056E+02
   .17200000E+01  .15581607E+02
   .17600000E+01  .14508999E+02
   .18000000E+01  .13584883E+02
   .18400000E+01  .12780184E+02
   .18800000E+01  .12072950E+02
   .19200000E+01  .11446297E+02
   .19600000E+01  .10887029E+02
   .20000000E+01  .10384680E+02
KBPotential  L  =      1.00000  -1.04217
  -.20000000E+01  .78984700E+00
  -.19600000E+01  .76728858E+00
  -.19200000E+01  .74437380E+00
  -.18800000E+01  .72109080E+00
  -.18400000E+01  .69742722E+00
  -.18000000E+01  .67337008E+00
  -.17600000E+01  .64890581E+00
  -.17200000E+01  .62402016E+00
  -.16800000E+01  .59869821E+00
  -.16400000E+01  .57292430E+00
  -.16000000E+01  .54668196E+00
  -.15600000E+01  .51995392E+00
  -.15200000E+01  .49272202E+00
  -.14800000E+01  .46496707E+00
  -.14400000E+01  .43666908E+00
  -.14000000E+01  .40780679E+00
  -.13600000E+01  .37835792E+00
  -.13200000E+01  .34829879E+00
  -.12800000E+01  .31760458E+00
  -.12400000E+01  .28624901E+00
  -.12000000E+01  .25420428E+00
  -.11600000E+01  .22144100E+00
  -.11200000E+01  .18792803E+00
  -.10800000E+01  .15363237E+00
  -.10400000E+01  .11851900E+00
  -.10000000E+01  .82550767E-01
  -.96000000E+00  .45688157E-01
  -.92000000E+00  .78891510E-02
  -.88000000E+00 -.30890988E-01
  -.84000000E+00 -.70699940E-01
  -.80000000E+00 -.11158861E+00
  -.76000000E+00 -.15361136E+00
  -.72000000E+00 -.19682626E+00
  -.68000000E+00 -.24129557E+00
  -.64000000E+00 -.28708596E+00
  -.60000000E+00 -.33426899E+00
  -.56000000E+00 -.38292158E+00
  -.52000000E+00 -.43312646E+00
  -.48000000E+00 -.48497277E+00
  -.44000000E+00 -.53855672E+00
  -.40000000E+00 -.59398222E+00
  -.36000000E+00 -.65136178E+00
  -.32000000E+00 -.71081732E+00
  -.28000000E+00 -.77248122E+00
  -.24000000E+00 -.83649750E+00
  -.20000000E+00 -.90302304E+00
  -.16000000E+00 -.97222914E+00
  -.12000000E+00 -.10443032E+01
  -.80000000E-01 -.11194505E+01
  -.40000000E-01 -.11978968E+01
   .12351231E-14 -.12798904E+01
   .40000000E-01 -.13657054E+01
   .80000000E-01 -.14556451E+01
   .12000000E+00 -.15500461E+01
   .16000000E+00 -.16492824E+01
   .20000000E+00 -.17537717E+01
   .24000000E+00 -.18639812E+01
   .28000000E+00 -.19804353E+01
   .32000000E+00 -.21037252E+01
   .36000000E+00 -.22345190E+01
   .40000000E+00 -.23735754E+01
   .44000000E+00 -.25217590E+01
   .48000000E+00 -.26800600E+01
   .52000000E+00 -.28496174E+01
   .56000000E+00 -.30317483E+01
   .60000000E+00 -.32279842E+01
   .64000000E+00 -.34401162E+01
   .68000000E+00 -.36702527E+01
   .72000000E+00 -.39208926E+01
   .76000000E+00 -.41950207E+01
   .80000000E+00 -.44962313E+01
   .84000000E+00 -.48288921E+01
   .88000000E+00 -.51983649E+01
   .92000000E+00 -.56113042E+01
   .96000000E+00 -.60760728E+01
   .10000000E+01 -.66033274E+01
   .10400000E+01 -.72068626E+01
   .10800000E+01 -.79048582E+01
   .11200000E+01 -.87217718E+01
   .11600000E+01 -.96913047E+01
   .12000000E+01 -.10861225E+02
   .12400000E+01 -.12301562E+02
   .12800000E+01 -.14119284E+02
   .13200000E+01 -.16486353E+02
   .13600000E+01 -.19697930E+02
   .14000000E+01 -.24306775E+02
   .14400000E+01 -.31482701E+02
   .14800000E+01 -.44206909E+02
   .15200000E+01 -.72992505E+02
   .15600000E+01 -.20045422E+03
   .16000000E+01  .28371375E+03
   .16400000E+01  .84382428E+02
   .16800000E+01  .50000285E+02
   .17200000E+01  .35737896E+02
   .17600000E+01  .27929287E+02
   .18000000E+01  .23000099E+02
   .18400000E+01  .19604116E+02
   .18800000E+01  .17121158E+02
   .19200000E+01  .15225783E+02
   .19600000E+01  .13730787E+02
   .20000000E+01  .12520852E+02
KBPotential  L  =      2.00000    .00000
  -.20000000E+01  .19087553E+01
  -.19600000E+01  .18993413E+01
  -.19200000E+01  .18898937E+01
  -.18800000E+01  .18804121E+01
  -.18400000E+01  .18708963E+01
  -.18000000E+01  .18613460E+01
  -.17600000E+01  .18517608E+01
  -.17200000E+01  .18421404E+01
  -.16800000E+01  .18324845E+01
  -.16400000E+01  .18227929E+01
  -.16000000E+01  .18130650E+01
  -.15600000E+01  .18033008E+01
  -.15200000E+01  .17934997E+01
  -.14800000E+01  .17836614E+01
  -.14400000E+01  .17737857E+01
  -.14000000E+01  .17638721E+01
  -.13600000E+01  .17539204E+01
  -.13200000E+01  .17439301E+01
  -.12800000E+01  .17339009E+01
  -.12400000E+01  .17238324E+01
  -.12000000E+01  .17137242E+01
  -.11600000E+01  .17035760E+01
  -.11200000E+01  .16933874E+01
  -.10800000E+01  .16831579E+01
  -.10400000E+01  .16728873E+01
  -.10000000E+01  .16625751E+01
  -.96000000E+00  .16522208E+01
  -.92000000E+00  .16418241E+01
  -.88000000E+00  .16313846E+01
  -.84000000E+00  .16209018E+01
  -.80000000E+00  .16103753E+01
  -.76000000E+00  .15998047E+01
  -.72000000E+00  .15891895E+01
  -.68000000E+00  .15785293E+01
  -.64000000E+00  .15678236E+01
  -.60000000E+00  .15570719E+01
  -.56000000E+00  .15462739E+01
  -.52000000E+00  .15354289E+01
  -.48000000E+00  .15245366E+01
  -.44000000E+00  .15135964E+01
  -.40000000E+00  .15026078E+01
  -.36000000E+00  .14915704E+01
  -.32000000E+00  .14804836E+01
  -.28000000E+00  .14693469E+01
  -.24000000E+00  .14581597E+01
  -.20000000E+00  .14469216E+01
  -.16000000E+00  .14356320E+01
  -.12000000E+00  .14242903E+01
  -.80000000E-01  .14128960E+01
  -.40000000E-01  .14014484E+01
   .12351231E-14  .13899471E+01
   .40000000E-01  .13783914E+01
   .80000000E-01  .13667807E+01
   .12000000E+00  .13551145E+01
   .16000000E+00  .13433921E+01
   .20000000E+00  .13316128E+01
   .24000000E+00  .13197761E+01
   .28000000E+00  .13078812E+01
   .32000000E+00  .12959276E+01
   .36000000E+00  .12839145E+01
   .40000000E+00  .12718414E+01
   .44000000E+00  .12597074E+01
   .48000000E+00  .12475119E+01
   .52000000E+00  .12352541E+01
   .56000000E+00  .12229334E+01
   .60000000E+00  .12105491E+01
   .64000000E+00  .11981002E+01
   .68000000E+00  .11855862E+01
   .72000000E+00  .11730061E+01
   .76000000E+00  .11603593E+01
   .80000000E+00  .11476449E+01
   .84000000E+00  .11348621E+01
   .88000000E+00  .11220101E+01
   .92000000E+00  .11090880E+01
   .96000000E+00  .10960950E+01
   .10000000E+01  .10830301E+01
   .10400000E+01  .10698925E+01
   .10800000E+01  .10566814E+01
   .11200000E+01  .10433957E+01
   .11600000E+01  .10300345E+01
   .12000000E+01  .10165968E+01
   .12400000E+01  .10030818E+01
   .12800000E+01  .98948838E+00
   .13200000E+01  .97581553E+00
   .13600000E+01  .96206226E+00
   .14000000E+01  .94822749E+00
   .14400000E+01  .93431018E+00
   .14800000E+01  .92030922E+00
   .15200000E+01  .90622352E+00
   .15600000E+01  .89205195E+00
   .16000000E+01  .87779336E+00
   .16400000E+01  .86344657E+00
   .16800000E+01  .84901040E+00
   .17200000E+01  .83448363E+00
   .17600000E+01  .81986502E+00
   .18000000E+01  .80515331E+00
   .18400000E+01  .79034720E+00
   .18800000E+01  .77544540E+00
   .19200000E+01  .76044655E+00
   .19600000E+01  .74534929E+00
   .20000000E+01  .73015223E+00
KBPotential  L  =      3.00000    .00000
  -.20000000E+01  .26465948E+01
  -.19600000E+01  .26397208E+01
  -.19200000E+01  .26328332E+01
  -.18800000E+01  .26259319E+01
  -.18400000E+01  .26190168E+01
  -.18000000E+01  .26120878E+01
  -.17600000E+01  .26051450E+01
  -.17200000E+01  .25981881E+01
  -.16800000E+01  .25912172E+01
  -.16400000E+01  .25842321E+01
  -.16000000E+01  .25772329E+01
  -.15600000E+01  .25702193E+01
  -.15200000E+01  .25631914E+01
  -.14800000E+01  .25561491E+01
  -.14400000E+01  .25490922E+01
  -.14000000E+01  .25420208E+01
  -.13600000E+01  .25349347E+01
  -.13200000E+01  .25278339E+01
  -.12800000E+01  .25207182E+01
  -.12400000E+01  .25135877E+01
  -.12000000E+01  .25064422E+01
  -.11600000E+01  .24992816E+01
  -.11200000E+01  .24921059E+01
  -.10800000E+01  .24849149E+01
  -.10400000E+01  .24777087E+01
  -.10000000E+01  .24704871E+01
  -.96000000E+00  .24632500E+01
  -.92000000E+00  .24559973E+01
  -.88000000E+00  .24487291E+01
  -.84000000E+00  .24414451E+01
  -.80000000E+00  .24341453E+01
  -.76000000E+00  .24268296E+01
  -.72000000E+00  .24194979E+01
  -.68000000E+00  .24121501E+01
  -.64000000E+00  .24047862E+01
  -.60000000E+00  .23974061E+01
  -.56000000E+00  .23900096E+01
  -.52000000E+00  .23825966E+01
  -.48000000E+00  .23751672E+01
  -.44000000E+00  .23677211E+01
  -.40000000E+00  .23602583E+01
  -.36000000E+00  .23527787E+01
  -.32000000E+00  .23452823E+01
  -.28000000E+00  .23377688E+01
  -.24000000E+00  .23302382E+01
  -.20000000E+00  .23226904E+01
  -.16000000E+00  .23151254E+01
  -.12000000E+00  .23075430E+01
  -.80000000E-01  .22999430E+01
  -.40000000E-01  .22923255E+01
   .12351231E-14  .22846903E+01
   .40000000E-01  .22770373E+01
   .80000000E-01  .22693664E+01
   .12000000E+00  .22616775E+01
   .16000000E+00  .22539705E+01
   .20000000E+00  .22462453E+01
   .24000000E+00  .22385018E+01
   .28000000E+00  .22307398E+01
   .32000000E+00  .22229593E+01
   .36000000E+00  .22151602E+01
   .40000000E+00  .22073423E+01
   .44000000E+00  .21995055E+01
   .48000000E+00  .21916498E+01
   .52000000E+00  .21837749E+01
   .56000000E+00  .21758808E+01
   .60000000E+00  .21679674E+01
   .64000000E+00  .21600346E+01
   .68000000E+00  .21520822E+01
   .72000000E+00  .21441101E+01
   .76000000E+00  .21361182E+01
   .80000000E+00  .21281064E+01
   .84000000E+00  .21200745E+01
   .88000000E+00  .21120224E+01
   .92000000E+00  .21039501E+01
   .96000000E+00  .20958573E+01
   .10000000E+01  .20877440E+01
   .10400000E+01  .20796100E+01
   .10800000E+01  .20714553E+01
   .11200000E+01  .20632795E+01
   .11600000E+01  .20550827E+01
   .12000000E+01  .20468647E+01
   .12400000E+01  .20386254E+01
   .12800000E+01  .20303646E+01
   .13200000E+01  .20220821E+01
   .13600000E+01  .20137780E+01
   .14000000E+01  .20054519E+01
   .14400000E+01  .19971038E+01
   .14800000E+01  .19887336E+01
   .15200000E+01  .19803410E+01
   .15600000E+01  .19719260E+01
   .16000000E+01  .19634884E+01
   .16400000E+01  .19550280E+01
   .16800000E+01  .19465447E+01
   .17200000E+01  .19380384E+01
   .17600000E+01  .19295089E+01
   .18000000E+01  .19209560E+01
   .18400000E+01  .19123796E+01
   .18800000E+01  .19037795E+01
   .19200000E+01  .18951556E+01
   .19600000E+01  .18865078E+01
   .20000000E+01  .18778358E+01
KBPotential  L  =      4.00000    .00000
  -.20000000E+01  .33415904E+01
  -.19600000E+01  .33360783E+01
  -.19200000E+01  .33305590E+01
  -.18800000E+01  .33250324E+01
  -.18400000E+01  .33194986E+01
  -.18000000E+01  .33139574E+01
  -.17600000E+01  .33084090E+01
  -.17200000E+01  .33028533E+01
  -.16800000E+01  .32972902E+01
  -.16400000E+01  .32917197E+01
  -.16000000E+01  .32861419E+01
  -.15600000E+01  .32805566E+01
  -.15200000E+01  .32749638E+01
  -.14800000E+01  .32693635E+01
  -.14400000E+01  .32637558E+01
  -.14000000E+01  .32581405E+01
  -.13600000E+01  .32525177E+01
  -.13200000E+01  .32468872E+01
  -.12800000E+01  .32412492E+01
  -.12400000E+01  .32356035E+01
  -.12000000E+01  .32299501E+01
  -.11600000E+01  .32242890E+01
  -.11200000E+01  .32186203E+01
  -.10800000E+01  .32129437E+01
  -.10400000E+01  .32072594E+01
  -.10000000E+01  .32015673E+01
  -.96000000E+00  .31958673E+01
  -.92000000E+00  .31901595E+01
  -.88000000E+00  .31844438E+01
  -.84000000E+00  .31787202E+01
  -.80000000E+00  .31729886E+01
  -.76000000E+00  .31672490E+01
  -.72000000E+00  .31615015E+01
  -.68000000E+00  .31557459E+01
  -.64000000E+00  .31499822E+01
  -.60000000E+00  .31442105E+01
  -.56000000E+00  .31384306E+01
  -.52000000E+00  .31326426E+01
  -.48000000E+00  .31268464E+01
  -.44000000E+00  .31210420E+01
  -.40000000E+00  .31152293E+01
  -.36000000E+00  .31094084E+01
  -.32000000E+00  .31035791E+01
  -.28000000E+00  .30977416E+01
  -.24000000E+00  .30918956E+01
  -.20000000E+00  .30860413E+01
  -.16000000E+00  .30801786E+01
  -.12000000E+00  .30743073E+01
  -.80000000E-01  .30684276E+01
  -.40000000E-01  .30625394E+01
   .12351231E-14  .30566426E+01
   .40000000E-01  .30507373E+01
   .80000000E-01  .30448233E+01
   .12000000E+00  .30389007E+01
   .16000000E+00  .30329693E+01
   .20000000E+00  .30270293E+01
   .24000000E+00  .30210805E+01
   .28000000E+00  .30151230E+01
   .32000000E+00  .30091566E+01
   .36000000E+00  .30031814E+01
   .40000000E+00  .29971973E+01
   .44000000E+00  .29912042E+01
   .48000000E+00  .29852023E+01
   .52000000E+00  .29791913E+01
   .56000000E+00  .29731713E+01
   .60000000E+00  .29671423E+01
   .64000000E+00  .29611042E+01
   .68000000E+00  .29550569E+01
   .72000000E+00  .29490005E+01
   .76000000E+00  .29429349E+01
   .80000000E+00  .29368601E+01
   .84000000E+00  .29307760E+01
   .88000000E+00  .29246826E+01
   .92000000E+00  .29185798E+01
   .96000000E+00  .29124677E+01
   .10000000E+01  .29063462E+01
   .10400000E+01  .29002152E+01
   .10800000E+01  .28940747E+01
   .11200000E+01  .28879247E+01
   .11600000E+01  .28817652E+01
   .12000000E+01  .28755960E+01
   .12400000E+01  .28694172E+01
   .12800000E+01  .28632287E+01
   .13200000E+01  .28570305E+01
   .13600000E+01  .28508226E+01
   .14000000E+01  .28446048E+01
   .14400000E+01  .28383772E+01
   .14800000E+01  .28321398E+01
   .15200000E+01  .28258924E+01
   .15600000E+01  .28196351E+01
   .16000000E+01  .28133678E+01
   .16400000E+01  .28070905E+01
   .16800000E+01  .28008030E+01
   .17200000E+01  .27945055E+01
   .17600000E+01  .27881978E+01
   .18000000E+01  .27818799E+01
   .18400000E+01  .27755518E+01
   .18800000E+01  .27692134E+01
   .19200000E+01  .27628646E+01
   .19600000E+01  .27565055E+01
   .20000000E+01  .27501360E+01
