N: s2p3                                 
  .746434037E-05  .757897649E-05  .769537284E-05  .781355643E-05  .793355470E-05
  .805539550E-05  .817910712E-05  .830471828E-05  .843225812E-05  .856175627E-05
  .869324277E-05  .882674815E-05  .896230339E-05  .909993997E-05  .923968982E-05
  .938158538E-05  .952565960E-05  .967194590E-05  .982047824E-05  .997129110E-05
  .101244195E-04  .102798989E-04  .104377655E-04  .105980558E-04  .107608072E-04
  .109260573E-04  .110938445E-04  .112642077E-04  .114371865E-04  .116128211E-04
  .117911521E-04  .119722210E-04  .121560698E-04  .123427411E-04  .125322782E-04
  .127247253E-04  .129201268E-04  .131185281E-04  .133199754E-04  .135245153E-04
  .137321952E-04  .139430634E-04  .141571688E-04  .143745611E-04  .145952907E-04
  .148194089E-04  .150469675E-04  .152780195E-04  .155126184E-04  .157508186E-04
  .159926755E-04  .162382451E-04  .164875844E-04  .167407512E-04  .169978043E-04
  .172588033E-04  .175238087E-04  .177928821E-04  .180660858E-04  .183434832E-04
  .186251387E-04  .189111175E-04  .192014861E-04  .194963117E-04  .197956628E-04
  .200996088E-04  .204082201E-04  .207215684E-04  .210397264E-04  .213627678E-04
  .216907675E-04  .220238017E-04  .223619474E-04  .227052833E-04  .230538888E-04
  .234078449E-04  .237672336E-04  .241321382E-04  .245026434E-04  .248788351E-04
  .252608005E-04  .256486282E-04  .260424080E-04  .264422314E-04  .268481910E-04
  .272603809E-04  .276788967E-04  .281038354E-04  .285352956E-04  .289733773E-04
  .294181820E-04  .298698129E-04  .303283746E-04  .307939735E-04  .312667174E-04
  .317467160E-04  .322340806E-04  .327289241E-04  .332313611E-04  .337415083E-04
  .342594837E-04  .347854075E-04  .353194016E-04  .358615896E-04  .364120973E-04
  .369710523E-04  .375385841E-04  .381148242E-04  .386999061E-04  .392939655E-04
  .398971399E-04  .405095693E-04  .411313953E-04  .417627623E-04  .424038163E-04
  .430547060E-04  .437155823E-04  .443865980E-04  .450679089E-04  .457596726E-04
  .464620495E-04  .471752023E-04  .478992961E-04  .486344987E-04  .493809805E-04
  .501389142E-04  .509084756E-04  .516898427E-04  .524831967E-04  .532887213E-04
  .541066029E-04  .549370311E-04  .557801982E-04  .566362993E-04  .575055329E-04
  .583881001E-04  .592842054E-04  .601940561E-04  .611178631E-04  .620558402E-04
  .630082046E-04  .639751768E-04  .649569806E-04  .659538434E-04  .669659959E-04
  .679936725E-04  .690371110E-04  .700965530E-04  .711722437E-04  .722644321E-04
  .733733711E-04  .744993172E-04  .756425311E-04  .768032773E-04  .779818246E-04
  .791784456E-04  .803934172E-04  .816270206E-04  .828795412E-04  .841512690E-04
  .854424980E-04  .867535271E-04  .880846596E-04  .894362035E-04  .908084715E-04
  .922017809E-04  .936164542E-04  .950528185E-04  .965112061E-04  .979919544E-04
  .994954058E-04  .101021908E-03  .102571814E-03  .104145483E-03  .105743277E-03
  .107365568E-03  .109012729E-03  .110685143E-03  .112383194E-03  .114107277E-03
  .115857789E-03  .117635136E-03  .119439728E-03  .121271983E-03  .123132323E-03
  .125021180E-03  .126938989E-03  .128886194E-03  .130863245E-03  .132870598E-03
  .134908719E-03  .136978077E-03  .139079151E-03  .141212427E-03  .143378397E-03
  .145577561E-03  .147810429E-03  .150077515E-03  .152379344E-03  .154716446E-03
  .157089363E-03  .159498642E-03  .161944840E-03  .164428521E-03  .166950259E-03
  .169510636E-03  .172110245E-03  .174749684E-03  .177429564E-03  .180150503E-03
  .182913130E-03  .185718082E-03  .188566006E-03  .191457561E-03  .194393413E-03
  .197374240E-03  .200400731E-03  .203473583E-03  .206593506E-03  .209761220E-03
  .212977455E-03  .216242955E-03  .219558471E-03  .222924770E-03  .226342627E-03
  .229812832E-03  .233336184E-03  .236913497E-03  .240545594E-03  .244233315E-03
  .247977510E-03  .251779041E-03  .255638785E-03  .259557633E-03  .263536488E-03
  .267576267E-03  .271677901E-03  .275842337E-03  .280070533E-03  .284363464E-03
  .288722120E-03  .293147505E-03  .297640639E-03  .302202557E-03  .306834310E-03
  .311536965E-03  .316311606E-03  .321159333E-03  .326081262E-03  .331078526E-03
  .336152277E-03  .341303683E-03  .346533931E-03  .351844224E-03  .357235785E-03
  .362709856E-03  .368267696E-03  .373910585E-03  .379639822E-03  .385456726E-03
  .391362634E-03  .397358906E-03  .403446922E-03  .409628083E-03  .415903810E-03
  .422275547E-03  .428744761E-03  .435312938E-03  .441981589E-03  .448752248E-03
  .455626472E-03  .462605842E-03  .469691962E-03  .476886460E-03  .484190992E-03
  .491607235E-03  .499136895E-03  .506781701E-03  .514543411E-03  .522423807E-03
  .530424701E-03  .538547930E-03  .546795360E-03  .555168885E-03  .563670429E-03
  .572301944E-03  .581065412E-03  .589962845E-03  .598996286E-03  .608167807E-03
  .617479515E-03  .626933547E-03  .636532071E-03  .646277292E-03  .656171443E-03
  .666216796E-03  .676415655E-03  .686770359E-03  .697283283E-03  .707956837E-03
  .718793470E-03  .729795665E-03  .740965945E-03  .752306871E-03  .763821041E-03
  .775511095E-03  .787379712E-03  .799429610E-03  .811663550E-03  .824084335E-03
  .836694809E-03  .849497862E-03  .862496424E-03  .875693472E-03  .889092026E-03
  .902695156E-03  .916505973E-03  .930527638E-03  .944763361E-03  .959216398E-03
  .973890055E-03  .988787690E-03  .100391271E-02  .101926857E-02  .103485879E-02
  .105068693E-02  .106675660E-02  .108307149E-02  .109963532E-02  .111645186E-02
  .113352498E-02  .115085856E-02  .116845657E-02  .118632303E-02  .120446201E-02
  .122287766E-02  .124157418E-02  .126055584E-02  .127982697E-02  .129939196E-02
  .131925530E-02  .133942149E-02  .135989515E-02  .138068095E-02  .140178361E-02
  .142320797E-02  .144495889E-02  .146704133E-02  .148946034E-02  .151222101E-02
  .153532854E-02  .155878818E-02  .158260529E-02  .160678527E-02  .163133365E-02
  .165625600E-02  .168155800E-02  .170724540E-02  .173332406E-02  .175979990E-02
  .178667895E-02  .181396732E-02  .184167121E-02  .186979693E-02  .189835086E-02
  .192733949E-02  .195676942E-02  .198664732E-02  .201697998E-02  .204777430E-02
  .207903727E-02  .211077597E-02  .214299762E-02  .217570953E-02  .220891911E-02
  .224263391E-02  .227686157E-02  .231160985E-02  .234688663E-02  .238269991E-02
  .241905780E-02  .245596853E-02  .249344048E-02  .253148213E-02  .257010209E-02
  .260930911E-02  .264911207E-02  .268951996E-02  .273054193E-02  .277218727E-02
  .281446538E-02  .285738584E-02  .290095834E-02  .294519274E-02  .299009902E-02
  .303568733E-02  .308196798E-02  .312895140E-02  .317664822E-02  .322506919E-02
  .327422524E-02  .332412747E-02  .337478712E-02  .342621563E-02  .347842458E-02
  .353142575E-02  .358523107E-02  .363985268E-02  .369530288E-02  .375159414E-02
  .380873915E-02  .386675076E-02  .392564203E-02  .398542621E-02  .404611674E-02
  .410772727E-02  .417027164E-02  .423376392E-02  .429821837E-02  .436364946E-02
  .443007188E-02  .449750055E-02  .456595061E-02  .463543740E-02  .470597651E-02
  .477758377E-02  .485027522E-02  .492406715E-02  .499897610E-02  .507501885E-02
  .515221243E-02  .523057410E-02  .531012142E-02  .539087217E-02  .547284442E-02
  .555605650E-02  .564052700E-02  .572627480E-02  .581331905E-02  .590167919E-02
  .599137496E-02  .608242635E-02  .617485370E-02  .626867761E-02  .636391900E-02
  .646059910E-02  .655873945E-02  .665836192E-02  .675948867E-02  .686214222E-02
  .696634542E-02  .707212144E-02  .717949381E-02  .728848638E-02  .739912338E-02
  .751142938E-02  .762542933E-02  .774114851E-02  .785861262E-02  .797784770E-02
  .809888020E-02  .822173693E-02  .834644512E-02  .847303239E-02  .860152677E-02
  .873195668E-02  .886435099E-02  .899873896E-02  .913515032E-02  .927361519E-02
  .941416417E-02  .955682828E-02  .970163901E-02  .984862830E-02  .999782857E-02
  .101492727E-01  .103029941E-01  .104590265E-01  .106174044E-01  .107781626E-01
  .109413365E-01  .111069618E-01  .112750751E-01  .114457132E-01  .116189137E-01
  .117947145E-01  .119731542E-01  .121542719E-01  .123381073E-01  .125247007E-01
  .127140930E-01  .129063256E-01  .131014405E-01  .132994805E-01  .135004888E-01
  .137045092E-01  .139115864E-01  .141217656E-01  .143350925E-01  .145516138E-01
  .147713765E-01  .149944286E-01  .152208185E-01  .154505956E-01  .156838098E-01
  .159205118E-01  .161607530E-01  .164045856E-01  .166520624E-01  .169032372E-01
  .171581644E-01  .174168992E-01  .176794976E-01  .179460165E-01  .182165135E-01
  .184910470E-01  .187696764E-01  .190524618E-01  .193394642E-01  .196307456E-01
  .199263686E-01  .202263970E-01  .205308953E-01  .208399291E-01  .211535647E-01
  .214718696E-01  .217949121E-01  .221227616E-01  .224554883E-01  .227931635E-01
  .231358595E-01  .234836498E-01  .238366086E-01  .241948115E-01  .245583349E-01
  .249272565E-01  .253016549E-01  .256816100E-01  .260672026E-01  .264585149E-01
  .268556301E-01  .272586327E-01  .276676081E-01  .280826433E-01  .285038263E-01
  .289312463E-01  .293649940E-01  .298051610E-01  .302518404E-01  .307051267E-01
  .311651156E-01  .316319042E-01  .321055908E-01  .325862752E-01  .330740587E-01
  .335690438E-01  .340713346E-01  .345810365E-01  .350982566E-01  .356231032E-01
  .361556862E-01  .366961173E-01  .372445093E-01  .378009769E-01  .383656362E-01
  .389386051E-01  .395200029E-01  .401099508E-01  .407085714E-01  .413159892E-01
  .419323303E-01  .425577226E-01  .431922958E-01  .438361813E-01  .444895122E-01
  .451524237E-01  .458250526E-01  .465075378E-01  .472000199E-01  .479026415E-01
  .486155471E-01  .493388833E-01  .500727985E-01  .508174433E-01  .515729704E-01
  .523395342E-01  .531172916E-01  .539064014E-01  .547070246E-01  .555193245E-01
  .563434665E-01  .571796180E-01  .580279492E-01  .588886320E-01  .597618410E-01
  .606477530E-01  .615465472E-01  .624584053E-01  .633835112E-01  .643220513E-01
  .652742148E-01  .662401930E-01  .672201800E-01  .682143724E-01  .692229695E-01
  .702461730E-01  .712841876E-01  .723372205E-01  .734054816E-01  .744891837E-01
  .755885423E-01  .767037758E-01  .778351055E-01  .789827555E-01  .801469529E-01
  .813279277E-01  .825259129E-01  .837411448E-01  .849738623E-01  .862243079E-01
  .874927268E-01  .887793678E-01  .900844825E-01  .914083261E-01  .927511569E-01
  .941132365E-01  .954948300E-01  .968962059E-01  .983176359E-01  .997593955E-01
  .101221764E+00  .102705022E+00  .104209458E+00  .105735360E+00  .107283022E+00
  .108852740E+00  .110444816E+00  .112059555E+00  .113697263E+00  .115358255E+00
  .117042845E+00  .118751354E+00  .120484107E+00  .122241431E+00  .124023658E+00
  .125831126E+00  .127664173E+00  .129523146E+00  .131408394E+00  .133320268E+00
  .135259128E+00  .137225335E+00  .139219256E+00  .141241260E+00  .143291725E+00
  .145371030E+00  .147479558E+00  .149617701E+00  .151785851E+00  .153984407E+00
  .156213772E+00  .158474356E+00  .160766570E+00  .163090833E+00  .165447569E+00
  .167837204E+00  .170260173E+00  .172716913E+00  .175207867E+00  .177733485E+00
  .180294219E+00  .182890530E+00  .185522881E+00  .188191742E+00  .190897588E+00
  .193640901E+00  .196422165E+00  .199241874E+00  .202100524E+00  .204998618E+00
  .207936666E+00  .210915181E+00  .213934685E+00  .216995702E+00  .220098765E+00
  .223244413E+00  .226433188E+00  .229665641E+00  .232942329E+00  .236263812E+00
  .239630660E+00  .243043447E+00  .246502754E+00  .250009167E+00  .253563281E+00
  .257165695E+00  .260817015E+00  .264517854E+00  .268268831E+00  .272070571E+00
  .275923708E+00  .279828880E+00  .283786732E+00  .287797918E+00  .291863095E+00
  .295982930E+00  .300158096E+00  .304389272E+00  .308677145E+00  .313022408E+00
  .317425761E+00  .321887912E+00  .326409575E+00  .330991471E+00  .335634330E+00
  .340338887E+00  .345105884E+00  .349936072E+00  .354830209E+00  .359789057E+00
  .364813391E+00  .369903988E+00  .375061634E+00  .380287125E+00  .385581260E+00
  .390944849E+00  .396378707E+00  .401883657E+00  .407460531E+00  .413110167E+00
  .418833409E+00  .424631112E+00  .430504136E+00  .436453349E+00  .442479627E+00
  .448583852E+00  .454766916E+00  .461029716E+00  .467373158E+00  .473798156E+00
  .480305629E+00  .486896506E+00  .493571722E+00  .500332220E+00  .507178951E+00
  .514112873E+00  .521134950E+00  .528246156E+00  .535447470E+00  .542739880E+00
  .550124380E+00  .557601972E+00  .565173666E+00  .572840478E+00  .580603431E+00
  .588463555E+00  .596421889E+00  .604479477E+00  .612637371E+00  .620896629E+00
  .629258317E+00  .637723506E+00  .646293276E+00  .654968712E+00  .663750906E+00
  .672640956E+00  .681639968E+00  .690749053E+00  .699969327E+00  .709301916E+00
  .718747947E+00  .728308557E+00  .737984887E+00  .747778083E+00  .757689300E+00
  .767719693E+00  .777870428E+00  .788142671E+00  .798537598E+00  .809056386E+00
  .819700218E+00  .830470283E+00  .841367772E+00  .852393883E+00  .863549816E+00
  .874836775E+00  .886255970E+00  .897808611E+00  .909495915E+00  .921319099E+00
  .933279386E+00  .945378000E+00  .957616166E+00  .969995116E+00  .982516078E+00
  .995180287E+00  .100798898E+01  .102094338E+01  .103404475E+01  .104729430E+01
  .106069328E+01  .107424293E+01  .108794449E+01  .110179920E+01  .111580829E+01
  .112997299E+01  .114429455E+01  .115877420E+01  .117341318E+01  .118821270E+01
  .120317399E+01  .121829829E+01  .123358681E+01  .124904076E+01  .126466137E+01
  .128044983E+01  .129640735E+01  .131253513E+01  .132883436E+01  .134530622E+01
  .136195190E+01  .137877256E+01  .139576937E+01  .141294348E+01  .143029605E+01
  .144782820E+01  .146554108E+01  .148343578E+01  .150151344E+01  .151977513E+01
  .153822195E+01  .155685497E+01  .157567524E+01  .159468381E+01  .161388173E+01
  .163326999E+01  .165284961E+01  .167262157E+01  .169258684E+01  .171274638E+01
  .173310111E+01  .175365196E+01  .177439982E+01  .179534557E+01  .181649007E+01
  .183783415E+01  .185937862E+01  .188112428E+01  .190307189E+01  .192522220E+01
  .194757592E+01  .197013375E+01  .199289635E+01  .201586435E+01  .203903838E+01
  .206241901E+01  .208600679E+01  .210980224E+01  .213380585E+01  .215801807E+01
  .218243934E+01  .220707003E+01  .223191050E+01  .225696107E+01  .228222202E+01
  .230769359E+01  .233337598E+01  .235926936E+01  .238537385E+01  .241168953E+01
  .243821644E+01  .246495458E+01  .249190388E+01  .251906426E+01  .254643558E+01
  .257401764E+01  .260181019E+01  .262981297E+01  .265802561E+01  .268644773E+01
  .271507889E+01  .274391857E+01  .277296623E+01  .280222126E+01  .283168298E+01
  .286135067E+01  .289122353E+01  .292130073E+01  .295158134E+01  .298206440E+01
  .301274886E+01  .304363363E+01  .307471752E+01  .310599932E+01  .313747770E+01
  .316915129E+01  .320101865E+01  .323307825E+01  .326532851E+01  .329776775E+01
  .333039423E+01  .336320613E+01  .339620156E+01  .342937854E+01  .346273501E+01
  .349626884E+01  .352997780E+01  .356385959E+01  .359791182E+01  .363213202E+01
  .366651764E+01  .370106601E+01  .373577441E+01  .377064001E+01  .380565989E+01
  .384083104E+01  .387615036E+01  .391161466E+01  .394722064E+01  .398296491E+01
  .401884400E+01  .405485432E+01  .409099219E+01  .412725384E+01  .416363538E+01
  .420013283E+01  .423674212E+01  .427345905E+01  .431027935E+01  .434719861E+01
  .438421234E+01  .442131594E+01  .445850470E+01  .449577381E+01  .453311833E+01
  .457053325E+01  .460801342E+01  .464555360E+01  .468314843E+01  .472079244E+01
  .475848007E+01  .479620562E+01  .483396330E+01  .487174720E+01  .490955132E+01
  .494736951E+01  .498519555E+01  .502302308E+01  .506084566E+01  .509865670E+01
  .513644953E+01  .517421736E+01  .521195329E+01  .524965032E+01  .528730133E+01
  .532489909E+01  .536243627E+01  .539990543E+01  .543729903E+01  .547460941E+01
  .551182882E+01  .554894940E+01  .558596318E+01  .562286210E+01  .565963799E+01
  .569628260E+01  .573278755E+01  .576914439E+01  .580534457E+01  .584137943E+01
  .587724024E+01  .591291817E+01  .594840430E+01  .598368962E+01  .601876504E+01
  .605362140E+01  .608824945E+01  .612263984E+01  .615678319E+01  .619067000E+01
  .622429074E+01  .625763578E+01  .629069545E+01  .632346000E+01  .635591964E+01
  .638806449E+01  .641988466E+01  .645137018E+01  .648251104E+01  .651329720E+01
  .654371857E+01  .657376502E+01  .660342640E+01  .663269253E+01  .666155319E+01
  .668999816E+01  .671801720E+01  .674560005E+01  .677273647E+01  .679941617E+01
  .682562891E+01  .685136443E+01  .687661249E+01  .690136287E+01  .692560536E+01
  .694932979E+01  .697252602E+01  .699518394E+01  .701729349E+01  .703884465E+01
  .705982748E+01  .708023205E+01  .710004855E+01  .711926721E+01  .713787833E+01
  .715587233E+01  .717323967E+01  .718997096E+01  .720605686E+01  .722148817E+01
  .723625579E+01  .725035076E+01  .726376422E+01  .727648746E+01  .728851191E+01
  .729982914E+01  .731043089E+01  .732030903E+01  .732945563E+01  .733786292E+01
  .734552331E+01  .735242939E+01  .735857397E+01  .736395003E+01  .736855078E+01
  .737236963E+01  .737540024E+01  .737763646E+01  .737907241E+01  .737970244E+01
  .737952114E+01  .737852338E+01  .737670426E+01  .737405919E+01  .737058383E+01
  .736627413E+01  .736112632E+01  .735513696E+01  .734830288E+01  .734062122E+01
  .733208946E+01  .732270539E+01  .731246712E+01  .730137311E+01  .728942214E+01
  .727661335E+01  .726294623E+01  .724842063E+01  .723303676E+01  .721679518E+01
  .719969685E+01  .718174309E+01  .716293561E+01  .714327650E+01  .712276825E+01
  .710141374E+01  .707921624E+01  .705617944E+01  .703230742E+01  .700760468E+01
  .698207612E+01  .695572707E+01  .692856327E+01  .690059088E+01  .687181648E+01
  .684224708E+01  .681189010E+01  .678075341E+01  .674884527E+01  .671617441E+01
  .668274995E+01  .664858147E+01  .661367895E+01  .657805282E+01  .654171390E+01
  .650467347E+01  .646694322E+01  .642853525E+01  .638946209E+01  .634973668E+01
  .630937237E+01  .626838291E+01  .622678247E+01  .618458561E+01  .614180729E+01
  .609846285E+01  .605456803E+01  .601013894E+01  .596519205E+01  .591974422E+01
  .587381265E+01  .582741491E+01  .578056890E+01  .573329286E+01  .568560535E+01
  .563752526E+01  .558907179E+01  .554026443E+01  .549112297E+01  .544166747E+01
  .539191827E+01  .534189595E+01  .529162136E+01  .524111556E+01  .519039986E+01
  .513949577E+01  .508842497E+01  .503720937E+01  .498587101E+01  .493443213E+01
  .488291507E+01  .483134233E+01  .477973651E+01  .472812031E+01  .467651654E+01
  .462494803E+01  .457343772E+01  .452200854E+01  .447068349E+01  .441948553E+01
  .436843765E+01  .431756278E+01  .426688384E+01  .421642368E+01  .416620506E+01
  .411625066E+01  .406658306E+01  .401722471E+01  .396819789E+01  .391952476E+01
  .387122728E+01  .382332722E+01  .377584616E+01  .372880542E+01  .368222609E+01
  .363612901E+01  .359053473E+01  .354546351E+01  .350093531E+01  .345696975E+01
  .341358613E+01  .337080336E+01  .332864001E+01  .328711425E+01  .324624385E+01
  .320604616E+01  .316653811E+01  .312773617E+01  .308965637E+01  .305231426E+01
  .301572492E+01  .297990290E+01  .294486230E+01  .291061665E+01  .287717898E+01
  .284456177E+01  .281277696E+01  .278183593E+01  .275174950E+01  .272252790E+01
  .269418080E+01  .266671727E+01  .264014577E+01  .261447420E+01  .258970983E+01
  .256585931E+01  .254292871E+01  .252092344E+01  .249984833E+01  .247970756E+01
  .246050469E+01  .244224267E+01  .242492380E+01  .240854975E+01  .239312156E+01
  .237863964E+01  .236510376E+01  .235251306E+01  .234086603E+01  .233016052E+01
  .232039374E+01  .231156225E+01  .230366197E+01  .229668816E+01  .229063544E+01
  .228549774E+01  .228126838E+01  .227793997E+01  .227550448E+01  .227395322E+01
  .227327680E+01  .227346519E+01  .227450769E+01  .227639291E+01  .227910883E+01
  .228264274E+01  .228698129E+01  .229211048E+01  .229801569E+01  .230468166E+01
  .231209252E+01  .232023181E+01  .232908251E+01  .233862701E+01  .234884718E+01
  .235972438E+01  .237123946E+01  .238337282E+01  .239610440E+01  .240941373E+01
  .242327992E+01  .243768175E+01  .245259762E+01  .246800561E+01  .248388351E+01
  .250020883E+01  .251695882E+01  .253411050E+01  .255164067E+01  .256952595E+01
  .258774279E+01  .260626748E+01  .262507618E+01  .264414493E+01  .266344970E+01
  .268296635E+01  .270267072E+01  .272253858E+01  .274254570E+01  .276266785E+01
  .278288080E+01  .280316037E+01  .282348243E+01  .284382293E+01  .286415789E+01
  .288446347E+01  .290471593E+01  .292489170E+01  .294496736E+01  .296491968E+01
  .298472562E+01  .300436238E+01  .302380738E+01  .304303831E+01  .306203312E+01
  .308077007E+01  .309922770E+01  .311738490E+01  .313522090E+01  .315271528E+01
  .316984800E+01  .318659941E+01  .320295027E+01  .321888176E+01  .323437549E+01
  .324941354E+01  .326397842E+01  .327805316E+01  .329162125E+01  .330466670E+01
  .331717403E+01  .332912828E+01  .334051503E+01  .335132042E+01  .336153114E+01
  .337113444E+01  .338011814E+01  .338847067E+01  .339618102E+01  .340323880E+01
  .340963420E+01  .341535803E+01  .342040172E+01  .342475730E+01  .342841743E+01
  .343137541E+01  .343362512E+01  .343516112E+01  .343597856E+01  .343607323E+01
  .343544155E+01  .343408057E+01  .343198797E+01  .342916202E+01  .342560166E+01
  .342130640E+01  .341627640E+01  .341051240E+01  .340401576E+01  .339678843E+01
  .338883294E+01  .338015238E+01  .337075053E+01  .336063146E+01  .334980024E+01
  .333826195E+01  .332602279E+01  .331308891E+01  .329946753E+01  .328516588E+01
  .327019214E+01  .325455455E+01  .323826225E+01  .322132440E+01  .320375107E+01
  .318555227E+01  .316673897E+01  .314732198E+01  .312731307E+01  .310672384E+01
  .308556680E+01  .306385425E+01  .304159938E+01  .301881515E+01  .299551538E+01
  .297171360E+01  .294742421E+01  .292266126E+01  .289743963E+01  .287177384E+01
  .284567921E+01  .281917063E+01  .279226380E+01  .276497395E+01  .273731708E+01
  .270930866E+01  .268096493E+01  .265230158E+01  .262333502E+01  .259408105E+01
  .256455621E+01  .253477636E+01  .250475808E+01  .247451726E+01  .244407045E+01
  .241343349E+01  .238262285E+01  .235165426E+01  .232054408E+01  .228930784E+01
  .225796171E+01  .222652103E+01  .219500173E+01  .216341884E+01  .213178800E+01
  .210012395E+01  .206844193E+01  .203675643E+01  .200508217E+01  .197343330E+01
  .194182410E+01  .191026823E+01  .187877954E+01  .184737120E+01  .181605653E+01
  .178484819E+01  .175375897E+01  .172280094E+01  .169198636E+01  .166132671E+01
  .163083363E+01  .160051802E+01  .157039089E+01  .154046250E+01  .151074326E+01
  .148124275E+01  .145197073E+01  .142293613E+01  .139414805E+01  .136561474E+01
  .133734461E+01  .130934526E+01  .128162442E+01  .125418898E+01  .122704600E+01
  .120020169E+01  .117366242E+01  .114743373E+01  .112152131E+01  .109593001E+01
  .107066485E+01  .104573001E+01  .102112986E+01  .996867918E+00  .972947894E+00
  .949372664E+00  .926145306E+00  .903268063E+00  .880743393E+00  .858572931E+00
  .836758535E+00  .815301246E+00  .794202346E+00  .773462307E+00  .753081858E+00
  .733060924E+00  .713399705E+00  .694097608E+00  .675154330E+00  .656568785E+00
  .638340196E+00  .620467080E+00  .602948013E+00  .585781284E+00  .568964980E+00
  .552496988E+00  .536375009E+00  .520596559E+00  .505158981E+00  .490059452E+00
  .475294988E+00  .460862457E+00  .446758582E+00  .432979952E+00  .419523025E+00
  .406384143E+00  .393559531E+00  .381045312E+00  .368837510E+00  .356932058E+00
  .345324804E+00  .334011522E+00  .322987915E+00  .312249623E+00  .301792228E+00
  .291611265E+00  .281702223E+00  .272060553E+00  .262681676E+00  .253560985E+00
  .244693854E+00  .236075641E+00  .227701694E+00  .219567355E+00  .211667968E+00
  .203998879E+00  .196555445E+00  .189333034E+00  .182327032E+00  .175532845E+00
  .168945905E+00  .162561670E+00  .156375630E+00  .150383310E+00  .144580269E+00
  .138962110E+00  .133524474E+00  .128263050E+00  .123173573E+00  .118251826E+00
  .113493642E+00  .108894909E+00  .104451567E+00  .100159612E+00  .960150965E-01
  .920141316E-01  .881528865E-01  .844275906E-01  .808345338E-01  .773700672E-01
  .740306037E-01  .708126189E-01  .677126505E-01  .647272997E-01  .618532305E-01
  .590871705E-01  .564259103E-01  .538663041E-01  .514052692E-01  .490397859E-01
  .467668974E-01  .445837096E-01  .424873905E-01  .404751700E-01  .385443397E-01
  .366922520E-01  .349163200E-01  .332140169E-01  .315828754E-01  .300204870E-01
  .285245019E-01  .270926276E-01  .257226289E-01  .244123272E-01  .231595993E-01
  .219623773E-01  .208186475E-01  .197264500E-01  .186838776E-01  .176890754E-01
  .167402398E-01  .158356178E-01  .149735063E-01  .141522514E-01  .133702472E-01
  .126259356E-01  .119178050E-01  .112443898E-01  .106042694E-01  .999606764E-02
  .941845170E-02  .887013146E-02  .834985863E-02  .785642594E-02  .738866633E-02
  .694545207E-02  .652569402E-02  .612834075E-02  .575237772E-02  .539682647E-02
  .506074380E-02  .474322093E-02  .444338270E-02  .416038675E-02  .389342269E-02
  .364171131E-02  .340450377E-02  .318108079E-02  .297075186E-02  .277285443E-02
  .258675317E-02  .241183913E-02  .224752902E-02  .209326443E-02  .194851106E-02
  .181275797E-02  .168551688E-02  .156632140E-02  .145472632E-02  .135030692E-02
  .125265826E-02  .116139447E-02  .107614813E-02  .996569544E-03  .922326140E-03
  .853101804E-03  .788596263E-03  .728524472E-03  .672616018E-03  .620614532E-03
  .572277119E-03  .527373803E-03  .485686979E-03  .447010892E-03  .411151116E-03
  .377924058E-03  .347156470E-03  .318684981E-03  .292355638E-03  .268023465E-03
  .245552037E-03  .224813060E-03  .205685979E-03  .188057589E-03  .171821663E-03
  .156878594E-03  .143135052E-03  .130503651E-03  .118902632E-03  .108255556E-03
  .984910131E-04  .895423412E-04  .813473567E-04  .738480987E-04  .669905832E-04
  .607245697E-04  .550033375E-04  .497834729E-04  .450246676E-04  .406895255E-04
  .367433804E-04  .331541224E-04  .298920335E-04  .269296315E-04  .242415229E-04
  .218042635E-04  .195962265E-04  .175974782E-04  .157896611E-04  .141558836E-04
  .126806159E-04  .113495926E-04  .101497210E-04  .906899509E-05  .809641508E-05
  .722191179E-05  .643627615E-05  .573109318E-05  .509868044E-05  .453203057E-05
  .402475777E-05  .357104797E-05  .316561257E-05  .280364533E-05  .248078248E-05
  .219306573E-05  .193690793E-05  .170906142E-05  .150658866E-05  .132683523E-05
  .116740483E-05  .102613633E-05  .901082579E-06  .790490966E-06  .692785566E-06
  .606550740E-06  .530516123E-06  .463542878E-06  .404611122E-06  .352808445E-06
  .307319437E-06  .267416132E-06  .232449323E-06  .201840651E-06  .175075427E-06
  .151696114E-06  .131296423E-06  .113515969E-06  .980354310E-07  .845721924E-07
  .728763970E-07  .627274018E-07  .539305812E-07  .463144553E-07  .397281105E-07
  .340388868E-07  .291303061E-07  .249002176E-07  .212591423E-07  .181287939E-07
  .154407610E-07  .131353338E-07  .111604609E-07  .947082236E-08  .802700818E-08
  .679479020E-08  .574447803E-08  .485034999E-08  .409015100E-08  .344465005E-08
  .289725073E-08  .243364896E-08  .204153254E-08  .171031773E-08  .143091876E-08
  .119554624E-08  .997531213E-09  .831171771E-09  .691599508E-09  .574663420E-09
  .476829120E-09  .395091456E-09  .326898882E-09  .270088070E-09  .222827475E-09
  .183568691E-09  .151004588E-09  .124033336E-09  .101727532E-09  .833077483E-10
  .681199101E-10  .556159613E-10  .453373817E-10  .369011483E-10  .299877994E-10
  .243313024E-10  .197104660E-10  .159416729E-10  .128727406E-10  .103777419E-10
  .835264471E-11  .671164526E-11  .538408941E-11  .431189625E-11  .344739817E-11
  .275154138E-11  .219238295E-11  .174384072E-11  .138465464E-11  .109752530E-11
  .868400722E-12  .685886814E-12  .540761066E-12  .425572008E-12  .334309963E-12
  .262136871E-12  .205165005E-12  .160276056E-12  .124973508E-12  .972623890E-13
  .755515242E-13  .585742137E-13  .453239979E-13  .350027347E-13  .269787132E-13
  .207529286E-13  .159319827E-13  .122063509E-13  .933298843E-14  .712143756E-14
  .542275323E-14  .412069384E-14  .312472821E-14  .236449578E-14  .178542734E-14
  .134529045E-14  .101147003E-14  .758832364E-15  .568050923E-15  .424297007E-15
  .316217980E-15  .235141676E-15  .174458294E-15  .129141267E-15  .953766954E-16
  .702773917E-16  .516627369E-16  .378895818E-16  .277226662E-16  .202355522E-16
  .147350644E-16  .107037980E-16  .775647822E-17  .560691411E-17  .404303662E-17
  .290808849E-17  .208648562E-17  .149321591E-17  .106591062E-17  .758929468E-18
  .538959199E-18  .381746927E-18  .269681822E-18  .190009566E-18  .133517462E-18
  .935686906E-19  .653949065E-19  .455794538E-19  .316808626E-19  .219592936E-19
  .151783283E-19  .104617512E-19  .719035420E-20  .492778945E-20  .336744417E-20
  .229448612E-20  .155882559E-20  .105590999E-20  .713121772E-21  .480173276E-21
  .322344127E-21  .215734171E-21  .143941280E-21  .957433865E-22  .634861360E-22
  .419648135E-22  .276514249E-22  .181620554E-22  .118909651E-22  .776002498E-23
  .504768502E-23  .327260511E-23  .211473634E-23  .136197479E-23  .874220517E-24
  .559243299E-24  .356530878E-24  .226515895E-24  .143414782E-24  .904838948E-25
  .568877998E-25  .356390181E-25  .222473985E-25  .138378215E-25  .857588983E-26
  .529543369E-26  .325778598E-26  .199677878E-26  .121930220E-26  .741744419E-27
  .449517050E-27  .271377809E-27  .163202201E-27  .977661124E-28  .583375749E-28
  .346731284E-28  .205262284E-28  .121027342E-28  .710726792E-29  .415674386E-29
  .242114981E-29  .140441097E-29  .811254539E-30  .466655692E-30  .267299724E-30
  .152457529E-30  .865831681E-31  .489596143E-31  .275643660E-31  .154507302E-31
  .862236405E-32  .479032854E-32  .264942106E-32  .145870824E-32  .799470734E-33
  .436152318E-33  .236842679E-33  .128012529E-33  .688652573E-34  .368712096E-34
  .196470942E-34  .104187853E-34  .549829007E-35  .288744588E-35  .150889644E-35
  .784599443E-36  .405941096E-36  .208971886E-36  .107030056E-36  .545380742E-37
  .276473157E-37  .139427397E-37  .699468172E-38  .349055975E-38  .173265433E-38
  .855462227E-39  .420091596E-39  .205174532E-39  .996600571E-40  .481414113E-40
  .231258741E-40  .110469060E-40  .524720090E-41  .247822360E-41  .116375118E-41
  .543334875E-42  .252199158E-42  .116377480E-42  .533855898E-43  .243438517E-43
  .110343033E-43  .497131173E-44  .222611428E-44  .990727170E-45  .438198088E-45
  .192608810E-45  .841299062E-46  .365150938E-46  .157478479E-46  .674800882E-47
  .287285967E-47  .121511133E-47  .510574371E-48  .213118651E-48  .883652451E-49
  .363929284E-49  .148869509E-49  .604818862E-50  .244035573E-50  .977836953E-51
  .389083071E-51  .153729682E-51  .603100072E-52  .234916688E-52  .908463755E-53
  .348776184E-53  .132925280E-53  .502881729E-54  .188841496E-54  .703847206E-55
  .260367567E-55  .955877958E-56  .348270343E-56  .125942086E-56  .452131736E-57
  .161275632E-57  .573814893E-58  .204787134E-58  .753527127E-59  .300833587E-59
  .149895414E-59  .115848968E-59  .000000000E+00  .000000000E+00  .000000000E+00
  .000000000E+00  .000000000E+00  .000000000E+00  .000000000E+00  .000000000E+00
  .000000000E+00  .000000000E+00  .000000000E+00  .000000000E+00  .000000000E+00
  .000000000E+00  .000000000E+00  .000000000E+00  .000000000E+00  .000000000E+00
  .000000000E+00  .000000000E+00  .000000000E+00  .000000000E+00  .000000000E+00
  .000000000E+00  .000000000E+00  .000000000E+00  .000000000E+00  .000000000E+00
  .000000000E+00  .000000000E+00  .000000000E+00  .000000000E+00  .000000000E+00
  .000000000E+00  .000000000E+00  .000000000E+00  .000000000E+00  .000000000E+00
  .000000000E+00  .000000000E+00  .000000000E+00  .000000000E+00  .000000000E+00
  .000000000E+00  .000000000E+00  .000000000E+00  .000000000E+00  .000000000E+00
  .000000000E+00  .000000000E+00  .000000000E+00  .000000000E+00  .000000000E+00
  .000000000E+00  .000000000E+00  .000000000E+00  .000000000E+00  .000000000E+00
  .000000000E+00  .000000000E+00  .000000000E+00  .000000000E+00  .000000000E+00
  .000000000E+00  .000000000E+00  .000000000E+00  .000000000E+00  .000000000E+00
  .000000000E+00  .000000000E+00  .000000000E+00  .000000000E+00  .000000000E+00
  .000000000E+00  .000000000E+00  .000000000E+00  .000000000E+00  .000000000E+00
  .000000000E+00  .000000000E+00  .000000000E+00  .000000000E+00  .000000000E+00
  .000000000E+00  .000000000E+00  .000000000E+00  .000000000E+00  .000000000E+00
  .000000000E+00  .000000000E+00  .000000000E+00  .000000000E+00  .000000000E+00
  .000000000E+00  .000000000E+00  .000000000E+00  .000000000E+00  .000000000E+00
  .000000000E+00  .000000000E+00  .000000000E+00  .000000000E+00  .000000000E+00
  .000000000E+00  .000000000E+00  .000000000E+00  .000000000E+00  .000000000E+00
