Sr: 4s4p5s                              
  .713975163E-02  .724991991E-02  .736178452E-02  .747537150E-02  .759070727E-02
  .770781868E-02  .782673296E-02  .794747779E-02  .807008123E-02  .819457182E-02
  .832097848E-02  .844933061E-02  .857965806E-02  .871199110E-02  .884636050E-02
  .898279748E-02  .912133374E-02  .926200146E-02  .940483331E-02  .954986247E-02
  .969712262E-02  .984664793E-02  .999847314E-02  .101526335E-01  .103091647E-01
  .104681032E-01  .106294857E-01  .107933498E-01  .109597334E-01  .111286752E-01
  .113002142E-01  .114743904E-01  .116512439E-01  .118308159E-01  .120131480E-01
  .121982823E-01  .123862618E-01  .125771300E-01  .127709311E-01  .129677099E-01
  .131675122E-01  .133703839E-01  .135763723E-01  .137855248E-01  .139978899E-01
  .142135167E-01  .144324550E-01  .146547556E-01  .148804697E-01  .151096496E-01
  .153423481E-01  .155786192E-01  .158185173E-01  .160620979E-01  .163094173E-01
  .165605324E-01  .168155014E-01  .170743830E-01  .173372370E-01  .176041240E-01
  .178751056E-01  .181502442E-01  .184296034E-01  .187132476E-01  .190012420E-01
  .192936531E-01  .195905482E-01  .198919958E-01  .201980652E-01  .205088269E-01
  .208243525E-01  .211447146E-01  .214699868E-01  .218002441E-01  .221355624E-01
  .224760188E-01  .228216915E-01  .231726601E-01  .235290051E-01  .238908085E-01
  .242581534E-01  .246311240E-01  .250098061E-01  .253942866E-01  .257846537E-01
  .261809969E-01  .265834072E-01  .269919769E-01  .274067996E-01  .278279704E-01
  .282555859E-01  .286897439E-01  .291305440E-01  .295780870E-01  .300324754E-01
  .304938133E-01  .309622061E-01  .314377611E-01  .319205869E-01  .324107939E-01
  .329084943E-01  .334138017E-01  .339268316E-01  .344477010E-01  .349765291E-01
  .355134364E-01  .360585454E-01  .366119806E-01  .371738681E-01  .377443361E-01
  .383235146E-01  .389115355E-01  .395085328E-01  .401146424E-01  .407300024E-01
  .413547528E-01  .419890357E-01  .426329954E-01  .432867783E-01  .439505331E-01
  .446244105E-01  .453085637E-01  .460031480E-01  .467083211E-01  .474242430E-01
  .481510762E-01  .488889856E-01  .496381383E-01  .503987042E-01  .511708557E-01
  .519547675E-01  .527506173E-01  .535585851E-01  .543788537E-01  .552116087E-01
  .560570383E-01  .569153337E-01  .577866887E-01  .586713001E-01  .595693678E-01
  .604810942E-01  .614066852E-01  .623463494E-01  .633002987E-01  .642687481E-01
  .652519156E-01  .662500227E-01  .672632941E-01  .682919577E-01  .693362448E-01
  .703963902E-01  .714726322E-01  .725652125E-01  .736743764E-01  .748003729E-01
  .759434545E-01  .771038777E-01  .782819024E-01  .794777928E-01  .806918165E-01
  .819242454E-01  .831753552E-01  .844454258E-01  .857347411E-01  .870435892E-01
  .883722625E-01  .897210576E-01  .910902754E-01  .924802214E-01  .938912055E-01
  .953235420E-01  .967775500E-01  .982535531E-01  .997518799E-01  .101272864E+00
  .102816842E+00  .104384159E+00  .105975161E+00  .107590203E+00  .109229642E+00
  .110893842E+00  .112583171E+00  .114298005E+00  .116038722E+00  .117805708E+00
  .119599353E+00  .121420054E+00  .123268212E+00  .125144237E+00  .127048542E+00
  .128981546E+00  .130943677E+00  .132935365E+00  .134957050E+00  .137009176E+00
  .139092195E+00  .141206564E+00  .143352747E+00  .145531216E+00  .147742449E+00
  .149986930E+00  .152265150E+00  .154577610E+00  .156924814E+00  .159307276E+00
  .161725517E+00  .164180064E+00  .166671454E+00  .169200229E+00  .171766941E+00
  .174372149E+00  .177016420E+00  .179700329E+00  .182424459E+00  .185189403E+00
  .187995759E+00  .190844138E+00  .193735156E+00  .196669439E+00  .199647623E+00
  .202670351E+00  .205738277E+00  .208852064E+00  .212012383E+00  .215219915E+00
  .218475353E+00  .221779396E+00  .225132756E+00  .228536153E+00  .231990318E+00
  .235495993E+00  .239053929E+00  .242664890E+00  .246329647E+00  .250048985E+00
  .253823698E+00  .257654594E+00  .261542489E+00  .265488212E+00  .269492603E+00
  .273556516E+00  .277680814E+00  .281866372E+00  .286114081E+00  .290424840E+00
  .294799562E+00  .299239175E+00  .303744616E+00  .308316837E+00  .312956804E+00
  .317665496E+00  .322443903E+00  .327293033E+00  .332213904E+00  .337207551E+00
  .342275020E+00  .347417375E+00  .352635693E+00  .357931065E+00  .363304597E+00
  .368757413E+00  .374290649E+00  .379905457E+00  .385603007E+00  .391384483E+00
  .397251085E+00  .403204031E+00  .409244554E+00  .415373904E+00  .421593349E+00
  .427904172E+00  .434307676E+00  .440805179E+00  .447398020E+00  .454087552E+00
  .460875150E+00  .467762206E+00  .474750129E+00  .481840349E+00  .489034314E+00
  .496333494E+00  .503739374E+00  .511253463E+00  .518877287E+00  .526612395E+00
  .534460355E+00  .542422755E+00  .550501206E+00  .558697339E+00  .567012806E+00
  .575449283E+00  .584008466E+00  .592692074E+00  .601501848E+00  .610439553E+00
  .619506975E+00  .628705926E+00  .638038239E+00  .647505772E+00  .657110409E+00
  .666854054E+00  .676738640E+00  .686766123E+00  .696938483E+00  .707257728E+00
  .717725890E+00  .728345028E+00  .739117227E+00  .750044598E+00  .761129281E+00
  .772373441E+00  .783779270E+00  .795348991E+00  .807084852E+00  .818989131E+00
  .831064134E+00  .843312196E+00  .855735681E+00  .868336985E+00  .881118530E+00
  .894082771E+00  .907232193E+00  .920569311E+00  .934096672E+00  .947816854E+00
  .961732466E+00  .975846152E+00  .990160584E+00  .100467847E+01  .101940255E+01
  .103433560E+01  .104948042E+01  .106483986E+01  .108041679E+01  .109621413E+01
  .111223481E+01  .112848181E+01  .114495816E+01  .116166691E+01  .117861113E+01
  .119579397E+01  .121321858E+01  .123088815E+01  .124880593E+01  .126697519E+01
  .128539924E+01  .130408144E+01  .132302517E+01  .134223386E+01  .136171098E+01
  .138146005E+01  .140148461E+01  .142178825E+01  .144237459E+01  .146324732E+01
  .148441015E+01  .150586682E+01  .152762114E+01  .154967695E+01  .157203813E+01
  .159470860E+01  .161769233E+01  .164099334E+01  .166461568E+01  .168856345E+01
  .171284080E+01  .173745192E+01  .176240104E+01  .178769244E+01  .181333046E+01
  .183931945E+01  .186566385E+01  .189236812E+01  .191943677E+01  .194687436E+01
  .197468550E+01  .200287484E+01  .203144709E+01  .206040700E+01  .208975936E+01
  .211950902E+01  .214966089E+01  .218021990E+01  .221119106E+01  .224257941E+01
  .227439004E+01  .230662809E+01  .233929877E+01  .237240732E+01  .240595904E+01
  .243995926E+01  .247441340E+01  .250932689E+01  .254470524E+01  .258055399E+01
  .261687875E+01  .265368518E+01  .269097898E+01  .272876590E+01  .276705175E+01
  .280584239E+01  .284514375E+01  .288496177E+01  .292530248E+01  .296617194E+01
  .300757627E+01  .304952165E+01  .309201430E+01  .313506049E+01  .317866655E+01
  .322283887E+01  .326758386E+01  .331290801E+01  .335881786E+01  .340531998E+01
  .345242102E+01  .350012766E+01  .354844664E+01  .359738474E+01  .364694880E+01
  .369714571E+01  .374798240E+01  .379946586E+01  .385160312E+01  .390440128E+01
  .395786745E+01  .401200883E+01  .406683263E+01  .412234613E+01  .417855664E+01
  .423547155E+01  .429309825E+01  .435144420E+01  .441051691E+01  .447032392E+01
  .453087281E+01  .459217121E+01  .465422680E+01  .471704728E+01  .478064041E+01
  .484501398E+01  .491017582E+01  .497613379E+01  .504289580E+01  .511046978E+01
  .517886371E+01  .524808560E+01  .531814348E+01  .538904543E+01  .546079955E+01
  .553341396E+01  .560689683E+01  .568125634E+01  .575650070E+01  .583263814E+01
  .590967692E+01  .598762531E+01  .606649162E+01  .614628416E+01  .622701125E+01
  .630868125E+01  .639130251E+01  .647488341E+01  .655943232E+01  .664495762E+01
  .673146772E+01  .681897101E+01  .690747589E+01  .699699075E+01  .708752399E+01
  .717908401E+01  .727167918E+01  .736531789E+01  .746000849E+01  .755575934E+01
  .765257877E+01  .775047509E+01  .784945660E+01  .794953157E+01  .805070823E+01
  .815299481E+01  .825639947E+01  .836093037E+01  .846659560E+01  .857340324E+01
  .868136129E+01  .879047774E+01  .890076050E+01  .901221744E+01  .912485636E+01
  .923868501E+01  .935371106E+01  .946994213E+01  .958738576E+01  .970604941E+01
  .982594046E+01  .994706621E+01  .100694339E+02  .101930505E+02  .103179233E+02
  .104440590E+02  .105714644E+02  .107001464E+02  .108301114E+02  .109613660E+02
  .110939164E+02  .112277690E+02  .113629297E+02  .114994047E+02  .116371995E+02
  .117763200E+02  .119167716E+02  .120585596E+02  .122016892E+02  .123461656E+02
  .124919934E+02  .126391773E+02  .127877218E+02  .129376313E+02  .130889097E+02
  .132415609E+02  .133955887E+02  .135509964E+02  .137077873E+02  .138659643E+02
  .140255304E+02  .141864879E+02  .143488391E+02  .145125861E+02  .146777307E+02
  .148442743E+02  .150122181E+02  .151815632E+02  .153523100E+02  .155244591E+02
  .156980104E+02  .158729636E+02  .160493184E+02  .162270736E+02  .164062281E+02
  .165867803E+02  .167687284E+02  .169520700E+02  .171368025E+02  .173229229E+02
  .175104279E+02  .176993137E+02  .178895762E+02  .180812107E+02  .182742124E+02
  .184685759E+02  .186642954E+02  .188613647E+02  .190597771E+02  .192595254E+02
  .194606023E+02  .196629995E+02  .198667087E+02  .200717208E+02  .202780264E+02
  .204856156E+02  .206944778E+02  .209046022E+02  .211159772E+02  .213285908E+02
  .215424305E+02  .217574832E+02  .219737353E+02  .221911726E+02  .224097803E+02
  .226295431E+02  .228504452E+02  .230724699E+02  .232956003E+02  .235198186E+02
  .237451065E+02  .239714453E+02  .241988152E+02  .244271962E+02  .246565674E+02
  .248869075E+02  .251181943E+02  .253504052E+02  .255835166E+02  .258175046E+02
  .260523445E+02  .262880107E+02  .265244773E+02  .267617174E+02  .269997035E+02
  .272384076E+02  .274778007E+02  .277178532E+02  .279585350E+02  .281998149E+02
  .284416613E+02  .286840418E+02  .289269231E+02  .291702716E+02  .294140525E+02
  .296582306E+02  .299027697E+02  .301476332E+02  .303927836E+02  .306381825E+02
  .308837912E+02  .311295698E+02  .313754780E+02  .316214747E+02  .318675180E+02
  .321135653E+02  .323595734E+02  .326054983E+02  .328512953E+02  .330969189E+02
  .333423231E+02  .335874611E+02  .338322854E+02  .340767479E+02  .343207997E+02
  .345643914E+02  .348074728E+02  .350499931E+02  .352919010E+02  .355331443E+02
  .357736706E+02  .360134264E+02  .362523580E+02  .364904110E+02  .367275304E+02
  .369636607E+02  .371987459E+02  .374327295E+02  .376655545E+02  .378971632E+02
  .381274978E+02  .383564999E+02  .385841107E+02  .388102710E+02  .390349212E+02
  .392580013E+02  .394794513E+02  .396992104E+02  .399172180E+02  .401334129E+02
  .403477338E+02  .405601194E+02  .407705080E+02  .409788378E+02  .411850470E+02
  .413890737E+02  .415908558E+02  .417903315E+02  .419874388E+02  .421821160E+02
  .423743011E+02  .425639327E+02  .427509493E+02  .429352898E+02  .431168932E+02
  .432956988E+02  .434716465E+02  .436446762E+02  .438147287E+02  .439817447E+02
  .441456660E+02  .443064346E+02  .444639933E+02  .446182853E+02  .447692549E+02
  .449168469E+02  .450610070E+02  .452016816E+02  .453388183E+02  .454723654E+02
  .456022724E+02  .457284899E+02  .458509693E+02  .459696636E+02  .460845269E+02
  .461955143E+02  .463025827E+02  .464056900E+02  .465047960E+02  .465998616E+02
  .466908495E+02  .467777240E+02  .468604510E+02  .469389983E+02  .470133354E+02
  .470834337E+02  .471492666E+02  .472108092E+02  .472680390E+02  .473209355E+02
  .473694801E+02  .474136567E+02  .474534514E+02  .474888526E+02  .475198511E+02
  .475464401E+02  .475686152E+02  .475863749E+02  .475997199E+02  .476086537E+02
  .476131825E+02  .476133154E+02  .476090641E+02  .476004432E+02  .475874703E+02
  .475701657E+02  .475485530E+02  .475226586E+02  .474925121E+02  .474581462E+02
  .474195965E+02  .473769022E+02  .473301054E+02  .472792516E+02  .472243896E+02
  .471655712E+02  .471028519E+02  .470362904E+02  .469659488E+02  .468918925E+02
  .468141904E+02  .467329147E+02  .466481412E+02  .465599489E+02  .464684204E+02
  .463736417E+02  .462757021E+02  .461746945E+02  .460707150E+02  .459638633E+02
  .458542423E+02  .457419583E+02  .456271210E+02  .455098432E+02  .453902412E+02
  .452684344E+02  .451445452E+02  .450186995E+02  .448910260E+02  .447616566E+02
  .446307259E+02  .444983718E+02  .443647347E+02  .442299579E+02  .440941875E+02
  .439575718E+02  .438202622E+02  .436824120E+02  .435441771E+02  .434057157E+02
  .432671880E+02  .431287561E+02  .429905842E+02  .428528382E+02  .427156857E+02
  .425792958E+02  .424438391E+02  .423094872E+02  .421764131E+02  .420447906E+02
  .419147945E+02  .417866000E+02  .416603830E+02  .415363196E+02  .414145864E+02
  .412953596E+02  .411788154E+02  .410651297E+02  .409544778E+02  .408470341E+02
  .407429725E+02  .406424654E+02  .405456840E+02  .404527981E+02  .403639758E+02
  .402793830E+02  .401991838E+02  .401235398E+02  .400526101E+02  .399865509E+02
  .399255157E+02  .398696546E+02  .398191143E+02  .397740378E+02  .397345645E+02
  .397008295E+02  .396729636E+02  .396510931E+02  .396353398E+02  .396258202E+02
  .396226458E+02  .396259227E+02  .396357513E+02  .396522263E+02  .396754363E+02
  .397054637E+02  .397423844E+02  .397862678E+02  .398371762E+02  .398951650E+02
  .399602824E+02  .400325692E+02  .401120586E+02  .401987759E+02  .402927387E+02
  .403939562E+02  .405024297E+02  .406181518E+02  .407411068E+02  .408712702E+02
  .410086087E+02  .411530802E+02  .413046335E+02  .414632083E+02  .416287351E+02
  .418011352E+02  .419803205E+02  .421661935E+02  .423586473E+02  .425575656E+02
  .427628225E+02  .429742825E+02  .431918010E+02  .434152236E+02  .436443864E+02
  .438791164E+02  .441192310E+02  .443645385E+02  .446148379E+02  .448699191E+02
  .451295630E+02  .453935419E+02  .456616191E+02  .459335494E+02  .462090794E+02
  .464879472E+02  .467698833E+02  .470546100E+02  .473418423E+02  .476312879E+02
  .479226474E+02  .482156146E+02  .485098768E+02  .488051153E+02  .491010053E+02
  .493972166E+02  .496934140E+02  .499892570E+02  .502844012E+02  .505784978E+02
  .508711944E+02  .511621354E+02  .514509625E+02  .517373147E+02  .520208293E+02
  .523011422E+02  .525778880E+02  .528507011E+02  .531192156E+02  .533830661E+02
  .536418884E+02  .538953196E+02  .541429987E+02  .543845674E+02  .546196704E+02
  .548479560E+02  .550690767E+02  .552826896E+02  .554884570E+02  .556860472E+02
  .558751346E+02  .560554005E+02  .562265338E+02  .563882312E+02  .565401981E+02
  .566821489E+02  .568138074E+02  .569349079E+02  .570451950E+02  .571444247E+02
  .572323647E+02  .573087946E+02  .573735070E+02  .574263073E+02  .574670149E+02
  .574954628E+02  .575114989E+02  .575149857E+02  .575058010E+02  .574838385E+02
  .574490078E+02  .574012347E+02  .573404622E+02  .572666497E+02  .571797743E+02
  .570798305E+02  .569668306E+02  .568408048E+02  .567018014E+02  .565498871E+02
  .563851469E+02  .562076845E+02  .560176220E+02  .558151000E+02  .556002779E+02
  .553733335E+02  .551344633E+02  .548838820E+02  .546218226E+02  .543485364E+02
  .540642924E+02  .537693774E+02  .534640957E+02  .531487686E+02  .528237342E+02
  .524893472E+02  .521459783E+02  .517940135E+02  .514338544E+02  .510659170E+02
  .506906313E+02  .503084411E+02  .499198029E+02  .495251857E+02  .491250700E+02
  .487199475E+02  .483103197E+02  .478966982E+02  .474796028E+02  .470595615E+02
  .466371092E+02  .462127873E+02  .457871425E+02  .453607258E+02  .449340919E+02
  .445077983E+02  .440824039E+02  .436584687E+02  .432365520E+02  .428172124E+02
  .424010060E+02  .419884857E+02  .415802002E+02  .411766932E+02  .407785019E+02
  .403861563E+02  .400001784E+02  .396210806E+02  .392493655E+02  .388855240E+02
  .385300353E+02  .381833651E+02  .378459651E+02  .375182722E+02  .372007070E+02
  .368936736E+02  .365975583E+02  .363127289E+02  .360395340E+02  .357783021E+02
  .355293407E+02  .352929359E+02  .350693516E+02  .348588287E+02  .346615848E+02
  .344778134E+02  .343076834E+02  .341513387E+02  .340088977E+02  .338804531E+02
  .337660710E+02  .336657916E+02  .335796278E+02  .335075659E+02  .334495651E+02
  .334055572E+02  .333754473E+02  .333591128E+02  .333564045E+02  .333671460E+02
  .333911343E+02  .334281400E+02  .334779075E+02  .335401556E+02  .336145778E+02
  .337008427E+02  .337985951E+02  .339074559E+02  .340270234E+02  .341568737E+02
  .342965618E+02  .344456222E+02  .346035698E+02  .347699011E+02  .349440950E+02
  .351256138E+02  .353139046E+02  .355083998E+02  .357085188E+02  .359136688E+02
  .361232463E+02  .363366379E+02  .365532218E+02  .367723690E+02  .369934445E+02
  .372158085E+02  .374388180E+02  .376618275E+02  .378841910E+02  .381052626E+02
  .383243983E+02  .385409570E+02  .387543021E+02  .389638022E+02  .391688331E+02
  .393687785E+02  .395630316E+02  .397509957E+02  .399320865E+02  .401057319E+02
  .402713746E+02  .404284717E+02  .405764971E+02  .407149415E+02  .408433144E+02
  .409611441E+02  .410679791E+02  .411633889E+02  .412469650E+02  .413183211E+02
  .413770945E+02  .414229463E+02  .414555621E+02  .414746526E+02  .414799541E+02
  .414712289E+02  .414482656E+02  .414108793E+02  .413589124E+02  .412922339E+02
  .412107405E+02  .411143557E+02  .410030306E+02  .408767434E+02  .407354994E+02
  .405793308E+02  .404082965E+02  .402224817E+02  .400219979E+02  .398069820E+02
  .395775963E+02  .393340275E+02  .390764867E+02  .388052085E+02  .385204503E+02
  .382224918E+02  .379116341E+02  .375881990E+02  .372525282E+02  .369049826E+02
  .365459410E+02  .361757997E+02  .357949711E+02  .354038833E+02  .350029784E+02
  .345927123E+02  .341735528E+02  .337459795E+02  .333104818E+02  .328675587E+02
  .324177171E+02  .319614713E+02  .314993410E+02  .310318515E+02  .305595314E+02
  .300829124E+02  .296025275E+02  .291189110E+02  .286325961E+02  .281441150E+02
  .276539972E+02  .271627691E+02  .266709521E+02  .261790628E+02  .256876109E+02
  .251970995E+02  .247080230E+02  .242208672E+02  .237361077E+02  .232542102E+02
  .227756281E+02  .223008038E+02  .218301658E+02  .213641303E+02  .209030984E+02
  .204474577E+02  .199975795E+02  .195538205E+02  .191165205E+02  .186860036E+02
  .182625761E+02  .178465281E+02  .174381314E+02  .170376407E+02  .166452922E+02
  .162613048E+02  .158858783E+02  .155191952E+02  .151614190E+02  .148126954E+02
  .144731517E+02  .141428972E+02  .138220231E+02  .135106029E+02  .132086926E+02
  .129163307E+02  .126335387E+02  .123603214E+02  .120966669E+02  .118425478E+02
  .115979205E+02  .113627264E+02  .111368920E+02  .109203296E+02  .107129375E+02
  .105146006E+02  .103251911E+02  .101445687E+02  .997258130E+01  .980906565E+01
  .965384757E+01  .950674291E+01  .936755769E+01  .923608906E+01  .911212550E+01
  .899544774E+01  .888582898E+01  .878303580E+01  .868682848E+01  .859696179E+01
  .851318540E+01  .843524470E+01  .836288113E+01  .829583310E+01  .823383634E+01
  .817662470E+01  .812393064E+01  .807548600E+01  .803102242E+01  .799027213E+01
  .795296844E+01  .791884633E+01  .788764314E+01  .785909884E+01  .783295693E+01
  .780896455E+01  .778687337E+01  .776643960E+01  .774742487E+01  .772959620E+01
  .771272678E+01  .769659591E+01  .768098975E+01  .766570117E+01  .765053048E+01
  .763528519E+01  .761978078E+01  .760384029E+01  .758729514E+01  .756998464E+01
  .755175676E+01  .753246761E+01  .751198216E+01  .749017369E+01  .746692443E+01
  .744212502E+01  .741567507E+01  .738748260E+01  .735746458E+01  .732554629E+01
  .729166181E+01  .725575342E+01  .721777199E+01  .717767635E+01  .713543369E+01
  .709101885E+01  .704441470E+01  .699561141E+01  .694460681E+01  .689140561E+01
  .683601975E+01  .677846760E+01  .671877428E+01  .665697085E+01  .659309457E+01
  .652718814E+01  .645929992E+01  .638948313E+01  .631779606E+01  .624430122E+01
  .616906565E+01  .609216024E+01  .601365909E+01  .593364079E+01  .585218534E+01
  .576937734E+01  .568530203E+01  .560004848E+01  .551370614E+01  .542636738E+01
  .533812464E+01  .524907260E+01  .515930539E+01  .506891901E+01  .497800824E+01
  .488666931E+01  .479499665E+01  .470308570E+01  .461102970E+01  .451892222E+01
  .442685452E+01  .433491753E+01  .424319957E+01  .415178828E+01  .406076824E+01
  .397022310E+01  .388023309E+01  .379087725E+01  .370223089E+01  .361436789E+01
  .352735819E+01  .344127007E+01  .335616766E+01  .327211331E+01  .318916504E+01
  .310737897E+01  .302680679E+01  .294749820E+01  .286949841E+01  .279285060E+01
  .271759340E+01  .264376344E+01  .257139282E+01  .250051162E+01  .243114547E+01
  .236331802E+01  .229704858E+01  .223235456E+01  .216924925E+01  .210774359E+01
  .204784547E+01  .198955990E+01  .193288918E+01  .187783291E+01  .182438812E+01
  .177254936E+01  .172230877E+01  .167365620E+01  .162657933E+01  .158106371E+01
  .153709294E+01  .149464875E+01  .145371108E+01  .141425821E+01  .137626688E+01
  .133971239E+01  .130456868E+01  .127080847E+01  .123840335E+01  .120732389E+01
  .117753971E+01  .114901961E+01  .112173167E+01  .109564328E+01  .107072130E+01
  .104693207E+01  .102424159E+01  .100261544E+01  .982019021E+00  .962417454E+00
  .943775775E+00  .926058881E+00  .909231672E+00  .893259005E+00  .878105836E+00
  .863737160E+00  .850118151E+00  .837214105E+00  .824990581E+00  .813413333E+00
  .802448470E+00  .792062384E+00  .782221910E+00  .772894263E+00  .764047201E+00
  .755648962E+00  .747668429E+00  .740075061E+00  .732839062E+00  .725931305E+00
  .719323496E+00  .712988085E+00  .706898434E+00  .701028707E+00  .695354037E+00
  .689850406E+00  .684494802E+00  .679265089E+00  .674140164E+00  .669099810E+00
  .664124855E+00  .659197015E+00  .654299050E+00  .649414599E+00  .644528338E+00
  .639625808E+00  .634693569E+00  .629719027E+00  .624690586E+00  .619597471E+00
  .614429881E+00  .609178809E+00  .603836190E+00  .598394726E+00  .592848029E+00
  .587190442E+00  .581417187E+00  .575524182E+00  .569508186E+00  .563366616E+00
  .557097692E+00  .550700254E+00  .544173904E+00  .537518820E+00  .530735899E+00
  .523826572E+00  .516792943E+00  .509637603E+00  .502363767E+00  .494975090E+00
  .487475798E+00  .479870507E+00  .472164348E+00  .464362789E+00  .456471756E+00
  .448497454E+00  .440446484E+00  .432325669E+00  .424142166E+00  .415903288E+00
  .407616621E+00  .399289840E+00  .390930831E+00  .382547503E+00  .374147907E+00
  .365740058E+00  .357332045E+00  .348931864E+00  .340547519E+00  .332186861E+00
  .323857697E+00  .315567623E+00  .307324140E+00  .299134501E+00  .291005778E+00
  .282944808E+00  .274958178E+00  .267052210E+00  .259232947E+00  .251506141E+00
  .243877242E+00  .236351390E+00  .228933407E+00  .221627797E+00  .214438736E+00
  .207370076E+00  .200425342E+00  .193607739E+00  .186920145E+00  .180365128E+00
  .173944940E+00  .167661532E+00  .161516554E+00  .155511371E+00  .149647064E+00
  .143924448E+00  .138344074E+00  .132906244E+00  .127611021E+00  .122458239E+00
  .117447517E+00  .112578265E+00  .107849701E+00  .103260858E+00  .988105985E-01
  .944976223E-01  .903204794E-01  .862775801E-01  .823672049E-01  .785875150E-01
  .749365619E-01  .714122967E-01  .680125791E-01  .647351865E-01  .615778219E-01
  .585381221E-01  .556136655E-01  .528019790E-01  .501005453E-01  .475068097E-01
  .450181855E-01  .426320611E-01  .403458048E-01  .381567707E-01  .360623036E-01
  .340597439E-01  .321464319E-01  .303197128E-01  .285769400E-01  .269154798E-01
  .253327146E-01  .238260467E-01  .223929013E-01  .210307300E-01  .197370139E-01
  .185092658E-01  .173450337E-01  .162419024E-01  .151974969E-01  .142094836E-01
  .132755729E-01  .123935212E-01  .115611323E-01  .107762590E-01  .100368048E-01
  .934072532E-02  .868602879E-02  .807077767E-02  .749308921E-02  .695113618E-02
  .644314740E-02  .596740815E-02  .552226039E-02  .510610284E-02  .471739102E-02
  .435463699E-02  .401640909E-02  .370133152E-02  .340808377E-02  .313540000E-02
  .288206824E-02  .264692956E-02  .242887710E-02  .222685503E-02  .203985746E-02
  .186692723E-02  .170715471E-02  .155967643E-02  .142367381E-02  .129837174E-02
  .118303717E-02  .107697768E-02  .979540017E-03  .890108613E-03  .808104138E-03
  .732982010E-03  .664230929E-03  .601371419E-03  .543954393E-03  .491559721E-03
  .443794841E-03  .400293384E-03  .360713834E-03  .324738220E-03  .292070847E-03
  .262437059E-03  .235582047E-03  .211269690E-03  .189281448E-03  .169415291E-03
  .151484671E-03  .135317538E-03  .120755404E-03  .107652443E-03  .958746406E-04
  .852989791E-04  .758126716E-04  .673124322E-04  .597037871E-04  .529004256E-04
  .468235880E-04  .414014899E-04  .365687826E-04  .322660465E-04  .284393177E-04
  .250396452E-04  .220226790E-04  .193482851E-04  .169801887E-04  .148856424E-04
  .130351190E-04  .114020270E-04  .996244774E-05  .869489303E-05  .758008164E-05
  .660073386E-05  .574138281E-05  .498820125E-05  .432884313E-05  .375229857E-05
  .324876154E-05  .280950914E-05  .242679170E-05  .209373295E-05  .180423925E-05
  .155291744E-05  .133500040E-05  .114627982E-05  .983045457E-06  .842030454E-06
  .720362095E-06  .615517562E-06  .525284233E-06  .447724105E-06  .381141967E-06
  .324056967E-06  .275177235E-06  .233377295E-06  .197677955E-06  .167228461E-06
  .141290656E-06  .119224967E-06  .100477999E-06  .845715904E-07  .710931647E-07
  .596872322E-07  .500479236E-07  .419124373E-07  .350552964E-07  .292833241E-07
  .244312549E-07  .203579049E-07  .169428382E-07  .140834664E-07  .116925318E-07
  .969592444E-08  .803079385E-08  .664391650E-08  .549028779E-08  .453190905E-08
  .373674435E-08  .307782480E-08  .253248074E-08  .208168456E-08  .170948918E-08
  .140254904E-08  .114971214E-08  .941673149E-09  .770678911E-09  .630278928E-09
  .515114199E-09  .420738871E-09  .343469852E-09  .280260191E-09  .228592662E-09
  .186390478E-09  .151942487E-09  .123840625E-09  .100927685E-09  .822537849E-10
  .670401433E-10  .546489783E-10  .445585434E-10  .363424521E-10  .296525824E-10
  .242049646E-10  .197681468E-10  .161536260E-10  .132079677E-10  .108063661E-10
  .884733496E-11  .724839134E-11  .594251032E-11  .487523590E-11  .400232538E-11
  .328783083E-11  .270253802E-11  .222269758E-11  .182899436E-11  .150571103E-11
  .124004958E-11  .102158136E-11  .841801333E-12  .693766898E-12  .571805346E-12
  .471276800E-12  .388382126E-12  .320007215E-12  .263596686E-12  .217051381E-12
  .178645115E-12  .146956981E-12  .120816262E-12  .992575384E-13  .814840690E-13
  .668378639E-13  .547752064E-13  .448465951E-13  .366802871E-13  .299687735E-13
  .244576517E-13  .199364554E-13  .162310884E-13  .131975753E-13  .107168927E-13
  .869069128E-14  .703775153E-14  .569104590E-14  .459530170E-14  .370497918E-14
  .298259342E-14  .239732150E-14  .192384663E-14  .154139913E-14  .123296091E-14
  .984606148E-15  .784954907E-15  .624720938E-15  .496337607E-15  .393648803E-15
  .311653809E-15  .246296950E-15  .194294387E-15  .152991677E-15  .120246802E-15
  .943342539E-16  .738665030E-16  .577298014E-16  .450317922E-16  .350588238E-16
  .272412316E-16  .211251498E-16  .163496673E-16  .126283473E-16  .973430630E-17
  .748818914E-17  .574849709E-17  .440382373E-17  .336663480E-17  .256829495E-17
  .195509970E-17  .148511578E-17  .112567066E-17  .851361896E-18  .642482119E-18
  .483775599E-18  .363458645E-18  .272449603E-18  .203764927E-18  .152046581E-18
  .113193030E-18  .840717905E-19  .622960059E-19  .460512114E-19  .339613119E-19
  .249851483E-19  .183368587E-19  .134247091E-19  .980422109E-20  .714234532E-20
  .519014299E-20  .376200756E-20  .271989993E-20  .196141774E-20  .141078912E-20
  .101209151E-20  .724158967E-21  .516767507E-21  .367785215E-21  .261048782E-21
  .184785501E-21  .130443767E-21  .918286760E-22  .644648699E-22  .451281854E-22
  .315023316E-22  .219279288E-22  .152195757E-22  .105328854E-22  .726811565E-23
  .500052553E-23  .343019202E-23  .234595518E-23  .159959092E-23  .108736526E-23
  .736900009E-24  .497848777E-24  .335298192E-24  .225112121E-24  .150657024E-24
  .100505903E-24  .668334977E-25  .442981830E-25  .292654571E-25  .192704064E-25
  .126468099E-25  .827206546E-26  .539234905E-26  .350316995E-26  .226804470E-26
  .146331266E-26  .940817943E-27  .602760419E-27  .384806293E-27  .244785361E-27
  .155153647E-27  .979848966E-28  .616544071E-28  .386512977E-28  .241404871E-28
  .150209327E-28  .931115398E-29  .574979781E-29  .353696452E-29  .216732679E-29
  .132287881E-29  .804273885E-30  .487037387E-30  .293752200E-30  .176460052E-30
  .105570839E-30  .629012918E-31  .373231937E-31  .220539902E-31  .129768740E-31
  .760348685E-32  .443609121E-32  .257702200E-32  .149056422E-32  .858386663E-33
  .492152401E-33  .280921634E-33  .159633532E-33  .903026981E-34  .508509625E-34
  .285038504E-34  .159036831E-34  .883213148E-35  .488191980E-35  .268569443E-35
  .147043832E-35  .801206671E-36  .434443177E-36  .234420235E-36  .125867551E-36
  .672468234E-37  .357479944E-37  .189075809E-37  .994963071E-38  .520890995E-38
  .271292430E-38  .140559870E-38  .724435322E-39  .371393337E-39  .189385309E-39
  .960544471E-40  .484539128E-40  .243086838E-40  .121281937E-40  .601746572E-41
  .296889278E-41  .145652926E-41  .710506391E-42  .344604506E-42  .166172080E-42
  .796634474E-43  .379667752E-43  .179875236E-43  .847113122E-44  .396545441E-44
  .184503676E-44  .853210950E-45  .392126156E-45  .179098393E-45  .812891117E-46
  .366628339E-46  .164304945E-46  .731617356E-47  .323670983E-47  .142261506E-47
  .621172462E-48  .269435775E-48  .116089658E-48  .496825382E-49  .211184754E-49
  .891551204E-50  .373793011E-50  .155629977E-50  .643440459E-51  .264150949E-51
  .107671350E-51  .435740171E-52  .175069140E-52  .698266268E-53  .276462803E-53
  .108650332E-53  .423817064E-54  .164078996E-54  .630418067E-55  .240369389E-55
  .909448389E-56  .341427647E-56  .127178640E-56  .469999562E-57  .172314263E-57
  .626697626E-58  .226089373E-58  .809021092E-59  .287125057E-59  .101061837E-59
  .352769020E-60  .122126186E-60  .419368626E-61  .142934393E-61  .485345771E-62
  .164873686E-62  .576008077E-63  .217167881E-63  .102509625E-63  .773472191E-64
  .000000000E+00  .000000000E+00  .000000000E+00  .000000000E+00  .000000000E+00
  .000000000E+00  .000000000E+00  .000000000E+00  .000000000E+00  .000000000E+00
  .000000000E+00  .000000000E+00  .000000000E+00  .000000000E+00  .000000000E+00
  .000000000E+00  .000000000E+00  .000000000E+00  .000000000E+00  .000000000E+00
  .000000000E+00  .000000000E+00  .000000000E+00  .000000000E+00  .000000000E+00
  .000000000E+00  .000000000E+00  .000000000E+00  .000000000E+00  .000000000E+00
  .000000000E+00  .000000000E+00  .000000000E+00  .000000000E+00  .000000000E+00
  .000000000E+00  .000000000E+00  .000000000E+00  .000000000E+00  .000000000E+00
  .000000000E+00  .000000000E+00  .000000000E+00  .000000000E+00  .000000000E+00
  .000000000E+00  .000000000E+00  .000000000E+00  .000000000E+00  .000000000E+00
  .000000000E+00  .000000000E+00  .000000000E+00  .000000000E+00  .000000000E+00
  .000000000E+00  .000000000E+00  .000000000E+00  .000000000E+00  .000000000E+00
  .000000000E+00  .000000000E+00  .000000000E+00  .000000000E+00  .000000000E+00
  .000000000E+00  .000000000E+00  .000000000E+00  .000000000E+00  .000000000E+00
  .000000000E+00  .000000000E+00  .000000000E+00  .000000000E+00  .000000000E+00
  .000000000E+00  .000000000E+00  .000000000E+00  .000000000E+00  .000000000E+00
  .000000000E+00  .000000000E+00  .000000000E+00  .000000000E+00  .000000000E+00
  .000000000E+00  .000000000E+00  .000000000E+00  .000000000E+00  .000000000E+00
  .000000000E+00  .000000000E+00  .000000000E+00  .000000000E+00  .000000000E+00
  .000000000E+00  .000000000E+00  .000000000E+00  .000000000E+00  .000000000E+00
  .000000000E+00  .000000000E+00  .000000000E+00  .000000000E+00  .000000000E+00
  .000000000E+00  .000000000E+00  .000000000E+00  .000000000E+00  .000000000E+00
  .000000000E+00  .000000000E+00  .000000000E+00  .000000000E+00  .000000000E+00
  .000000000E+00  .000000000E+00  .000000000E+00  .000000000E+00  .000000000E+00
  .000000000E+00  .000000000E+00  .000000000E+00  .000000000E+00  .000000000E+00
  .000000000E+00  .000000000E+00  .000000000E+00  .000000000E+00  .000000000E+00
  .000000000E+00  .000000000E+00  .000000000E+00  .000000000E+00  .000000000E+00
  .000000000E+00  .000000000E+00  .000000000E+00  .000000000E+00  .000000000E+00
  .000000000E+00  .000000000E+00  .000000000E+00  .000000000E+00  .000000000E+00
  .000000000E+00  .000000000E+00  .000000000E+00  .000000000E+00  .000000000E+00
  .000000000E+00  .000000000E+00  .000000000E+00  .000000000E+00  .000000000E+00
  .000000000E+00  .000000000E+00  .000000000E+00  .000000000E+00  .000000000E+00
  .000000000E+00  .000000000E+00  .000000000E+00  .000000000E+00  .000000000E+00
