  PAW Cr                                 
 100
Core Pot   L  =         .00000   -.29439
  -.30000000E+01  .14692713E+01
  -.29500000E+01  .14519662E+01
  -.29000000E+01  .14345207E+01
  -.28500000E+01  .14169295E+01
  -.28000000E+01  .13991871E+01
  -.27500000E+01  .13812882E+01
  -.27000000E+01  .13632271E+01
  -.26500000E+01  .13449983E+01
  -.26000000E+01  .13265961E+01
  -.25500000E+01  .13080146E+01
  -.25000000E+01  .12892477E+01
  -.24500000E+01  .12702894E+01
  -.24000000E+01  .12511332E+01
  -.23500000E+01  .12317727E+01
  -.23000000E+01  .12122012E+01
  -.22500000E+01  .11924117E+01
  -.22000000E+01  .11723970E+01
  -.21500000E+01  .11521497E+01
  -.21000000E+01  .11316621E+01
  -.20500000E+01  .11109262E+01
  -.20000000E+01  .10899337E+01
  -.19500000E+01  .10686760E+01
  -.19000000E+01  .10471441E+01
  -.18500000E+01  .10253286E+01
  -.18000000E+01  .10032198E+01
  -.17500000E+01  .98080745E+00
  -.17000000E+01  .95808093E+00
  -.16500000E+01  .93502910E+00
  -.16000000E+01  .91164031E+00
  -.15500000E+01  .88790236E+00
  -.15000000E+01  .86380245E+00
  -.14500000E+01  .83932716E+00
  -.14000000E+01  .81446240E+00
  -.13500000E+01  .78919334E+00
  -.13000000E+01  .76350441E+00
  -.12500000E+01  .73737919E+00
  -.12000000E+01  .71080041E+00
  -.11500000E+01  .68374984E+00
  -.11000000E+01  .65620822E+00
  -.10500000E+01  .62815525E+00
  -.10000000E+01  .59956942E+00
  -.95000000E+00  .57042798E+00
  -.90000000E+00  .54070684E+00
  -.85000000E+00  .51038045E+00
  -.80000000E+00  .47942167E+00
  -.75000000E+00  .44780169E+00
  -.70000000E+00  .41548987E+00
  -.65000000E+00  .38245356E+00
  -.60000000E+00  .34865798E+00
  -.55000000E+00  .31406601E+00
  -.50000000E+00  .27863800E+00
  -.45000000E+00  .24233154E+00
  -.40000000E+00  .20510120E+00
  -.35000000E+00  .16689830E+00
  -.30000000E+00  .12767054E+00
  -.25000000E+00  .87361716E-01
  -.20000000E+00  .45911318E-01
  -.15000000E+00  .32541027E-02
  -.10000000E+00 -.40680375E-01
  -.50000000E-01 -.85968299E-01
  -.22898350E-14 -.13269219E+00
   .50000000E-01 -.18094157E+00
   .10000000E+00 -.23081376E+00
   .15000000E+00 -.28241473E+00
   .20000000E+00 -.33586007E+00
   .25000000E+00 -.39127615E+00
   .30000000E+00 -.44880138E+00
   .35000000E+00 -.50858772E+00
   .40000000E+00 -.57080235E+00
   .45000000E+00 -.63562963E+00
   .50000000E+00 -.70327343E+00
   .55000000E+00 -.77395972E+00
   .60000000E+00 -.84793969E+00
   .65000000E+00 -.92549336E+00
   .70000000E+00 -.10069339E+01
   .75000000E+00 -.10926126E+01
   .80000000E+00 -.11829250E+01
   .85000000E+00 -.12783179E+01
   .90000000E+00 -.13792983E+01
   .95000000E+00 -.14864433E+01
   .10000000E+01 -.16004134E+01
   .10500000E+01 -.17219676E+01
   .11000000E+01 -.18519828E+01
   .11500000E+01 -.19914774E+01
   .12000000E+01 -.21416414E+01
   .12500000E+01 -.23038738E+01
   .13000000E+01 -.24798305E+01
   .13500000E+01 -.26714871E+01
   .14000000E+01 -.28812185E+01
   .14500000E+01 -.31119067E+01
   .15000000E+01 -.33670828E+01
   .15500000E+01 -.36511210E+01
   .16000000E+01 -.39695065E+01
   .16500000E+01 -.43292119E+01
   .17000000E+01 -.47392382E+01
   .17500000E+01 -.52114107E+01
   .18000000E+01 -.57615805E+01
   .18500000E+01 -.64114979E+01
   .19000000E+01 -.71918381E+01
   .19500000E+01 -.81473025E+01
   .20000000E+01 -.93456706E+01
Potential  L  =         .00000   -.29439
  -.30000000E+01  .14920405E+01
  -.29500000E+01  .14757559E+01
  -.29000000E+01  .14593104E+01
  -.28500000E+01  .14426995E+01
  -.28000000E+01  .14259186E+01
  -.27500000E+01  .14089629E+01
  -.27000000E+01  .13918275E+01
  -.26500000E+01  .13745069E+01
  -.26000000E+01  .13569959E+01
  -.25500000E+01  .13392885E+01
  -.25000000E+01  .13213787E+01
  -.24500000E+01  .13032604E+01
  -.24000000E+01  .12849268E+01
  -.23500000E+01  .12663710E+01
  -.23000000E+01  .12475857E+01
  -.22500000E+01  .12285633E+01
  -.22000000E+01  .12092958E+01
  -.21500000E+01  .11897746E+01
  -.21000000E+01  .11699908E+01
  -.20500000E+01  .11499351E+01
  -.20000000E+01  .11295975E+01
  -.19500000E+01  .11089676E+01
  -.19000000E+01  .10880342E+01
  -.18500000E+01  .10667857E+01
  -.18000000E+01  .10452096E+01
  -.17500000E+01  .10232929E+01
  -.17000000E+01  .10010215E+01
  -.16500000E+01  .97838075E+00
  -.16000000E+01  .95535477E+00
  -.15500000E+01  .93192684E+00
  -.15000000E+01  .90807910E+00
  -.14500000E+01  .88379248E+00
  -.14000000E+01  .85904663E+00
  -.13500000E+01  .83381976E+00
  -.13000000E+01  .80808855E+00
  -.12500000E+01  .78182798E+00
  -.12000000E+01  .75501117E+00
  -.11500000E+01  .72760923E+00
  -.11000000E+01  .69959103E+00
  -.10500000E+01  .67092296E+00
  -.10000000E+01  .64156872E+00
  -.95000000E+00  .61148902E+00
  -.90000000E+00  .58064123E+00
  -.85000000E+00  .54897905E+00
  -.80000000E+00  .51645205E+00
  -.75000000E+00  .48300525E+00
  -.70000000E+00  .44857854E+00
  -.65000000E+00  .41310607E+00
  -.60000000E+00  .37651557E+00
  -.55000000E+00  .33872742E+00
  -.50000000E+00  .29965383E+00
  -.45000000E+00  .25919765E+00
  -.40000000E+00  .21725109E+00
  -.35000000E+00  .17369422E+00
  -.30000000E+00  .12839318E+00
  -.25000000E+00  .81198065E-01
  -.20000000E+00  .31940422E-01
  -.15000000E+00 -.19569725E-01
  -.10000000E+00 -.73547476E-01
  -.50000000E-01 -.13023738E+00
  -.22898350E-14 -.18991869E+00
   .50000000E-01 -.25291181E+00
   .10000000E+00 -.31958619E+00
   .15000000E+00 -.39037018E+00
   .20000000E+00 -.46576329E+00
   .25000000E+00 -.54635170E+00
   .30000000E+00 -.63282799E+00
   .35000000E+00 -.72601655E+00
   .40000000E+00 -.82690662E+00
   .45000000E+00 -.93669576E+00
   .50000000E+00 -.10568479E+01
   .55000000E+00 -.11891722E+01
   .60000000E+00 -.13359308E+01
   .65000000E+00 -.14999910E+01
   .70000000E+00 -.16850422E+01
   .75000000E+00 -.18959134E+01
   .80000000E+00 -.21390512E+01
   .85000000E+00 -.24232588E+01
   .90000000E+00 -.27608824E+01
   .95000000E+00 -.31697945E+01
   .10000000E+01 -.36768757E+01
   .10500000E+01 -.43245116E+01
   .11000000E+01 -.51836571E+01
   .11500000E+01 -.63827910E+01
   .12000000E+01 -.81810339E+01
   .12500000E+01 -.11190814E+02
   .13000000E+01 -.17291473E+02
   .13500000E+01 -.36414463E+02
   .14000000E+01  .51966737E+03
   .14500000E+01  .32805546E+02
   .15000000E+01  .17135643E+02
   .15500000E+01  .11670686E+02
   .16000000E+01  .88817409E+01
   .16500000E+01  .71840572E+01
   .17000000E+01  .60378128E+01
   .17500000E+01  .52087505E+01
   .18000000E+01  .45787718E+01
   .18500000E+01  .40818773E+01
   .19000000E+01  .36782881E+01
   .19500000E+01  .33425993E+01
   .20000000E+01  .30578231E+01
Core Pot   L  =        1.00000   -.40000
  -.30000000E+01  .20788761E+01
  -.29500000E+01  .19954914E+01
  -.29000000E+01  .19293355E+01
  -.28500000E+01  .18745621E+01
  -.28000000E+01  .18276855E+01
  -.27500000E+01  .17864976E+01
  -.27000000E+01  .17495314E+01
  -.26500000E+01  .17157737E+01
  -.26000000E+01  .16845023E+01
  -.25500000E+01  .16551876E+01
  -.25000000E+01  .16274326E+01
  -.24500000E+01  .16009335E+01
  -.24000000E+01  .15754537E+01
  -.23500000E+01  .15508056E+01
  -.23000000E+01  .15268388E+01
  -.22500000E+01  .15034309E+01
  -.22000000E+01  .14804812E+01
  -.21500000E+01  .14579056E+01
  -.21000000E+01  .14356336E+01
  -.20500000E+01  .14136051E+01
  -.20000000E+01  .13917688E+01
  -.19500000E+01  .13700799E+01
  -.19000000E+01  .13484996E+01
  -.18500000E+01  .13269936E+01
  -.18000000E+01  .13055315E+01
  -.17500000E+01  .12840858E+01
  -.17000000E+01  .12626319E+01
  -.16500000E+01  .12411474E+01
  -.16000000E+01  .12196116E+01
  -.15500000E+01  .11980055E+01
  -.15000000E+01  .11763111E+01
  -.14500000E+01  .11545119E+01
  -.14000000E+01  .11325918E+01
  -.13500000E+01  .11105357E+01
  -.13000000E+01  .10883292E+01
  -.12500000E+01  .10659581E+01
  -.12000000E+01  .10434087E+01
  -.11500000E+01  .10206675E+01
  -.11000000E+01  .99772127E+00
  -.10500000E+01  .97455687E+00
  -.10000000E+01  .95116115E+00
  -.95000000E+00  .92752098E+00
  -.90000000E+00  .90362311E+00
  -.85000000E+00  .87945415E+00
  -.80000000E+00  .85500052E+00
  -.75000000E+00  .83024837E+00
  -.70000000E+00  .80518353E+00
  -.65000000E+00  .77979149E+00
  -.60000000E+00  .75405730E+00
  -.55000000E+00  .72796556E+00
  -.50000000E+00  .70150032E+00
  -.45000000E+00  .67464506E+00
  -.40000000E+00  .64738263E+00
  -.35000000E+00  .61969515E+00
  -.30000000E+00  .59156400E+00
  -.25000000E+00  .56296970E+00
  -.20000000E+00  .53389187E+00
  -.15000000E+00  .50430915E+00
  -.10000000E+00  .47419911E+00
  -.50000000E-01  .44353817E+00
  -.22898350E-14  .41230148E+00
   .50000000E-01  .38046285E+00
   .10000000E+00  .34799463E+00
   .15000000E+00  .31486756E+00
   .20000000E+00  .28105068E+00
   .25000000E+00  .24651117E+00
   .30000000E+00  .21121418E+00
   .35000000E+00  .17512266E+00
   .40000000E+00  .13819720E+00
   .45000000E+00  .10039578E+00
   .50000000E+00  .61673586E-01
   .55000000E+00  .21982712E-01
   .60000000E+00 -.18728089E-01
   .65000000E+00 -.60513725E-01
   .70000000E+00 -.10343311E+00
   .75000000E+00 -.14754955E+00
   .80000000E+00 -.19293116E+00
   .85000000E+00 -.23965135E+00
   .90000000E+00 -.28778937E+00
   .95000000E+00 -.33743089E+00
   .10000000E+01 -.38866869E+00
   .10500000E+01 -.44160342E+00
   .11000000E+01 -.49634448E+00
   .11500000E+01 -.55301096E+00
   .12000000E+01 -.61173281E+00
   .12500000E+01 -.67265206E+00
   .13000000E+01 -.73592430E+00
   .13500000E+01 -.80172034E+00
   .14000000E+01 -.87022814E+00
   .14500000E+01 -.94165501E+00
   .15000000E+01 -.10162302E+01
   .15500000E+01 -.10942079E+01
   .16000000E+01 -.11758708E+01
   .16500000E+01 -.12615339E+01
   .17000000E+01 -.13515497E+01
   .17500000E+01 -.14463138E+01
   .18000000E+01 -.15462717E+01
   .18500000E+01 -.16519269E+01
   .19000000E+01 -.17638506E+01
   .19500000E+01 -.18826938E+01
   .20000000E+01 -.20092014E+01
Potential  L  =        1.00000   -.40000
  -.30000000E+01  .16325134E+01
  -.29500000E+01  .16179556E+01
  -.29000000E+01  .16032875E+01
  -.28500000E+01  .15885067E+01
  -.28000000E+01  .15736110E+01
  -.27500000E+01  .15585980E+01
  -.27000000E+01  .15434651E+01
  -.26500000E+01  .15282098E+01
  -.26000000E+01  .15128296E+01
  -.25500000E+01  .14973216E+01
  -.25000000E+01  .14816830E+01
  -.24500000E+01  .14659110E+01
  -.24000000E+01  .14500025E+01
  -.23500000E+01  .14339545E+01
  -.23000000E+01  .14177636E+01
  -.22500000E+01  .14014266E+01
  -.22000000E+01  .13849400E+01
  -.21500000E+01  .13683002E+01
  -.21000000E+01  .13515035E+01
  -.20500000E+01  .13345461E+01
  -.20000000E+01  .13174239E+01
  -.19500000E+01  .13001330E+01
  -.19000000E+01  .12826688E+01
  -.18500000E+01  .12650271E+01
  -.18000000E+01  .12472030E+01
  -.17500000E+01  .12291920E+01
  -.17000000E+01  .12109888E+01
  -.16500000E+01  .11925884E+01
  -.16000000E+01  .11739852E+01
  -.15500000E+01  .11551737E+01
  -.15000000E+01  .11361479E+01
  -.14500000E+01  .11169018E+01
  -.14000000E+01  .10974289E+01
  -.13500000E+01  .10777225E+01
  -.13000000E+01  .10577757E+01
  -.12500000E+01  .10375812E+01
  -.12000000E+01  .10171315E+01
  -.11500000E+01  .99641844E+00
  -.11000000E+01  .97543386E+00
  -.10500000E+01  .95416900E+00
  -.10000000E+01  .93261475E+00
  -.95000000E+00  .91076153E+00
  -.90000000E+00  .88859932E+00
  -.85000000E+00  .86611759E+00
  -.80000000E+00  .84330530E+00
  -.75000000E+00  .82015081E+00
  -.70000000E+00  .79664192E+00
  -.65000000E+00  .77276576E+00
  -.60000000E+00  .74850880E+00
  -.55000000E+00  .72385676E+00
  -.50000000E+00  .69879459E+00
  -.45000000E+00  .67330639E+00
  -.40000000E+00  .64737537E+00
  -.35000000E+00  .62098378E+00
  -.30000000E+00  .59411283E+00
  -.25000000E+00  .56674261E+00
  -.20000000E+00  .53885202E+00
  -.15000000E+00  .51041868E+00
  -.10000000E+00  .48141878E+00
  -.50000000E-01  .45182703E+00
  -.22898350E-14  .42161652E+00
   .50000000E-01  .39075854E+00
   .10000000E+00  .35922250E+00
   .15000000E+00  .32697570E+00
   .20000000E+00  .29398321E+00
   .25000000E+00  .26020762E+00
   .30000000E+00  .22560881E+00
   .35000000E+00  .19014377E+00
   .40000000E+00  .15376624E+00
   .45000000E+00  .11642645E+00
   .50000000E+00  .78070763E-01
   .55000000E+00  .38641273E-01
   .60000000E+00 -.19246055E-02
   .65000000E+00 -.43694647E-01
   .70000000E+00 -.86742358E-01
   .75000000E+00 -.13114761E+00
   .80000000E+00 -.17699734E+00
   .85000000E+00 -.22438635E+00
   .90000000E+00 -.27341828E+00
   .95000000E+00 -.32420656E+00
   .10000000E+01 -.37687571E+00
   .10500000E+01 -.43156269E+00
   .11000000E+01 -.48841851E+00
   .11500000E+01 -.54761006E+00
   .12000000E+01 -.60932234E+00
   .12500000E+01 -.67376090E+00
   .13000000E+01 -.74115489E+00
   .13500000E+01 -.81176046E+00
   .14000000E+01 -.88586498E+00
   .14500000E+01 -.96379187E+00
   .15000000E+01 -.10459065E+01
   .15500000E+01 -.11326233E+01
   .16000000E+01 -.12244140E+01
   .16500000E+01 -.13218186E+01
   .17000000E+01 -.14254575E+01
   .17500000E+01 -.15360471E+01
   .18000000E+01 -.16544199E+01
   .18500000E+01 -.17815482E+01
   .19000000E+01 -.19185754E+01
   .19500000E+01 -.20668549E+01
   .20000000E+01 -.22280010E+01
Core Pot   L  =        2.00000   -.21484
  -.30000000E+01  .17498521E+01
  -.29500000E+01  .17350968E+01
  -.29000000E+01  .17201953E+01
  -.28500000E+01  .17051426E+01
  -.28000000E+01  .16899334E+01
  -.27500000E+01  .16745621E+01
  -.27000000E+01  .16590226E+01
  -.26500000E+01  .16433087E+01
  -.26000000E+01  .16274136E+01
  -.25500000E+01  .16113299E+01
  -.25000000E+01  .15950499E+01
  -.24500000E+01  .15785654E+01
  -.24000000E+01  .15618674E+01
  -.23500000E+01  .15449464E+01
  -.23000000E+01  .15277920E+01
  -.22500000E+01  .15103932E+01
  -.22000000E+01  .14927379E+01
  -.21500000E+01  .14748132E+01
  -.21000000E+01  .14566048E+01
  -.20500000E+01  .14380974E+01
  -.20000000E+01  .14192742E+01
  -.19500000E+01  .14001171E+01
  -.19000000E+01  .13806057E+01
  -.18500000E+01  .13607183E+01
  -.18000000E+01  .13404303E+01
  -.17500000E+01  .13197150E+01
  -.17000000E+01  .12985427E+01
  -.16500000E+01  .12768801E+01
  -.16000000E+01  .12546905E+01
  -.15500000E+01  .12319323E+01
  -.15000000E+01  .12085593E+01
  -.14500000E+01  .11845187E+01
  -.14000000E+01  .11597512E+01
  -.13500000E+01  .11341890E+01
  -.13000000E+01  .11077546E+01
  -.12500000E+01  .10803587E+01
  -.12000000E+01  .10518983E+01
  -.11500000E+01  .10222532E+01
  -.11000000E+01  .99128284E+00
  -.10500000E+01  .95882145E+00
  -.10000000E+01  .92467198E+00
  -.95000000E+00  .88859842E+00
  -.90000000E+00  .85031542E+00
  -.85000000E+00  .80947469E+00
  -.80000000E+00  .76564633E+00
  -.75000000E+00  .71829341E+00
  -.70000000E+00  .66673610E+00
  -.65000000E+00  .61010056E+00
  -.60000000E+00  .54724403E+00
  -.55000000E+00  .47664241E+00
  -.50000000E+00  .39621615E+00
  -.45000000E+00  .30305130E+00
  -.40000000E+00  .19293341E+00
  -.35000000E+00  .59529846E-01
  -.30000000E+00 -.10713377E+00
  -.25000000E+00 -.32373314E+00
  -.20000000E+00 -.62041277E+00
  -.15000000E+00 -.10578303E+01
  -.10000000E+00 -.17788546E+01
  -.50000000E-01 -.32192500E+01
  -.22898350E-14 -.76475185E+01
   .50000000E-01  .16806130E+03
   .10000000E+00  .87112487E+01
   .15000000E+00  .48846295E+01
   .20000000E+00  .35543729E+01
   .25000000E+00  .28706494E+01
   .30000000E+00  .24491415E+01
   .35000000E+00  .21596651E+01
   .40000000E+00  .19459060E+01
   .45000000E+00  .17795313E+01
   .50000000E+00  .16447288E+01
   .55000000E+00  .15319762E+01
   .60000000E+00  .14351951E+01
   .65000000E+00  .13503213E+01
   .70000000E+00  .12745332E+01
   .75000000E+00  .12058090E+01
   .80000000E+00  .11426610E+01
   .85000000E+00  .10839689E+01
   .90000000E+00  .10288721E+01
   .95000000E+00  .97669722E+00
   .10000000E+01  .92690898E+00
   .10500000E+01  .87907555E+00
   .11000000E+01  .83284373E+00
   .11500000E+01  .78792093E+00
   .12000000E+01  .74406177E+00
   .12500000E+01  .70105808E+00
   .13000000E+01  .65873124E+00
   .13500000E+01  .61692623E+00
   .14000000E+01  .57550705E+00
   .14500000E+01  .53435305E+00
   .15000000E+01  .49335602E+00
   .15500000E+01  .45241781E+00
   .16000000E+01  .41144843E+00
   .16500000E+01  .37036442E+00
   .17000000E+01  .32908756E+00
   .17500000E+01  .28754369E+00
   .18000000E+01  .24566179E+00
   .18500000E+01  .20337309E+00
   .19000000E+01  .16061036E+00
   .19500000E+01  .11730723E+00
   .20000000E+01  .73397550E-01
Potential  L  =        2.00000   -.21484
  -.30000000E+01  .15818047E+01
  -.29500000E+01  .15639773E+01
  -.29000000E+01  .15459161E+01
  -.28500000E+01  .15276130E+01
  -.28000000E+01  .15090592E+01
  -.27500000E+01  .14902457E+01
  -.27000000E+01  .14711629E+01
  -.26500000E+01  .14518004E+01
  -.26000000E+01  .14321477E+01
  -.25500000E+01  .14121934E+01
  -.25000000E+01  .13919255E+01
  -.24500000E+01  .13713314E+01
  -.24000000E+01  .13503974E+01
  -.23500000E+01  .13291094E+01
  -.23000000E+01  .13074522E+01
  -.22500000E+01  .12854097E+01
  -.22000000E+01  .12629648E+01
  -.21500000E+01  .12400991E+01
  -.21000000E+01  .12167933E+01
  -.20500000E+01  .11930264E+01
  -.20000000E+01  .11687764E+01
  -.19500000E+01  .11440194E+01
  -.19000000E+01  .11187299E+01
  -.18500000E+01  .10928807E+01
  -.18000000E+01  .10664423E+01
  -.17500000E+01  .10393833E+01
  -.17000000E+01  .10116696E+01
  -.16500000E+01  .98326451E+00
  -.16000000E+01  .95412837E+00
  -.15500000E+01  .92421831E+00
  -.15000000E+01  .89348779E+00
  -.14500000E+01  .86188632E+00
  -.14000000E+01  .82935894E+00
  -.13500000E+01  .79584577E+00
  -.13000000E+01  .76128139E+00
  -.12500000E+01  .72559424E+00
  -.12000000E+01  .68870579E+00
  -.11500000E+01  .65052977E+00
  -.11000000E+01  .61097110E+00
  -.10500000E+01  .56992477E+00
  -.10000000E+01  .52727450E+00
  -.95000000E+00  .48289117E+00
  -.90000000E+00  .43663096E+00
  -.85000000E+00  .38833325E+00
  -.80000000E+00  .33781805E+00
  -.75000000E+00  .28488294E+00
  -.70000000E+00  .22929953E+00
  -.65000000E+00  .17080908E+00
  -.60000000E+00  .10911727E+00
  -.55000000E+00  .43887902E-01
  -.50000000E+00 -.25264892E-01
  -.45000000E+00 -.98786178E-01
  -.40000000E+00 -.17719205E+00
  -.35000000E+00 -.26108441E+00
  -.30000000E+00 -.35116963E+00
  -.25000000E+00 -.44828223E+00
  -.20000000E+00 -.55341541E+00
  -.15000000E+00 -.66776065E+00
  -.10000000E+00 -.79275987E+00
  -.50000000E-01 -.93017493E+00
  -.22898350E-14 -.10821816E+01
   .50000000E-01 -.12514989E+01
   .10000000E+00 -.14415698E+01
   .15000000E+00 -.16568197E+01
   .20000000E+00 -.19030337E+01
   .25000000E+00 -.21879226E+01
   .30000000E+00 -.25219969E+01
   .35000000E+00 -.29199647E+01
   .40000000E+00 -.34030598E+01
   .45000000E+00 -.40031130E+01
   .50000000E+00 -.47701053E+01
   .55000000E+00 -.57872571E+01
   .60000000E+00 -.72041701E+01
   .65000000E+00 -.93195038E+01
   .70000000E+00 -.12828204E+02
   .75000000E+00 -.19805054E+02
   .80000000E+00 -.40504824E+02
   .85000000E+00 -.29013232E+04
   .90000000E+00  .44034643E+02
   .95000000E+00  .22410614E+02
   .10000000E+01  .15262141E+02
   .10500000E+01  .11692790E+02
   .11000000E+01  .95487405E+01
   .11500000E+01  .81155461E+01
   .12000000E+01  .70878648E+01
   .12500000E+01  .63133033E+01
   .13000000E+01  .57073071E+01
   .13500000E+01  .52191922E+01
   .14000000E+01  .48167284E+01
   .14500000E+01  .44784413E+01
   .15000000E+01  .41894704E+01
   .15500000E+01  .39392048E+01
   .16000000E+01  .37198651E+01
   .16500000E+01  .35256180E+01
   .17000000E+01  .33520028E+01
   .17500000E+01  .31955505E+01
   .18000000E+01  .30535222E+01
   .18500000E+01  .29237263E+01
   .19000000E+01  .28043886E+01
   .19500000E+01  .26940568E+01
   .20000000E+01  .25915308E+01
Core Pot   L  =        3.00000    .00000
  -.30000000E+01  .20742969E+01
  -.29500000E+01  .20626156E+01
  -.29000000E+01  .20508746E+01
  -.28500000E+01  .20390731E+01
  -.28000000E+01  .20272102E+01
  -.27500000E+01  .20152850E+01
  -.27000000E+01  .20032967E+01
  -.26500000E+01  .19912442E+01
  -.26000000E+01  .19791267E+01
  -.25500000E+01  .19669431E+01
  -.25000000E+01  .19546925E+01
  -.24500000E+01  .19423738E+01
  -.24000000E+01  .19299860E+01
  -.23500000E+01  .19175279E+01
  -.23000000E+01  .19049986E+01
  -.22500000E+01  .18923969E+01
  -.22000000E+01  .18797215E+01
  -.21500000E+01  .18669714E+01
  -.21000000E+01  .18541453E+01
  -.20500000E+01  .18412420E+01
  -.20000000E+01  .18282602E+01
  -.19500000E+01  .18151986E+01
  -.19000000E+01  .18020558E+01
  -.18500000E+01  .17888304E+01
  -.18000000E+01  .17755211E+01
  -.17500000E+01  .17621264E+01
  -.17000000E+01  .17486448E+01
  -.16500000E+01  .17350748E+01
  -.16000000E+01  .17214147E+01
  -.15500000E+01  .17076630E+01
  -.15000000E+01  .16938180E+01
  -.14500000E+01  .16798780E+01
  -.14000000E+01  .16658412E+01
  -.13500000E+01  .16517058E+01
  -.13000000E+01  .16374700E+01
  -.12500000E+01  .16231318E+01
  -.12000000E+01  .16086893E+01
  -.11500000E+01  .15941404E+01
  -.11000000E+01  .15794830E+01
  -.10500000E+01  .15647151E+01
  -.10000000E+01  .15498342E+01
  -.95000000E+00  .15348383E+01
  -.90000000E+00  .15197248E+01
  -.85000000E+00  .15044914E+01
  -.80000000E+00  .14891356E+01
  -.75000000E+00  .14736546E+01
  -.70000000E+00  .14580460E+01
  -.65000000E+00  .14423069E+01
  -.60000000E+00  .14264344E+01
  -.55000000E+00  .14104256E+01
  -.50000000E+00  .13942775E+01
  -.45000000E+00  .13779868E+01
  -.40000000E+00  .13615503E+01
  -.35000000E+00  .13449647E+01
  -.30000000E+00  .13282264E+01
  -.25000000E+00  .13113318E+01
  -.20000000E+00  .12942771E+01
  -.15000000E+00  .12770586E+01
  -.10000000E+00  .12596720E+01
  -.50000000E-01  .12421133E+01
  -.22898350E-14  .12243782E+01
   .50000000E-01  .12064620E+01
   .10000000E+00  .11883602E+01
   .15000000E+00  .11700678E+01
   .20000000E+00  .11515799E+01
   .25000000E+00  .11328911E+01
   .30000000E+00  .11139961E+01
   .35000000E+00  .10948891E+01
   .40000000E+00  .10755642E+01
   .45000000E+00  .10560153E+01
   .50000000E+00  .10362359E+01
   .55000000E+00  .10162194E+01
   .60000000E+00  .99595871E+00
   .65000000E+00  .97544664E+00
   .70000000E+00  .95467554E+00
   .75000000E+00  .93363747E+00
   .80000000E+00  .91232411E+00
   .85000000E+00  .89072677E+00
   .90000000E+00  .86883635E+00
   .95000000E+00  .84664333E+00
   .10000000E+01  .82413773E+00
   .10500000E+01  .80130908E+00
   .11000000E+01  .77814640E+00
   .11500000E+01  .75463816E+00
   .12000000E+01  .73077226E+00
   .12500000E+01  .70653598E+00
   .13000000E+01  .68191591E+00
   .13500000E+01  .65689798E+00
   .14000000E+01  .63146732E+00
   .14500000E+01  .60560828E+00
   .15000000E+01  .57930435E+00
   .15500000E+01  .55253809E+00
   .16000000E+01  .52529107E+00
   .16500000E+01  .49754379E+00
   .17000000E+01  .46927562E+00
   .17500000E+01  .44046469E+00
   .18000000E+01  .41108782E+00
   .18500000E+01  .38112039E+00
   .19000000E+01  .35053626E+00
   .19500000E+01  .31930760E+00
   .20000000E+01  .28740479E+00
Potential  L  =        3.00000    .00000
  -.30000000E+01  .20761008E+01
  -.29500000E+01  .20644659E+01
  -.29000000E+01  .20527727E+01
  -.28500000E+01  .20410206E+01
  -.28000000E+01  .20292086E+01
  -.27500000E+01  .20173359E+01
  -.27000000E+01  .20054018E+01
  -.26500000E+01  .19934052E+01
  -.26000000E+01  .19813454E+01
  -.25500000E+01  .19692213E+01
  -.25000000E+01  .19570321E+01
  -.24500000E+01  .19447768E+01
  -.24000000E+01  .19324545E+01
  -.23500000E+01  .19200640E+01
  -.23000000E+01  .19076045E+01
  -.22500000E+01  .18950749E+01
  -.22000000E+01  .18824740E+01
  -.21500000E+01  .18698009E+01
  -.21000000E+01  .18570543E+01
  -.20500000E+01  .18442332E+01
  -.20000000E+01  .18313363E+01
  -.19500000E+01  .18183624E+01
  -.19000000E+01  .18053104E+01
  -.18500000E+01  .17921789E+01
  -.18000000E+01  .17789667E+01
  -.17500000E+01  .17656724E+01
  -.17000000E+01  .17522947E+01
  -.16500000E+01  .17388321E+01
  -.16000000E+01  .17252832E+01
  -.15500000E+01  .17116467E+01
  -.15000000E+01  .16979209E+01
  -.14500000E+01  .16841042E+01
  -.14000000E+01  .16701953E+01
  -.13500000E+01  .16561923E+01
  -.13000000E+01  .16420936E+01
  -.12500000E+01  .16278975E+01
  -.12000000E+01  .16136023E+01
  -.11500000E+01  .15992060E+01
  -.11000000E+01  .15847069E+01
  -.10500000E+01  .15701031E+01
  -.10000000E+01  .15553925E+01
  -.95000000E+00  .15405731E+01
  -.90000000E+00  .15256429E+01
  -.85000000E+00  .15105996E+01
  -.80000000E+00  .14954412E+01
  -.75000000E+00  .14801652E+01
  -.70000000E+00  .14647694E+01
  -.65000000E+00  .14492514E+01
  -.60000000E+00  .14336086E+01
  -.55000000E+00  .14178385E+01
  -.50000000E+00  .14019385E+01
  -.45000000E+00  .13859058E+01
  -.40000000E+00  .13697376E+01
  -.35000000E+00  .13534310E+01
  -.30000000E+00  .13369831E+01
  -.25000000E+00  .13203907E+01
  -.20000000E+00  .13036507E+01
  -.15000000E+00  .12867597E+01
  -.10000000E+00  .12697143E+01
  -.50000000E-01  .12525111E+01
  -.22898350E-14  .12351464E+01
   .50000000E-01  .12176164E+01
   .10000000E+00  .11999172E+01
   .15000000E+00  .11820448E+01
   .20000000E+00  .11639951E+01
   .25000000E+00  .11457637E+01
   .30000000E+00  .11273461E+01
   .35000000E+00  .11087378E+01
   .40000000E+00  .10899338E+01
   .45000000E+00  .10709292E+01
   .50000000E+00  .10517189E+01
   .55000000E+00  .10322974E+01
   .60000000E+00  .10126593E+01
   .65000000E+00  .99279858E+00
   .70000000E+00  .97270937E+00
   .75000000E+00  .95238538E+00
   .80000000E+00  .93182011E+00
   .85000000E+00  .91100677E+00
   .90000000E+00  .88993832E+00
   .95000000E+00  .86860743E+00
   .10000000E+01  .84700644E+00
   .10500000E+01  .82512738E+00
   .11000000E+01  .80296193E+00
   .11500000E+01  .78050143E+00
   .12000000E+01  .75773681E+00
   .12500000E+01  .73465862E+00
   .13000000E+01  .71125697E+00
   .13500000E+01  .68752153E+00
   .14000000E+01  .66344149E+00
   .14500000E+01  .63900553E+00
   .15000000E+01  .61420180E+00
   .15500000E+01  .58901787E+00
   .16000000E+01  .56344074E+00
   .16500000E+01  .53745659E+00
   .17000000E+01  .51105136E+00
   .17500000E+01  .48420985E+00
   .18000000E+01  .45691621E+00
   .18500000E+01  .42915378E+00
   .19000000E+01  .40090503E+00
   .19500000E+01  .37215147E+00
   .20000000E+01  .34287364E+00
Core Pot   L  =        4.00000    .00000
  -.30000000E+01  .24075691E+01
  -.29500000E+01  .23976172E+01
  -.29000000E+01  .23876291E+01
  -.28500000E+01  .23776044E+01
  -.28000000E+01  .23675427E+01
  -.27500000E+01  .23574438E+01
  -.27000000E+01  .23473071E+01
  -.26500000E+01  .23371324E+01
  -.26000000E+01  .23269191E+01
  -.25500000E+01  .23166670E+01
  -.25000000E+01  .23063756E+01
  -.24500000E+01  .22960445E+01
  -.24000000E+01  .22856732E+01
  -.23500000E+01  .22752614E+01
  -.23000000E+01  .22648087E+01
  -.22500000E+01  .22543144E+01
  -.22000000E+01  .22437784E+01
  -.21500000E+01  .22331999E+01
  -.21000000E+01  .22225787E+01
  -.20500000E+01  .22119142E+01
  -.20000000E+01  .22012060E+01
  -.19500000E+01  .21904535E+01
  -.19000000E+01  .21796563E+01
  -.18500000E+01  .21688139E+01
  -.18000000E+01  .21579257E+01
  -.17500000E+01  .21469912E+01
  -.17000000E+01  .21360099E+01
  -.16500000E+01  .21249813E+01
  -.16000000E+01  .21139047E+01
  -.15500000E+01  .21027797E+01
  -.15000000E+01  .20916057E+01
  -.14500000E+01  .20803820E+01
  -.14000000E+01  .20691081E+01
  -.13500000E+01  .20577834E+01
  -.13000000E+01  .20464072E+01
  -.12500000E+01  .20349790E+01
  -.12000000E+01  .20234981E+01
  -.11500000E+01  .20119638E+01
  -.11000000E+01  .20003756E+01
  -.10500000E+01  .19887326E+01
  -.10000000E+01  .19770342E+01
  -.95000000E+00  .19652798E+01
  -.90000000E+00  .19534685E+01
  -.85000000E+00  .19415997E+01
  -.80000000E+00  .19296727E+01
  -.75000000E+00  .19176866E+01
  -.70000000E+00  .19056407E+01
  -.65000000E+00  .18935342E+01
  -.60000000E+00  .18813663E+01
  -.55000000E+00  .18691361E+01
  -.50000000E+00  .18568429E+01
  -.45000000E+00  .18444857E+01
  -.40000000E+00  .18320638E+01
  -.35000000E+00  .18195761E+01
  -.30000000E+00  .18070219E+01
  -.25000000E+00  .17944001E+01
  -.20000000E+00  .17817098E+01
  -.15000000E+00  .17689500E+01
  -.10000000E+00  .17561198E+01
  -.50000000E-01  .17432181E+01
  -.22898350E-14  .17302439E+01
   .50000000E-01  .17171961E+01
   .10000000E+00  .17040737E+01
   .15000000E+00  .16908755E+01
   .20000000E+00  .16776004E+01
   .25000000E+00  .16642473E+01
   .30000000E+00  .16508149E+01
   .35000000E+00  .16373021E+01
   .40000000E+00  .16237076E+01
   .45000000E+00  .16100302E+01
   .50000000E+00  .15962685E+01
   .55000000E+00  .15824212E+01
   .60000000E+00  .15684869E+01
   .65000000E+00  .15544644E+01
   .70000000E+00  .15403521E+01
   .75000000E+00  .15261485E+01
   .80000000E+00  .15118522E+01
   .85000000E+00  .14974617E+01
   .90000000E+00  .14829753E+01
   .95000000E+00  .14683916E+01
   .10000000E+01  .14537087E+01
   .10500000E+01  .14389250E+01
   .11000000E+01  .14240388E+01
   .11500000E+01  .14090483E+01
   .12000000E+01  .13939516E+01
   .12500000E+01  .13787469E+01
   .13000000E+01  .13634323E+01
   .13500000E+01  .13480058E+01
   .14000000E+01  .13324653E+01
   .14500000E+01  .13168087E+01
   .15000000E+01  .13010340E+01
   .15500000E+01  .12851389E+01
   .16000000E+01  .12691211E+01
   .16500000E+01  .12529784E+01
   .17000000E+01  .12367083E+01
   .17500000E+01  .12203084E+01
   .18000000E+01  .12037761E+01
   .18500000E+01  .11871089E+01
   .19000000E+01  .11703040E+01
   .19500000E+01  .11533587E+01
   .20000000E+01  .11362702E+01
Potential  L  =        4.00000    .00000
  -.30000000E+01  .24080035E+01
  -.29500000E+01  .23980592E+01
  -.29000000E+01  .23880795E+01
  -.28500000E+01  .23780617E+01
  -.28000000E+01  .23680090E+01
  -.27500000E+01  .23579197E+01
  -.27000000E+01  .23477912E+01
  -.26500000E+01  .23376258E+01
  -.26000000E+01  .23274235E+01
  -.25500000E+01  .23171809E+01
  -.25000000E+01  .23068983E+01
  -.24500000E+01  .22965775E+01
  -.24000000E+01  .22862180E+01
  -.23500000E+01  .22758160E+01
  -.23000000E+01  .22653736E+01
  -.22500000E+01  .22548912E+01
  -.22000000E+01  .22443681E+01
  -.21500000E+01  .22338006E+01
  -.21000000E+01  .22231911E+01
  -.20500000E+01  .22125409E+01
  -.20000000E+01  .22018447E+01
  -.19500000E+01  .21911055E+01
  -.19000000E+01  .21803212E+01
  -.18500000E+01  .21694932E+01
  -.18000000E+01  .21586195E+01
  -.17500000E+01  .21476992E+01
  -.17000000E+01  .21367332E+01
  -.16500000E+01  .21257201E+01
  -.16000000E+01  .21146605E+01
  -.15500000E+01  .21035508E+01
  -.15000000E+01  .20923945E+01
  -.14500000E+01  .20811882E+01
  -.14000000E+01  .20699320E+01
  -.13500000E+01  .20586244E+01
  -.13000000E+01  .20472666E+01
  -.12500000E+01  .20358578E+01
  -.12000000E+01  .20243965E+01
  -.11500000E+01  .20128821E+01
  -.11000000E+01  .20013148E+01
  -.10500000E+01  .19896932E+01
  -.10000000E+01  .19780163E+01
  -.95000000E+00  .19662844E+01
  -.90000000E+00  .19544961E+01
  -.85000000E+00  .19426511E+01
  -.80000000E+00  .19307485E+01
  -.75000000E+00  .19187874E+01
  -.70000000E+00  .19067672E+01
  -.65000000E+00  .18946871E+01
  -.60000000E+00  .18825461E+01
  -.55000000E+00  .18703440E+01
  -.50000000E+00  .18580794E+01
  -.45000000E+00  .18457517E+01
  -.40000000E+00  .18333600E+01
  -.35000000E+00  .18209035E+01
  -.30000000E+00  .18083812E+01
  -.25000000E+00  .17957923E+01
  -.20000000E+00  .17831357E+01
  -.15000000E+00  .17704108E+01
  -.10000000E+00  .17576163E+01
  -.50000000E-01  .17447515E+01
  -.22898350E-14  .17318151E+01
   .50000000E-01  .17188063E+01
   .10000000E+00  .17057239E+01
   .15000000E+00  .16925669E+01
   .20000000E+00  .16793343E+01
   .25000000E+00  .16660248E+01
   .30000000E+00  .16526374E+01
   .35000000E+00  .16391708E+01
   .40000000E+00  .16256240E+01
   .45000000E+00  .16119957E+01
   .50000000E+00  .15982845E+01
   .55000000E+00  .15844893E+01
   .60000000E+00  .15706086E+01
   .65000000E+00  .15566413E+01
   .70000000E+00  .15425859E+01
   .75000000E+00  .15284410E+01
   .80000000E+00  .15142052E+01
   .85000000E+00  .14998769E+01
   .90000000E+00  .14854548E+01
   .95000000E+00  .14709372E+01
   .10000000E+01  .14563225E+01
   .10500000E+01  .14416092E+01
   .11000000E+01  .14267955E+01
   .11500000E+01  .14118799E+01
   .12000000E+01  .13968605E+01
   .12500000E+01  .13817355E+01
   .13000000E+01  .13665031E+01
   .13500000E+01  .13511615E+01
   .14000000E+01  .13357086E+01
   .14500000E+01  .13201425E+01
   .15000000E+01  .13044612E+01
   .15500000E+01  .12886625E+01
   .16000000E+01  .12727444E+01
   .16500000E+01  .12567046E+01
   .17000000E+01  .12405409E+01
   .17500000E+01  .12242509E+01
   .18000000E+01  .12078322E+01
   .18500000E+01  .11912824E+01
   .19000000E+01  .11745990E+01
   .19500000E+01  .11577793E+01
   .20000000E+01  .11408206E+01
KBPotential  L  =      2.00000   -.42968
  -.30000000E+01  .17494714E+01
  -.29500000E+01  .17347281E+01
  -.29000000E+01  .17198386E+01
  -.28500000E+01  .17047979E+01
  -.28000000E+01  .16896006E+01
  -.27500000E+01  .16742412E+01
  -.27000000E+01  .16587136E+01
  -.26500000E+01  .16430115E+01
  -.26000000E+01  .16271280E+01
  -.25500000E+01  .16110559E+01
  -.25000000E+01  .15947874E+01
  -.24500000E+01  .15783142E+01
  -.24000000E+01  .15616275E+01
  -.23500000E+01  .15447175E+01
  -.23000000E+01  .15275741E+01
  -.22500000E+01  .15101860E+01
  -.22000000E+01  .14925412E+01
  -.21500000E+01  .14746268E+01
  -.21000000E+01  .14564285E+01
  -.20500000E+01  .14379310E+01
  -.20000000E+01  .14191175E+01
  -.19500000E+01  .13999697E+01
  -.19000000E+01  .13804676E+01
  -.18500000E+01  .13605889E+01
  -.18000000E+01  .13403095E+01
  -.17500000E+01  .13196025E+01
  -.17000000E+01  .12984381E+01
  -.16500000E+01  .12767832E+01
  -.16000000E+01  .12546008E+01
  -.15500000E+01  .12318497E+01
  -.15000000E+01  .12084832E+01
  -.14500000E+01  .11844489E+01
  -.14000000E+01  .11596873E+01
  -.13500000E+01  .11341307E+01
  -.13000000E+01  .11077014E+01
  -.12500000E+01  .10803104E+01
  -.12000000E+01  .10518543E+01
  -.11500000E+01  .10222133E+01
  -.11000000E+01  .99124663E+00
  -.10500000E+01  .95878857E+00
  -.10000000E+01  .92464207E+00
  -.95000000E+00  .88857112E+00
  -.90000000E+00  .85029039E+00
  -.85000000E+00  .80945158E+00
  -.80000000E+00  .76562482E+00
  -.75000000E+00  .71827318E+00
  -.70000000E+00  .66671684E+00
  -.65000000E+00  .61008195E+00
  -.60000000E+00  .54722578E+00
  -.55000000E+00  .47662420E+00
  -.50000000E+00  .39619767E+00
  -.45000000E+00  .30303219E+00
  -.40000000E+00  .19291326E+00
  -.35000000E+00  .59508165E-01
  -.30000000E+00 -.10715760E+00
  -.25000000E+00 -.32375991E+00
  -.20000000E+00 -.62044336E+00
  -.15000000E+00 -.10578651E+01
  -.10000000E+00 -.17788907E+01
  -.50000000E-01 -.32192422E+01
  -.22898350E-14 -.76471238E+01
   .50000000E-01  .16837328E+03
   .10000000E+00  .87125419E+01
   .15000000E+00  .48851527E+01
   .20000000E+00  .35547391E+01
   .25000000E+00  .28709623E+01
   .30000000E+00  .24494361E+01
   .35000000E+00  .21599627E+01
   .40000000E+00  .19462163E+01
   .45000000E+00  .17798629E+01
   .50000000E+00  .16450888E+01
   .55000000E+00  .15323797E+01
   .60000000E+00  .14356402E+01
   .65000000E+00  .13508163E+01
   .70000000E+00  .12750861E+01
   .75000000E+00  .12064236E+01
   .80000000E+00  .11433478E+01
   .85000000E+00  .10847373E+01
   .90000000E+00  .10297310E+01
   .95000000E+00  .97765967E+00
   .10000000E+01  .92798606E+00
   .10500000E+01  .88028035E+00
   .11000000E+01  .83419448E+00
   .11500000E+01  .78942863E+00
   .12000000E+01  .74574550E+00
   .12500000E+01  .70293592E+00
   .13000000E+01  .66082386E+00
   .13500000E+01  .61925640E+00
   .14000000E+01  .57809963E+00
   .14500000E+01  .53723538E+00
   .15000000E+01  .49655796E+00
   .15500000E+01  .45597212E+00
   .16000000E+01  .41539101E+00
   .16500000E+01  .37473463E+00
   .17000000E+01  .33392853E+00
   .17500000E+01  .29290275E+00
   .18000000E+01  .25159082E+00
   .18500000E+01  .20992904E+00
   .19000000E+01  .16785573E+00
   .19500000E+01  .12531063E+00
   .20000000E+01  .82234363E-01
KBPotential  L  =       .00000   -.58879
  -.30000000E+01  .14594385E+01
  -.29500000E+01  .14426529E+01
  -.29000000E+01  .14257031E+01
  -.28500000E+01  .14085851E+01
  -.28000000E+01  .13912948E+01
  -.27500000E+01  .13738276E+01
  -.27000000E+01  .13561791E+01
  -.26500000E+01  .13383446E+01
  -.26000000E+01  .13203193E+01
  -.25500000E+01  .13020980E+01
  -.25000000E+01  .12836754E+01
  -.24500000E+01  .12650462E+01
  -.24000000E+01  .12462047E+01
  -.23500000E+01  .12271448E+01
  -.23000000E+01  .12078605E+01
  -.22500000E+01  .11883453E+01
  -.22000000E+01  .11685925E+01
  -.21500000E+01  .11485952E+01
  -.21000000E+01  .11283461E+01
  -.20500000E+01  .11078376E+01
  -.20000000E+01  .10870618E+01
  -.19500000E+01  .10660104E+01
  -.19000000E+01  .10446747E+01
  -.18500000E+01  .10230458E+01
  -.18000000E+01  .10011141E+01
  -.17500000E+01  .97886975E+00
  -.17000000E+01  .95630239E+00
  -.16500000E+01  .93340113E+00
  -.16000000E+01  .91015458E+00
  -.15500000E+01  .88655077E+00
  -.15000000E+01  .86257714E+00
  -.14500000E+01  .83822050E+00
  -.14000000E+01  .81346695E+00
  -.13500000E+01  .78830190E+00
  -.13000000E+01  .76270997E+00
  -.12500000E+01  .73667497E+00
  -.12000000E+01  .71017975E+00
  -.11500000E+01  .68320637E+00
  -.11000000E+01  .65573574E+00
  -.10500000E+01  .62774774E+00
  -.10000000E+01  .59922108E+00
  -.95000000E+00  .57013321E+00
  -.90000000E+00  .54046023E+00
  -.85000000E+00  .51017680E+00
  -.80000000E+00  .47925600E+00
  -.75000000E+00  .44766925E+00
  -.70000000E+00  .41538611E+00
  -.65000000E+00  .38237419E+00
  -.60000000E+00  .34859894E+00
  -.55000000E+00  .31402349E+00
  -.50000000E+00  .27860847E+00
  -.45000000E+00  .24231177E+00
  -.40000000E+00  .20508819E+00
  -.35000000E+00  .16688936E+00
  -.30000000E+00  .12766332E+00
  -.25000000E+00  .87354173E-01
  -.20000000E+00  .45901754E-01
  -.15000000E+00  .32411666E-02
  -.10000000E+00 -.40697667E-01
  -.50000000E-01 -.85990570E-01
  -.22898350E-14 -.13271971E+00
   .50000000E-01 -.18097423E+00
   .10000000E+00 -.23085109E+00
   .15000000E+00 -.28245588E+00
   .20000000E+00 -.33590394E+00
   .25000000E+00 -.39132131E+00
   .30000000E+00 -.44884627E+00
   .35000000E+00 -.50863051E+00
   .40000000E+00 -.57084136E+00
   .45000000E+00 -.63566322E+00
   .50000000E+00 -.70330036E+00
   .55000000E+00 -.77397941E+00
   .60000000E+00 -.84795256E+00
   .65000000E+00 -.92550138E+00
   .70000000E+00 -.10069412E+01
   .75000000E+00 -.10926262E+01
   .80000000E+00 -.11829560E+01
   .85000000E+00 -.12783830E+01
   .90000000E+00 -.13794212E+01
   .95000000E+00 -.14866577E+01
   .10000000E+01 -.16007658E+01
   .10500000E+01 -.17225215E+01
   .11000000E+01 -.18528242E+01
   .11500000E+01 -.19927222E+01
   .12000000E+01 -.21434450E+01
   .12500000E+01 -.23064446E+01
   .13000000E+01 -.24834479E+01
   .13500000E+01 -.26765257E+01
   .14000000E+01 -.28881831E+01
   .14500000E+01 -.31214797E+01
   .15000000E+01 -.33801924E+01
   .15500000E+01 -.36690401E+01
   .16000000E+01 -.39939965E+01
   .16500000E+01 -.43627386E+01
   .17000000E+01 -.47853014E+01
   .17500000E+01 -.52750601E+01
   .18000000E+01 -.58502481E+01
   .18500000E+01 -.65363867E+01
   .19000000E+01 -.73703335E+01
   .19500000E+01 -.84073701E+01
   .20000000E+01 -.97343674E+01
KBPotential  L  =      1.00000   -.80000
  -.30000000E+01  .16815097E+01
  -.29500000E+01  .16663840E+01
  -.29000000E+01  .16511360E+01
  -.28500000E+01  .16357634E+01
  -.28000000E+01  .16202635E+01
  -.27500000E+01  .16046337E+01
  -.27000000E+01  .15888715E+01
  -.26500000E+01  .15729739E+01
  -.26000000E+01  .15569382E+01
  -.25500000E+01  .15407614E+01
  -.25000000E+01  .15244405E+01
  -.24500000E+01  .15079723E+01
  -.24000000E+01  .14913537E+01
  -.23500000E+01  .14745813E+01
  -.23000000E+01  .14576517E+01
  -.22500000E+01  .14405613E+01
  -.22000000E+01  .14233064E+01
  -.21500000E+01  .14058833E+01
  -.21000000E+01  .13882881E+01
  -.20500000E+01  .13705167E+01
  -.20000000E+01  .13525649E+01
  -.19500000E+01  .13344284E+01
  -.19000000E+01  .13161027E+01
  -.18500000E+01  .12975832E+01
  -.18000000E+01  .12788651E+01
  -.17500000E+01  .12599434E+01
  -.17000000E+01  .12408129E+01
  -.16500000E+01  .12214683E+01
  -.16000000E+01  .12019041E+01
  -.15500000E+01  .11821145E+01
  -.15000000E+01  .11620935E+01
  -.14500000E+01  .11418350E+01
  -.14000000E+01  .11213325E+01
  -.13500000E+01  .11005793E+01
  -.13000000E+01  .10795685E+01
  -.12500000E+01  .10582927E+01
  -.12000000E+01  .10367447E+01
  -.11500000E+01  .10149164E+01
  -.11000000E+01  .99279974E+00
  -.10500000E+01  .97038623E+00
  -.10000000E+01  .94766703E+00
  -.95000000E+00  .92463283E+00
  -.90000000E+00  .90127404E+00
  -.85000000E+00  .87758059E+00
  -.80000000E+00  .85354197E+00
  -.75000000E+00  .82914724E+00
  -.70000000E+00  .80438485E+00
  -.65000000E+00  .77924278E+00
  -.60000000E+00  .75370847E+00
  -.55000000E+00  .72776874E+00
  -.50000000E+00  .70140976E+00
  -.45000000E+00  .67461704E+00
  -.40000000E+00  .64737538E+00
  -.35000000E+00  .61966880E+00
  -.30000000E+00  .59148049E+00
  -.25000000E+00  .56279280E+00
  -.20000000E+00  .53358713E+00
  -.15000000E+00  .50384389E+00
  -.10000000E+00  .47354244E+00
  -.50000000E-01  .44266097E+00
  -.22898350E-14  .41117648E+00
   .50000000E-01  .37906464E+00
   .10000000E+00  .34629972E+00
   .15000000E+00  .31285447E+00
   .20000000E+00  .27870000E+00
   .25000000E+00  .24380566E+00
   .30000000E+00  .20813894E+00
   .35000000E+00  .17166512E+00
   .40000000E+00  .13434739E+00
   .45000000E+00  .96146455E-01
   .50000000E+00  .57020395E-01
   .55000000E+00  .16924402E-01
   .60000000E+00 -.24189527E-01
   .65000000E+00 -.66372651E-01
   .70000000E+00 -.10968016E+00
   .75000000E+00 -.15417131E+00
   .80000000E+00 -.19990989E+00
   .85000000E+00 -.24696471E+00
   .90000000E+00 -.29541010E+00
   .95000000E+00 -.34532651E+00
   .10000000E+01 -.39680120E+00
   .10500000E+01 -.44992899E+00
   .11000000E+01 -.50481321E+00
   .11500000E+01 -.56156663E+00
   .12000000E+01 -.62031275E+00
   .12500000E+01 -.68118705E+00
   .13000000E+01 -.74433868E+00
   .13500000E+01 -.80993228E+00
   .14000000E+01 -.87815019E+00
   .14500000E+01 -.94919505E+00
   .15000000E+01 -.10232929E+01
   .15500000E+01 -.11006968E+01
   .16000000E+01 -.11816915E+01
   .16500000E+01 -.12665985E+01
   .17000000E+01 -.13557832E+01
   .17500000E+01 -.14496622E+01
   .18000000E+01 -.15487144E+01
   .18500000E+01 -.16534931E+01
   .19000000E+01 -.17646419E+01
   .19500000E+01 -.18829161E+01
   .20000000E+01 -.20092084E+01
KBPotential  L  =      3.00000    .00000
  -.30000000E+01  .20761008E+01
  -.29500000E+01  .20644659E+01
  -.29000000E+01  .20527727E+01
  -.28500000E+01  .20410206E+01
  -.28000000E+01  .20292086E+01
  -.27500000E+01  .20173359E+01
  -.27000000E+01  .20054018E+01
  -.26500000E+01  .19934052E+01
  -.26000000E+01  .19813454E+01
  -.25500000E+01  .19692213E+01
  -.25000000E+01  .19570321E+01
  -.24500000E+01  .19447768E+01
  -.24000000E+01  .19324545E+01
  -.23500000E+01  .19200640E+01
  -.23000000E+01  .19076045E+01
  -.22500000E+01  .18950749E+01
  -.22000000E+01  .18824740E+01
  -.21500000E+01  .18698009E+01
  -.21000000E+01  .18570543E+01
  -.20500000E+01  .18442332E+01
  -.20000000E+01  .18313363E+01
  -.19500000E+01  .18183624E+01
  -.19000000E+01  .18053104E+01
  -.18500000E+01  .17921789E+01
  -.18000000E+01  .17789667E+01
  -.17500000E+01  .17656724E+01
  -.17000000E+01  .17522947E+01
  -.16500000E+01  .17388321E+01
  -.16000000E+01  .17252832E+01
  -.15500000E+01  .17116467E+01
  -.15000000E+01  .16979209E+01
  -.14500000E+01  .16841042E+01
  -.14000000E+01  .16701953E+01
  -.13500000E+01  .16561923E+01
  -.13000000E+01  .16420936E+01
  -.12500000E+01  .16278975E+01
  -.12000000E+01  .16136023E+01
  -.11500000E+01  .15992060E+01
  -.11000000E+01  .15847069E+01
  -.10500000E+01  .15701031E+01
  -.10000000E+01  .15553925E+01
  -.95000000E+00  .15405731E+01
  -.90000000E+00  .15256429E+01
  -.85000000E+00  .15105996E+01
  -.80000000E+00  .14954412E+01
  -.75000000E+00  .14801652E+01
  -.70000000E+00  .14647694E+01
  -.65000000E+00  .14492514E+01
  -.60000000E+00  .14336086E+01
  -.55000000E+00  .14178385E+01
  -.50000000E+00  .14019385E+01
  -.45000000E+00  .13859058E+01
  -.40000000E+00  .13697376E+01
  -.35000000E+00  .13534310E+01
  -.30000000E+00  .13369831E+01
  -.25000000E+00  .13203907E+01
  -.20000000E+00  .13036507E+01
  -.15000000E+00  .12867597E+01
  -.10000000E+00  .12697143E+01
  -.50000000E-01  .12525111E+01
  -.22898350E-14  .12351464E+01
   .50000000E-01  .12176164E+01
   .10000000E+00  .11999172E+01
   .15000000E+00  .11820448E+01
   .20000000E+00  .11639951E+01
   .25000000E+00  .11457637E+01
   .30000000E+00  .11273461E+01
   .35000000E+00  .11087378E+01
   .40000000E+00  .10899338E+01
   .45000000E+00  .10709292E+01
   .50000000E+00  .10517189E+01
   .55000000E+00  .10322974E+01
   .60000000E+00  .10126593E+01
   .65000000E+00  .99279858E+00
   .70000000E+00  .97270937E+00
   .75000000E+00  .95238538E+00
   .80000000E+00  .93182011E+00
   .85000000E+00  .91100677E+00
   .90000000E+00  .88993832E+00
   .95000000E+00  .86860743E+00
   .10000000E+01  .84700644E+00
   .10500000E+01  .82512738E+00
   .11000000E+01  .80296193E+00
   .11500000E+01  .78050143E+00
   .12000000E+01  .75773681E+00
   .12500000E+01  .73465862E+00
   .13000000E+01  .71125697E+00
   .13500000E+01  .68752153E+00
   .14000000E+01  .66344149E+00
   .14500000E+01  .63900553E+00
   .15000000E+01  .61420180E+00
   .15500000E+01  .58901787E+00
   .16000000E+01  .56344074E+00
   .16500000E+01  .53745659E+00
   .17000000E+01  .51105136E+00
   .17500000E+01  .48420985E+00
   .18000000E+01  .45691621E+00
   .18500000E+01  .42915378E+00
   .19000000E+01  .40090503E+00
   .19500000E+01  .37215147E+00
   .20000000E+01  .34287364E+00
KBPotential  L  =      4.00000    .00000
  -.30000000E+01  .24080035E+01
  -.29500000E+01  .23980592E+01
  -.29000000E+01  .23880795E+01
  -.28500000E+01  .23780617E+01
  -.28000000E+01  .23680090E+01
  -.27500000E+01  .23579197E+01
  -.27000000E+01  .23477912E+01
  -.26500000E+01  .23376258E+01
  -.26000000E+01  .23274235E+01
  -.25500000E+01  .23171809E+01
  -.25000000E+01  .23068983E+01
  -.24500000E+01  .22965775E+01
  -.24000000E+01  .22862180E+01
  -.23500000E+01  .22758160E+01
  -.23000000E+01  .22653736E+01
  -.22500000E+01  .22548912E+01
  -.22000000E+01  .22443681E+01
  -.21500000E+01  .22338006E+01
  -.21000000E+01  .22231911E+01
  -.20500000E+01  .22125409E+01
  -.20000000E+01  .22018447E+01
  -.19500000E+01  .21911055E+01
  -.19000000E+01  .21803212E+01
  -.18500000E+01  .21694932E+01
  -.18000000E+01  .21586195E+01
  -.17500000E+01  .21476992E+01
  -.17000000E+01  .21367332E+01
  -.16500000E+01  .21257201E+01
  -.16000000E+01  .21146605E+01
  -.15500000E+01  .21035508E+01
  -.15000000E+01  .20923945E+01
  -.14500000E+01  .20811882E+01
  -.14000000E+01  .20699320E+01
  -.13500000E+01  .20586244E+01
  -.13000000E+01  .20472666E+01
  -.12500000E+01  .20358578E+01
  -.12000000E+01  .20243965E+01
  -.11500000E+01  .20128821E+01
  -.11000000E+01  .20013148E+01
  -.10500000E+01  .19896932E+01
  -.10000000E+01  .19780163E+01
  -.95000000E+00  .19662844E+01
  -.90000000E+00  .19544961E+01
  -.85000000E+00  .19426511E+01
  -.80000000E+00  .19307485E+01
  -.75000000E+00  .19187874E+01
  -.70000000E+00  .19067672E+01
  -.65000000E+00  .18946871E+01
  -.60000000E+00  .18825461E+01
  -.55000000E+00  .18703440E+01
  -.50000000E+00  .18580794E+01
  -.45000000E+00  .18457517E+01
  -.40000000E+00  .18333600E+01
  -.35000000E+00  .18209035E+01
  -.30000000E+00  .18083812E+01
  -.25000000E+00  .17957923E+01
  -.20000000E+00  .17831357E+01
  -.15000000E+00  .17704108E+01
  -.10000000E+00  .17576163E+01
  -.50000000E-01  .17447515E+01
  -.22898350E-14  .17318151E+01
   .50000000E-01  .17188063E+01
   .10000000E+00  .17057239E+01
   .15000000E+00  .16925669E+01
   .20000000E+00  .16793343E+01
   .25000000E+00  .16660248E+01
   .30000000E+00  .16526374E+01
   .35000000E+00  .16391708E+01
   .40000000E+00  .16256240E+01
   .45000000E+00  .16119957E+01
   .50000000E+00  .15982845E+01
   .55000000E+00  .15844893E+01
   .60000000E+00  .15706086E+01
   .65000000E+00  .15566413E+01
   .70000000E+00  .15425859E+01
   .75000000E+00  .15284410E+01
   .80000000E+00  .15142052E+01
   .85000000E+00  .14998769E+01
   .90000000E+00  .14854548E+01
   .95000000E+00  .14709372E+01
   .10000000E+01  .14563225E+01
   .10500000E+01  .14416092E+01
   .11000000E+01  .14267955E+01
   .11500000E+01  .14118799E+01
   .12000000E+01  .13968605E+01
   .12500000E+01  .13817355E+01
   .13000000E+01  .13665031E+01
   .13500000E+01  .13511615E+01
   .14000000E+01  .13357086E+01
   .14500000E+01  .13201425E+01
   .15000000E+01  .13044612E+01
   .15500000E+01  .12886625E+01
   .16000000E+01  .12727444E+01
   .16500000E+01  .12567046E+01
   .17000000E+01  .12405409E+01
   .17500000E+01  .12242509E+01
   .18000000E+01  .12078322E+01
   .18500000E+01  .11912824E+01
   .19000000E+01  .11745990E+01
   .19500000E+01  .11577793E+01
   .20000000E+01  .11408206E+01
