Bi:                                     
  .600991194E+00  .608588764E+00  .616281430E+00  .624070366E+00  .631956756E+00
  .639941802E+00  .648026717E+00  .656212731E+00  .664501087E+00  .672893044E+00
  .681389876E+00  .689992871E+00  .698703335E+00  .707522586E+00  .716451960E+00
  .725492809E+00  .734646500E+00  .743914418E+00  .753297963E+00  .762798550E+00
  .772417616E+00  .782156609E+00  .792016999E+00  .802000270E+00  .812107927E+00
  .822341488E+00  .832702495E+00  .843192502E+00  .853813087E+00  .864565842E+00
  .875452381E+00  .886474336E+00  .897633357E+00  .908931115E+00  .920369301E+00
  .931949624E+00  .943673814E+00  .955543622E+00  .967560819E+00  .979727196E+00
  .992044567E+00  .100451476E+01  .101713964E+01  .102992108E+01  .104286098E+01
  .105596126E+01  .106922386E+01  .108265075E+01  .109624391E+01  .111000537E+01
  .112393715E+01  .113804132E+01  .115231995E+01  .116677516E+01  .118140907E+01
  .119622385E+01  .121122167E+01  .122640474E+01  .124177529E+01  .125733557E+01
  .127308788E+01  .128903452E+01  .130517783E+01  .132152016E+01  .133806392E+01
  .135481151E+01  .137176539E+01  .138892802E+01  .140630191E+01  .142388958E+01
  .144169360E+01  .145971655E+01  .147796105E+01  .149642975E+01  .151512532E+01
  .153405047E+01  .155320794E+01  .157260049E+01  .159223094E+01  .161210210E+01
  .163221684E+01  .165257807E+01  .167318869E+01  .169405169E+01  .171517005E+01
  .173654680E+01  .175818500E+01  .178008775E+01  .180225817E+01  .182469945E+01
  .184741476E+01  .187040736E+01  .189368051E+01  .191723753E+01  .194108175E+01
  .196521656E+01  .198964538E+01  .201437166E+01  .203939891E+01  .206473065E+01
  .209037046E+01  .211632195E+01  .214258877E+01  .216917461E+01  .219608321E+01
  .222331833E+01  .225088378E+01  .227878343E+01  .230702117E+01  .233560094E+01
  .236452671E+01  .239380252E+01  .242343243E+01  .245342055E+01  .248377103E+01
  .251448809E+01  .254557595E+01  .257703892E+01  .260888132E+01  .264110754E+01
  .267372201E+01  .270672921E+01  .274013365E+01  .277393991E+01  .280815261E+01
  .284277641E+01  .287781604E+01  .291327625E+01  .294916187E+01  .298547776E+01
  .302222883E+01  .305942007E+01  .309705648E+01  .313514313E+01  .317368516E+01
  .321268774E+01  .325215610E+01  .329209552E+01  .333251135E+01  .337340897E+01
  .341479383E+01  .345667144E+01  .349904736E+01  .354192720E+01  .358531663E+01
  .362922139E+01  .367364725E+01  .371860007E+01  .376408575E+01  .381011025E+01
  .385667959E+01  .390379985E+01  .395147718E+01  .399971778E+01  .404852791E+01
  .409791389E+01  .414788212E+01  .419843904E+01  .424959116E+01  .430134505E+01
  .435370736E+01  .440668479E+01  .446028411E+01  .451451214E+01  .456937578E+01
  .462488201E+01  .468103783E+01  .473785035E+01  .479532674E+01  .485347422E+01
  .491230008E+01  .497181170E+01  .503201650E+01  .509292199E+01  .515453574E+01
  .521686539E+01  .527991865E+01  .534370331E+01  .540822721E+01  .547349828E+01
  .553952451E+01  .560631397E+01  .567387480E+01  .574221520E+01  .581134347E+01
  .588126795E+01  .595199709E+01  .602353937E+01  .609590339E+01  .616909779E+01
  .624313130E+01  .631801272E+01  .639375092E+01  .647035487E+01  .654783358E+01
  .662619617E+01  .670545180E+01  .678560975E+01  .686667933E+01  .694866997E+01
  .703159114E+01  .711545242E+01  .720026343E+01  .728603391E+01  .737277365E+01
  .746049252E+01  .754920047E+01  .763890754E+01  .772962383E+01  .782135954E+01
  .791412491E+01  .800793031E+01  .810278614E+01  .819870291E+01  .829569120E+01
  .839376166E+01  .849292503E+01  .859319213E+01  .869457383E+01  .879708112E+01
  .890072504E+01  .900551672E+01  .911146736E+01  .921858823E+01  .932689070E+01
  .943638621E+01  .954708626E+01  .965900245E+01  .977214644E+01  .988652997E+01
  .100021649E+02  .101190630E+02  .102372364E+02  .103566970E+02  .104774570E+02
  .105995286E+02  .107229240E+02  .108476556E+02  .109737358E+02  .111011770E+02
  .112299919E+02  .113601930E+02  .114917930E+02  .116248047E+02  .117592409E+02
  .118951146E+02  .120324386E+02  .121712261E+02  .123114900E+02  .124532436E+02
  .125965002E+02  .127412729E+02  .128875751E+02  .130354202E+02  .131848217E+02
  .133357932E+02  .134883481E+02  .136425002E+02  .137982631E+02  .139556506E+02
  .141146764E+02  .142753544E+02  .144376985E+02  .146017227E+02  .147674409E+02
  .149348671E+02  .151040154E+02  .152749000E+02  .154475349E+02  .156219344E+02
  .157981127E+02  .159760841E+02  .161558627E+02  .163374631E+02  .165208994E+02
  .167061860E+02  .168933374E+02  .170823680E+02  .172732922E+02  .174661243E+02
  .176608790E+02  .178575706E+02  .180562136E+02  .182568225E+02  .184594118E+02
  .186639960E+02  .188705895E+02  .190792068E+02  .192898624E+02  .195025707E+02
  .197173461E+02  .199342031E+02  .201531561E+02  .203742194E+02  .205974073E+02
  .208227342E+02  .210502144E+02  .212798619E+02  .215116912E+02  .217457161E+02
  .219819510E+02  .222204097E+02  .224611062E+02  .227040545E+02  .229492683E+02
  .231967615E+02  .234465476E+02  .236986404E+02  .239530533E+02  .242097996E+02
  .244688928E+02  .247303461E+02  .249941725E+02  .252603851E+02  .255289968E+02
  .258000202E+02  .260734680E+02  .263493527E+02  .266276867E+02  .269084821E+02
  .271917510E+02  .274775053E+02  .277657568E+02  .280565169E+02  .283497971E+02
  .286456086E+02  .289439623E+02  .292448691E+02  .295483396E+02  .298543841E+02
  .301630129E+02  .304742360E+02  .307880629E+02  .311045032E+02  .314235662E+02
  .317452608E+02  .320695957E+02  .323965794E+02  .327262201E+02  .330585255E+02
  .333935034E+02  .337311610E+02  .340715053E+02  .344145428E+02  .347602800E+02
  .351087229E+02  .354598770E+02  .358137477E+02  .361703398E+02  .365296580E+02
  .368917064E+02  .372564887E+02  .376240083E+02  .379942683E+02  .383672711E+02
  .387430188E+02  .391215131E+02  .395027553E+02  .398867460E+02  .402734856E+02
  .406629738E+02  .410552099E+02  .414501929E+02  .418479209E+02  .422483917E+02
  .426516025E+02  .430575500E+02  .434662304E+02  .438776392E+02  .442917714E+02
  .447086213E+02  .451281828E+02  .455504489E+02  .459754123E+02  .464030648E+02
  .468333977E+02  .472664016E+02  .477020664E+02  .481403814E+02  .485813350E+02
  .490249151E+02  .494711088E+02  .499199024E+02  .503712817E+02  .508252315E+02
  .512817358E+02  .517407780E+02  .522023407E+02  .526664055E+02  .531329534E+02
  .536019644E+02  .540734178E+02  .545472919E+02  .550235643E+02  .555022116E+02
  .559832095E+02  .564665329E+02  .569521557E+02  .574400510E+02  .579301907E+02
  .584225460E+02  .589170870E+02  .594137830E+02  .599126021E+02  .604135115E+02
  .609164774E+02  .614214651E+02  .619284385E+02  .624373609E+02  .629481943E+02
  .634608998E+02  .639754371E+02  .644917652E+02  .650098419E+02  .655296237E+02
  .660510662E+02  .665741239E+02  .670987501E+02  .676248969E+02  .681525153E+02
  .686815552E+02  .692119653E+02  .697436931E+02  .702766851E+02  .708108863E+02
  .713462408E+02  .718826913E+02  .724201795E+02  .729586458E+02  .734980293E+02
  .740382680E+02  .745792987E+02  .751210569E+02  .756634769E+02  .762064918E+02
  .767500335E+02  .772940325E+02  .778384182E+02  .783831190E+02  .789280615E+02
  .794731717E+02  .800183739E+02  .805635915E+02  .811087464E+02  .816537595E+02
  .821985504E+02  .827430375E+02  .832871380E+02  .838307679E+02  .843738420E+02
  .849162740E+02  .854579763E+02  .859988603E+02  .865388361E+02  .870778127E+02
  .876156980E+02  .881523989E+02  .886878211E+02  .892218691E+02  .897544466E+02
  .902854559E+02  .908147987E+02  .913423755E+02  .918680856E+02  .923918276E+02
  .929134992E+02  .934329970E+02  .939502168E+02  .944650534E+02  .949774011E+02
  .954871531E+02  .959942018E+02  .964984391E+02  .969997560E+02  .974980428E+02
  .979931892E+02  .984850845E+02  .989736171E+02  .994586750E+02  .999401458E+02
  .100417917E+03  .100891874E+03  .101361905E+03  .101827894E+03  .102289728E+03
  .102747293E+03  .103200473E+03  .103649154E+03  .104093221E+03  .104532560E+03
  .104967055E+03  .105396593E+03  .105821058E+03  .106240336E+03  .106654314E+03
  .107062878E+03  .107465915E+03  .107863312E+03  .108254957E+03  .108640740E+03
  .109020548E+03  .109394272E+03  .109761803E+03  .110123033E+03  .110477856E+03
  .110826163E+03  .111167852E+03  .111502818E+03  .111830960E+03  .112152175E+03
  .112466365E+03  .112773432E+03  .113073281E+03  .113365816E+03  .113650945E+03
  .113928578E+03  .114198627E+03  .114461004E+03  .114715627E+03  .114962413E+03
  .115201284E+03  .115432161E+03  .115654972E+03  .115869646E+03  .116076112E+03
  .116274307E+03  .116464166E+03  .116645632E+03  .116818648E+03  .116983161E+03
  .117139122E+03  .117286484E+03  .117425207E+03  .117555251E+03  .117676583E+03
  .117789171E+03  .117892989E+03  .117988016E+03  .118074233E+03  .118151627E+03
  .118220189E+03  .118279914E+03  .118330803E+03  .118372861E+03  .118406099E+03
  .118430530E+03  .118446176E+03  .118453062E+03  .118451218E+03  .118440681E+03
  .118421492E+03  .118393698E+03  .118357353E+03  .118312514E+03  .118259246E+03
  .118197619E+03  .118127710E+03  .118049601E+03  .117963380E+03  .117869142E+03
  .117766987E+03  .117657024E+03  .117539366E+03  .117414133E+03  .117281450E+03
  .117141453E+03  .116994279E+03  .116840075E+03  .116678995E+03  .116511198E+03
  .116336849E+03  .116156123E+03  .115969198E+03  .115776261E+03  .115577506E+03
  .115373131E+03  .115163345E+03  .114948359E+03  .114728394E+03  .114503677E+03
  .114274440E+03  .114040924E+03  .113803374E+03  .113562044E+03  .113317191E+03
  .113069082E+03  .112817988E+03  .112564187E+03  .112307962E+03  .112049603E+03
  .111789405E+03  .111527670E+03  .111264704E+03  .111000818E+03  .110736331E+03
  .110471565E+03  .110206846E+03  .109942507E+03  .109678885E+03  .109416320E+03
  .109155157E+03  .108895746E+03  .108638440E+03  .108383593E+03  .108131567E+03
  .107882723E+03  .107637427E+03  .107396045E+03  .107158949E+03  .106926509E+03
  .106699099E+03  .106477094E+03  .106260868E+03  .106050798E+03  .105847260E+03
  .105650630E+03  .105461285E+03  .105279599E+03  .105105946E+03  .104940698E+03
  .104784226E+03  .104636898E+03  .104499079E+03  .104371132E+03  .104253414E+03
  .104146281E+03  .104050083E+03  .103965165E+03  .103891866E+03  .103830522E+03
  .103781461E+03  .103745002E+03  .103721462E+03  .103711146E+03  .103714353E+03
  .103731373E+03  .103762487E+03  .103807966E+03  .103868073E+03  .103943057E+03
  .104033159E+03  .104138607E+03  .104259620E+03  .104396400E+03  .104549140E+03
  .104718018E+03  .104903198E+03  .105104832E+03  .105323053E+03  .105557985E+03
  .105809730E+03  .106078379E+03  .106364003E+03  .106666660E+03  .106986387E+03
  .107323206E+03  .107677119E+03  .108048112E+03  .108436150E+03  .108841181E+03
  .109263132E+03  .109701912E+03  .110157408E+03  .110629488E+03  .111118001E+03
  .111622772E+03  .112143609E+03  .112680295E+03  .113232596E+03  .113800252E+03
  .114382986E+03  .114980497E+03  .115592463E+03  .116218540E+03  .116858363E+03
  .117511546E+03  .118177679E+03  .118856334E+03  .119547059E+03  .120249383E+03
  .120962811E+03  .121686831E+03  .122420907E+03  .123164486E+03  .123916993E+03
  .124677835E+03  .125446397E+03  .126222050E+03  .127004142E+03  .127792006E+03
  .128584958E+03  .129382296E+03  .130183303E+03  .130987247E+03  .131793380E+03
  .132600940E+03  .133409155E+03  .134217238E+03  .135024390E+03  .135829803E+03
  .136632659E+03  .137432131E+03  .138227384E+03  .139017577E+03  .139801863E+03
  .140579390E+03  .141349304E+03  .142110746E+03  .142862859E+03  .143604783E+03
  .144335663E+03  .145054642E+03  .145760871E+03  .146453504E+03  .147131703E+03
  .147794634E+03  .148441478E+03  .149071422E+03  .149683668E+03  .150277428E+03
  .150851933E+03  .151406426E+03  .151940171E+03  .152452450E+03  .152942564E+03
  .153409840E+03  .153853623E+03  .154273287E+03  .154668230E+03  .155037880E+03
  .155381690E+03  .155699148E+03  .155989771E+03  .156253109E+03  .156488747E+03
  .156696305E+03  .156875441E+03  .157025849E+03  .157147263E+03  .157239459E+03
  .157302251E+03  .157335496E+03  .157339097E+03  .157312997E+03  .157257187E+03
  .157171702E+03  .157056622E+03  .156912078E+03  .156738245E+03  .156535347E+03
  .156303655E+03  .156043492E+03  .155755226E+03  .155439277E+03  .155096112E+03
  .154726248E+03  .154330251E+03  .153908734E+03  .153462360E+03  .152991840E+03
  .152497931E+03  .151981437E+03  .151443208E+03  .150884140E+03  .150305171E+03
  .149707283E+03  .149091501E+03  .148458890E+03  .147810552E+03  .147147629E+03
  .146471297E+03  .145782770E+03  .145083289E+03  .144374130E+03  .143656595E+03
  .142932014E+03  .142201740E+03  .141467148E+03  .140729631E+03  .139990601E+03
  .139251484E+03  .138513716E+03  .137778742E+03  .137048014E+03  .136322986E+03
  .135605113E+03  .134895846E+03  .134196630E+03  .133508900E+03  .132834081E+03
  .132173581E+03  .131528787E+03  .130901067E+03  .130291762E+03  .129702184E+03
  .129133613E+03  .128587295E+03  .128064435E+03  .127566198E+03  .127093704E+03
  .126648024E+03  .126230177E+03  .125841128E+03  .125481786E+03  .125152997E+03
  .124855547E+03  .124590153E+03  .124357465E+03  .124158061E+03  .123992448E+03
  .123861053E+03  .123764229E+03  .123702248E+03  .123675298E+03  .123683486E+03
  .123726834E+03  .123805277E+03  .123918663E+03  .124066752E+03  .124249213E+03
  .124465629E+03  .124715491E+03  .124998200E+03  .125313068E+03  .125659316E+03
  .126036080E+03  .126442403E+03  .126877245E+03  .127339479E+03  .127827894E+03
  .128341197E+03  .128878015E+03  .129436897E+03  .130016317E+03  .130614676E+03
  .131230306E+03  .131861474E+03  .132506382E+03  .133163174E+03  .133829939E+03
  .134504716E+03  .135185496E+03  .135870227E+03  .136556823E+03  .137243163E+03
  .137927099E+03  .138606460E+03  .139279060E+03  .139942701E+03  .140595177E+03
  .141234285E+03  .141857825E+03  .142463611E+03  .143049473E+03  .143613264E+03
  .144152867E+03  .144666201E+03  .145151224E+03  .145605945E+03  .146028422E+03
  .146416775E+03  .146769188E+03  .147083915E+03  .147359286E+03  .147593712E+03
  .147785693E+03  .147933817E+03  .148036771E+03  .148093342E+03  .148102425E+03
  .148063022E+03  .147974251E+03  .147835345E+03  .147645660E+03  .147404675E+03
  .147111997E+03  .146767359E+03  .146370627E+03  .145921801E+03  .145421013E+03
  .144868531E+03  .144264758E+03  .143610234E+03  .142905634E+03  .142151767E+03
  .141349577E+03  .140500140E+03  .139604663E+03  .138664482E+03  .137681056E+03
  .136655970E+03  .135590925E+03  .134487739E+03  .133348340E+03  .132174764E+03
  .130969147E+03  .129733719E+03  .128470804E+03  .127182806E+03  .125872211E+03
  .124541572E+03  .123193508E+03  .121830696E+03  .120455859E+03  .119071766E+03
  .117681217E+03  .116287039E+03  .114892076E+03  .113499181E+03  .112111210E+03
  .110731010E+03  .109361413E+03  .108005225E+03  .106665221E+03  .105344133E+03
  .104044645E+03  .102769381E+03  .101520901E+03  .100301689E+03  .991141489E+02
  .979605942E+02  .968432417E+02  .957642050E+02  .947254863E+02  .937289719E+02
  .927764238E+02  .918694765E+02  .910096291E+02  .901982426E+02  .894365335E+02
  .887255713E+02  .880662733E+02  .874594030E+02  .869055661E+02  .864052091E+02
  .859586170E+02  .855659129E+02  .852270564E+02  .849418444E+02  .847099107E+02
  .845307273E+02  .844036061E+02  .843277004E+02  .843020081E+02  .843253742E+02
  .843964949E+02  .845139219E+02  .846760668E+02  .848812063E+02  .851274887E+02
  .854129391E+02  .857354669E+02  .860928723E+02  .864828543E+02  .869030177E+02
  .873508821E+02  .878238890E+02  .883194117E+02  .888347623E+02  .893672024E+02
  .899139499E+02  .904721900E+02  .910390826E+02  .916117728E+02  .921873983E+02
  .927631004E+02  .933360309E+02  .939033632E+02  .944622987E+02  .950100781E+02
  .955439873E+02  .960613679E+02  .965596236E+02  .970362294E+02  .974887378E+02
  .979147876E+02  .983121089E+02  .986785318E+02  .990119904E+02  .993105306E+02
  .995723135E+02  .997956221E+02  .999788642E+02  .100120577E+03  .100219432E+03
  .100274234E+03  .100283928E+03  .100247598E+03  .100164472E+03  .100033918E+03
  .998554484E+02  .996287189E+02  .993535271E+02  .990298126E+02  .986576545E+02
  .982372703E+02  .977690132E+02  .972533689E+02  .966909527E+02  .960825059E+02
  .954288917E+02  .947310905E+02  .939901959E+02  .932074088E+02  .923840329E+02
  .915214684E+02  .906212072E+02  .896848252E+02  .887139786E+02  .877103944E+02
  .866758672E+02  .856122493E+02  .845214474E+02  .834054122E+02  .822661355E+02
  .811056395E+02  .799259736E+02  .787292042E+02  .775174119E+02  .762926806E+02
  .750570953E+02  .738127315E+02  .725616535E+02  .713059035E+02  .700475009E+02
  .687884313E+02  .675306464E+02  .662760536E+02  .650265161E+02  .637838433E+02
  .625497912E+02  .613260535E+02  .601142625E+02  .589159808E+02  .577327027E+02
  .565658468E+02  .554167578E+02  .542866995E+02  .531768580E+02  .520883345E+02
  .510221493E+02  .499792358E+02  .489604445E+02  .479665377E+02  .469981945E+02
  .460560056E+02  .451404790E+02  .442520360E+02  .433910160E+02  .425576745E+02
  .417521877E+02  .409746507E+02  .402250834E+02  .395034283E+02  .388095570E+02
  .381432690E+02  .375042974E+02  .368923090E+02  .363069098E+02  .357476453E+02
  .352140068E+02  .347054313E+02  .342213080E+02  .337609787E+02  .333237443E+02
  .329088654E+02  .325155683E+02  .321430464E+02  .317904660E+02  .314569676E+02
  .311416714E+02  .308436793E+02  .305620797E+02  .302959498E+02  .300443597E+02
  .298063755E+02  .295810624E+02  .293674880E+02  .291647253E+02  .289718555E+02
  .287879707E+02  .286121770E+02  .284435963E+02  .282813695E+02  .281246577E+02
  .279726455E+02  .278245417E+02  .276795819E+02  .275370295E+02  .273961778E+02
  .272563503E+02  .271169031E+02  .269772245E+02  .268367370E+02  .266948968E+02
  .265511957E+02  .264051599E+02  .262563516E+02  .261043682E+02  .259488428E+02
  .257894435E+02  .256258737E+02  .254578711E+02  .252852081E+02  .251076898E+02
  .249251549E+02  .247374732E+02  .245445466E+02  .243463064E+02  .241427133E+02
  .239337559E+02  .237194499E+02  .234998363E+02  .232749809E+02  .230449723E+02
  .228099211E+02  .225699583E+02  .223252340E+02  .220759159E+02  .218221884E+02
  .215642505E+02  .213023151E+02  .210366071E+02  .207673625E+02  .204948267E+02
  .202192534E+02  .199409033E+02  .196600429E+02  .193769429E+02  .190918781E+02
  .188051245E+02  .185169602E+02  .182276626E+02  .179375089E+02  .176467739E+02
  .173557302E+02  .170646461E+02  .167737864E+02  .164834101E+02  .161937709E+02
  .159051156E+02  .156176847E+02  .153317105E+02  .150474179E+02  .147650230E+02
  .144847334E+02  .142067473E+02  .139312541E+02  .136584329E+02  .133884538E+02
  .131214764E+02  .128576507E+02  .125971165E+02  .123400034E+02  .120864312E+02
  .118365097E+02  .115903387E+02  .113480081E+02  .111095984E+02  .108751805E+02
  .106448159E+02  .104185574E+02  .101964484E+02  .997852433E+01  .976481178E+01
  .955532965E+01  .935008889E+01  .914909319E+01  .895233894E+01  .875981591E+01
  .857150721E+01  .838739001E+01  .820743544E+01  .803160939E+01  .785987237E+01
  .769218035E+01  .752848451E+01  .736873217E+01  .721286641E+01  .706082703E+01
  .691255080E+01  .676797061E+01  .662701869E+01  .648962244E+01  .635570995E+01
  .622520491E+01  .609803205E+01  .597411245E+01  .585336853E+01  .573571964E+01
  .562108696E+01  .550938888E+01  .540054617E+01  .529447711E+01  .519110284E+01
  .509034224E+01  .499211741E+01  .489634854E+01  .480295929E+01  .471187166E+01
  .462301140E+01  .453630280E+01  .445167412E+01  .436905234E+01  .428836859E+01
  .420955284E+01  .413253943E+01  .405726156E+01  .398365695E+01  .391166228E+01
  .384121882E+01  .377226714E+01  .370475124E+01  .363861634E+01  .357380979E+01
  .351028056E+01  .344797979E+01  .338686004E+01  .332687630E+01  .326798473E+01
  .321014398E+01  .315331383E+01  .309745649E+01  .304253524E+01  .298851575E+01
  .293536469E+01  .288305103E+01  .283154470E+01  .278081784E+01  .273084343E+01
  .268159666E+01  .263305340E+01  .258519169E+01  .253799011E+01  .249142938E+01
  .244549062E+01  .240015702E+01  .235541208E+01  .231124125E+01  .226763023E+01
  .222456658E+01  .218203797E+01  .214003388E+01  .209854387E+01  .205755897E+01
  .201707056E+01  .197707115E+01  .193755360E+01  .189851183E+01  .185993997E+01
  .182183320E+01  .178418678E+01  .174699696E+01  .171026001E+01  .167397311E+01
  .163813338E+01  .160273879E+01  .156778719E+01  .153327723E+01  .149920733E+01
  .146557670E+01  .143238427E+01  .139962965E+01  .136731216E+01  .133543175E+01
  .130398803E+01  .127298119E+01  .124241101E+01  .121227787E+01  .118258164E+01
  .115332278E+01  .112450121E+01  .109611739E+01  .106817123E+01  .104066312E+01
  .101359289E+01  .986960818E+00  .960766597E+00  .935010356E+00  .909691596E+00
  .884810247E+00  .860365587E+00  .836357309E+00  .812784433E+00  .789646382E+00
  .766941890E+00  .744670086E+00  .722829394E+00  .701418626E+00  .680435882E+00
  .659879639E+00  .639747659E+00  .620038075E+00  .600748302E+00  .581876126E+00
  .563418609E+00  .545373187E+00  .527736574E+00  .510505860E+00  .493677414E+00
  .477247988E+00  .461213696E+00  .445570746E+00  .430315131E+00  .415442689E+00
  .400949110E+00  .386829940E+00  .373080588E+00  .359696333E+00  .346672325E+00
  .334003597E+00  .321685071E+00  .309711561E+00  .298077785E+00  .286778370E+00
  .275807859E+00  .265160721E+00  .254831354E+00  .244814099E+00  .235103241E+00
  .225693022E+00  .216577645E+00  .207751282E+00  .199208084E+00  .190942184E+00
  .182947705E+00  .175218771E+00  .167749507E+00  .160534050E+00  .153566554E+00
  .146841194E+00  .140352174E+00  .134093733E+00  .128060144E+00  .122245728E+00
  .116644850E+00  .111251929E+00  .106061440E+00  .101067915E+00  .962659509E-01
  .916502095E-01  .872154217E-01  .829563893E-01  .788679878E-01  .749451684E-01
  .711829599E-01  .675764702E-01  .641208879E-01  .608114836E-01  .576436109E-01
  .546127072E-01  .517142951E-01  .489439822E-01  .462974622E-01  .437705150E-01
  .413590073E-01  .390588922E-01  .368662102E-01  .347770883E-01  .327877407E-01
  .308944679E-01  .290936576E-01  .273817834E-01  .257554051E-01  .242111683E-01
  .227458041E-01  .213561284E-01  .200390417E-01  .187915286E-01  .176106573E-01
  .164935787E-01  .154375263E-01  .144398152E-01  .134978414E-01  .126090814E-01
  .117710909E-01  .109815044E-01  .102380343E-01  .953846948E-02  .888067506E-02
  .826259084E-02  .768223044E-02  .713768012E-02  .662709767E-02  .614871112E-02
  .570081754E-02  .528178171E-02  .489003474E-02  .452407274E-02  .418245532E-02
  .386380419E-02  .356680162E-02  .329018891E-02  .303276487E-02  .279338419E-02
  .257095591E-02  .236444175E-02  .217285450E-02  .199525642E-02  .183075754E-02
  .167851411E-02  .153772687E-02  .140763951E-02  .128753698E-02  .117674395E-02
  .107462318E-02  .980573973E-03  .894030616E-03  .814460880E-03  .741364521E-03
  .674271814E-03  .612742133E-03  .556362551E-03  .504746483E-03  .457532366E-03
  .414382370E-03  .374981162E-03  .339034695E-03  .306269049E-03  .276429308E-03
  .249278481E-03  .224596461E-03  .202179030E-03  .181836906E-03  .163394825E-03
  .146690669E-03  .131574633E-03  .117908434E-03  .105564551E-03  .944255110E-04
  .843832087E-04  .753382621E-04  .671994035E-04  .598829037E-04  .533120304E-04
  .474165362E-04  .421321789E-04  .374002695E-04  .331672495E-04  .293842939E-04
  .260069403E-04  .229947428E-04  .203109484E-04  .179221962E-04  .157982365E-04
  .139116714E-04  .122377123E-04  .107539565E-04  .944017981E-05  .827814473E-05
  .725142384E-05  .634523664E-05  .554629938E-05  .484268701E-05  .422370636E-05
  .367977986E-05  .320233898E-05  .278372681E-05  .241710896E-05  .209639239E-05
  .181615134E-05  .157155994E-05  .135833105E-05  .117266059E-05  .101117722E-05
  .870896715E-06  .749180733E-06  .643699571E-06  .552398602E-06  .473468044E-06
  .405315770E-06  .346542890E-06  .295921856E-06  .252376841E-06  .214966198E-06
  .182866789E-06  .155360000E-06  .131819293E-06  .111699127E-06  .945251143E-07
  .798852919E-07  .674223889E-07  .568269841E-07  .478314630E-07  .402046871E-07
  .337472982E-07  .282875884E-07  .236778726E-07  .197913071E-07  .165191037E-07
  .137680931E-07  .114585982E-07  .952257927E-08  .790201931E-08  .654752090E-08
  .541708817E-08  .447507131E-08  .369125335E-08  .304006126E-08  .249988543E-08
  .205249363E-08  .168252715E-08  .137706822E-08  .112526925E-08  .918035632E-09
  .747754663E-09  .608064426E-09  .493656953E-09  .400110903E-09  .323749573E-09
  .261520589E-09  .210894160E-09  .169777167E-09  .136440749E-09  .109459377E-09
  .876596694E-10  .700774907E-10  .559220308E-10  .445458012E-10  .354196106E-10
  .281117335E-10  .222706002E-10  .176104412E-10  .138994004E-10  .109497176E-10
  .860962274E-11  .675667620E-11  .529228295E-11  .413720655E-11  .322789005E-11
  .251345298E-11  .195324343E-11  .151484628E-11  .117246610E-11  .905616789E-12
  .698061862E-12  .536959359E-12  .412173156E-12  .315719521E-12  .241323279E-12
  .184062618E-12  .140085457E-12  .106383435E-12  .806122110E-13  .609488930E-13
  .459791792E-13  .346082139E-13  .259903334E-13  .194738248E-13  .145575869E-13
  .108572084E-13  .807847637E-14  .599673750E-14  .444085545E-14  .328077095E-14
  .241787838E-14  .177759894E-14  .130366306E-14  .953719294E-15  .695970331E-15
  .506602212E-15  .367824633E-15  .266380863E-15  .192417581E-15  .138629915E-15
  .996163299E-16  .713931109E-16  .510299344E-16  .363770367E-16  .258615068E-16
  .183355969E-16  .129640723E-16  .914078239E-17  .642704169E-17  .450624602E-17
  .315053893E-17  .219639793E-17  .152680440E-17  .105825876E-17  .731351665E-18
  .503937038E-18  .346203613E-18  .237127419E-18  .161925891E-18  .110236284E-18
  .748162420E-19  .506196928E-19  .341416537E-19  .229551476E-19  .153849143E-19
  .102782319E-19  .684445496E-20  .454302532E-20  .300556334E-20  .198184449E-20
  .130246076E-20  .853099029E-21  .556880757E-21  .362277270E-21  .234868150E-21
  .151739724E-21  .976909729E-22  .626725442E-22  .400641218E-22  .255197789E-22
  .161967782E-22  .102423160E-22  .645316525E-23  .405078920E-23  .253329521E-23
  .157833149E-23  .979633785E-24  .605716143E-24  .373079207E-24  .228900099E-24
  .139891195E-24  .851570412E-25  .516324509E-25  .311804953E-25  .187537170E-25
  .112336700E-25  .670149483E-26  .398128325E-26  .235538209E-26  .138762457E-26
  .814029635E-27  .475500805E-27  .276560512E-27  .160155517E-27  .923403008E-28
  .530057540E-28  .302915631E-28  .172334309E-28  .976017361E-29  .550254092E-29
  .308796982E-29  .172492732E-29  .959048056E-30  .530720004E-30  .292300551E-30
  .160219858E-30  .873994880E-31  .474449998E-31  .256297320E-31  .137769361E-31
  .736883711E-32  .392162114E-32  .207651549E-32  .109393101E-32  .573339847E-33
  .298939860E-33  .155055426E-33  .800024598E-34  .410595878E-34  .209605273E-34
  .106425952E-34  .537442264E-35  .269920625E-35  .134815931E-35  .669619362E-36
  .330732623E-36  .162430942E-36  .793201409E-37  .385124651E-37  .185909793E-37
  .892208077E-38  .425669595E-38  .201883680E-38  .951768308E-39  .446007225E-39
  .207736205E-39  .961658754E-40  .442432447E-40  .202287317E-40  .919103442E-41
  .414965861E-41  .186161811E-41  .829806650E-42  .367492925E-42  .161690425E-42
  .706740843E-43  .306869543E-43  .132355518E-43  .567024440E-44  .241273468E-44
  .101962820E-44  .427932077E-45  .178354730E-45  .738154176E-46  .303345726E-46
  .123774885E-46  .501425417E-47  .201666819E-47  .805177766E-48  .319119296E-48
  .125543107E-48  .490213821E-49  .189978854E-49  .730677905E-50  .278882621E-50
  .105624645E-50  .396945397E-51  .148010027E-51  .547544367E-52  .200950013E-52
  .731593578E-53  .264202616E-53  .946372420E-54  .336216302E-54  .118462408E-54
  .413932846E-55  .143448140E-55  .493094566E-56  .168237290E-56  .571863246E-57
  .194475582E-57  .680189816E-58  .256762247E-58  .121340620E-58  .916043571E-59
  .000000000E+00  .000000000E+00  .000000000E+00  .000000000E+00  .000000000E+00
  .000000000E+00  .000000000E+00  .000000000E+00  .000000000E+00  .000000000E+00
  .000000000E+00  .000000000E+00  .000000000E+00  .000000000E+00  .000000000E+00
  .000000000E+00  .000000000E+00  .000000000E+00  .000000000E+00  .000000000E+00
  .000000000E+00  .000000000E+00  .000000000E+00  .000000000E+00  .000000000E+00
  .000000000E+00  .000000000E+00  .000000000E+00  .000000000E+00  .000000000E+00
  .000000000E+00  .000000000E+00  .000000000E+00  .000000000E+00  .000000000E+00
  .000000000E+00  .000000000E+00  .000000000E+00  .000000000E+00  .000000000E+00
  .000000000E+00  .000000000E+00  .000000000E+00  .000000000E+00  .000000000E+00
  .000000000E+00  .000000000E+00  .000000000E+00  .000000000E+00  .000000000E+00
  .000000000E+00  .000000000E+00  .000000000E+00  .000000000E+00  .000000000E+00
  .000000000E+00  .000000000E+00  .000000000E+00  .000000000E+00  .000000000E+00
  .000000000E+00  .000000000E+00  .000000000E+00  .000000000E+00  .000000000E+00
  .000000000E+00  .000000000E+00  .000000000E+00  .000000000E+00  .000000000E+00
  .000000000E+00  .000000000E+00  .000000000E+00  .000000000E+00  .000000000E+00
  .000000000E+00  .000000000E+00  .000000000E+00  .000000000E+00  .000000000E+00
  .000000000E+00  .000000000E+00  .000000000E+00  .000000000E+00  .000000000E+00
  .000000000E+00  .000000000E+00  .000000000E+00  .000000000E+00  .000000000E+00
  .000000000E+00  .000000000E+00  .000000000E+00  .000000000E+00  .000000000E+00
  .000000000E+00  .000000000E+00  .000000000E+00  .000000000E+00  .000000000E+00
  .000000000E+00  .000000000E+00  .000000000E+00  .000000000E+00  .000000000E+00
  .000000000E+00  .000000000E+00  .000000000E+00  .000000000E+00  .000000000E+00
  .000000000E+00  .000000000E+00  .000000000E+00  .000000000E+00  .000000000E+00
  .000000000E+00  .000000000E+00  .000000000E+00  .000000000E+00  .000000000E+00
  .000000000E+00  .000000000E+00  .000000000E+00  .000000000E+00  .000000000E+00
  .000000000E+00  .000000000E+00  .000000000E+00  .000000000E+00  .000000000E+00
  .000000000E+00  .000000000E+00  .000000000E+00  .000000000E+00  .000000000E+00
  .000000000E+00  .000000000E+00  .000000000E+00  .000000000E+00  .000000000E+00
  .000000000E+00  .000000000E+00  .000000000E+00  .000000000E+00  .000000000E+00
  .000000000E+00  .000000000E+00  .000000000E+00  .000000000E+00  .000000000E+00
  .000000000E+00  .000000000E+00  .000000000E+00  .000000000E+00  .000000000E+00
  .000000000E+00  .000000000E+00  .000000000E+00  .000000000E+00  .000000000E+00
  .000000000E+00  .000000000E+00  .000000000E+00  .000000000E+00  .000000000E+00
  .000000000E+00  .000000000E+00  .000000000E+00  .000000000E+00  .000000000E+00
  .000000000E+00  .000000000E+00  .000000000E+00  .000000000E+00  .000000000E+00
  .000000000E+00  .000000000E+00  .000000000E+00  .000000000E+00  .000000000E+00
  .000000000E+00  .000000000E+00  .000000000E+00  .000000000E+00  .000000000E+00
  .000000000E+00  .000000000E+00  .000000000E+00  .000000000E+00  .000000000E+00
  .000000000E+00  .000000000E+00  .000000000E+00  .000000000E+00  .000000000E+00
  .000000000E+00  .000000000E+00  .000000000E+00  .000000000E+00  .000000000E+00
  .000000000E+00  .000000000E+00  .000000000E+00  .000000000E+00  .000000000E+00
  .000000000E+00  .000000000E+00  .000000000E+00  .000000000E+00  .000000000E+00
  .000000000E+00  .000000000E+00  .000000000E+00  .000000000E+00  .000000000E+00
  .000000000E+00  .000000000E+00  .000000000E+00  .000000000E+00  .000000000E+00
  .000000000E+00  .000000000E+00  .000000000E+00  .000000000E+00  .000000000E+00
  .000000000E+00  .000000000E+00  .000000000E+00  .000000000E+00  .000000000E+00
  .000000000E+00  .000000000E+00  .000000000E+00  .000000000E+00  .000000000E+00
  .000000000E+00  .000000000E+00  .000000000E+00  .000000000E+00  .000000000E+00
  .000000000E+00  .000000000E+00  .000000000E+00  .000000000E+00  .000000000E+00
  .000000000E+00  .000000000E+00  .000000000E+00  .000000000E+00  .000000000E+00
  .000000000E+00  .000000000E+00  .000000000E+00  .000000000E+00  .000000000E+00
  .000000000E+00  .000000000E+00  .000000000E+00  .000000000E+00  .000000000E+00
  .000000000E+00  .000000000E+00  .000000000E+00  .000000000E+00  .000000000E+00
  .000000000E+00  .000000000E+00  .000000000E+00  .000000000E+00  .000000000E+00
  .000000000E+00  .000000000E+00  .000000000E+00  .000000000E+00  .000000000E+00
  .000000000E+00  .000000000E+00  .000000000E+00  .000000000E+00  .000000000E+00
