  PAW_GGA Pb 25Jul2001                   
 100
Core Pot   L  =         .00000   -.88470
  -.30000000E+01  .14572991E+01
  -.29500000E+01  .14384590E+01
  -.29000000E+01  .14193075E+01
  -.28500000E+01  .13998286E+01
  -.28000000E+01  .13800049E+01
  -.27500000E+01  .13598180E+01
  -.27000000E+01  .13392474E+01
  -.26500000E+01  .13182711E+01
  -.26000000E+01  .12968650E+01
  -.25500000E+01  .12750028E+01
  -.25000000E+01  .12526558E+01
  -.24500000E+01  .12297923E+01
  -.24000000E+01  .12063775E+01
  -.23500000E+01  .11823729E+01
  -.23000000E+01  .11577359E+01
  -.22500000E+01  .11324194E+01
  -.22000000E+01  .11063707E+01
  -.21500000E+01  .10795309E+01
  -.21000000E+01  .10518341E+01
  -.20500000E+01  .10232059E+01
  -.20000000E+01  .99356252E+00
  -.19500000E+01  .96280863E+00
  -.19000000E+01  .93083562E+00
  -.18500000E+01  .89751915E+00
  -.18000000E+01  .86271601E+00
  -.17500000E+01  .82626049E+00
  -.17000000E+01  .78795963E+00
  -.16500000E+01  .74758739E+00
  -.16000000E+01  .70487709E+00
  -.15500000E+01  .65951185E+00
  -.15000000E+01  .61111203E+00
  -.14500000E+01  .55921882E+00
  -.14000000E+01  .50327229E+00
  -.13500000E+01  .44258182E+00
  -.13000000E+01  .37628533E+00
  -.12500000E+01  .30329244E+00
  -.12000000E+01  .22220322E+00
  -.11500000E+01  .13118960E+00
  -.11000000E+01  .27817818E-01
  -.10500000E+01 -.91225613E-01
  -.10000000E+01 -.23057151E+00
  -.95000000E+00 -.39689576E+00
  -.90000000E+00 -.60018936E+00
  -.85000000E+00 -.85610951E+00
  -.80000000E+00 -.11906621E+01
  -.75000000E+00 -.16504472E+01
  -.70000000E+00 -.23280830E+01
  -.65000000E+00 -.34376403E+01
  -.60000000E+00 -.56108394E+01
  -.55000000E+00 -.11885502E+02
  -.50000000E+00 -.26740913E+03
  -.45000000E+00  .15076239E+02
  -.40000000E+00  .77838254E+01
  -.35000000E+00  .54215388E+01
  -.30000000E+00  .42446055E+01
  -.25000000E+00  .35344414E+01
  -.20000000E+00  .30555542E+01
  -.15000000E+00  .27079857E+01
  -.10000000E+00  .24420682E+01
  -.50000000E-01  .22303279E+01
  -.22898350E-14  .20563324E+01
   .50000000E-01  .19096484E+01
   .10000000E+00  .17833311E+01
   .15000000E+00  .16725776E+01
   .20000000E+00  .15739587E+01
   .25000000E+00  .14849594E+01
   .30000000E+00  .14036918E+01
   .35000000E+00  .13287104E+01
   .40000000E+00  .12588884E+01
   .45000000E+00  .11933333E+01
   .50000000E+00  .11313283E+01
   .55000000E+00  .10722899E+01
   .60000000E+00  .10157374E+01
   .65000000E+00  .96127023E+00
   .70000000E+00  .90855106E+00
   .75000000E+00  .85729289E+00
   .80000000E+00  .80724903E+00
   .85000000E+00  .75820541E+00
   .90000000E+00  .70997446E+00
   .95000000E+00  .66239024E+00
   .10000000E+01  .61530453E+00
   .10500000E+01  .56858363E+00
   .11000000E+01  .52210577E+00
   .11500000E+01  .47575893E+00
   .12000000E+01  .42943903E+00
   .12500000E+01  .38304836E+00
   .13000000E+01  .33649431E+00
   .13500000E+01  .28968815E+00
   .14000000E+01  .24254409E+00
   .14500000E+01  .19497831E+00
   .15000000E+01  .14690816E+00
   .15500000E+01  .98251410E-01
   .16000000E+01  .48925492E-01
   .16500000E+01 -.11531643E-02
   .17000000E+01 -.52069826E-01
   .17500000E+01 -.10391213E+00
   .18000000E+01 -.15677077E+00
   .18500000E+01 -.21074023E+00
   .19000000E+01 -.26591949E+00
   .19500000E+01 -.32241286E+00
   .20000000E+01 -.38033082E+00
Potential  L  =         .00000   -.88470
  -.30000000E+01  .14913533E+01
  -.29500000E+01  .14736535E+01
  -.29000000E+01  .14557016E+01
  -.28500000E+01  .14374855E+01
  -.28000000E+01  .14189924E+01
  -.27500000E+01  .14002083E+01
  -.27000000E+01  .13811182E+01
  -.26500000E+01  .13617054E+01
  -.26000000E+01  .13419520E+01
  -.25500000E+01  .13218384E+01
  -.25000000E+01  .13013427E+01
  -.24500000E+01  .12804413E+01
  -.24000000E+01  .12591077E+01
  -.23500000E+01  .12373129E+01
  -.23000000E+01  .12150242E+01
  -.22500000E+01  .11922056E+01
  -.22000000E+01  .11688163E+01
  -.21500000E+01  .11448106E+01
  -.21000000E+01  .11201367E+01
  -.20500000E+01  .10947358E+01
  -.20000000E+01  .10685408E+01
  -.19500000E+01  .10414743E+01
  -.19000000E+01  .10134474E+01
  -.18500000E+01  .98435613E+00
  -.18000000E+01  .95407914E+00
  -.17500000E+01  .92247314E+00
  -.17000000E+01  .88936771E+00
  -.16500000E+01  .85455841E+00
  -.16000000E+01  .81779758E+00
  -.15500000E+01  .77878203E+00
  -.15000000E+01  .73713616E+00
  -.14500000E+01  .69238865E+00
  -.14000000E+01  .64393938E+00
  -.13500000E+01  .59101144E+00
  -.13000000E+01  .53258030E+00
  -.12500000E+01  .46726546E+00
  -.12000000E+01  .39315972E+00
  -.11500000E+01  .30755026E+00
  -.11000000E+01  .20643980E+00
  -.10500000E+01  .83681538E-01
  -.10000000E+01 -.70694604E-01
  -.95000000E+00 -.27401009E+00
  -.90000000E+00 -.55925650E+00
  -.85000000E+00 -.99801705E+00
  -.80000000E+00 -.17802647E+01
  -.75000000E+00 -.36318056E+01
  -.70000000E+00 -.14223437E+02
  -.65000000E+00  .11496035E+02
  -.60000000E+00  .46667920E+01
  -.55000000E+00  .31065469E+01
  -.50000000E+00  .24019043E+01
  -.45000000E+00  .19922726E+01
  -.40000000E+00  .17187532E+01
  -.35000000E+00  .15189927E+01
  -.30000000E+00  .13635134E+01
  -.25000000E+00  .12365580E+01
  -.20000000E+00  .11289279E+01
  -.15000000E+00  .10348829E+01
  -.10000000E+00  .95064599E+00
  -.50000000E-01  .87362147E+00
  -.22898350E-14  .80195800E+00
   .50000000E-01  .73429120E+00
   .10000000E+00  .66958511E+00
   .15000000E+00  .60703072E+00
   .20000000E+00  .54597871E+00
   .25000000E+00  .48589358E+00
   .30000000E+00  .42632137E+00
   .35000000E+00  .36686635E+00
   .40000000E+00  .30717332E+00
   .45000000E+00  .24691461E+00
   .50000000E+00  .18577893E+00
   .55000000E+00  .12346235E+00
   .60000000E+00  .59660832E-01
   .65000000E+00 -.59378301E-02
   .70000000E+00 -.73660760E-01
   .75000000E+00 -.14385754E+00
   .80000000E+00 -.21690820E+00
   .85000000E+00 -.29323231E+00
   .90000000E+00 -.37329931E+00
   .95000000E+00 -.45764100E+00
   .10000000E+01 -.54686669E+00
   .10500000E+01 -.64168197E+00
   .11000000E+01 -.74291230E+00
   .11500000E+01 -.85153326E+00
   .12000000E+01 -.96870966E+00
   .12500000E+01 -.10958470E+01
   .13000000E+01 -.12346604E+01
   .13500000E+01 -.13872672E+01
   .14000000E+01 -.15563163E+01
   .14500000E+01 -.17451681E+01
   .15000000E+01 -.19581544E+01
   .15500000E+01 -.22009594E+01
   .16000000E+01 -.24811962E+01
   .16500000E+01 -.28093034E+01
   .17000000E+01 -.31999949E+01
   .17500000E+01 -.36747028E+01
   .18000000E+01 -.42659103E+01
   .18500000E+01 -.50253364E+01
   .19000000E+01 -.60406567E+01
   .19500000E+01 -.74733369E+01
   .20000000E+01 -.96569666E+01
Core Pot   L  =        1.00000   -.25703
  -.30000000E+01  .15572511E+01
  -.29500000E+01  .15406382E+01
  -.29000000E+01  .15238365E+01
  -.28500000E+01  .15068399E+01
  -.28000000E+01  .14896417E+01
  -.27500000E+01  .14722348E+01
  -.27000000E+01  .14546120E+01
  -.26500000E+01  .14367653E+01
  -.26000000E+01  .14186867E+01
  -.25500000E+01  .14003673E+01
  -.25000000E+01  .13817979E+01
  -.24500000E+01  .13629688E+01
  -.24000000E+01  .13438697E+01
  -.23500000E+01  .13244894E+01
  -.23000000E+01  .13048163E+01
  -.22500000E+01  .12848380E+01
  -.22000000E+01  .12645411E+01
  -.21500000E+01  .12439116E+01
  -.21000000E+01  .12229342E+01
  -.20500000E+01  .12015927E+01
  -.20000000E+01  .11798699E+01
  -.19500000E+01  .11577470E+01
  -.19000000E+01  .11352041E+01
  -.18500000E+01  .11122198E+01
  -.18000000E+01  .10887707E+01
  -.17500000E+01  .10648318E+01
  -.17000000E+01  .10403761E+01
  -.16500000E+01  .10153743E+01
  -.16000000E+01  .98979448E+00
  -.15500000E+01  .96360210E+00
  -.15000000E+01  .93675944E+00
  -.14500000E+01  .90922534E+00
  -.14000000E+01  .88095477E+00
  -.13500000E+01  .85189836E+00
  -.13000000E+01  .82200182E+00
  -.12500000E+01  .79120534E+00
  -.12000000E+01  .75944282E+00
  -.11500000E+01  .72664104E+00
  -.11000000E+01  .69271867E+00
  -.10500000E+01  .65758502E+00
  -.10000000E+01  .62113873E+00
  -.95000000E+00  .58326607E+00
  -.90000000E+00  .54383900E+00
  -.85000000E+00  .50271280E+00
  -.80000000E+00  .45972325E+00
  -.75000000E+00  .41468318E+00
  -.70000000E+00  .36737831E+00
  -.65000000E+00  .31756206E+00
  -.60000000E+00  .26494927E+00
  -.55000000E+00  .20920819E+00
  -.50000000E+00  .14995056E+00
  -.45000000E+00  .86718998E-01
  -.40000000E+00  .18970752E-01
  -.35000000E+00 -.53943230E-01
  -.30000000E+00 -.13280578E+00
  -.25000000E+00 -.21856999E+00
  -.20000000E+00 -.31240825E+00
  -.15000000E+00 -.41577942E+00
  -.10000000E+00 -.53052213E+00
  -.50000000E-01 -.65898729E+00
  -.22898350E-14 -.80423004E+00
   .50000000E-01 -.97029526E+00
   .10000000E+00 -.11626540E+01
   .15000000E+00 -.13888936E+01
   .20000000E+00 -.16598508E+01
   .25000000E+00 -.19915611E+01
   .30000000E+00 -.24088025E+01
   .35000000E+00 -.29519951E+01
   .40000000E+00 -.36918604E+01
   .45000000E+00 -.47643698E+01
   .50000000E+00 -.64685652E+01
   .55000000E+00 -.96157201E+01
   .60000000E+00 -.17447565E+02
   .65000000E+00 -.71893353E+02
   .70000000E+00  .37388216E+02
   .75000000E+00  .15362331E+02
   .80000000E+00  .98514364E+01
   .85000000E+00  .73362955E+01
   .90000000E+00  .58901464E+01
   .95000000E+00  .49467304E+01
   .10000000E+01  .42796334E+01
   .10500000E+01  .37805949E+01
   .11000000E+01  .33913276E+01
   .11500000E+01  .30776641E+01
   .12000000E+01  .28182489E+01
   .12500000E+01  .25990462E+01
   .13000000E+01  .24104504E+01
   .13500000E+01  .22456643E+01
   .14000000E+01  .20997420E+01
   .14500000E+01  .19689975E+01
   .15000000E+01  .18506269E+01
   .15500000E+01  .17424580E+01
   .16000000E+01  .16427815E+01
   .16500000E+01  .15502326E+01
   .17000000E+01  .14637081E+01
   .17500000E+01  .13823054E+01
   .18000000E+01  .13052781E+01
   .18500000E+01  .12320031E+01
   .19000000E+01  .11619551E+01
   .19500000E+01  .10946877E+01
   .20000000E+01  .10298180E+01
Potential  L  =        1.00000   -.25703
  -.30000000E+01  .15760773E+01
  -.29500000E+01  .15598745E+01
  -.29000000E+01  .15434953E+01
  -.28500000E+01  .15269336E+01
  -.28000000E+01  .15101835E+01
  -.27500000E+01  .14932383E+01
  -.27000000E+01  .14760912E+01
  -.26500000E+01  .14587349E+01
  -.26000000E+01  .14411618E+01
  -.25500000E+01  .14233637E+01
  -.25000000E+01  .14053320E+01
  -.24500000E+01  .13870573E+01
  -.24000000E+01  .13685301E+01
  -.23500000E+01  .13497398E+01
  -.23000000E+01  .13306753E+01
  -.22500000E+01  .13113249E+01
  -.22000000E+01  .12916757E+01
  -.21500000E+01  .12717142E+01
  -.21000000E+01  .12514259E+01
  -.20500000E+01  .12307949E+01
  -.20000000E+01  .12098046E+01
  -.19500000E+01  .11884366E+01
  -.19000000E+01  .11666713E+01
  -.18500000E+01  .11444875E+01
  -.18000000E+01  .11218621E+01
  -.17500000E+01  .10987700E+01
  -.17000000E+01  .10751841E+01
  -.16500000E+01  .10510744E+01
  -.16000000E+01  .10264084E+01
  -.15500000E+01  .10011505E+01
  -.15000000E+01  .97526126E+00
  -.14500000E+01  .94869753E+00
  -.14000000E+01  .92141142E+00
  -.13500000E+01  .89334987E+00
  -.13000000E+01  .86445388E+00
  -.12500000E+01  .83465760E+00
  -.12000000E+01  .80388728E+00
  -.11500000E+01  .77206004E+00
  -.11000000E+01  .73908234E+00
  -.10500000E+01  .70484820E+00
  -.10000000E+01  .66923699E+00
  -.95000000E+00  .63211076E+00
  -.90000000E+00  .59331097E+00
  -.85000000E+00  .55265438E+00
  -.80000000E+00  .50992802E+00
  -.75000000E+00  .46488282E+00
  -.70000000E+00  .41722543E+00
  -.65000000E+00  .36660788E+00
  -.60000000E+00  .31261404E+00
  -.55000000E+00  .25474206E+00
  -.50000000E+00  .19238052E+00
  -.45000000E+00  .12477701E+00
  -.40000000E+00  .50994396E-01
  -.35000000E+00 -.30149765E-01
  -.30000000E+00 -.12016964E+00
  -.25000000E+00 -.22103670E+00
  -.20000000E+00 -.33536716E+00
  -.15000000E+00 -.46670982E+00
  -.10000000E+00 -.62000338E+00
  -.50000000E-01 -.80233215E+00
  -.22898350E-14 -.10242352E+01
   .50000000E-01 -.13021071E+01
   .10000000E+00 -.16629252E+01
   .15000000E+00 -.21544364E+01
   .20000000E+00 -.28699201E+01
   .25000000E+00 -.40194716E+01
   .30000000E+00 -.61962523E+01
   .35000000E+00 -.11981001E+02
   .40000000E+00 -.77243659E+02
   .45000000E+00  .19317850E+02
   .50000000E+00  .89344185E+01
   .55000000E+00  .59328341E+01
   .60000000E+00  .44946036E+01
   .65000000E+00  .36436229E+01
   .70000000E+00  .30762218E+01
   .75000000E+00  .26671831E+01
   .80000000E+00  .23554408E+01
   .85000000E+00  .21076561E+01
   .90000000E+00  .19040791E+01
   .95000000E+00  .17322606E+01
   .10000000E+01  .15839594E+01
   .10500000E+01  .14534988E+01
   .11000000E+01  .13368369E+01
   .11500000E+01  .12310142E+01
   .12000000E+01  .11338096E+01
   .12500000E+01  .10435209E+01
   .13000000E+01  .95881732E+00
   .13500000E+01  .87864042E+00
   .14000000E+01  .80213413E+00
   .14500000E+01  .72859515E+00
   .15000000E+01  .65743683E+00
   .15500000E+01  .58816241E+00
   .16000000E+01  .52034507E+00
   .16500000E+01  .45361175E+00
   .17000000E+01  .38763227E+00
   .17500000E+01  .32210908E+00
   .18000000E+01  .25676975E+00
   .18500000E+01  .19136080E+00
   .19000000E+01  .12564223E+00
   .19500000E+01  .59383082E-01
   .20000000E+01 -.76427103E-02
Core Pot   L  =        2.00000   -.10000
  -.30000000E+01  .16885680E+01
  -.29500000E+01  .16727830E+01
  -.29000000E+01  .16567726E+01
  -.28500000E+01  .16405212E+01
  -.28000000E+01  .16240109E+01
  -.27500000E+01  .16072214E+01
  -.27000000E+01  .15901291E+01
  -.26500000E+01  .15727067E+01
  -.26000000E+01  .15549221E+01
  -.25500000E+01  .15367373E+01
  -.25000000E+01  .15181072E+01
  -.24500000E+01  .14989771E+01
  -.24000000E+01  .14792806E+01
  -.23500000E+01  .14589355E+01
  -.23000000E+01  .14378394E+01
  -.22500000E+01  .14158617E+01
  -.22000000E+01  .13928344E+01
  -.21500000E+01  .13685360E+01
  -.21000000E+01  .13426684E+01
  -.20500000E+01  .13148207E+01
  -.20000000E+01  .12844085E+01
  -.19500000E+01  .12505714E+01
  -.19000000E+01  .12119863E+01
  -.18500000E+01  .11665069E+01
  -.18000000E+01  .11104018E+01
  -.17500000E+01  .10365566E+01
  -.17000000E+01  .92950604E+00
  -.16500000E+01  .74807924E+00
  -.16000000E+01  .33395759E+00
  -.15500000E+01 -.20324895E+01
  -.15000000E+01  .35010523E+01
  -.14500000E+01  .20697612E+01
  -.14000000E+01  .17270225E+01
  -.13500000E+01  .15640945E+01
  -.13000000E+01  .14633997E+01
  -.12500000E+01  .13914224E+01
  -.12000000E+01  .13349710E+01
  -.11500000E+01  .12877969E+01
  -.11000000E+01  .12465548E+01
  -.10500000E+01  .12092895E+01
  -.10000000E+01  .11747795E+01
  -.95000000E+00  .11422203E+01
  -.90000000E+00  .11110587E+01
  -.85000000E+00  .10809000E+01
  -.80000000E+00  .10514532E+01
  -.75000000E+00  .10224980E+01
  -.70000000E+00  .99386266E+00
  -.65000000E+00  .96541006E+00
  -.60000000E+00  .93702818E+00
  -.55000000E+00  .90862325E+00
  -.50000000E+00  .88011501E+00
  -.45000000E+00  .85143318E+00
  -.40000000E+00  .82251490E+00
  -.35000000E+00  .79330273E+00
  -.30000000E+00  .76374312E+00
  -.25000000E+00  .73378517E+00
  -.20000000E+00  .70337968E+00
  -.15000000E+00  .67247827E+00
  -.10000000E+00  .64103268E+00
  -.50000000E-01  .60899416E+00
  -.22898350E-14  .57631286E+00
   .50000000E-01  .54293730E+00
   .10000000E+00  .50881383E+00
   .15000000E+00  .47388611E+00
   .20000000E+00  .43809453E+00
   .25000000E+00  .40137567E+00
   .30000000E+00  .36366167E+00
   .35000000E+00  .32487956E+00
   .40000000E+00  .28495052E+00
   .45000000E+00  .24378906E+00
   .50000000E+00  .20130207E+00
   .55000000E+00  .15738780E+00
   .60000000E+00  .11193462E+00
   .65000000E+00  .64819652E-01
   .70000000E+00  .15907165E-01
   .75000000E+00 -.34953309E-01
   .80000000E+00 -.87929153E-01
   .85000000E+00 -.14320725E+00
   .90000000E+00 -.20099700E+00
   .95000000E+00 -.26153398E+00
   .10000000E+01 -.32508427E+00
   .10500000E+01 -.39194962E+00
   .11000000E+01 -.46247382E+00
   .11500000E+01 -.53705035E+00
   .12000000E+01 -.61613181E+00
   .12500000E+01 -.70024159E+00
   .13000000E+01 -.78998840E+00
   .13500000E+01 -.88608447E+00
   .14000000E+01 -.98936871E+00
   .14500000E+01 -.11008363E+01
   .15000000E+01 -.12216770E+01
   .15500000E+01 -.13533254E+01
   .16000000E+01 -.14975271E+01
   .16500000E+01 -.16564288E+01
   .17000000E+01 -.18326999E+01
   .17500000E+01 -.20297024E+01
   .18000000E+01 -.22517320E+01
   .18500000E+01 -.25043656E+01
   .19000000E+01 -.27949791E+01
   .19500000E+01 -.31335357E+01
   .20000000E+01 -.35338308E+01
Potential  L  =        2.00000   -.10000
  -.30000000E+01  .17392343E+01
  -.29500000E+01  .17252458E+01
  -.29000000E+01  .17111550E+01
  -.28500000E+01  .16969600E+01
  -.28000000E+01  .16826585E+01
  -.27500000E+01  .16682484E+01
  -.27000000E+01  .16537272E+01
  -.26500000E+01  .16390927E+01
  -.26000000E+01  .16243425E+01
  -.25500000E+01  .16094739E+01
  -.25000000E+01  .15944843E+01
  -.24500000E+01  .15793711E+01
  -.24000000E+01  .15641315E+01
  -.23500000E+01  .15487624E+01
  -.23000000E+01  .15332610E+01
  -.22500000E+01  .15176242E+01
  -.22000000E+01  .15018485E+01
  -.21500000E+01  .14859308E+01
  -.21000000E+01  .14698676E+01
  -.20500000E+01  .14536552E+01
  -.20000000E+01  .14372898E+01
  -.19500000E+01  .14207677E+01
  -.19000000E+01  .14040846E+01
  -.18500000E+01  .13872365E+01
  -.18000000E+01  .13702189E+01
  -.17500000E+01  .13530273E+01
  -.17000000E+01  .13356569E+01
  -.16500000E+01  .13181028E+01
  -.16000000E+01  .13003597E+01
  -.15500000E+01  .12824224E+01
  -.15000000E+01  .12642851E+01
  -.14500000E+01  .12459421E+01
  -.14000000E+01  .12273872E+01
  -.13500000E+01  .12086139E+01
  -.13000000E+01  .11896155E+01
  -.12500000E+01  .11703851E+01
  -.12000000E+01  .11509152E+01
  -.11500000E+01  .11311982E+01
  -.11000000E+01  .11112259E+01
  -.10500000E+01  .10909899E+01
  -.10000000E+01  .10704812E+01
  -.95000000E+00  .10496904E+01
  -.90000000E+00  .10286077E+01
  -.85000000E+00  .10072227E+01
  -.80000000E+00  .98552443E+00
  -.75000000E+00  .96350133E+00
  -.70000000E+00  .94114124E+00
  -.65000000E+00  .91843128E+00
  -.60000000E+00  .89535786E+00
  -.55000000E+00  .87190659E+00
  -.50000000E+00  .84806221E+00
  -.45000000E+00  .82380857E+00
  -.40000000E+00  .79912852E+00
  -.35000000E+00  .77400384E+00
  -.30000000E+00  .74841518E+00
  -.25000000E+00  .72234189E+00
  -.20000000E+00  .69576203E+00
  -.15000000E+00  .66865213E+00
  -.10000000E+00  .64098716E+00
  -.50000000E-01  .61274033E+00
  -.22898350E-14  .58388296E+00
   .50000000E-01  .55438431E+00
   .10000000E+00  .52421133E+00
   .15000000E+00  .49332853E+00
   .20000000E+00  .46169766E+00
   .25000000E+00  .42927749E+00
   .30000000E+00  .39602346E+00
   .35000000E+00  .36188737E+00
   .40000000E+00  .32681701E+00
   .45000000E+00  .29075560E+00
   .50000000E+00  .25364146E+00
   .55000000E+00  .21540725E+00
   .60000000E+00  .17597967E+00
   .65000000E+00  .13527826E+00
   .70000000E+00  .93214864E-01
   .75000000E+00  .49692530E-01
   .80000000E+00  .46044423E-02
   .85000000E+00 -.42167426E-01
   .90000000E+00 -.90753815E-01
   .95000000E+00 -.14130000E+00
   .10000000E+01 -.19396783E+00
   .10500000E+01 -.24893821E+00
   .11000000E+01 -.30641400E+00
   .11500000E+01 -.36662351E+00
   .12000000E+01 -.42982461E+00
   .12500000E+01 -.49630973E+00
   .13000000E+01 -.56641188E+00
   .13500000E+01 -.64051199E+00
   .14000000E+01 -.71904786E+00
   .14500000E+01 -.80252531E+00
   .15000000E+01 -.89153190E+00
   .15500000E+01 -.98675424E+00
   .16000000E+01 -.10889999E+01
   .16500000E+01 -.11992253E+01
   .17000000E+01 -.13185716E+01
   .17500000E+01 -.14484123E+01
   .18000000E+01 -.15904147E+01
   .18500000E+01 -.17466241E+01
   .19000000E+01 -.19195766E+01
   .19500000E+01 -.21124565E+01
   .20000000E+01 -.23293178E+01
Core Pot   L  =        3.00000   -.10000
  -.30000000E+01  .18889111E+01
  -.29500000E+01  .18757765E+01
  -.29000000E+01  .18625524E+01
  -.28500000E+01  .18492370E+01
  -.28000000E+01  .18358285E+01
  -.27500000E+01  .18223248E+01
  -.27000000E+01  .18087241E+01
  -.26500000E+01  .17950242E+01
  -.26000000E+01  .17812229E+01
  -.25500000E+01  .17673182E+01
  -.25000000E+01  .17533077E+01
  -.24500000E+01  .17391889E+01
  -.24000000E+01  .17249595E+01
  -.23500000E+01  .17106169E+01
  -.23000000E+01  .16961585E+01
  -.22500000E+01  .16815814E+01
  -.22000000E+01  .16668828E+01
  -.21500000E+01  .16520597E+01
  -.21000000E+01  .16371090E+01
  -.20500000E+01  .16220276E+01
  -.20000000E+01  .16068120E+01
  -.19500000E+01  .15914587E+01
  -.19000000E+01  .15759641E+01
  -.18500000E+01  .15603244E+01
  -.18000000E+01  .15445356E+01
  -.17500000E+01  .15285936E+01
  -.17000000E+01  .15124940E+01
  -.16500000E+01  .14962322E+01
  -.16000000E+01  .14798036E+01
  -.15500000E+01  .14632032E+01
  -.15000000E+01  .14464256E+01
  -.14500000E+01  .14294655E+01
  -.14000000E+01  .14123171E+01
  -.13500000E+01  .13949743E+01
  -.13000000E+01  .13774308E+01
  -.12500000E+01  .13596799E+01
  -.12000000E+01  .13417146E+01
  -.11500000E+01  .13235273E+01
  -.11000000E+01  .13051103E+01
  -.10500000E+01  .12864553E+01
  -.10000000E+01  .12675534E+01
  -.95000000E+00  .12483954E+01
  -.90000000E+00  .12289714E+01
  -.85000000E+00  .12092710E+01
  -.80000000E+00  .11892830E+01
  -.75000000E+00  .11689956E+01
  -.70000000E+00  .11483962E+01
  -.65000000E+00  .11274714E+01
  -.60000000E+00  .11062069E+01
  -.55000000E+00  .10845872E+01
  -.50000000E+00  .10625959E+01
  -.45000000E+00  .10402154E+01
  -.40000000E+00  .10174268E+01
  -.35000000E+00  .99420966E+00
  -.30000000E+00  .97054198E+00
  -.25000000E+00  .94640003E+00
  -.20000000E+00  .92175815E+00
  -.15000000E+00  .89658849E+00
  -.10000000E+00  .87086082E+00
  -.50000000E-01  .84454225E+00
  -.22898350E-14  .81759689E+00
   .50000000E-01  .78998550E+00
   .10000000E+00  .76166510E+00
   .15000000E+00  .73258847E+00
   .20000000E+00  .70270359E+00
   .25000000E+00  .67195302E+00
   .30000000E+00  .64027313E+00
   .35000000E+00  .60759321E+00
   .40000000E+00  .57383449E+00
   .45000000E+00  .53890883E+00
   .50000000E+00  .50271732E+00
   .55000000E+00  .46514853E+00
   .60000000E+00  .42607639E+00
   .65000000E+00  .38535768E+00
   .70000000E+00  .34282895E+00
   .75000000E+00  .29830274E+00
   .80000000E+00  .25156293E+00
   .85000000E+00  .20235895E+00
   .90000000E+00  .15039856E+00
   .95000000E+00  .95338648E-01
   .10000000E+01  .36773558E-01
   .10500000E+01 -.25780006E-01
   .11000000E+01 -.92902691E-01
   .11500000E+01 -.16529852E+00
   .12000000E+01 -.24382975E+00
   .12500000E+01 -.32956429E+00
   .13000000E+01 -.42384131E+00
   .13500000E+01 -.52836360E+00
   .14000000E+01 -.64533061E+00
   .14500000E+01 -.77763444E+00
   .15000000E+01 -.92915669E+00
   .15500000E+01 -.11052324E+01
   .16000000E+01 -.13134018E+01
   .16500000E+01 -.15646837E+01
   .17000000E+01 -.18758447E+01
   .17500000E+01 -.22737134E+01
   .18000000E+01 -.28040671E+01
   .18500000E+01 -.35519554E+01
   .19000000E+01 -.46953311E+01
   .19500000E+01 -.66795904E+01
   .20000000E+01 -.11022465E+02
Potential  L  =        3.00000   -.10000
  -.30000000E+01  .18903921E+01
  -.29500000E+01  .18772340E+01
  -.29000000E+01  .18639855E+01
  -.28500000E+01  .18506447E+01
  -.28000000E+01  .18372098E+01
  -.27500000E+01  .18236787E+01
  -.27000000E+01  .18100495E+01
  -.26500000E+01  .17963201E+01
  -.26000000E+01  .17824882E+01
  -.25500000E+01  .17685517E+01
  -.25000000E+01  .17545083E+01
  -.24500000E+01  .17403554E+01
  -.24000000E+01  .17260908E+01
  -.23500000E+01  .17117117E+01
  -.23000000E+01  .16972154E+01
  -.22500000E+01  .16825994E+01
  -.22000000E+01  .16678605E+01
  -.21500000E+01  .16529959E+01
  -.21000000E+01  .16380024E+01
  -.20500000E+01  .16228768E+01
  -.20000000E+01  .16076158E+01
  -.19500000E+01  .15922158E+01
  -.19000000E+01  .15766732E+01
  -.18500000E+01  .15609842E+01
  -.18000000E+01  .15451449E+01
  -.17500000E+01  .15291511E+01
  -.17000000E+01  .15129985E+01
  -.16500000E+01  .14966826E+01
  -.16000000E+01  .14801987E+01
  -.15500000E+01  .14635420E+01
  -.15000000E+01  .14467072E+01
  -.14500000E+01  .14296891E+01
  -.14000000E+01  .14124819E+01
  -.13500000E+01  .13950798E+01
  -.13000000E+01  .13774765E+01
  -.12500000E+01  .13596656E+01
  -.12000000E+01  .13416403E+01
  -.11500000E+01  .13233934E+01
  -.11000000E+01  .13049173E+01
  -.10500000E+01  .12862040E+01
  -.10000000E+01  .12672452E+01
  -.95000000E+00  .12480321E+01
  -.90000000E+00  .12285553E+01
  -.85000000E+00  .12088049E+01
  -.80000000E+00  .11887706E+01
  -.75000000E+00  .11684412E+01
  -.70000000E+00  .11478052E+01
  -.65000000E+00  .11268500E+01
  -.60000000E+00  .11055626E+01
  -.55000000E+00  .10839288E+01
  -.50000000E+00  .10619339E+01
  -.45000000E+00  .10395618E+01
  -.40000000E+00  .10167958E+01
  -.35000000E+00  .99361771E+00
  -.30000000E+00  .97000816E+00
  -.25000000E+00  .94594648E+00
  -.20000000E+00  .92141045E+00
  -.15000000E+00  .89637626E+00
  -.10000000E+00  .87081825E+00
  -.50000000E-01  .84470885E+00
  -.22898350E-14  .81801827E+00
   .50000000E-01  .79071436E+00
   .10000000E+00  .76276232E+00
   .15000000E+00  .73412442E+00
   .20000000E+00  .70475969E+00
   .25000000E+00  .67462356E+00
   .30000000E+00  .64366741E+00
   .35000000E+00  .61183813E+00
   .40000000E+00  .57907759E+00
   .45000000E+00  .54532197E+00
   .50000000E+00  .51050106E+00
   .55000000E+00  .47453747E+00
   .60000000E+00  .43734559E+00
   .65000000E+00  .39883052E+00
   .70000000E+00  .35888674E+00
   .75000000E+00  .31739657E+00
   .80000000E+00  .27422825E+00
   .85000000E+00  .22923398E+00
   .90000000E+00  .18224710E+00
   .95000000E+00  .13307914E+00
   .10000000E+01  .81516026E-01
   .10500000E+01  .27313557E-01
   .11000000E+01 -.29808115E-01
   .11500000E+01 -.90171287E-01
   .12000000E+01 -.15414915E+00
   .12500000E+01 -.22217625E+00
   .13000000E+01 -.29476175E+00
   .13500000E+01 -.37250622E+00
   .14000000E+01 -.45612319E+00
   .14500000E+01 -.54646714E+00
   .15000000E+01 -.64457022E+00
   .15500000E+01 -.75169106E+00
   .16000000E+01 -.86938068E+00
   .16500000E+01 -.99957285E+00
   .17000000E+01 -.11447100E+01
   .17500000E+01 -.13079229E+01
   .18000000E+01 -.14932909E+01
   .18500000E+01 -.17062326E+01
   .19000000E+01 -.19541033E+01
   .19500000E+01 -.22471470E+01
   .20000000E+01 -.26000697E+01
Core Pot   L  =        4.00000    .00000
  -.30000000E+01  .21066057E+01
  -.29500000E+01  .20950035E+01
  -.29000000E+01  .20833417E+01
  -.28500000E+01  .20716194E+01
  -.28000000E+01  .20598357E+01
  -.27500000E+01  .20479896E+01
  -.27000000E+01  .20360803E+01
  -.26500000E+01  .20241068E+01
  -.26000000E+01  .20120681E+01
  -.25500000E+01  .19999631E+01
  -.25000000E+01  .19877909E+01
  -.24500000E+01  .19755504E+01
  -.24000000E+01  .19632404E+01
  -.23500000E+01  .19508600E+01
  -.23000000E+01  .19384078E+01
  -.22500000E+01  .19258829E+01
  -.22000000E+01  .19132838E+01
  -.21500000E+01  .19006095E+01
  -.21000000E+01  .18878586E+01
  -.20500000E+01  .18750298E+01
  -.20000000E+01  .18621218E+01
  -.19500000E+01  .18491333E+01
  -.19000000E+01  .18360627E+01
  -.18500000E+01  .18229087E+01
  -.18000000E+01  .18096697E+01
  -.17500000E+01  .17963442E+01
  -.17000000E+01  .17829307E+01
  -.16500000E+01  .17694274E+01
  -.16000000E+01  .17558328E+01
  -.15500000E+01  .17421450E+01
  -.15000000E+01  .17283624E+01
  -.14500000E+01  .17144830E+01
  -.14000000E+01  .17005051E+01
  -.13500000E+01  .16864266E+01
  -.13000000E+01  .16722455E+01
  -.12500000E+01  .16579598E+01
  -.12000000E+01  .16435673E+01
  -.11500000E+01  .16290659E+01
  -.11000000E+01  .16144532E+01
  -.10500000E+01  .15997269E+01
  -.10000000E+01  .15848846E+01
  -.95000000E+00  .15699238E+01
  -.90000000E+00  .15548419E+01
  -.85000000E+00  .15396361E+01
  -.80000000E+00  .15243038E+01
  -.75000000E+00  .15088420E+01
  -.70000000E+00  .14932478E+01
  -.65000000E+00  .14775180E+01
  -.60000000E+00  .14616496E+01
  -.55000000E+00  .14456391E+01
  -.50000000E+00  .14294832E+01
  -.45000000E+00  .14131783E+01
  -.40000000E+00  .13967206E+01
  -.35000000E+00  .13801064E+01
  -.30000000E+00  .13633317E+01
  -.25000000E+00  .13463922E+01
  -.20000000E+00  .13292838E+01
  -.15000000E+00  .13120018E+01
  -.10000000E+00  .12945417E+01
  -.50000000E-01  .12768986E+01
  -.22898350E-14  .12590673E+01
   .50000000E-01  .12410427E+01
   .10000000E+00  .12228192E+01
   .15000000E+00  .12043910E+01
   .20000000E+00  .11857522E+01
   .25000000E+00  .11668964E+01
   .30000000E+00  .11478171E+01
   .35000000E+00  .11285074E+01
   .40000000E+00  .11089602E+01
   .45000000E+00  .10891679E+01
   .50000000E+00  .10691225E+01
   .55000000E+00  .10488159E+01
   .60000000E+00  .10282394E+01
   .65000000E+00  .10073837E+01
   .70000000E+00  .98623934E+00
   .75000000E+00  .96479620E+00
   .80000000E+00  .94304365E+00
   .85000000E+00  .92097049E+00
   .90000000E+00  .89856492E+00
   .95000000E+00  .87581448E+00
   .10000000E+01  .85270601E+00
   .10500000E+01  .82922562E+00
   .11000000E+01  .80535857E+00
   .11500000E+01  .78108929E+00
   .12000000E+01  .75640126E+00
   .12500000E+01  .73127695E+00
   .13000000E+01  .70569773E+00
   .13500000E+01  .67964380E+00
   .14000000E+01  .65309410E+00
   .14500000E+01  .62602615E+00
   .15000000E+01  .59841600E+00
   .15500000E+01  .57023804E+00
   .16000000E+01  .54146491E+00
   .16500000E+01  .51206728E+00
   .17000000E+01  .48201372E+00
   .17500000E+01  .45127048E+00
   .18000000E+01  .41980125E+00
   .18500000E+01  .38756696E+00
   .19000000E+01  .35452544E+00
   .19500000E+01  .32063116E+00
   .20000000E+01  .28583484E+00
Potential  L  =        4.00000    .00000
  -.30000000E+01  .21085314E+01
  -.29500000E+01  .20969229E+01
  -.29000000E+01  .20852546E+01
  -.28500000E+01  .20735252E+01
  -.28000000E+01  .20617337E+01
  -.27500000E+01  .20498795E+01
  -.27000000E+01  .20379616E+01
  -.26500000E+01  .20259787E+01
  -.26000000E+01  .20139300E+01
  -.25500000E+01  .20018146E+01
  -.25000000E+01  .19896312E+01
  -.24500000E+01  .19773788E+01
  -.24000000E+01  .19650562E+01
  -.23500000E+01  .19526625E+01
  -.23000000E+01  .19401963E+01
  -.22500000E+01  .19276564E+01
  -.22000000E+01  .19150417E+01
  -.21500000E+01  .19023508E+01
  -.21000000E+01  .18895823E+01
  -.20500000E+01  .18767352E+01
  -.20000000E+01  .18638079E+01
  -.19500000E+01  .18507991E+01
  -.19000000E+01  .18377070E+01
  -.18500000E+01  .18245306E+01
  -.18000000E+01  .18112680E+01
  -.17500000E+01  .17979178E+01
  -.17000000E+01  .17844781E+01
  -.16500000E+01  .17709477E+01
  -.16000000E+01  .17573243E+01
  -.15500000E+01  .17436067E+01
  -.15000000E+01  .17297925E+01
  -.14500000E+01  .17158804E+01
  -.14000000E+01  .17018679E+01
  -.13500000E+01  .16877534E+01
  -.13000000E+01  .16735344E+01
  -.12500000E+01  .16592092E+01
  -.12000000E+01  .16447753E+01
  -.11500000E+01  .16302307E+01
  -.11000000E+01  .16155727E+01
  -.10500000E+01  .16007991E+01
  -.10000000E+01  .15859072E+01
  -.95000000E+00  .15708947E+01
  -.90000000E+00  .15557587E+01
  -.85000000E+00  .15404963E+01
  -.80000000E+00  .15251048E+01
  -.75000000E+00  .15095812E+01
  -.70000000E+00  .14939223E+01
  -.65000000E+00  .14781252E+01
  -.60000000E+00  .14621862E+01
  -.55000000E+00  .14461021E+01
  -.50000000E+00  .14298690E+01
  -.45000000E+00  .14134836E+01
  -.40000000E+00  .13969419E+01
  -.35000000E+00  .13802397E+01
  -.30000000E+00  .13633731E+01
  -.25000000E+00  .13463377E+01
  -.20000000E+00  .13291289E+01
  -.15000000E+00  .13117421E+01
  -.10000000E+00  .12941724E+01
  -.50000000E-01  .12764147E+01
  -.22898350E-14  .12584637E+01
   .50000000E-01  .12403139E+01
   .10000000E+00  .12219594E+01
   .15000000E+00  .12033944E+01
   .20000000E+00  .11846124E+01
   .25000000E+00  .11656069E+01
   .30000000E+00  .11463710E+01
   .35000000E+00  .11268974E+01
   .40000000E+00  .11071787E+01
   .45000000E+00  .10872069E+01
   .50000000E+00  .10669737E+01
   .55000000E+00  .10464704E+01
   .60000000E+00  .10256879E+01
   .65000000E+00  .10046166E+01
   .70000000E+00  .98324628E+00
   .75000000E+00  .96156639E+00
   .80000000E+00  .93956572E+00
   .85000000E+00  .91723246E+00
   .90000000E+00  .89455416E+00
   .95000000E+00  .87151767E+00
   .10000000E+01  .84810909E+00
   .10500000E+01  .82431376E+00
   .11000000E+01  .80011613E+00
   .11500000E+01  .77549971E+00
   .12000000E+01  .75044706E+00
   .12500000E+01  .72493961E+00
   .13000000E+01  .69895768E+00
   .13500000E+01  .67248032E+00
   .14000000E+01  .64548521E+00
   .14500000E+01  .61794857E+00
   .15000000E+01  .58984502E+00
   .15500000E+01  .56114746E+00
   .16000000E+01  .53182684E+00
   .16500000E+01  .50185214E+00
   .17000000E+01  .47119002E+00
   .17500000E+01  .43980471E+00
   .18000000E+01  .40765769E+00
   .18500000E+01  .37470755E+00
   .19000000E+01  .34090964E+00
   .19500000E+01  .30621555E+00
   .20000000E+01  .27057308E+00
KBPotential  L  =       .00000  -1.76941
  -.30000000E+01  .14566699E+01
  -.29500000E+01  .14378468E+01
  -.29000000E+01  .14187126E+01
  -.28500000E+01  .13992512E+01
  -.28000000E+01  .13794455E+01
  -.27500000E+01  .13592768E+01
  -.27000000E+01  .13387247E+01
  -.26500000E+01  .13177672E+01
  -.26000000E+01  .12963801E+01
  -.25500000E+01  .12745372E+01
  -.25000000E+01  .12522096E+01
  -.24500000E+01  .12293657E+01
  -.24000000E+01  .12059706E+01
  -.23500000E+01  .11819858E+01
  -.23000000E+01  .11573687E+01
  -.22500000E+01  .11320720E+01
  -.22000000E+01  .11060431E+01
  -.21500000E+01  .10792230E+01
  -.21000000E+01  .10515457E+01
  -.20500000E+01  .10229369E+01
  -.20000000E+01  .99331256E+00
  -.19500000E+01  .96257736E+00
  -.19000000E+01  .93062261E+00
  -.18500000E+01  .89732388E+00
  -.18000000E+01  .86253788E+00
  -.17500000E+01  .82609880E+00
  -.17000000E+01  .78781360E+00
  -.16500000E+01  .74745612E+00
  -.16000000E+01  .70475960E+00
  -.15500000E+01  .65940703E+00
  -.15000000E+01  .61101870E+00
  -.14500000E+01  .55913566E+00
  -.14000000E+01  .50319792E+00
  -.13500000E+01  .44251479E+00
  -.13000000E+01  .37622408E+00
  -.12500000E+01  .30323539E+00
  -.12000000E+01  .22214880E+00
  -.11500000E+01  .13113629E+00
  -.11000000E+01  .27764233E-01
  -.10500000E+01 -.91280797E-01
  -.10000000E+01 -.23062900E+00
  -.95000000E+00 -.39695603E+00
  -.90000000E+00 -.60025236E+00
  -.85000000E+00 -.85617552E+00
  -.80000000E+00 -.11907327E+01
  -.75000000E+00 -.16505310E+01
  -.70000000E+00 -.23282146E+01
  -.65000000E+00 -.34379594E+01
  -.60000000E+00 -.56120304E+01
  -.55000000E+00 -.11893521E+02
  -.50000000E+00 -.27358334E+03
  -.45000000E+00  .15048561E+02
  -.40000000E+00  .77734711E+01
  -.35000000E+00  .54146747E+01
  -.30000000E+00  .42389810E+01
  -.25000000E+00  .35293208E+01
  -.20000000E+00  .30506027E+01
  -.15000000E+00  .27030144E+01
  -.10000000E+00  .24369514E+01
  -.50000000E-01  .22249707E+01
  -.22898350E-14  .20506549E+01
   .50000000E-01  .19035779E+01
   .10000000E+00  .17767976E+01
   .15000000E+00  .16655106E+01
   .20000000E+00  .15662854E+01
   .25000000E+00  .14766028E+01
   .30000000E+00  .13945697E+01
   .35000000E+00  .13187338E+01
   .40000000E+00  .12479603E+01
   .45000000E+00  .11813476E+01
   .50000000E+00  .11181684E+01
   .55000000E+00  .10578271E+01
   .60000000E+00  .99982932E+00
   .65000000E+00  .94375903E+00
   .70000000E+00  .88926054E+00
   .75000000E+00  .83602917E+00
   .80000000E+00  .78379315E+00
   .85000000E+00  .73231339E+00
   .90000000E+00  .68137285E+00
   .95000000E+00  .63077190E+00
   .10000000E+01  .58032373E+00
   .10500000E+01  .52985038E+00
   .11000000E+01  .47917892E+00
   .11500000E+01  .42813836E+00
   .12000000E+01  .37655610E+00
   .12500000E+01  .32425473E+00
   .13000000E+01  .27104839E+00
   .13500000E+01  .21673887E+00
   .14000000E+01  .16111122E+00
   .14500000E+01  .10392825E+00
   .15000000E+01  .44925061E-01
   .15500000E+01 -.16199967E-01
   .16000000E+01 -.79794096E-01
   .16500000E+01 -.14626302E+00
   .17000000E+01 -.21608705E+00
   .17500000E+01 -.28984269E+00
   .18000000E+01 -.36823167E+00
   .18500000E+01 -.45212057E+00
   .19000000E+01 -.54259650E+00
   .19500000E+01 -.64104605E+00
   .20000000E+01 -.74927098E+00
KBPotential  L  =      1.00000   -.51406
  -.30000000E+01  .15567355E+01
  -.29500000E+01  .15401386E+01
  -.29000000E+01  .15233528E+01
  -.28500000E+01  .15063718E+01
  -.28000000E+01  .14891891E+01
  -.27500000E+01  .14717975E+01
  -.27000000E+01  .14541898E+01
  -.26500000E+01  .14363581E+01
  -.26000000E+01  .14182942E+01
  -.25500000E+01  .13999894E+01
  -.25000000E+01  .13814345E+01
  -.24500000E+01  .13626197E+01
  -.24000000E+01  .13435345E+01
  -.23500000E+01  .13241681E+01
  -.23000000E+01  .13045087E+01
  -.22500000E+01  .12845439E+01
  -.22000000E+01  .12642603E+01
  -.21500000E+01  .12436437E+01
  -.21000000E+01  .12226791E+01
  -.20500000E+01  .12013502E+01
  -.20000000E+01  .11796396E+01
  -.19500000E+01  .11575288E+01
  -.19000000E+01  .11349977E+01
  -.18500000E+01  .11120248E+01
  -.18000000E+01  .10885868E+01
  -.17500000E+01  .10646588E+01
  -.17000000E+01  .10402136E+01
  -.16500000E+01  .10152218E+01
  -.16000000E+01  .98965178E+00
  -.15500000E+01  .96346873E+00
  -.15000000E+01  .93663499E+00
  -.14500000E+01  .90910937E+00
  -.14000000E+01  .88084685E+00
  -.13500000E+01  .85179801E+00
  -.13000000E+01  .82190857E+00
  -.12500000E+01  .79111866E+00
  -.12000000E+01  .75936220E+00
  -.11500000E+01  .72656595E+00
  -.11000000E+01  .69264854E+00
  -.10500000E+01  .65751932E+00
  -.10000000E+01  .62107688E+00
  -.95000000E+00  .58320757E+00
  -.90000000E+00  .54378317E+00
  -.85000000E+00  .50265915E+00
  -.80000000E+00  .45967124E+00
  -.75000000E+00  .41463231E+00
  -.70000000E+00  .36732807E+00
  -.65000000E+00  .31751203E+00
  -.60000000E+00  .26489906E+00
  -.55000000E+00  .20915747E+00
  -.50000000E+00  .14989910E+00
  -.45000000E+00  .86666626E-01
  -.40000000E+00  .18917402E-01
  -.35000000E+00 -.53997544E-01
  -.30000000E+00 -.13286097E+00
  -.25000000E+00 -.21862593E+00
  -.20000000E+00 -.31246488E+00
  -.15000000E+00 -.41583688E+00
  -.10000000E+00 -.53058102E+00
  -.50000000E-01 -.65904914E+00
  -.22898350E-14 -.80429815E+00
   .50000000E-01 -.97037608E+00
   .10000000E+00 -.11627597E+01
   .15000000E+00 -.13890463E+01
   .20000000E+00 -.16600914E+01
   .25000000E+00 -.19919654E+01
   .30000000E+00 -.24095144E+01
   .35000000E+00 -.29533003E+01
   .40000000E+00 -.36943620E+01
   .45000000E+00 -.47694681E+01
   .50000000E+00 -.64800209E+01
   .55000000E+00 -.96464390E+01
   .60000000E+00 -.17569923E+02
   .65000000E+00 -.74454999E+02
   .70000000E+00  .36606680E+02
   .75000000E+00  .15203880E+02
   .80000000E+00  .97741285E+01
   .85000000E+00  .72856794E+01
   .90000000E+00  .58517597E+01
   .95000000E+00  .49149654E+01
   .10000000E+01  .42518029E+01
   .10500000E+01  .37552192E+01
   .11000000E+01  .33675054E+01
   .11500000E+01  .30548015E+01
   .12000000E+01  .27959276E+01
   .12500000E+01  .25769545E+01
   .13000000E+01  .23883437E+01
   .13500000E+01  .22233415E+01
   .14000000E+01  .20770305E+01
   .14500000E+01  .19457436E+01
   .15000000E+01  .18266886E+01
   .15500000E+01  .17177004E+01
   .16000000E+01  .16170732E+01
   .16500000E+01  .15234429E+01
   .17000000E+01  .14357044E+01
   .17500000E+01  .13529516E+01
   .18000000E+01  .12744327E+01
   .18500000E+01  .11995176E+01
   .19000000E+01  .11276724E+01
   .19500000E+01  .10584408E+01
   .20000000E+01  .99142815E+00
KBPotential  L  =      2.00000   -.20000
  -.30000000E+01  .17582976E+01
  -.29500000E+01  .17445379E+01
  -.29000000E+01  .17306779E+01
  -.28500000E+01  .17167153E+01
  -.28000000E+01  .17026481E+01
  -.27500000E+01  .16884736E+01
  -.27000000E+01  .16741896E+01
  -.26500000E+01  .16597935E+01
  -.26000000E+01  .16452825E+01
  -.25500000E+01  .16306541E+01
  -.25000000E+01  .16159052E+01
  -.24500000E+01  .16010329E+01
  -.24000000E+01  .15860342E+01
  -.23500000E+01  .15709057E+01
  -.23000000E+01  .15556440E+01
  -.22500000E+01  .15402457E+01
  -.22000000E+01  .15247071E+01
  -.21500000E+01  .15090242E+01
  -.21000000E+01  .14931930E+01
  -.20500000E+01  .14772094E+01
  -.20000000E+01  .14610688E+01
  -.19500000E+01  .14447666E+01
  -.19000000E+01  .14282979E+01
  -.18500000E+01  .14116576E+01
  -.18000000E+01  .13948402E+01
  -.17500000E+01  .13778401E+01
  -.17000000E+01  .13606511E+01
  -.16500000E+01  .13432671E+01
  -.16000000E+01  .13256812E+01
  -.15500000E+01  .13078865E+01
  -.15000000E+01  .12898753E+01
  -.14500000E+01  .12716397E+01
  -.14000000E+01  .12531713E+01
  -.13500000E+01  .12344610E+01
  -.13000000E+01  .12154993E+01
  -.12500000E+01  .11962760E+01
  -.12000000E+01  .11767802E+01
  -.11500000E+01  .11570003E+01
  -.11000000E+01  .11369237E+01
  -.10500000E+01  .11165371E+01
  -.10000000E+01  .10958261E+01
  -.95000000E+00  .10747753E+01
  -.90000000E+00  .10533678E+01
  -.85000000E+00  .10315858E+01
  -.80000000E+00  .10094096E+01
  -.75000000E+00  .98681805E+00
  -.70000000E+00  .96378810E+00
  -.65000000E+00  .94029415E+00
  -.60000000E+00  .91631012E+00
  -.55000000E+00  .89180451E+00
  -.50000000E+00  .86674475E+00
  -.45000000E+00  .84109442E+00
  -.40000000E+00  .81481329E+00
  -.35000000E+00  .78785667E+00
  -.30000000E+00  .76017526E+00
  -.25000000E+00  .73171362E+00
  -.20000000E+00  .70240951E+00
  -.15000000E+00  .67219360E+00
  -.10000000E+00  .64098716E+00
  -.50000000E-01  .60870103E+00
  -.22898350E-14  .57523365E+00
   .50000000E-01  .54046873E+00
   .10000000E+00  .50427247E+00
   .15000000E+00  .46648994E+00
   .20000000E+00  .42694075E+00
   .25000000E+00  .38541339E+00
   .30000000E+00  .34165816E+00
   .35000000E+00  .29537787E+00
   .40000000E+00  .24621593E+00
   .45000000E+00  .19374041E+00
   .50000000E+00  .13742281E+00
   .55000000E+00  .76609144E-01
   .60000000E+00  .10480017E-01
   .65000000E+00 -.62005923E-01
   .70000000E+00 -.14219256E+00
   .75000000E+00 -.23184622E+00
   .80000000E+00 -.33334485E+00
   .85000000E+00 -.44991799E+00
   .90000000E+00 -.58618948E+00
   .95000000E+00 -.74886906E+00
   .10000000E+01 -.94817413E+00
   .10500000E+01 -.12004488E+01
   .11000000E+01 -.15335694E+01
   .11500000E+01 -.19993031E+01
   .12000000E+01 -.27058982E+01
   .12500000E+01 -.39240365E+01
   .13000000E+01 -.65745189E+01
   .13500000E+01 -.17113826E+02
   .14000000E+01  .35173571E+02
   .14500000E+01  .90663637E+01
   .15000000E+01  .53000197E+01
   .15500000E+01  .37752692E+01
   .16000000E+01  .29403468E+01
   .16500000E+01  .24070070E+01
   .17000000E+01  .20321466E+01
   .17500000E+01  .17506909E+01
   .18000000E+01  .15287835E+01
   .18500000E+01  .13470635E+01
   .19000000E+01  .11936518E+01
   .19500000E+01  .10608495E+01
   .20000000E+01  .94344264E+00
KBPotential  L  =      3.00000    .00000
  -.30000000E+01  .18903921E+01
  -.29500000E+01  .18772340E+01
  -.29000000E+01  .18639855E+01
  -.28500000E+01  .18506447E+01
  -.28000000E+01  .18372098E+01
  -.27500000E+01  .18236787E+01
  -.27000000E+01  .18100495E+01
  -.26500000E+01  .17963201E+01
  -.26000000E+01  .17824882E+01
  -.25500000E+01  .17685517E+01
  -.25000000E+01  .17545083E+01
  -.24500000E+01  .17403554E+01
  -.24000000E+01  .17260908E+01
  -.23500000E+01  .17117117E+01
  -.23000000E+01  .16972154E+01
  -.22500000E+01  .16825994E+01
  -.22000000E+01  .16678605E+01
  -.21500000E+01  .16529959E+01
  -.21000000E+01  .16380024E+01
  -.20500000E+01  .16228768E+01
  -.20000000E+01  .16076158E+01
  -.19500000E+01  .15922158E+01
  -.19000000E+01  .15766732E+01
  -.18500000E+01  .15609842E+01
  -.18000000E+01  .15451449E+01
  -.17500000E+01  .15291511E+01
  -.17000000E+01  .15129985E+01
  -.16500000E+01  .14966826E+01
  -.16000000E+01  .14801987E+01
  -.15500000E+01  .14635420E+01
  -.15000000E+01  .14467072E+01
  -.14500000E+01  .14296891E+01
  -.14000000E+01  .14124819E+01
  -.13500000E+01  .13950798E+01
  -.13000000E+01  .13774765E+01
  -.12500000E+01  .13596656E+01
  -.12000000E+01  .13416403E+01
  -.11500000E+01  .13233934E+01
  -.11000000E+01  .13049173E+01
  -.10500000E+01  .12862040E+01
  -.10000000E+01  .12672452E+01
  -.95000000E+00  .12480321E+01
  -.90000000E+00  .12285553E+01
  -.85000000E+00  .12088049E+01
  -.80000000E+00  .11887706E+01
  -.75000000E+00  .11684412E+01
  -.70000000E+00  .11478052E+01
  -.65000000E+00  .11268500E+01
  -.60000000E+00  .11055626E+01
  -.55000000E+00  .10839288E+01
  -.50000000E+00  .10619339E+01
  -.45000000E+00  .10395618E+01
  -.40000000E+00  .10167958E+01
  -.35000000E+00  .99361771E+00
  -.30000000E+00  .97000816E+00
  -.25000000E+00  .94594648E+00
  -.20000000E+00  .92141045E+00
  -.15000000E+00  .89637626E+00
  -.10000000E+00  .87081825E+00
  -.50000000E-01  .84470885E+00
  -.22898350E-14  .81801827E+00
   .50000000E-01  .79071436E+00
   .10000000E+00  .76276232E+00
   .15000000E+00  .73412442E+00
   .20000000E+00  .70475969E+00
   .25000000E+00  .67462356E+00
   .30000000E+00  .64366741E+00
   .35000000E+00  .61183813E+00
   .40000000E+00  .57907759E+00
   .45000000E+00  .54532197E+00
   .50000000E+00  .51050106E+00
   .55000000E+00  .47453747E+00
   .60000000E+00  .43734559E+00
   .65000000E+00  .39883052E+00
   .70000000E+00  .35888674E+00
   .75000000E+00  .31739657E+00
   .80000000E+00  .27422825E+00
   .85000000E+00  .22923398E+00
   .90000000E+00  .18224710E+00
   .95000000E+00  .13307914E+00
   .10000000E+01  .81516026E-01
   .10500000E+01  .27313557E-01
   .11000000E+01 -.29808115E-01
   .11500000E+01 -.90171287E-01
   .12000000E+01 -.15414915E+00
   .12500000E+01 -.22217625E+00
   .13000000E+01 -.29476175E+00
   .13500000E+01 -.37250622E+00
   .14000000E+01 -.45612319E+00
   .14500000E+01 -.54646714E+00
   .15000000E+01 -.64457022E+00
   .15500000E+01 -.75169106E+00
   .16000000E+01 -.86938068E+00
   .16500000E+01 -.99957285E+00
   .17000000E+01 -.11447100E+01
   .17500000E+01 -.13079229E+01
   .18000000E+01 -.14932909E+01
   .18500000E+01 -.17062326E+01
   .19000000E+01 -.19541033E+01
   .19500000E+01 -.22471470E+01
   .20000000E+01 -.26000697E+01
KBPotential  L  =      4.00000    .00000
  -.30000000E+01  .21085314E+01
  -.29500000E+01  .20969229E+01
  -.29000000E+01  .20852546E+01
  -.28500000E+01  .20735252E+01
  -.28000000E+01  .20617337E+01
  -.27500000E+01  .20498795E+01
  -.27000000E+01  .20379616E+01
  -.26500000E+01  .20259787E+01
  -.26000000E+01  .20139300E+01
  -.25500000E+01  .20018146E+01
  -.25000000E+01  .19896312E+01
  -.24500000E+01  .19773788E+01
  -.24000000E+01  .19650562E+01
  -.23500000E+01  .19526625E+01
  -.23000000E+01  .19401963E+01
  -.22500000E+01  .19276564E+01
  -.22000000E+01  .19150417E+01
  -.21500000E+01  .19023508E+01
  -.21000000E+01  .18895823E+01
  -.20500000E+01  .18767352E+01
  -.20000000E+01  .18638079E+01
  -.19500000E+01  .18507991E+01
  -.19000000E+01  .18377070E+01
  -.18500000E+01  .18245306E+01
  -.18000000E+01  .18112680E+01
  -.17500000E+01  .17979178E+01
  -.17000000E+01  .17844781E+01
  -.16500000E+01  .17709477E+01
  -.16000000E+01  .17573243E+01
  -.15500000E+01  .17436067E+01
  -.15000000E+01  .17297925E+01
  -.14500000E+01  .17158804E+01
  -.14000000E+01  .17018679E+01
  -.13500000E+01  .16877534E+01
  -.13000000E+01  .16735344E+01
  -.12500000E+01  .16592092E+01
  -.12000000E+01  .16447753E+01
  -.11500000E+01  .16302307E+01
  -.11000000E+01  .16155727E+01
  -.10500000E+01  .16007991E+01
  -.10000000E+01  .15859072E+01
  -.95000000E+00  .15708947E+01
  -.90000000E+00  .15557587E+01
  -.85000000E+00  .15404963E+01
  -.80000000E+00  .15251048E+01
  -.75000000E+00  .15095812E+01
  -.70000000E+00  .14939223E+01
  -.65000000E+00  .14781252E+01
  -.60000000E+00  .14621862E+01
  -.55000000E+00  .14461021E+01
  -.50000000E+00  .14298690E+01
  -.45000000E+00  .14134836E+01
  -.40000000E+00  .13969419E+01
  -.35000000E+00  .13802397E+01
  -.30000000E+00  .13633731E+01
  -.25000000E+00  .13463377E+01
  -.20000000E+00  .13291289E+01
  -.15000000E+00  .13117421E+01
  -.10000000E+00  .12941724E+01
  -.50000000E-01  .12764147E+01
  -.22898350E-14  .12584637E+01
   .50000000E-01  .12403139E+01
   .10000000E+00  .12219594E+01
   .15000000E+00  .12033944E+01
   .20000000E+00  .11846124E+01
   .25000000E+00  .11656069E+01
   .30000000E+00  .11463710E+01
   .35000000E+00  .11268974E+01
   .40000000E+00  .11071787E+01
   .45000000E+00  .10872069E+01
   .50000000E+00  .10669737E+01
   .55000000E+00  .10464704E+01
   .60000000E+00  .10256879E+01
   .65000000E+00  .10046166E+01
   .70000000E+00  .98324628E+00
   .75000000E+00  .96156639E+00
   .80000000E+00  .93956572E+00
   .85000000E+00  .91723246E+00
   .90000000E+00  .89455416E+00
   .95000000E+00  .87151767E+00
   .10000000E+01  .84810909E+00
   .10500000E+01  .82431376E+00
   .11000000E+01  .80011613E+00
   .11500000E+01  .77549971E+00
   .12000000E+01  .75044706E+00
   .12500000E+01  .72493961E+00
   .13000000E+01  .69895768E+00
   .13500000E+01  .67248032E+00
   .14000000E+01  .64548521E+00
   .14500000E+01  .61794857E+00
   .15000000E+01  .58984502E+00
   .15500000E+01  .56114746E+00
   .16000000E+01  .53182684E+00
   .16500000E+01  .50185214E+00
   .17000000E+01  .47119002E+00
   .17500000E+01  .43980471E+00
   .18000000E+01  .40765769E+00
   .18500000E+01  .37470755E+00
   .19000000E+01  .34090964E+00
   .19500000E+01  .30621555E+00
   .20000000E+01  .27057308E+00
