Hf: 5p6s5d                              
  .224179190E+00  .227219783E+00  .230301331E+00  .233424382E+00  .236589487E+00
  .239797208E+00  .243048110E+00  .246342770E+00  .249681770E+00  .253065699E+00
  .256495155E+00  .259970745E+00  .263493080E+00  .267062783E+00  .270680484E+00
  .274346819E+00  .278062435E+00  .281827987E+00  .285644137E+00  .289511557E+00
  .293430927E+00  .297402936E+00  .301428283E+00  .305507675E+00  .309641827E+00
  .313831466E+00  .318077327E+00  .322380154E+00  .326740702E+00  .331159734E+00
  .335638025E+00  .340176358E+00  .344775527E+00  .349436338E+00  .354159603E+00
  .358946149E+00  .363796811E+00  .368712437E+00  .373693883E+00  .378742018E+00
  .383857722E+00  .389041887E+00  .394295414E+00  .399619218E+00  .405014225E+00
  .410481372E+00  .416021611E+00  .421635901E+00  .427325219E+00  .433090551E+00
  .438932896E+00  .444853266E+00  .450852688E+00  .456932199E+00  .463092851E+00
  .469335709E+00  .475661851E+00  .482072371E+00  .488568374E+00  .495150981E+00
  .501821327E+00  .508580561E+00  .515429846E+00  .522370360E+00  .529403299E+00
  .536529870E+00  .543751296E+00  .551068819E+00  .558483692E+00  .565997187E+00
  .573610591E+00  .581325208E+00  .589142356E+00  .597063374E+00  .605089614E+00
  .613222446E+00  .621463259E+00  .629813457E+00  .638274463E+00  .646847719E+00
  .655534682E+00  .664336830E+00  .673255659E+00  .682292682E+00  .691449434E+00
  .700727466E+00  .710128350E+00  .719653679E+00  .729305063E+00  .739084133E+00
  .748992542E+00  .759031962E+00  .769204085E+00  .779510627E+00  .789953322E+00
  .800533928E+00  .811254222E+00  .822116006E+00  .833121103E+00  .844271359E+00
  .855568641E+00  .867014840E+00  .878611873E+00  .890361676E+00  .902266212E+00
  .914327467E+00  .926547451E+00  .938928201E+00  .951471775E+00  .964180259E+00
  .977055764E+00  .990100427E+00  .100331641E+01  .101670590E+01  .103027112E+01
  .104401431E+01  .105793773E+01  .107204369E+01  .108633450E+01  .110081253E+01
  .111548016E+01  .113033979E+01  .114539387E+01  .116064487E+01  .117609527E+01
  .119174762E+01  .120760447E+01  .122366842E+01  .123994207E+01  .125642809E+01
  .127312916E+01  .129004800E+01  .130718735E+01  .132454999E+01  .134213875E+01
  .135995645E+01  .137800600E+01  .139629030E+01  .141481231E+01  .143357500E+01
  .145258140E+01  .147183456E+01  .149133758E+01  .151109358E+01  .153110573E+01
  .155137723E+01  .157191131E+01  .159271126E+01  .161378039E+01  .163512205E+01
  .165673963E+01  .167863657E+01  .170081634E+01  .172328244E+01  .174603844E+01
  .176908792E+01  .179243452E+01  .181608192E+01  .184003382E+01  .186429400E+01
  .188886626E+01  .191375444E+01  .193896244E+01  .196449418E+01  .199035366E+01
  .201654488E+01  .204307194E+01  .206993893E+01  .209715002E+01  .212470943E+01
  .215262140E+01  .218089025E+01  .220952032E+01  .223851601E+01  .226788178E+01
  .229762211E+01  .232774157E+01  .235824475E+01  .238913630E+01  .242042091E+01
  .245210335E+01  .248418841E+01  .251668095E+01  .254958589E+01  .258290818E+01
  .261665284E+01  .265082494E+01  .268542962E+01  .272047204E+01  .275595744E+01
  .279189113E+01  .282827844E+01  .286512479E+01  .290243563E+01  .294021650E+01
  .297847296E+01  .301721066E+01  .305643530E+01  .309615263E+01  .313636848E+01
  .317708872E+01  .321831928E+01  .326006618E+01  .330233547E+01  .334513329E+01
  .338846581E+01  .343233930E+01  .347676006E+01  .352173447E+01  .356726899E+01
  .361337012E+01  .366004444E+01  .370729858E+01  .375513926E+01  .380357325E+01
  .385260738E+01  .390224858E+01  .395250381E+01  .400338012E+01  .405488463E+01
  .410702452E+01  .415980704E+01  .421323951E+01  .426732934E+01  .432208398E+01
  .437751097E+01  .443361792E+01  .449041251E+01  .454790249E+01  .460609567E+01
  .466499998E+01  .472462336E+01  .478497386E+01  .484605961E+01  .490788880E+01
  .497046969E+01  .503381063E+01  .509792003E+01  .516280639E+01  .522847827E+01
  .529494432E+01  .536221326E+01  .543029389E+01  .549919507E+01  .556892578E+01
  .563949502E+01  .571091191E+01  .578318562E+01  .585632543E+01  .593034067E+01
  .600524075E+01  .608103517E+01  .615773350E+01  .623534540E+01  .631388059E+01
  .639334888E+01  .647376016E+01  .655512439E+01  .663745162E+01  .672075197E+01
  .680503564E+01  .689031291E+01  .697659414E+01  .706388976E+01  .715221028E+01
  .724156631E+01  .733196851E+01  .742342762E+01  .751595448E+01  .760955999E+01
  .770425512E+01  .780005094E+01  .789695857E+01  .799498924E+01  .809415422E+01
  .819446488E+01  .829593265E+01  .839856904E+01  .850238564E+01  .860739412E+01
  .871360619E+01  .882103368E+01  .892968845E+01  .903958246E+01  .915072772E+01
  .926313633E+01  .937682045E+01  .949179230E+01  .960806418E+01  .972564846E+01
  .984455756E+01  .996480399E+01  .100864003E+02  .102093591E+02  .103336931E+02
  .104594150E+02  .105865377E+02  .107150740E+02  .108450368E+02  .109764392E+02
  .111092941E+02  .112436146E+02  .113794139E+02  .115167052E+02  .116555018E+02
  .117958168E+02  .119376637E+02  .120810558E+02  .122260065E+02  .123725294E+02
  .125206380E+02  .126703457E+02  .128216661E+02  .129746129E+02  .131291998E+02
  .132854403E+02  .134433482E+02  .136029373E+02  .137642212E+02  .139272137E+02
  .140919286E+02  .142583798E+02  .144265811E+02  .145965461E+02  .147682889E+02
  .149418233E+02  .151171630E+02  .152943219E+02  .154733139E+02  .156541528E+02
  .158368523E+02  .160214264E+02  .162078887E+02  .163962531E+02  .165865333E+02
  .167787429E+02  .169728957E+02  .171690054E+02  .173670855E+02  .175671496E+02
  .177692111E+02  .179732837E+02  .181793806E+02  .183875153E+02  .185977010E+02
  .188099509E+02  .190242782E+02  .192406959E+02  .194592171E+02  .196798545E+02
  .199026211E+02  .201275295E+02  .203545923E+02  .205838221E+02  .208152311E+02
  .210488317E+02  .212846359E+02  .215226558E+02  .217629033E+02  .220053901E+02
  .222501277E+02  .224971276E+02  .227464010E+02  .229979591E+02  .232518126E+02
  .235079725E+02  .237664492E+02  .240272530E+02  .242903942E+02  .245558827E+02
  .248237281E+02  .250939401E+02  .253665279E+02  .256415005E+02  .259188667E+02
  .261986351E+02  .264808139E+02  .267654112E+02  .270524347E+02  .273418917E+02
  .276337896E+02  .279281351E+02  .282249347E+02  .285241947E+02  .288259210E+02
  .291301191E+02  .294367942E+02  .297459512E+02  .300575945E+02  .303717282E+02
  .306883562E+02  .310074816E+02  .313291074E+02  .316532362E+02  .319798700E+02
  .323090104E+02  .326406587E+02  .329748156E+02  .333114815E+02  .336506560E+02
  .339923386E+02  .343365280E+02  .346832227E+02  .350324203E+02  .353841182E+02
  .357383130E+02  .360950010E+02  .364541778E+02  .368158384E+02  .371799773E+02
  .375465884E+02  .379156647E+02  .382871991E+02  .386611835E+02  .390376093E+02
  .394164671E+02  .397977469E+02  .401814382E+02  .405675295E+02  .409560088E+02
  .413468635E+02  .417400798E+02  .421356438E+02  .425335402E+02  .429337535E+02
  .433362671E+02  .437410636E+02  .441481250E+02  .445574323E+02  .449689659E+02
  .453827051E+02  .457986284E+02  .462167137E+02  .466369377E+02  .470592764E+02
  .474837049E+02  .479101973E+02  .483387268E+02  .487692658E+02  .492017857E+02
  .496362568E+02  .500726486E+02  .505109296E+02  .509510673E+02  .513930281E+02
  .518367777E+02  .522822804E+02  .527294997E+02  .531783980E+02  .536289367E+02
  .540810762E+02  .545347756E+02  .549899932E+02  .554466860E+02  .559048101E+02
  .563643203E+02  .568251705E+02  .572873134E+02  .577507006E+02  .582152824E+02
  .586810082E+02  .591478263E+02  .596156835E+02  .600845258E+02  .605542980E+02
  .610249435E+02  .614964048E+02  .619686232E+02  .624415386E+02  .629150900E+02
  .633892152E+02  .638638507E+02  .643389318E+02  .648143928E+02  .652901666E+02
  .657661852E+02  .662423793E+02  .667186783E+02  .671950107E+02  .676713035E+02
  .681474829E+02  .686234738E+02  .690991998E+02  .695745836E+02  .700495466E+02
  .705240092E+02  .709978907E+02  .714711092E+02  .719435817E+02  .724152242E+02
  .728859516E+02  .733556778E+02  .738243155E+02  .742917766E+02  .747579719E+02
  .752228112E+02  .756862033E+02  .761480560E+02  .766082765E+02  .770667708E+02
  .775234439E+02  .779782004E+02  .784309436E+02  .788815763E+02  .793300004E+02
  .797761172E+02  .802198270E+02  .806610297E+02  .810996244E+02  .815355097E+02
  .819685834E+02  .823987431E+02  .828258856E+02  .832499074E+02  .836707046E+02
  .840881726E+02  .845022070E+02  .849127026E+02  .853195544E+02  .857226568E+02
  .861219044E+02  .865171914E+02  .869084123E+02  .872954612E+02  .876782328E+02
  .880566213E+02  .884305217E+02  .887998288E+02  .891644378E+02  .895242445E+02
  .898791449E+02  .902290355E+02  .905738135E+02  .909133767E+02  .912476234E+02
  .915764530E+02  .918997656E+02  .922174622E+02  .925294447E+02  .928356164E+02
  .931358814E+02  .934301452E+02  .937183147E+02  .940002980E+02  .942760048E+02
  .945453465E+02  .948082357E+02  .950645873E+02  .953143177E+02  .955573453E+02
  .957935904E+02  .960229756E+02  .962454255E+02  .964608671E+02  .966692298E+02
  .968704453E+02  .970644481E+02  .972511751E+02  .974305663E+02  .976025642E+02
  .977671145E+02  .979241658E+02  .980736700E+02  .982155821E+02  .983498607E+02
  .984764674E+02  .985953678E+02  .987065309E+02  .988099295E+02  .989055402E+02
  .989933437E+02  .990733245E+02  .991454714E+02  .992097773E+02  .992662397E+02
  .993148601E+02  .993556448E+02  .993886047E+02  .994137552E+02  .994311167E+02
  .994407143E+02  .994425783E+02  .994367436E+02  .994232507E+02  .994021451E+02
  .993734774E+02  .993373038E+02  .992936860E+02  .992426908E+02  .991843910E+02
  .991188648E+02  .990461961E+02  .989664746E+02  .988797958E+02  .987862610E+02
  .986859775E+02  .985790585E+02  .984656230E+02  .983457963E+02  .982197096E+02
  .980875003E+02  .979493116E+02  .978052931E+02  .976556004E+02  .975003952E+02
  .973398455E+02  .971741251E+02  .970034142E+02  .968278989E+02  .966477715E+02
  .964632303E+02  .962744795E+02  .960817293E+02  .958851960E+02  .956851015E+02
  .954816735E+02  .952751456E+02  .950657568E+02  .948537519E+02  .946393810E+02
  .944228996E+02  .942045684E+02  .939846533E+02  .937634251E+02  .935411597E+02
  .933181375E+02  .930946437E+02  .928709676E+02  .926474030E+02  .924242479E+02
  .922018039E+02  .919803764E+02  .917602745E+02  .915418104E+02  .913252994E+02
  .911110598E+02  .908994123E+02  .906906800E+02  .904851884E+02  .902832645E+02
  .900852371E+02  .898914362E+02  .897021929E+02  .895178390E+02  .893387066E+02
  .891651281E+02  .889974356E+02  .888359606E+02  .886810338E+02  .885329847E+02
  .883921412E+02  .882588292E+02  .881333723E+02  .880160916E+02  .879073051E+02
  .878073272E+02  .877164688E+02  .876350362E+02  .875633315E+02  .875016514E+02
  .874502876E+02  .874095256E+02  .873796448E+02  .873609179E+02  .873536107E+02
  .873579811E+02  .873742795E+02  .874027475E+02  .874436184E+02  .874971157E+02
  .875634538E+02  .876428367E+02  .877354580E+02  .878415004E+02  .879611352E+02
  .880945221E+02  .882418083E+02  .884031289E+02  .885786056E+02  .887683469E+02
  .889724477E+02  .891909885E+02  .894240355E+02  .896716399E+02  .899338378E+02
  .902106495E+02  .905020797E+02  .908081167E+02  .911287325E+02  .914638820E+02
  .918135031E+02  .921775167E+02  .925558256E+02  .929483151E+02  .933548525E+02
  .937752868E+02  .942094485E+02  .946571499E+02  .951181843E+02  .955923264E+02
  .960793322E+02  .965789385E+02  .970908634E+02  .976148058E+02  .981504460E+02
  .986974451E+02  .992554455E+02  .998240708E+02  .100402926E+03  .100991598E+03
  .101589655E+03  .102196647E+03  .102812106E+03  .103435548E+03  .104066470E+03
  .104704353E+03  .105348660E+03  .105998841E+03  .106654326E+03  .107314535E+03
  .107978867E+03  .108646713E+03  .109317445E+03  .109990426E+03  .110665005E+03
  .111340518E+03  .112016292E+03  .112691643E+03  .113365876E+03  .114038289E+03
  .114708171E+03  .115374805E+03  .116037466E+03  .116695426E+03  .117347950E+03
  .117994300E+03  .118633739E+03  .119265523E+03  .119888912E+03  .120503165E+03
  .121107542E+03  .121701308E+03  .122283731E+03  .122854082E+03  .123411642E+03
  .123955697E+03  .124485543E+03  .125000484E+03  .125499838E+03  .125982933E+03
  .126449111E+03  .126897729E+03  .127328160E+03  .127739796E+03  .128132044E+03
  .128504333E+03  .128856113E+03  .129186855E+03  .129496054E+03  .129783231E+03
  .130047929E+03  .130289722E+03  .130508209E+03  .130703020E+03  .130873813E+03
  .131020281E+03  .131142144E+03  .131239160E+03  .131311119E+03  .131357845E+03
  .131379200E+03  .131375082E+03  .131345425E+03  .131290204E+03  .131209430E+03
  .131103155E+03  .130971470E+03  .130814508E+03  .130632441E+03  .130425483E+03
  .130193890E+03  .129937958E+03  .129658026E+03  .129354475E+03  .129027726E+03
  .128678244E+03  .128306533E+03  .127913140E+03  .127498653E+03  .127063699E+03
  .126608944E+03  .126135096E+03  .125642900E+03  .125133137E+03  .124606628E+03
  .124064227E+03  .123506824E+03  .122935342E+03  .122350736E+03  .121753994E+03
  .121146130E+03  .120528188E+03  .119901238E+03  .119266374E+03  .118624715E+03
  .117977397E+03  .117325578E+03  .116670433E+03  .116013149E+03  .115354929E+03
  .114696984E+03  .114040535E+03  .113386808E+03  .112737031E+03  .112092434E+03
  .111454246E+03  .110823690E+03  .110201985E+03  .109590336E+03  .108989940E+03
  .108401977E+03  .107827610E+03  .107267981E+03  .106724209E+03  .106197388E+03
  .105688583E+03  .105198827E+03  .104729120E+03  .104280425E+03  .103853665E+03
  .103449724E+03  .103069437E+03  .102713596E+03  .102382941E+03  .102078163E+03
  .101799897E+03  .101548723E+03  .101325161E+03  .101129672E+03  .100962656E+03
  .100824447E+03  .100715314E+03  .100635459E+03  .100585016E+03  .100564048E+03
  .100572549E+03  .100610438E+03  .100677565E+03  .100773703E+03  .100898553E+03
  .101051742E+03  .101232822E+03  .101441272E+03  .101676495E+03  .101937823E+03
  .102224511E+03  .102535747E+03  .102870643E+03  .103228245E+03  .103607528E+03
  .104007401E+03  .104426708E+03  .104864229E+03  .105318684E+03  .105788734E+03
  .106272984E+03  .106769986E+03  .107278240E+03  .107796201E+03  .108322279E+03
  .108854844E+03  .109392227E+03  .109932727E+03  .110474615E+03  .111016134E+03
  .111555507E+03  .112090939E+03  .112620624E+03  .113142746E+03  .113655486E+03
  .114157024E+03  .114645548E+03  .115119255E+03  .115576355E+03  .116015080E+03
  .116433686E+03  .116830457E+03  .117203712E+03  .117551806E+03  .117873141E+03
  .118166163E+03  .118429374E+03  .118661331E+03  .118860650E+03  .119026017E+03
  .119156183E+03  .119249976E+03  .119306299E+03  .119324137E+03  .119302558E+03
  .119240720E+03  .119137869E+03  .118993346E+03  .118806589E+03  .118577132E+03
  .118304610E+03  .117988764E+03  .117629433E+03  .117226567E+03  .116780219E+03
  .116290549E+03  .115757827E+03  .115182428E+03  .114564835E+03  .113905640E+03
  .113205538E+03  .112465332E+03  .111685926E+03  .110868329E+03  .110013647E+03
  .109123086E+03  .108197946E+03  .107239618E+03  .106249583E+03  .105229408E+03
  .104180741E+03  .103105306E+03  .102004903E+03  .100881400E+03  .997367259E+02
  .985728731E+02  .973918849E+02  .961958541E+02  .949869156E+02  .937672423E+02
  .925390373E+02  .913045300E+02  .900659681E+02  .888256127E+02  .875857314E+02
  .863485924E+02  .851164576E+02  .838915772E+02  .826761820E+02  .814724786E+02
  .802826419E+02  .791088099E+02  .779530765E+02  .768174870E+02  .757040308E+02
  .746146369E+02  .735511671E+02  .725154126E+02  .715090863E+02  .705338208E+02
  .695911609E+02  .686825618E+02  .678093828E+02  .669728853E+02  .661742275E+02
  .654144628E+02  .646945355E+02  .640152794E+02  .633774143E+02  .627815453E+02
  .622281602E+02  .617176290E+02  .612502023E+02  .608260115E+02  .604450679E+02
  .601072638E+02  .598123718E+02  .595600472E+02  .593498278E+02  .591811368E+02
  .590532839E+02  .589654682E+02  .589167810E+02  .589062086E+02  .589326361E+02
  .589948510E+02  .590915478E+02  .592213320E+02  .593827257E+02  .595741720E+02
  .597940409E+02  .600406347E+02  .603121941E+02  .606069035E+02  .609228982E+02
  .612582692E+02  .616110705E+02  .619793246E+02  .623610293E+02  .627541634E+02
  .631566936E+02  .635665796E+02  .639817816E+02  .644002647E+02  .648200067E+02
  .652390019E+02  .656552692E+02  .660668553E+02  .664718425E+02  .668683517E+02
  .672545501E+02  .676286534E+02  .679889332E+02  .683337192E+02  .686614055E+02
  .689704528E+02  .692593939E+02  .695268353E+02  .697714625E+02  .699920406E+02
  .701874192E+02  .703565326E+02  .704984036E+02  .706121431E+02  .706969536E+02
  .707521281E+02  .707770528E+02  .707712053E+02  .707341565E+02  .706655689E+02
  .705651971E+02  .704328858E+02  .702685700E+02  .700722719E+02  .698441007E+02
  .695842495E+02  .692929939E+02  .689706888E+02  .686177663E+02  .682347329E+02
  .678221658E+02  .673807105E+02  .669110769E+02  .664140360E+02  .658904162E+02
  .653411000E+02  .647670191E+02  .641691522E+02  .635485194E+02  .629061795E+02
  .622432249E+02  .615607790E+02  .608599902E+02  .601420304E+02  .594080884E+02
  .586593687E+02  .578970848E+02  .571224583E+02  .563367126E+02  .555410715E+02
  .547367535E+02  .539249711E+02  .531069242E+02  .522838006E+02  .514567695E+02
  .506269816E+02  .497955638E+02  .489636192E+02  .481322217E+02  .473024173E+02
  .464752182E+02  .456516043E+02  .448325184E+02  .440188677E+02  .432115190E+02
  .424113009E+02  .416189991E+02  .408353595E+02  .400610828E+02  .392968289E+02
  .385432113E+02  .378008017E+02  .370701255E+02  .363516656E+02  .356458588E+02
  .349531000E+02  .342737386E+02  .336080828E+02  .329563967E+02  .323189041E+02
  .316957868E+02  .310871879E+02  .304932103E+02  .299139205E+02  .293493471E+02
  .287994849E+02  .282642931E+02  .277436999E+02  .272376008E+02  .267458631E+02
  .262683247E+02  .258047980E+02  .253550691E+02  .249189021E+02  .244960379E+02
  .240861983E+02  .236890854E+02  .233043856E+02  .229317684E+02  .225708909E+02
  .222213968E+02  .218829200E+02  .215550846E+02  .212375076E+02  .209297991E+02
  .206315652E+02  .203424077E+02  .200619273E+02  .197897233E+02  .195253959E+02
  .192685465E+02  .190187800E+02  .187757046E+02  .185389338E+02  .183080870E+02
  .180827904E+02  .178626781E+02  .176473925E+02  .174365855E+02  .172299188E+02
  .170270647E+02  .168277068E+02  .166315401E+02  .164382719E+02  .162476218E+02
  .160593224E+02  .158731192E+02  .156887711E+02  .155060503E+02  .153247428E+02
  .151446480E+02  .149655792E+02  .147873632E+02  .146098403E+02  .144328644E+02
  .142563024E+02  .140800347E+02  .139039542E+02  .137279667E+02  .135519901E+02
  .133759544E+02  .131998013E+02  .130234837E+02  .128469656E+02  .126702212E+02
  .124932351E+02  .123160014E+02  .121385232E+02  .119608125E+02  .117828896E+02
  .116047824E+02  .114265262E+02  .112481630E+02  .110697412E+02  .108913149E+02
  .107129435E+02  .105346914E+02  .103566272E+02  .101788235E+02  .100013562E+02
  .982430417E+01  .964774895E+01  .947177397E+01  .929646443E+01  .912190670E+01
  .894818802E+01  .877539607E+01  .860361876E+01  .843294353E+01  .826345743E+01
  .809524640E+01  .792839534E+01  .776298749E+01  .759910447E+01  .743682573E+01
  .727622860E+01  .711738780E+01  .696037552E+01  .680526096E+01  .665211045E+01
  .650098700E+01  .635195047E+01  .620505718E+01  .606036008E+01  .591790840E+01
  .577774783E+01  .563992025E+01  .550446390E+01  .537141314E+01  .524079867E+01
  .511264729E+01  .498698216E+01  .486382260E+01  .474318431E+01  .462507928E+01
  .450951596E+01  .439649921E+01  .428603040E+01  .417810761E+01  .407272583E+01
  .396987647E+01  .386954828E+01  .377172662E+01  .367639441E+01  .358353141E+01
  .349311518E+01  .340512037E+01  .331951969E+01  .323628318E+01  .315537918E+01
  .307677367E+01  .300043115E+01  .292631403E+01  .285438353E+01  .278459900E+01
  .271691888E+01  .265130001E+01  .258769854E+01  .252606928E+01  .246636659E+01
  .240854375E+01  .235255379E+01  .229834891E+01  .224588126E+01  .219510238E+01
  .214596397E+01  .209841729E+01  .205241398E+01  .200790542E+01  .196484352E+01
  .192318010E+01  .188286768E+01  .184385885E+01  .180610700E+01  .176956576E+01
  .173418967E+01  .169993364E+01  .166675351E+01  .163460589E+01  .160344797E+01
  .157323813E+01  .154393529E+01  .151549964E+01  .148789204E+01  .146107457E+01
  .143501015E+01  .140966290E+01  .138499783E+01  .136098120E+01  .133758019E+01
  .131476327E+01  .129249981E+01  .127076051E+01  .124951698E+01  .122874215E+01
  .120840989E+01  .118849535E+01  .116897462E+01  .114982508E+01  .113102499E+01
  .111255391E+01  .109439224E+01  .107652166E+01  .105892465E+01  .104158494E+01
  .102448702E+01  .100761658E+01  .990960042E+00  .974504981E+00  .958239643E+00
  .942153390E+00  .926236200E+00  .910479119E+00  .894873750E+00  .879412713E+00
  .864089130E+00  .848897084E+00  .833831103E+00  .818886617E+00  .804059448E+00
  .789346260E+00  .774744051E+00  .760250604E+00  .745863979E+00  .731582964E+00
  .717406566E+00  .703334466E+00  .689366504E+00  .675503142E+00  .661744945E+00
  .648093046E+00  .634548627E+00  .621113387E+00  .607789023E+00  .594577694E+00
  .581481512E+00  .568503001E+00  .555644589E+00  .542909073E+00  .530299107E+00
  .517817669E+00  .505467554E+00  .493251841E+00  .481173383E+00  .469235283E+00
  .457440379E+00  .445791714E+00  .434292056E+00  .422944347E+00  .411751201E+00
  .400715392E+00  .389839337E+00  .379125592E+00  .368576333E+00  .358193855E+00
  .347980056E+00  .337936935E+00  .328066081E+00  .318369174E+00  .308847470E+00
  .299502308E+00  .290334597E+00  .281345326E+00  .272535048E+00  .263904396E+00
  .255453565E+00  .247182833E+00  .239092044E+00  .231181127E+00  .223449581E+00
  .215897002E+00  .208522558E+00  .201325526E+00  .194304763E+00  .187459246E+00
  .180787541E+00  .174288347E+00  .167959966E+00  .161800842E+00  .155809035E+00
  .149982762E+00  .144319868E+00  .138818371E+00  .133475925E+00  .128290373E+00
  .123259209E+00  .118380128E+00  .113650487E+00  .109067860E+00  .104629492E+00
  .100332861E+00  .961751249E-01  .921536864E-01  .882656403E-01  .845083371E-01
  .808788614E-01  .773744295E-01  .739922087E-01  .707293632E-01  .675830562E-01
  .645504543E-01  .616287312E-01  .588150714E-01  .561066733E-01  .535007524E-01
  .509945445E-01  .485853078E-01  .462703265E-01  .440469120E-01  .419124060E-01
  .398641821E-01  .378996477E-01  .360162461E-01  .342114574E-01  .324828005E-01
  .308278342E-01  .292441584E-01  .277294150E-01  .262812893E-01  .248975102E-01
  .235758516E-01  .223141323E-01  .211102172E-01  .199620176E-01  .188674913E-01
  .178246431E-01  .168315251E-01  .158862368E-01  .149869249E-01  .141317839E-01
  .133190555E-01  .125470288E-01  .118140399E-01  .111184722E-01  .104587554E-01
  .983336583E-02  .924082561E-02  .867970256E-02  .814860960E-02  .764620426E-02
  .717118813E-02  .672230634E-02  .629834687E-02  .589813995E-02  .552055735E-02
  .516451169E-02  .482895567E-02  .451288132E-02  .421531922E-02  .393533766E-02
  .367204180E-02  .342457287E-02  .319210725E-02  .297385561E-02  .276906203E-02
  .257700307E-02  .239698693E-02  .222835244E-02  .207046825E-02  .192273184E-02
  .178456864E-02  .165543113E-02  .153479792E-02  .142217284E-02  .131708409E-02
  .121908333E-02  .112774479E-02  .104266449E-02  .963459306E-03  .889766207E-03
  .821241412E-03  .757559599E-03  .698413133E-03  .643511299E-03  .592579563E-03
  .545358846E-03  .501604827E-03  .461087256E-03  .423589294E-03  .388906869E-03
  .356848057E-03  .327232480E-03  .299890729E-03  .274663804E-03  .251402575E-03
  .229967264E-03  .210226951E-03  .192059090E-03  .175349058E-03  .159989712E-03
  .145880967E-03  .132929401E-03  .121047864E-03  .110155120E-03  .100175491E-03
  .910385286E-04  .826786975E-04  .750350748E-04  .680510651E-04  .616741293E-04
  .558555282E-04  .505500798E-04  .457159290E-04  .413143300E-04  .373094415E-04
  .336681322E-04  .303597983E-04  .273561913E-04  .246312556E-04  .221609760E-04
  .199232343E-04  .178976748E-04  .160655776E-04  .144097406E-04  .129143681E-04
  .115649671E-04  .103482502E-04  .925204479E-05  .826520814E-05  .737754856E-05
  .657975155E-05  .586331120E-05  .522046628E-05  .464414088E-05  .412788919E-05
  .366584433E-05  .325267079E-05  .288352048E-05  .255399190E-05  .226009254E-05
  .199820395E-05  .176504963E-05  .155766532E-05  .137337165E-05  .120974895E-05
  .106461409E-05  .935999129E-06  .822131768E-06  .721417404E-06  .632422660E-06
  .553860313E-06  .484575504E-06  .423533136E-06  .369806357E-06  .322566070E-06
  .281071353E-06  .244660753E-06  .212744364E-06  .184796621E-06  .160349771E-06
  .138987947E-06  .120341801E-06  .104083648E-06  .899230791E-07  .776029991E-07
  .668960519E-07  .576014026E-07  .495418401E-07  .425611736E-07  .365218942E-07
  .313030786E-07  .267985105E-07  .229150001E-07  .195708820E-07  .166946742E-07
  .142238831E-07  .121039383E-07  .102872457E-07  .873234674E-08  .740317125E-08
  .626837644E-08  .530076126E-08  .447674891E-08  .377592988E-08  .318065923E-08
  .267570175E-08  .224792010E-08  .188600081E-08  .158021401E-08  .132220294E-08
  .110479990E-08  .921865360E-09  .768147759E-09  .639161242E-09  .531079381E-09
  .440642823E-09  .365079194E-09  .302033703E-09  .249509137E-09  .205814021E-09
  .169517916E-09  .139412923E-09  .114480583E-09  .938634560E-10  .768407581E-10
  .628075074E-10  .512567022E-10  .417641127E-10  .339753143E-10  .275947149E-10
  .223760436E-10  .181147298E-10  .146407555E-10  .118134063E-10  .951614098E-11
  .765269966E-11  .614370710E-11  .492382122E-11  .393934348E-11  .314621965E-11
  .250837007E-11  .199629757E-11  .158592889E-11  .125765212E-11  .995518410E-12
  .786581149E-12  .620349890E-12  .488339931E-12  .383701487E-12  .300914944E-12
  .235540894E-12  .184015487E-12  .143483209E-12  .111660491E-12  .867246940E-13
  .672239149E-13  .520038553E-13  .401486434E-13  .309330417E-13  .237839269E-13
  .182493074E-13  .139734535E-13  .106769758E-13  .814090023E-14  .619396506E-14
  .470250895E-14  .356243892E-14  .269286409E-14  .203106063E-14  .152849830E-14
  .114771158E-14  .859841381E-15  .642707968E-15  .479303622E-15  .356616373E-15
  .264714165E-15  .196033433E-15  .144827768E-15  .106741634E-15  .784815746E-16
  .575631936E-16  .421169352E-16  .307393495E-16  .223794740E-16  .162522522E-16
  .117727203E-16  .850610507E-17  .613008191E-17  .440630275E-17  .315897176E-17
  .225876614E-17  .161079989E-17  .114563777E-17  .812604090E-18  .574813677E-18
  .405491707E-18  .285255459E-18  .200112071E-18  .139987772E-18  .976505023E-19
  .679229321E-19  .471092132E-19  .325786132E-19  .224639649E-19  .154439000E-19
  .105860487E-19  .723446884E-20  .492906664E-20  .334809173E-20  .226722115E-20
  .153053572E-20  .102999516E-20  .690968160E-21  .462062716E-21  .308001395E-21
  .204645424E-21  .135530685E-21  .894639402E-22  .588601909E-22  .385964122E-22
  .252238926E-22  .164287820E-22  .106638690E-22  .689808281E-23  .444666155E-23
  .285640389E-23  .182840640E-23  .116622147E-23  .741194219E-24  .469367605E-24
  .296149912E-24  .186172152E-24  .116602953E-24  .727583930E-25  .452295502E-25
  .280100479E-25  .172800318E-25  .106194227E-25  .650083947E-26  .396402607E-26
  .240762226E-26  .145650217E-26  .877588446E-27  .526639661E-27  .314749427E-27
  .187340104E-27  .111044378E-27  .655462549E-28  .385274292E-28  .225500892E-28
  .131421889E-28  .762629083E-29  .440625999E-29  .253467768E-29  .145162979E-29
  .827663944E-30  .469787687E-30  .265450122E-30  .149307658E-30  .835955411E-31
  .465875549E-31  .258420085E-31  .142671028E-31  .783938526E-32  .428694875E-32
  .233301692E-32  .126349611E-32  .680925089E-33  .365154795E-33  .194845165E-33
  .103447448E-33  .546449316E-34  .287185320E-34  .150154719E-34  .781019974E-35
  .404123003E-35  .208005588E-35  .106494704E-35  .542318015E-36  .274684624E-36
  .138372601E-36  .693237876E-37  .345391565E-37  .171127231E-37  .843111489E-38
  .413037764E-38  .201193344E-38  .974398544E-39  .469179172E-39  .224594781E-39
  .106880637E-39  .505610722E-40  .237755550E-40  .111127440E-40  .516258443E-41
  .238367484E-41  .109380390E-41  .498796022E-42  .226035074E-42  .101783209E-42
  .455409242E-43  .202456024E-43  .894211651E-44  .392381141E-44  .171045383E-44
  .740673969E-45  .318590042E-45  .136114193E-45  .577586809E-46  .243416551E-46
  .101877457E-46  .423425717E-47  .174752464E-47  .716130117E-48  .291379205E-48
  .117705943E-48  .472048373E-49  .187930708E-49  .742688664E-50  .291331951E-50
  .113426882E-50  .438292982E-51  .168076722E-51  .639615303E-52  .241530420E-52
  .904981770E-53  .336430929E-53  .124083191E-53  .454008113E-54  .164786030E-54
  .593274190E-55  .211856143E-55  .750327893E-56  .263547357E-56  .918006663E-57
  .317132021E-57  .108665896E-57  .369561531E-58  .125209815E-58  .424357021E-59
  .147898078E-59  .556130235E-60  .261846665E-60  .197345626E-60  .000000000E+00
  .000000000E+00  .000000000E+00  .000000000E+00  .000000000E+00  .000000000E+00
  .000000000E+00  .000000000E+00  .000000000E+00  .000000000E+00  .000000000E+00
  .000000000E+00  .000000000E+00  .000000000E+00  .000000000E+00  .000000000E+00
  .000000000E+00  .000000000E+00  .000000000E+00  .000000000E+00  .000000000E+00
  .000000000E+00  .000000000E+00  .000000000E+00  .000000000E+00  .000000000E+00
  .000000000E+00  .000000000E+00  .000000000E+00  .000000000E+00  .000000000E+00
  .000000000E+00  .000000000E+00  .000000000E+00  .000000000E+00  .000000000E+00
  .000000000E+00  .000000000E+00  .000000000E+00  .000000000E+00  .000000000E+00
  .000000000E+00  .000000000E+00  .000000000E+00  .000000000E+00  .000000000E+00
  .000000000E+00  .000000000E+00  .000000000E+00  .000000000E+00  .000000000E+00
  .000000000E+00  .000000000E+00  .000000000E+00  .000000000E+00  .000000000E+00
  .000000000E+00  .000000000E+00  .000000000E+00  .000000000E+00  .000000000E+00
  .000000000E+00  .000000000E+00  .000000000E+00  .000000000E+00  .000000000E+00
  .000000000E+00  .000000000E+00  .000000000E+00  .000000000E+00  .000000000E+00
  .000000000E+00  .000000000E+00  .000000000E+00  .000000000E+00  .000000000E+00
  .000000000E+00  .000000000E+00  .000000000E+00  .000000000E+00  .000000000E+00
  .000000000E+00  .000000000E+00  .000000000E+00  .000000000E+00  .000000000E+00
  .000000000E+00  .000000000E+00  .000000000E+00  .000000000E+00  .000000000E+00
  .000000000E+00  .000000000E+00  .000000000E+00  .000000000E+00  .000000000E+00
  .000000000E+00  .000000000E+00  .000000000E+00  .000000000E+00  .000000000E+00
  .000000000E+00  .000000000E+00  .000000000E+00  .000000000E+00  .000000000E+00
  .000000000E+00  .000000000E+00  .000000000E+00  .000000000E+00  .000000000E+00
  .000000000E+00  .000000000E+00  .000000000E+00  .000000000E+00  .000000000E+00
  .000000000E+00  .000000000E+00  .000000000E+00  .000000000E+00  .000000000E+00
  .000000000E+00  .000000000E+00  .000000000E+00  .000000000E+00  .000000000E+00
  .000000000E+00  .000000000E+00  .000000000E+00  .000000000E+00  .000000000E+00
  .000000000E+00  .000000000E+00  .000000000E+00  .000000000E+00  .000000000E+00
  .000000000E+00  .000000000E+00  .000000000E+00  .000000000E+00  .000000000E+00
  .000000000E+00  .000000000E+00  .000000000E+00  .000000000E+00  .000000000E+00
  .000000000E+00  .000000000E+00  .000000000E+00  .000000000E+00  .000000000E+00
  .000000000E+00  .000000000E+00  .000000000E+00  .000000000E+00  .000000000E+00
  .000000000E+00  .000000000E+00  .000000000E+00  .000000000E+00  .000000000E+00
  .000000000E+00  .000000000E+00  .000000000E+00  .000000000E+00  .000000000E+00
  .000000000E+00  .000000000E+00  .000000000E+00  .000000000E+00  .000000000E+00
  .000000000E+00  .000000000E+00  .000000000E+00  .000000000E+00  .000000000E+00
  .000000000E+00  .000000000E+00  .000000000E+00  .000000000E+00  .000000000E+00
  .000000000E+00  .000000000E+00  .000000000E+00  .000000000E+00  .000000000E+00
  .000000000E+00  .000000000E+00  .000000000E+00  .000000000E+00  .000000000E+00
  .000000000E+00  .000000000E+00  .000000000E+00  .000000000E+00  .000000000E+00
  .000000000E+00  .000000000E+00  .000000000E+00  .000000000E+00  .000000000E+00
  .000000000E+00  .000000000E+00  .000000000E+00  .000000000E+00  .000000000E+00
  .000000000E+00  .000000000E+00  .000000000E+00  .000000000E+00  .000000000E+00
  .000000000E+00  .000000000E+00  .000000000E+00  .000000000E+00  .000000000E+00
  .000000000E+00  .000000000E+00  .000000000E+00  .000000000E+00  .000000000E+00
