H: ultrasoft test                       
  .398269111E-08  .404443242E-08  .410713086E-08  .417080126E-08  .423545869E-08
  .430111845E-08  .436779608E-08  .443550736E-08  .450426831E-08  .457409520E-08
  .464500455E-08  .471701316E-08  .479013805E-08  .486439653E-08  .493980617E-08
  .501638483E-08  .509415061E-08  .517312193E-08  .525331747E-08  .533475621E-08
  .541745742E-08  .550144067E-08  .558672584E-08  .567333310E-08  .576128295E-08
  .585059621E-08  .594129401E-08  .603339781E-08  .612692940E-08  .622191093E-08
  .631836486E-08  .641631402E-08  .651578159E-08  .661679111E-08  .671936648E-08
  .682353198E-08  .692931224E-08  .703673231E-08  .714581761E-08  .725659394E-08
  .736908752E-08  .748332498E-08  .759933333E-08  .771714005E-08  .783677299E-08
  .795826048E-08  .808163126E-08  .820691452E-08  .833413991E-08  .846333753E-08
  .859453797E-08  .872777226E-08  .886307193E-08  .900046900E-08  .913999599E-08
  .928168590E-08  .942557226E-08  .957168914E-08  .972007109E-08  .987075323E-08
  .100237712E-07  .101791613E-07  .103369601E-07  .104972052E-07  .106599343E-07
  .108251860E-07  .109929994E-07  .111634143E-07  .113364708E-07  .115122100E-07
  .116906735E-07  .118719035E-07  .120559429E-07  .122428352E-07  .124326246E-07
  .126253561E-07  .128210753E-07  .130198284E-07  .132216625E-07  .134266255E-07
  .136347656E-07  .138461323E-07  .140607755E-07  .142787461E-07  .145000955E-07
  .147248762E-07  .149531414E-07  .151849450E-07  .154203420E-07  .156593880E-07
  .159021395E-07  .161486541E-07  .163989901E-07  .166532066E-07  .169113639E-07
  .171735230E-07  .174397460E-07  .177100958E-07  .179846365E-07  .182634329E-07
  .185465511E-07  .188340580E-07  .191260217E-07  .194225113E-07  .197235968E-07
  .200293496E-07  .203398420E-07  .206551475E-07  .209753406E-07  .213004972E-07
  .216306941E-07  .219660095E-07  .223065227E-07  .226523144E-07  .230034663E-07
  .233600614E-07  .237221843E-07  .240899205E-07  .244633571E-07  .248425824E-07
  .252276862E-07  .256187596E-07  .260158950E-07  .264191866E-07  .268287296E-07
  .272446210E-07  .276669592E-07  .280958442E-07  .285313773E-07  .289736617E-07
  .294228020E-07  .298789044E-07  .303420769E-07  .308124291E-07  .312900722E-07
  .317751193E-07  .322676852E-07  .327678862E-07  .332758409E-07  .337916694E-07
  .343154937E-07  .348474378E-07  .353876275E-07  .359361907E-07  .364932570E-07
  .370589584E-07  .376334287E-07  .382168037E-07  .388092215E-07  .394108223E-07
  .400217484E-07  .406421444E-07  .412721569E-07  .419119351E-07  .425616304E-07
  .432213964E-07  .438913892E-07  .445717674E-07  .452626920E-07  .459643263E-07
  .466768364E-07  .474003908E-07  .481351608E-07  .488813201E-07  .496390454E-07
  .504085158E-07  .511899134E-07  .519834231E-07  .527892326E-07  .536075325E-07
  .544385164E-07  .552823810E-07  .561393258E-07  .570095536E-07  .578932703E-07
  .587906850E-07  .597020098E-07  .606274606E-07  .615672561E-07  .625216186E-07
  .634907741E-07  .644749518E-07  .654743844E-07  .664893084E-07  .675199640E-07
  .685665949E-07  .696294487E-07  .707087769E-07  .718048348E-07  .729178817E-07
  .740481810E-07  .751959999E-07  .763616100E-07  .775452871E-07  .787473111E-07
  .799679665E-07  .812075419E-07  .824663307E-07  .837446305E-07  .850427439E-07
  .863609778E-07  .876996440E-07  .890590594E-07  .904395453E-07  .918414284E-07
  .932650404E-07  .947107179E-07  .961788029E-07  .976696428E-07  .991835901E-07
  .100721003E-06  .102282245E-06  .103867686E-06  .105477700E-06  .107112669E-06
  .108772979E-06  .110459022E-06  .112171199E-06  .113909913E-06  .115675576E-06
  .117468606E-06  .119289426E-06  .121138468E-06  .123016169E-06  .124922972E-06
  .126859330E-06  .128825699E-06  .130822546E-06  .132850342E-06  .134909567E-06
  .137000707E-06  .139124259E-06  .141280723E-06  .143470611E-06  .145694439E-06
  .147952735E-06  .150246031E-06  .152574871E-06  .154939805E-06  .157341393E-06
  .159780202E-06  .162256810E-06  .164771802E-06  .167325773E-06  .169919327E-06
  .172553077E-06  .175227647E-06  .177943668E-06  .180701784E-06  .183502647E-06
  .186346918E-06  .189235271E-06  .192168389E-06  .195146965E-06  .198171704E-06
  .201243321E-06  .204362543E-06  .207530107E-06  .210746763E-06  .214013270E-06
  .217330402E-06  .220698943E-06  .224119690E-06  .227593451E-06  .231121049E-06
  .234703317E-06  .238341102E-06  .242035264E-06  .245786679E-06  .249596231E-06
  .253464823E-06  .257393369E-06  .261382798E-06  .265434053E-06  .269548093E-06
  .273725890E-06  .277968432E-06  .282276723E-06  .286651780E-06  .291094640E-06
  .295606351E-06  .300187982E-06  .304840615E-06  .309565350E-06  .314363306E-06
  .319235615E-06  .324183431E-06  .329207923E-06  .334310278E-06  .339491705E-06
  .344753427E-06  .350096689E-06  .355522754E-06  .361032905E-06  .366628445E-06
  .372310696E-06  .378081003E-06  .383940730E-06  .389891261E-06  .395934004E-06
  .402070387E-06  .408301862E-06  .414629901E-06  .421056001E-06  .427581680E-06
  .434208482E-06  .440937973E-06  .447771744E-06  .454711411E-06  .461758614E-06
  .468915019E-06  .476182318E-06  .483562229E-06  .491056497E-06  .498666893E-06
  .506395216E-06  .514243293E-06  .522212980E-06  .530306160E-06  .538524746E-06
  .546870681E-06  .555345939E-06  .563952521E-06  .572692463E-06  .581567831E-06
  .590580723E-06  .599733268E-06  .609027630E-06  .618466006E-06  .628050628E-06
  .637783759E-06  .647667702E-06  .657704791E-06  .667897400E-06  .678247937E-06
  .688758849E-06  .699432619E-06  .710271771E-06  .721278866E-06  .732456506E-06
  .743807332E-06  .755334026E-06  .767039314E-06  .778925961E-06  .790996776E-06
  .803254612E-06  .815702366E-06  .828342979E-06  .841179438E-06  .854214777E-06
  .867452077E-06  .880894464E-06  .894545117E-06  .908407259E-06  .922484168E-06
  .936779169E-06  .951295640E-06  .966037010E-06  .981006765E-06  .996208439E-06
  .101164563E-05  .102732197E-05  .104324118E-05  .105940702E-05  .107582329E-05
  .109249390E-05  .110942276E-05  .112661388E-05  .114407133E-05  .116179922E-05
  .117980175E-05  .119808316E-05  .121664779E-05  .123550000E-05  .125464426E-05
  .127408509E-05  .129382708E-05  .131387490E-05  .133423327E-05  .135490702E-05
  .137590101E-05  .139722022E-05  .141886968E-05  .144085450E-05  .146317987E-05
  .148585107E-05  .150887345E-05  .153225245E-05  .155599359E-05  .158010248E-05
  .160458481E-05  .162944636E-05  .165469302E-05  .168033073E-05  .170636555E-05
  .173280364E-05  .175965123E-05  .178691467E-05  .181460038E-05  .184271492E-05
  .187126493E-05  .190025713E-05  .192969838E-05  .195959563E-05  .198995593E-05
  .202078647E-05  .205209451E-05  .208388745E-05  .211617280E-05  .214895817E-05
  .218225131E-05  .221606009E-05  .225039247E-05  .228525657E-05  .232066061E-05
  .235661296E-05  .239312210E-05  .243019665E-05  .246784537E-05  .250607713E-05
  .254490097E-05  .258432604E-05  .262436166E-05  .266501727E-05  .270630247E-05
  .274822701E-05  .279080077E-05  .283403381E-05  .287793634E-05  .292251870E-05
  .296779143E-05  .301376520E-05  .306045088E-05  .310785946E-05  .315600215E-05
  .320489030E-05  .325453545E-05  .330494931E-05  .335614378E-05  .340813093E-05
  .346092304E-05  .351453256E-05  .356897214E-05  .362425461E-05  .368039304E-05
  .373740065E-05  .379529090E-05  .385407744E-05  .391377415E-05  .397439509E-05
  .403595459E-05  .409846714E-05  .416194751E-05  .422641066E-05  .429187180E-05
  .435834636E-05  .442585003E-05  .449439873E-05  .456400862E-05  .463469612E-05
  .470647789E-05  .477937087E-05  .485339225E-05  .492855948E-05  .500489028E-05
  .508240266E-05  .516111489E-05  .524104552E-05  .532221341E-05  .540463769E-05
  .548833779E-05  .557333344E-05  .565964469E-05  .574729188E-05  .583629567E-05
  .592667704E-05  .601845729E-05  .611165807E-05  .620630133E-05  .630240938E-05
  .640000488E-05  .649911082E-05  .659975057E-05  .670194783E-05  .680572670E-05
  .691111162E-05  .701812744E-05  .712679936E-05  .723715300E-05  .734921434E-05
  .746300981E-05  .757856620E-05  .769591075E-05  .781507109E-05  .793607529E-05
  .805895187E-05  .818372976E-05  .831043836E-05  .843910751E-05  .856976752E-05
  .870244915E-05  .883718367E-05  .897400280E-05  .911293876E-05  .925402426E-05
  .939729254E-05  .954277732E-05  .969051287E-05  .984053396E-05  .999287591E-05
  .101475746E-04  .103046664E-04  .104641884E-04  .106261781E-04  .107906736E-04
  .109577136E-04  .111273375E-04  .112995851E-04  .114744971E-04  .116521145E-04
  .118324792E-04  .120156337E-04  .122016209E-04  .123904848E-04  .125822696E-04
  .127770206E-04  .129747836E-04  .131756051E-04  .133795323E-04  .135866132E-04
  .137968965E-04  .140104317E-04  .142272690E-04  .144474593E-04  .146710546E-04
  .148981073E-04  .151286709E-04  .153627996E-04  .156005484E-04  .158419732E-04
  .160871308E-04  .163360788E-04  .165888758E-04  .168455811E-04  .171062552E-04
  .173709592E-04  .176397554E-04  .179127070E-04  .181898782E-04  .184713340E-04
  .187571405E-04  .190473651E-04  .193420757E-04  .196413418E-04  .199452335E-04
  .202538224E-04  .205671807E-04  .208853823E-04  .212085018E-04  .215366151E-04
  .218697992E-04  .222081324E-04  .225516942E-04  .229005652E-04  .232548274E-04
  .236145638E-04  .239798590E-04  .243507988E-04  .247274701E-04  .251099614E-04
  .254983625E-04  .258927645E-04  .262932600E-04  .266999429E-04  .271129088E-04
  .275322544E-04  .279580782E-04  .283904801E-04  .288295614E-04  .292754252E-04
  .297281761E-04  .301879203E-04  .306547655E-04  .311288212E-04  .316101987E-04
  .320990107E-04  .325953719E-04  .330993986E-04  .336112090E-04  .341309230E-04
  .346586625E-04  .351945511E-04  .357387144E-04  .362912800E-04  .368523772E-04
  .374221376E-04  .380006947E-04  .385881839E-04  .391847429E-04  .397905113E-04
  .404056312E-04  .410302464E-04  .416645033E-04  .423085504E-04  .429625384E-04
  .436266205E-04  .443009521E-04  .449856910E-04  .456809975E-04  .463870343E-04
  .471039666E-04  .478319622E-04  .485711913E-04  .493218270E-04  .500840447E-04
  .508580228E-04  .516439423E-04  .524419870E-04  .532523434E-04  .540752011E-04
  .549107524E-04  .557591926E-04  .566207201E-04  .574955361E-04  .583838452E-04
  .592858549E-04  .602017760E-04  .611318224E-04  .620762114E-04  .630351636E-04
  .640089029E-04  .649976569E-04  .660016562E-04  .670211354E-04  .680563324E-04
  .691074890E-04  .701748503E-04  .712586657E-04  .723591878E-04  .734766737E-04
  .746113839E-04  .757635831E-04  .769335402E-04  .781215280E-04  .793278234E-04
  .805527079E-04  .817964669E-04  .830593905E-04  .843417729E-04  .856439131E-04
  .869661145E-04  .883086852E-04  .896719380E-04  .910561905E-04  .924617650E-04
  .938889889E-04  .953381946E-04  .968097196E-04  .983039062E-04  .998211025E-04
  .101361662E-03  .102925942E-03  .104514307E-03  .106127127E-03  .107764777E-03
  .109427638E-03  .111116097E-03  .112830545E-03  .114571383E-03  .116339013E-03
  .118133848E-03  .119956305E-03  .121806806E-03  .123685782E-03  .125593670E-03
  .127530912E-03  .129497958E-03  .131495265E-03  .133523297E-03  .135582525E-03
  .137673426E-03  .139796486E-03  .141952197E-03  .144141059E-03  .146363580E-03
  .148620276E-03  .150911670E-03  .153238293E-03  .155600684E-03  .157999390E-03
  .160434969E-03  .162907984E-03  .165419007E-03  .167968621E-03  .170557416E-03
  .173185991E-03  .175854955E-03  .178564925E-03  .181316529E-03  .184110403E-03
  .186947194E-03  .189827558E-03  .192752160E-03  .195721678E-03  .198736796E-03
  .201798214E-03  .204906636E-03  .208062783E-03  .211267383E-03  .214521176E-03
  .217824913E-03  .221179358E-03  .224585283E-03  .228043476E-03  .231554735E-03
  .235119868E-03  .238739699E-03  .242415062E-03  .246146805E-03  .249935787E-03
  .253782882E-03  .257688977E-03  .261654970E-03  .265681775E-03  .269770320E-03
  .273921545E-03  .278136407E-03  .282415875E-03  .286760932E-03  .291172580E-03
  .295651832E-03  .300199718E-03  .304817283E-03  .309505589E-03  .314265712E-03
  .319098746E-03  .324005801E-03  .328988002E-03  .334046495E-03  .339182439E-03
  .344397013E-03  .349691412E-03  .355066851E-03  .360524563E-03  .366065797E-03
  .371691823E-03  .377403931E-03  .383203428E-03  .389091643E-03  .395069922E-03
  .401139635E-03  .407302169E-03  .413558934E-03  .419911361E-03  .426360901E-03
  .432909029E-03  .439557241E-03  .446307055E-03  .453160012E-03  .460117677E-03
  .467181637E-03  .474353505E-03  .481634915E-03  .489027528E-03  .496533030E-03
  .504153130E-03  .511889564E-03  .519744095E-03  .527718510E-03  .535814624E-03
  .544034281E-03  .552379348E-03  .560851725E-03  .569453337E-03  .578186138E-03
  .587052112E-03  .596053273E-03  .605191665E-03  .614469361E-03  .623888467E-03
  .633451118E-03  .643159483E-03  .653015762E-03  .663022188E-03  .673181028E-03
  .683494582E-03  .693965184E-03  .704595204E-03  .715387045E-03  .726343147E-03
  .737465988E-03  .748758079E-03  .760221972E-03  .771860253E-03  .783675551E-03
  .795670531E-03  .807847897E-03  .820210394E-03  .832760809E-03  .845501969E-03
  .858436741E-03  .871568039E-03  .884898816E-03  .898432069E-03  .912170843E-03
  .926118223E-03  .940277343E-03  .954651382E-03  .969243566E-03  .984057169E-03
  .999095513E-03  .101436197E-02  .102985996E-02  .104559295E-02  .106156446E-02
  .107777808E-02  .109423742E-02  .111094616E-02  .112790804E-02  .114512686E-02
  .116260644E-02  .118035069E-02  .119836358E-02  .121664911E-02  .123521137E-02
  .125405447E-02  .127318263E-02  .129260010E-02  .131231119E-02  .133232029E-02
  .135263184E-02  .137325036E-02  .139418042E-02  .141542666E-02  .143699379E-02
  .145888660E-02  .148110994E-02  .150366872E-02  .152656793E-02  .154981265E-02
  .157340800E-02  .159735921E-02  .162167155E-02  .164635040E-02  .167140120E-02
  .169682946E-02  .172264080E-02  .174884089E-02  .177543550E-02  .180243047E-02
  .182983175E-02  .185764535E-02  .188587738E-02  .191453402E-02  .194362157E-02
  .197314640E-02  .200311497E-02  .203353384E-02  .206440967E-02  .209574920E-02
  .212755928E-02  .215984686E-02  .219261898E-02  .222588278E-02  .225964552E-02
  .229391454E-02  .232869730E-02  .236400136E-02  .239983439E-02  .243620419E-02
  .247311863E-02  .251058572E-02  .254861358E-02  .258721045E-02  .262638468E-02
  .266614473E-02  .270649921E-02  .274745682E-02  .278902640E-02  .283121690E-02
  .287403743E-02  .291749720E-02  .296160555E-02  .300637198E-02  .305180608E-02
  .309791762E-02  .314471647E-02  .319221268E-02  .324041640E-02  .328933794E-02
  .333898777E-02  .338937649E-02  .344051485E-02  .349241375E-02  .354508425E-02
  .359853756E-02  .365278505E-02  .370783824E-02  .376370883E-02  .382040865E-02
  .387794974E-02  .393634426E-02  .399560458E-02  .405574322E-02  .411677288E-02
  .417870642E-02  .424155691E-02  .430533758E-02  .437006185E-02  .443574331E-02
  .450239575E-02  .457003317E-02  .463866972E-02  .470831978E-02  .477899792E-02
  .485071889E-02  .492349768E-02  .499734944E-02  .507228956E-02  .514833364E-02
  .522549747E-02  .530379708E-02  .538324871E-02  .546386881E-02  .554567407E-02
  .562868139E-02  .571290793E-02  .579837104E-02  .588508834E-02  .597307766E-02
  .606235711E-02  .615294500E-02  .624485990E-02  .633812066E-02  .643274635E-02
  .652875629E-02  .662617009E-02  .672500760E-02  .682528895E-02  .692703452E-02
  .703026497E-02  .713500125E-02  .724126456E-02  .734907641E-02  .745845858E-02
  .756943313E-02  .768202242E-02  .779624912E-02  .791213618E-02  .802970685E-02
  .814898470E-02  .826999360E-02  .839275773E-02  .851730160E-02  .864365002E-02
  .877182814E-02  .890186142E-02  .903377568E-02  .916759704E-02  .930335199E-02
  .944106733E-02  .958077024E-02  .972248821E-02  .986624913E-02  .100120812E-01
  .101600131E-01  .103100736E-01  .104622922E-01  .106166985E-01  .107733225E-01
  .109321949E-01  .110933463E-01  .112568080E-01  .114226117E-01  .115907893E-01
  .117613734E-01  .119343966E-01  .121098924E-01  .122878942E-01  .124684363E-01
  .126515530E-01  .128372795E-01  .130256509E-01  .132167031E-01  .134104724E-01
  .136069954E-01  .138063092E-01  .140084516E-01  .142134605E-01  .144213744E-01
  .146322323E-01  .148460737E-01  .150629385E-01  .152828672E-01  .155059006E-01
  .157320802E-01  .159614478E-01  .161940458E-01  .164299171E-01  .166691052E-01
  .169116539E-01  .171576077E-01  .174070116E-01  .176599110E-01  .179163520E-01
  .181763812E-01  .184400456E-01  .187073929E-01  .189784713E-01  .192533296E-01
  .195320171E-01  .198145837E-01  .201010799E-01  .203915566E-01  .206860655E-01
  .209846589E-01  .212873894E-01  .215943106E-01  .219054762E-01  .222209411E-01
  .225407602E-01  .228649895E-01  .231936854E-01  .235269048E-01  .238647055E-01
  .242071458E-01  .245542846E-01  .249061814E-01  .252628965E-01  .256244907E-01
  .259910256E-01  .263625633E-01  .267391666E-01  .271208990E-01  .275078247E-01
  .279000085E-01  .282975158E-01  .287004130E-01  .291087669E-01  .295226449E-01
  .299421154E-01  .303672472E-01  .307981101E-01  .312347744E-01  .316773110E-01
  .321257918E-01  .325802892E-01  .330408764E-01  .335076272E-01  .339806164E-01
  .344599191E-01  .349456116E-01  .354377705E-01  .359364733E-01  .364417984E-01
  .369538248E-01  .374726320E-01  .379983007E-01  .385309119E-01  .390705477E-01
  .396172907E-01  .401712244E-01  .407324329E-01  .413010011E-01  .418770148E-01
  .424605604E-01  .430517250E-01  .436505965E-01  .442572637E-01  .448718159E-01
  .454943434E-01  .461249369E-01  .467636883E-01  .474106899E-01  .480660349E-01
  .487298171E-01  .494021313E-01  .500830729E-01  .507727379E-01  .514712232E-01
  .521786265E-01  .528950460E-01  .536205809E-01  .543553309E-01  .550993965E-01
  .558528790E-01  .566158803E-01  .573885031E-01  .581708507E-01  .589630271E-01
  .597651372E-01  .605772863E-01  .613995805E-01  .622321267E-01  .630750322E-01
  .639284053E-01  .647923546E-01  .656669896E-01  .665524203E-01  .674487574E-01
  .683561122E-01  .692745965E-01  .702043228E-01  .711454043E-01  .720979545E-01
  .730620877E-01  .740379187E-01  .750255626E-01  .760251355E-01  .770367535E-01
  .780605335E-01  .790965928E-01  .801450493E-01  .812060211E-01  .822796270E-01
  .833659859E-01  .844652174E-01  .855774414E-01  .867027781E-01  .878413481E-01
  .889932723E-01  .901586719E-01  .913376684E-01  .925303836E-01  .937369394E-01
  .949574581E-01  .961920621E-01  .974408740E-01  .987040165E-01  .999816124E-01
  .101273785E+00  .102580656E+00  .103902350E+00  .105238990E+00  .106590698E+00
  .107957597E+00  .109339811E+00  .110737462E+00  .112150673E+00  .113579565E+00
  .115024262E+00  .116484886E+00  .117961557E+00  .119454398E+00  .120963529E+00
  .122489072E+00  .124031145E+00  .125589869E+00  .127165364E+00  .128757747E+00
  .130367136E+00  .131993650E+00  .133637404E+00  .135298514E+00  .136977096E+00
  .138673264E+00  .140387131E+00  .142118810E+00  .143868412E+00  .145636048E+00
  .147421826E+00  .149225856E+00  .151048243E+00  .152889095E+00  .154748514E+00
  .156626605E+00  .158523469E+00  .160439206E+00  .162373914E+00  .164327690E+00
  .166300631E+00  .168292828E+00  .170304375E+00  .172335360E+00  .174385872E+00
  .176455997E+00  .178545818E+00  .180655417E+00  .182784873E+00  .184934264E+00
  .187103664E+00  .189293146E+00  .191502778E+00  .193732630E+00  .195982764E+00
  .198253243E+00  .200544125E+00  .202855467E+00  .205187321E+00  .207539738E+00
  .209912763E+00  .212306441E+00  .214720811E+00  .217155911E+00  .219611772E+00
  .222088425E+00  .224585895E+00  .227104205E+00  .229643372E+00  .232203410E+00
  .234784331E+00  .237386138E+00  .240008835E+00  .242652418E+00  .245316880E+00
  .248002209E+00  .250708389E+00  .253435398E+00  .256183210E+00  .258951795E+00
  .261741115E+00  .264551131E+00  .267381794E+00  .270233054E+00  .273104853E+00
  .275997127E+00  .278909808E+00  .281842822E+00  .284796088E+00  .287769519E+00
  .290763023E+00  .293776501E+00  .296809849E+00  .299862954E+00  .302935698E+00
  .306027957E+00  .309139600E+00  .312270487E+00  .315420473E+00  .318589406E+00
  .321777127E+00  .324983468E+00  .328208255E+00  .331451307E+00  .334712433E+00
  .337991437E+00  .341288114E+00  .344602251E+00  .347933627E+00  .351282012E+00
  .354647171E+00  .358028857E+00  .361426816E+00  .364840786E+00  .368270496E+00
  .371715665E+00  .375176006E+00  .378651221E+00  .382141003E+00  .385645037E+00
  .389162998E+00  .392694553E+00  .396239358E+00  .399797061E+00  .403367299E+00
  .406949701E+00  .410543886E+00  .414149463E+00  .417766031E+00  .421393180E+00
  .425030490E+00  .428677530E+00  .432333859E+00  .435999029E+00  .439672577E+00
  .443354035E+00  .447042920E+00  .450738742E+00  .454441001E+00  .458149184E+00
  .461862769E+00  .465581226E+00  .469304010E+00  .473030570E+00  .476760342E+00
  .480492753E+00  .484227219E+00  .487963145E+00  .491699927E+00  .495436950E+00
  .499173587E+00  .502909204E+00  .506643154E+00  .510374782E+00  .514103420E+00
  .517828393E+00  .521549012E+00  .525264583E+00  .528974397E+00  .532677739E+00
  .536373882E+00  .540062090E+00  .543741617E+00  .547411709E+00  .551071599E+00
  .554720515E+00  .558357673E+00  .561982281E+00  .565593536E+00  .569190631E+00
  .572772745E+00  .576339052E+00  .579888716E+00  .583420894E+00  .586934734E+00
  .590429376E+00  .593903954E+00  .597357593E+00  .600789411E+00  .604198521E+00
  .607584026E+00  .610945025E+00  .614280611E+00  .617589868E+00  .620871878E+00
  .624125715E+00  .627350448E+00  .630545142E+00  .633708858E+00  .636840650E+00
  .639939571E+00  .643004669E+00  .646034988E+00  .649029570E+00  .651987453E+00
  .654907675E+00  .657789269E+00  .660631269E+00  .663432706E+00  .666192612E+00
  .668910015E+00  .671583949E+00  .674213440E+00  .676797524E+00  .679335230E+00
  .681825594E+00  .684267651E+00  .686660441E+00  .689003005E+00  .691294387E+00
  .693533636E+00  .695719807E+00  .697851955E+00  .699929145E+00  .701950445E+00
  .703914931E+00  .705821683E+00  .707669792E+00  .709458354E+00  .711186475E+00
  .712853267E+00  .714457855E+00  .715999370E+00  .717476958E+00  .718889771E+00
  .720236976E+00  .721517749E+00  .722731283E+00  .723876778E+00  .724953453E+00
  .725960537E+00  .726897278E+00  .727762934E+00  .728556784E+00  .729278119E+00
  .729926250E+00  .730500503E+00  .731000224E+00  .731424776E+00  .731773542E+00
  .732045923E+00  .732241344E+00  .732359245E+00  .732399092E+00  .732360369E+00
  .732242587E+00  .732045272E+00  .731767983E+00  .731410293E+00  .730971808E+00
  .730452151E+00  .729850977E+00  .729167960E+00  .728402806E+00  .727555244E+00
  .726625032E+00  .725611952E+00  .724515820E+00  .723336474E+00  .722073785E+00
  .720727649E+00  .719297997E+00  .717784784E+00  .716188000E+00  .714507661E+00
  .712743818E+00  .710896550E+00  .708965970E+00  .706952219E+00  .704855475E+00
  .702675943E+00  .700413864E+00  .698069510E+00  .695643187E+00  .693135230E+00
  .690546015E+00  .687875942E+00  .685125452E+00  .682295013E+00  .679385133E+00
  .676396346E+00  .673329229E+00  .670184382E+00  .666962447E+00  .663664095E+00
  .660290032E+00  .656840996E+00  .653317762E+00  .649721132E+00  .646051946E+00
  .642311073E+00  .638499420E+00  .634617918E+00  .630667538E+00  .626649277E+00
  .622564169E+00  .618413272E+00  .614197681E+00  .609918516E+00  .605576934E+00
  .601174112E+00  .596711266E+00  .592189631E+00  .587610478E+00  .582975098E+00
  .578284817E+00  .573540978E+00  .568744959E+00  .563898154E+00  .559001990E+00
  .554057908E+00  .549067382E+00  .544031899E+00  .538952974E+00  .533832137E+00
  .528670944E+00  .523470961E+00  .518233783E+00  .512961011E+00  .507654270E+00
  .502315196E+00  .496945442E+00  .491546671E+00  .486120563E+00  .480668802E+00
  .475193091E+00  .469695133E+00  .464176649E+00  .458639357E+00  .453084989E+00
  .447515275E+00  .441931956E+00  .436336767E+00  .430731454E+00  .425117754E+00
  .419497411E+00  .413872161E+00  .408243740E+00  .402613878E+00  .396984300E+00
  .391356726E+00  .385732864E+00  .380114418E+00  .374503078E+00  .368900523E+00
  .363308422E+00  .357728428E+00  .352162178E+00  .346611297E+00  .341077390E+00
  .335562045E+00  .330066829E+00  .324593292E+00  .319142959E+00  .313717335E+00
  .308317902E+00  .302946115E+00  .297603407E+00  .292291183E+00  .287010821E+00
  .281763672E+00  .276551057E+00  .271374267E+00  .266234565E+00  .261133182E+00
  .256071316E+00  .251050133E+00  .246070767E+00  .241134317E+00  .236241850E+00
  .231394395E+00  .226592950E+00  .221838473E+00  .217131888E+00  .212474085E+00
  .207865914E+00  .203308188E+00  .198801686E+00  .194347148E+00  .189945275E+00
  .185596733E+00  .181302149E+00  .177062112E+00  .172877176E+00  .168747854E+00
  .164674624E+00  .160657926E+00  .156698163E+00  .152795699E+00  .148950866E+00
  .145163955E+00  .141435223E+00  .137764892E+00  .134153146E+00  .130600138E+00
  .127105982E+00  .123670761E+00  .120294524E+00  .116977286E+00  .113719030E+00
  .110519706E+00  .107379235E+00  .104297505E+00  .101274374E+00  .983096714E-01
  .954031970E-01  .925547224E-01  .897639915E-01  .870307213E-01  .843546027E-01
  .817353009E-01  .791724564E-01  .766656853E-01  .742145807E-01  .718187126E-01
  .694776295E-01  .671908585E-01  .649579062E-01  .627782595E-01  .606513866E-01
  .585767371E-01  .565537434E-01  .545818211E-01  .526603700E-01  .507887743E-01
  .489664042E-01  .471926158E-01  .454667523E-01  .437881448E-01  .421561127E-01
  .405699647E-01  .390289995E-01  .375325063E-01  .360797659E-01  .346700511E-01
  .333026275E-01  .319767542E-01  .306916846E-01  .294466671E-01  .282409454E-01
  .270737600E-01  .259443478E-01  .248519437E-01  .237957809E-01  .227750914E-01
  .217891068E-01  .208370591E-01  .199181810E-01  .190317067E-01  .181768724E-01
  .173529173E-01  .165590834E-01  .157946168E-01  .150587678E-01  .143507919E-01
  .136699498E-01  .130155080E-01  .123867399E-01  .117829255E-01  .112033522E-01
  .106473154E-01  .101141187E-01  .960307434E-02  .911350364E-02  .864473741E-02
  .819611622E-02  .776699079E-02  .735672227E-02  .696468258E-02  .659025462E-02
  .623283257E-02  .589182208E-02  .556664053E-02  .525671718E-02  .496149334E-02
  .468042256E-02  .441297067E-02  .415861598E-02  .391684932E-02  .368717409E-02
  .346910633E-02  .326217475E-02  .306592074E-02  .287989831E-02  .270367415E-02
  .253682749E-02  .237895011E-02  .222964623E-02  .208853240E-02  .195523743E-02
  .182940225E-02  .171067975E-02  .159873467E-02  .149324342E-02  .139389390E-02
  .130038533E-02  .121242806E-02  .112974333E-02  .105206314E-02  .979129958E-03
  .910696516E-03  .846525600E-03  .786389799E-03  .730071268E-03  .677361484E-03
  .628061000E-03  .581979197E-03  .538934031E-03  .498751781E-03  .461266797E-03
  .426321246E-03  .393764861E-03  .363454686E-03  .335254830E-03  .309036213E-03
  .284676328E-03  .262058990E-03  .241074101E-03  .221617410E-03  .203590284E-03
  .186899475E-03  .171456902E-03  .157179424E-03  .143988630E-03  .131810630E-03
  .120575846E-03  .110218820E-03  .100678012E-03  .918956200E-04  .838173921E-04
  .763924532E-04  .695731325E-04  .633147997E-04  .575757050E-04  .523168259E-04
  .475017199E-04  .430963823E-04  .390691098E-04  .353903699E-04  .320326759E-04
  .289704667E-04  .261799926E-04  .236392058E-04  .213276565E-04  .192263933E-04
  .173178688E-04  .155858503E-04  .140153339E-04  .125924647E-04  .113044592E-04
  .101395341E-04  .908683698E-05  .813638239E-05  .727899074E-05  .650623109E-05
  .581036719E-05  .518430687E-05  .462155444E-05  .411616617E-05  .366270845E-05
  .325621879E-05  .289216925E-05  .256643237E-05  .227524942E-05  .201520072E-05
  .178317816E-05  .157635955E-05  .139218488E-05  .122833425E-05  .108270748E-05
  .953405228E-06  .838711473E-06  .737077461E-06  .647106806E-06  .567541813E-06
  .497250880E-06  .435216919E-06  .380526737E-06  .332361289E-06  .289986760E-06
  .252746400E-06  .220053067E-06  .191382423E-06  .166266729E-06  .144289197E-06
  .125078851E-06  .108305864E-06  .936773214E-07  .809333868E-07  .698438298E-07
  .602048873E-07  .518364297E-07  .445794057E-07  .382935406E-07  .328552663E-07
  .281558608E-07  .240997800E-07  .206031613E-07  .175924853E-07  .150033790E-07
  .127795477E-07  .108718220E-07  .923731038E-08  .783864424E-08  .664330849E-08
  .562304722E-08  .475333747E-08  .401292371E-08  .338340655E-08  .284887999E-08
  .239561174E-08  .201176202E-08  .168713651E-08  .141296955E-08  .118173424E-08
  .986976280E-09  .823168792E-09  .685585671E-09  .570191251E-09  .473544332E-09
  .392714799E-09  .325211310E-09  .268918661E-09  .222043624E-09  .183068171E-09
  .150709146E-09  .123883547E-09  .101678678E-09  .833265365E-10  .681818621E-10
  .557033525E-10  .454376207E-10  .370055092E-10  .300904361E-10  .244284873E-10
  .198000059E-10  .160224651E-10  .129444378E-10  .104405031E-10  .840695115E-11
  .675816713E-11  .542359265E-11  .434517481E-11  .347523237E-11  .277466828E-11
  .221148061E-11  .175952009E-11  .139745709E-11  .110792402E-11  .876804482E-12
  .692645194E-12  .546170346E-12  .429881284E-12  .337727122E-12  .264834236E-12
  .207284514E-12  .161933924E-12  .126264346E-12  .982628026E-13  .763232125E-13
  .591666157E-13  .457765299E-13  .353466669E-13  .272387320E-13  .209484277E-13
  .160781234E-13  .123149277E-13  .941313111E-14  .718017749E-14  .546547767E-14
  .415150850E-14  .314674490E-14  .238005953E-14  .179629477E-14  .135276907E-14
  .101652652E-14  .762176236E-15  .570198854E-15  .425621997E-15  .316986718E-15
  .235542764E-15  .174623440E-15  .129161088E-15  .953124166E-16  .701694529E-16
  .515370616E-16  .377621089E-16  .276025915E-16  .201276213E-16  .146411743E-16
  .106240976E-16  .769011152E-17  .555251014E-17  .399902252E-17  .287288125E-17
  .205860173E-17  .147132720E-17  .104886557E-17  .745753569E-18  .528843325E-18
  .374029674E-18  .263829609E-18  .185596799E-18  .130208060E-18  .910996229E-19
  .635619832E-19  .442253419E-19  .306851701E-19  .212304919E-19  .146472569E-19
  .100764538E-19  .691201560E-20  .472756579E-20  .322401144E-20  .219215799E-20
  .148611870E-20  .100445741E-20  .676855364E-21  .454711978E-21  .304538963E-21
  .203331650E-21  .135335700E-21  .897954992E-22  .593910541E-22  .391562544E-22
  .257326309E-22  .168561890E-22  .110056545E-22  .716213802E-23  .464546066E-23
  .300305338E-23  .193479196E-23  .124231335E-23  .794954568E-24  .506939661E-24
  .322152478E-24  .204007568E-24  .128735682E-24  .809482802E-25  .507178019E-25
  .316625083E-25  .196947377E-25  .122057053E-25  .753652351E-26  .463620202E-26
  .284134702E-26  .173477941E-26  .105513886E-26  .639304233E-27  .385856018E-27
  .231979570E-27  .138920998E-27  .828641291E-28  .492303016E-28  .291307924E-28
  .171677151E-28  .100762634E-28  .588978796E-29  .342846047E-29  .198739446E-29
  .114720344E-29  .659407884E-30  .377407856E-30  .215078260E-30  .122038379E-30
  .689439452E-31  .387776029E-31  .217138151E-31  .121044977E-31  .671734836E-32
  .371085777E-32  .204061397E-32  .111697167E-32  .608559080E-33  .330009953E-33
  .178114520E-33  .956761691E-34  .511475047E-34  .272110484E-34  .144062204E-34
  .758966268E-35  .397874487E-35  .207541207E-35  .107716075E-35  .556234367E-36
  .285771740E-36  .146065559E-36  .742721922E-37  .375696539E-37  .189044134E-37
  .946208115E-38  .471074769E-38  .233267833E-38  .114885096E-38  .562727581E-39
  .274119608E-39  .132791711E-39  .639693927E-40  .306425696E-40  .145952312E-40
  .691210979E-41  .325465528E-41  .152361347E-41  .709088799E-42  .328067258E-42
  .150883543E-42  .689791305E-43  .313451530E-43  .141572773E-43  .635514455E-44
  .283522156E-44  .125702473E-44  .553828252E-45  .242471066E-45  .105481713E-45
  .455937815E-46  .195805023E-46  .835430351E-47  .354114040E-47  .149107891E-47
  .623678310E-48  .259120017E-48  .106929914E-48  .438261026E-49  .178393552E-49
  .721132777E-50  .289479659E-50  .115388992E-50  .456699806E-51  .179470813E-51
  .700212164E-52  .271215419E-52  .104285497E-52  .398046672E-53  .150806539E-53
  .567097695E-54  .211651997E-54  .783951386E-55  .288161299E-55  .105109134E-55
  .380446362E-56  .136657673E-56  .487252546E-57  .172587552E-57  .609644208E-58
  .215918026E-58  .788108832E-59  .311865193E-59  .154108415E-59  .118671847E-59
  .000000000E+00  .000000000E+00  .000000000E+00  .000000000E+00  .000000000E+00
  .000000000E+00  .000000000E+00  .000000000E+00  .000000000E+00  .000000000E+00
  .000000000E+00  .000000000E+00  .000000000E+00  .000000000E+00  .000000000E+00
  .000000000E+00  .000000000E+00  .000000000E+00  .000000000E+00  .000000000E+00
