  PAW Br                                 
 100
Core Pot   L  =         .00000  -1.47673
  -.20000000E+01  .77965603E-01
  -.19600000E+01  .27859453E-01
  -.19200000E+01 -.24384385E-01
  -.18800000E+01 -.78934580E-01
  -.18400000E+01 -.13597826E+00
  -.18000000E+01 -.19572362E+00
  -.17600000E+01 -.25840297E+00
  -.17200000E+01 -.32427636E+00
  -.16800000E+01 -.39363578E+00
  -.16400000E+01 -.46681033E+00
  -.16000000E+01 -.54417222E+00
  -.15600000E+01 -.62614413E+00
  -.15200000E+01 -.71320806E+00
  -.14800000E+01 -.80591610E+00
  -.14400000E+01 -.90490364E+00
  -.14000000E+01 -.10109059E+01
  -.13600000E+01 -.11247779E+01
  -.13200000E+01 -.12475205E+01
  -.12800000E+01 -.13803125E+01
  -.12400000E+01 -.15245518E+01
  -.12000000E+01 -.16819096E+01
  -.11600000E+01 -.18543999E+01
  -.11200000E+01 -.20444724E+01
  -.10800000E+01 -.22551373E+01
  -.10400000E+01 -.24901350E+01
  -.10000000E+01 -.27541720E+01
  -.96000000E+00 -.30532544E+01
  -.92000000E+00 -.33951698E+01
  -.88000000E+00 -.37902007E+01
  -.84000000E+00 -.42522104E+01
  -.80000000E+00 -.48003512E+01
  -.76000000E+00 -.54618519E+01
  -.72000000E+00 -.62767773E+01
  -.68000000E+00 -.73066026E+01
  -.64000000E+00 -.86507209E+01
  -.60000000E+00 -.10481008E+02
  -.56000000E+00 -.13122629E+02
  -.52000000E+00 -.17273959E+02
  -.48000000E+00 -.24757507E+02
  -.44000000E+00 -.42304797E+02
  -.40000000E+00 -.13216161E+03
  -.36000000E+00  .12691693E+03
  -.32000000E+00  .43955899E+02
  -.28000000E+00  .26959609E+02
  -.24000000E+00  .19627614E+02
  -.20000000E+00  .15538378E+02
  -.16000000E+00  .12927898E+02
  -.12000000E+00  .11115214E+02
  -.80000000E-01  .97818224E+01
  -.40000000E-01  .87588396E+01
   .12351231E-14  .79483787E+01
   .40000000E-01  .72897897E+01
   .80000000E-01  .67434906E+01
   .12000000E+00  .62825505E+01
   .16000000E+00  .58880088E+01
   .20000000E+00  .55461299E+01
   .24000000E+00  .52467193E+01
   .28000000E+00  .49820514E+01
   .32000000E+00  .47461649E+01
   .36000000E+00  .45343863E+01
   .40000000E+00  .43429997E+01
   .44000000E+00  .41690137E+01
   .48000000E+00  .40099929E+01
   .52000000E+00  .38639344E+01
   .56000000E+00  .37291759E+01
   .60000000E+00  .36043263E+01
   .64000000E+00  .34882123E+01
   .68000000E+00  .33798375E+01
   .72000000E+00  .32783504E+01
   .76000000E+00  .31830186E+01
   .80000000E+00  .30932090E+01
   .84000000E+00  .30083713E+01
   .88000000E+00  .29280249E+01
   .92000000E+00  .28517484E+01
   .96000000E+00  .27791704E+01
   .10000000E+01  .27099624E+01
   .10400000E+01  .26438329E+01
   .10800000E+01  .25805223E+01
   .11200000E+01  .25197983E+01
   .11600000E+01  .24614528E+01
   .12000000E+01  .24052987E+01
   .12400000E+01  .23511672E+01
   .12800000E+01  .22989055E+01
   .13200000E+01  .22483755E+01
   .13600000E+01  .21994511E+01
   .14000000E+01  .21520180E+01
   .14400000E+01  .21059714E+01
   .14800000E+01  .20612156E+01
   .15200000E+01  .20176628E+01
   .15600000E+01  .19752325E+01
   .16000000E+01  .19338503E+01
   .16400000E+01  .18934478E+01
   .16800000E+01  .18539617E+01
   .17200000E+01  .18153334E+01
   .17600000E+01  .17775087E+01
   .18000000E+01  .17404372E+01
   .18400000E+01  .17040719E+01
   .18800000E+01  .16683692E+01
   .19200000E+01  .16332883E+01
   .19600000E+01  .15987911E+01
   .20000000E+01  .15648419E+01
Potential  L  =         .00000  -1.47673
  -.20000000E+01  .30121131E+00
  -.19600000E+01  .24929787E+00
  -.19200000E+01  .19421893E+00
  -.18800000E+01  .13559757E+00
  -.18400000E+01  .72993383E-01
  -.18000000E+01  .58885851E-02
  -.17600000E+01 -.66329851E-01
  -.17200000E+01 -.14439320E+00
  -.16800000E+01 -.22918093E+00
  -.16400000E+01 -.32176035E+00
  -.16000000E+01 -.42343956E+00
  -.15600000E+01 -.53583957E+00
  -.15200000E+01 -.66099387E+00
  -.14800000E+01 -.80148857E+00
  -.14400000E+01 -.96066399E+00
  -.14000000E+01 -.11429113E+01
  -.13600000E+01 -.13541213E+01
  -.13200000E+01 -.16023843E+01
  -.12800000E+01 -.18991230E+01
  -.12400000E+01 -.22610050E+01
  -.12000000E+01 -.27133445E+01
  -.11600000E+01 -.32965453E+01
  -.11200000E+01 -.40793130E+01
  -.10800000E+01 -.51886997E+01
  -.10400000E+01 -.68887348E+01
  -.10000000E+01 -.98331407E+01
  -.96000000E+00 -.16204708E+02
  -.92000000E+00 -.40481638E+02
  -.88000000E+00  .10263636E+03
  -.84000000E+00  .23823827E+02
  -.80000000E+00  .13833905E+02
  -.76000000E+00  .99081236E+01
  -.72000000E+00  .78056330E+01
  -.68000000E+00  .64923449E+01
  -.64000000E+00  .55917889E+01
  -.60000000E+00  .49340650E+01
  -.56000000E+00  .44312515E+01
  -.52000000E+00  .40332828E+01
  -.48000000E+00  .37095544E+01
  -.44000000E+00  .34403042E+01
  -.40000000E+00  .32122012E+01
  -.36000000E+00  .30159261E+01
  -.32000000E+00  .28447675E+01
  -.28000000E+00  .26937690E+01
  -.24000000E+00  .25591907E+01
  -.20000000E+00  .24381571E+01
  -.16000000E+00  .23284211E+01
  -.12000000E+00  .22282007E+01
  -.80000000E-01  .21360647E+01
  -.40000000E-01  .20508503E+01
   .12351231E-14  .19716024E+01
   .40000000E-01  .18975298E+01
   .80000000E-01  .18279706E+01
   .12000000E+00  .17623671E+01
   .16000000E+00  .17002458E+01
   .20000000E+00  .16412023E+01
   .24000000E+00  .15848883E+01
   .28000000E+00  .15310028E+01
   .32000000E+00  .14792838E+01
   .36000000E+00  .14295023E+01
   .40000000E+00  .13814568E+01
   .44000000E+00  .13349697E+01
   .48000000E+00  .12898833E+01
   .52000000E+00  .12460571E+01
   .56000000E+00  .12033656E+01
   .60000000E+00  .11616961E+01
   .64000000E+00  .11209468E+01
   .68000000E+00  .10810258E+01
   .72000000E+00  .10418495E+01
   .76000000E+00  .10033420E+01
   .80000000E+00  .96543336E+00
   .84000000E+00  .92805986E+00
   .88000000E+00  .89116255E+00
   .92000000E+00  .85468700E+00
   .96000000E+00  .81858271E+00
   .10000000E+01  .78280267E+00
   .10400000E+01  .74730295E+00
   .10800000E+01  .71204236E+00
   .11200000E+01  .67698199E+00
   .11600000E+01  .64208555E+00
   .12000000E+01  .60731818E+00
   .12400000E+01  .57264685E+00
   .12800000E+01  .53804011E+00
   .13200000E+01  .50346771E+00
   .13600000E+01  .46890055E+00
   .14000000E+01  .43431062E+00
   .14400000E+01  .39967069E+00
   .14800000E+01  .36495426E+00
   .15200000E+01  .33013552E+00
   .15600000E+01  .29518904E+00
   .16000000E+01  .26008990E+00
   .16400000E+01  .22481346E+00
   .16800000E+01  .18933532E+00
   .17200000E+01  .15363118E+00
   .17600000E+01  .11767704E+00
   .18000000E+01  .81448152E-01
   .18400000E+01  .44920365E-01
   .18800000E+01  .80691027E-02
   .19200000E+01 -.29130479E-01
   .19600000E+01 -.66703569E-01
   .20000000E+01 -.10467578E+00
Core Pot   L  =        1.00000   -.57801
  -.20000000E+01  .82421275E+00
  -.19600000E+01  .80159031E+00
  -.19200000E+01  .77857434E+00
  -.18800000E+01  .75514984E+00
  -.18400000E+01  .73130104E+00
  -.18000000E+01  .70701129E+00
  -.17600000E+01  .68226302E+00
  -.17200000E+01  .65703768E+00
  -.16800000E+01  .63131565E+00
  -.16400000E+01  .60507618E+00
  -.16000000E+01  .57829731E+00
  -.15600000E+01  .55095577E+00
  -.15200000E+01  .52302686E+00
  -.14800000E+01  .49448440E+00
  -.14400000E+01  .46530056E+00
  -.14000000E+01  .43544568E+00
  -.13600000E+01  .40488825E+00
  -.13200000E+01  .37359471E+00
  -.12800000E+01  .34152922E+00
  -.12400000E+01  .30865349E+00
  -.12000000E+01  .27492662E+00
  -.11600000E+01  .24030482E+00
  -.11200000E+01  .20474115E+00
  -.10800000E+01  .16818524E+00
  -.10400000E+01  .13058301E+00
  -.10000000E+01  .91876242E-01
  -.96000000E+00  .52002232E-01
  -.92000000E+00  .10893335E-01
  -.88000000E+00 -.31523542E-01
  -.84000000E+00 -.75327493E-01
  -.80000000E+00 -.12060424E+00
  -.76000000E+00 -.16744685E+00
  -.72000000E+00 -.21595656E+00
  -.68000000E+00 -.26624364E+00
  -.64000000E+00 -.31842849E+00
  -.60000000E+00 -.37264279E+00
  -.56000000E+00 -.42903088E+00
  -.52000000E+00 -.48775131E+00
  -.48000000E+00 -.54897862E+00
  -.44000000E+00 -.61290545E+00
  -.40000000E+00 -.67974491E+00
  -.36000000E+00 -.74973341E+00
  -.32000000E+00 -.82313392E+00
  -.28000000E+00 -.90023981E+00
  -.24000000E+00 -.98137940E+00
  -.20000000E+00 -.10669213E+01
  -.16000000E+00 -.11572808E+01
  -.12000000E+00 -.12529275E+01
  -.80000000E-01 -.13543945E+01
  -.40000000E-01 -.14622897E+01
   .12351231E-14 -.15773088E+01
   .40000000E-01 -.17002527E+01
   .80000000E-01 -.18320472E+01
   .12000000E+00 -.19737690E+01
   .16000000E+00 -.21266777E+01
   .20000000E+00 -.22922560E+01
   .24000000E+00 -.24722617E+01
   .28000000E+00 -.26687944E+01
   .32000000E+00 -.28843833E+01
   .36000000E+00 -.31221025E+01
   .40000000E+00 -.33857264E+01
   .44000000E+00 -.36799410E+01
   .48000000E+00 -.40106370E+01
   .52000000E+00 -.43853235E+01
   .56000000E+00 -.48137250E+01
   .60000000E+00 -.53086630E+01
   .64000000E+00 -.58873960E+01
   .68000000E+00 -.65737212E+01
   .72000000E+00 -.74013938E+01
   .76000000E+00 -.84199458E+01
   .80000000E+00 -.97051220E+01
   .84000000E+00 -.11378865E+02
   .88000000E+00 -.13650872E+02
   .92000000E+00 -.16914856E+02
   .96000000E+00 -.22007112E+02
   .10000000E+01 -.31071521E+02
   .10400000E+01 -.51755122E+02
   .10800000E+01 -.14649386E+03
   .11200000E+01  .18767978E+03
   .11600000E+01  .58257444E+02
   .12000000E+01  .34835182E+02
   .12400000E+01  .25016923E+02
   .12800000E+01  .19614275E+02
   .13200000E+01  .16192893E+02
   .13600000E+01  .13830046E+02
   .14000000E+01  .12098981E+02
   .14400000E+01  .10775156E+02
   .14800000E+01  .97291582E+01
   .15200000E+01  .88811473E+01
   .15600000E+01  .81791963E+01
   .16000000E+01  .75880723E+01
   .16400000E+01  .70830267E+01
   .16800000E+01  .66461656E+01
   .17200000E+01  .62642300E+01
   .17600000E+01  .59271865E+01
   .18000000E+01  .56273025E+01
   .18400000E+01  .53585226E+01
   .18800000E+01  .51160369E+01
   .19200000E+01  .48959767E+01
   .19600000E+01  .46951948E+01
   .20000000E+01  .45111048E+01
Potential  L  =        1.00000   -.57801
  -.20000000E+01  .88531853E+00
  -.19600000E+01  .86303152E+00
  -.19200000E+01  .84032778E+00
  -.18800000E+01  .81718952E+00
  -.18400000E+01  .79359787E+00
  -.18000000E+01  .76953281E+00
  -.17600000E+01  .74497302E+00
  -.17200000E+01  .71989584E+00
  -.16800000E+01  .69427713E+00
  -.16400000E+01  .66809114E+00
  -.16000000E+01  .64131038E+00
  -.15600000E+01  .61390547E+00
  -.15200000E+01  .58584500E+00
  -.14800000E+01  .55709528E+00
  -.14400000E+01  .52762022E+00
  -.14000000E+01  .49738102E+00
  -.13600000E+01  .46633604E+00
  -.13200000E+01  .43444017E+00
  -.12800000E+01  .40164517E+00
  -.12400000E+01  .36789865E+00
  -.12000000E+01  .33314400E+00
  -.11600000E+01  .29731991E+00
  -.11200000E+01  .26035981E+00
  -.10800000E+01  .22219135E+00
  -.10400000E+01  .18273571E+00
  -.10000000E+01  .14190686E+00
  -.96000000E+00  .99610771E-01
  -.92000000E+00  .55744361E-01
  -.88000000E+00  .10194482E-01
  -.84000000E+00 -.37163431E-01
  -.80000000E+00 -.86466796E-01
  -.76000000E+00 -.13786760E+00
  -.72000000E+00 -.19153439E+00
  -.68000000E+00 -.24765460E+00
  -.64000000E+00 -.30643727E+00
  -.60000000E+00 -.36811625E+00
  -.56000000E+00 -.43295404E+00
  -.52000000E+00 -.50124629E+00
  -.48000000E+00 -.57332720E+00
  -.44000000E+00 -.64957607E+00
  -.40000000E+00 -.73042514E+00
  -.36000000E+00 -.81636920E+00
  -.32000000E+00 -.90797732E+00
  -.28000000E+00 -.10059074E+01
  -.24000000E+00 -.11109241E+01
  -.20000000E+00 -.12239215E+01
  -.16000000E+00 -.13459520E+01
  -.12000000E+00 -.14782622E+01
  -.80000000E-01 -.16223409E+01
  -.40000000E-01 -.17799802E+01
   .12351231E-14 -.19533573E+01
   .40000000E-01 -.21451436E+01
   .80000000E-01 -.23586537E+01
   .12000000E+00 -.25980509E+01
   .16000000E+00 -.28686384E+01
   .20000000E+00 -.31772771E+01
   .24000000E+00 -.35330034E+01
   .28000000E+00 -.39479662E+01
   .32000000E+00 -.44388928E+01
   .36000000E+00 -.50294701E+01
   .40000000E+00 -.57543853E+01
   .44000000E+00 -.66665495E+01
   .48000000E+00 -.78508768E+01
   .52000000E+00 -.94527907E+01
   .56000000E+00 -.11743807E+02
   .60000000E+00 -.15296019E+02
   .64000000E+00 -.21557212E+02
   .68000000E+00 -.35564963E+02
   .72000000E+00 -.95216487E+02
   .76000000E+00  .15351968E+03
   .80000000E+00  .43511388E+02
   .84000000E+00  .25673534E+02
   .88000000E+00  .18361662E+02
   .92000000E+00  .14377280E+02
   .96000000E+00  .11867198E+02
   .10000000E+01  .10138874E+02
   .10400000E+01  .88747763E+01
   .10800000E+01  .79088184E+01
   .11200000E+01  .71456886E+01
   .11600000E+01  .65267795E+01
   .12000000E+01  .60140712E+01
   .12400000E+01  .55818207E+01
   .12800000E+01  .52119770E+01
   .13200000E+01  .48915073E+01
   .13600000E+01  .46107666E+01
   .14000000E+01  .43624639E+01
   .14400000E+01  .41409852E+01
   .14800000E+01  .39419376E+01
   .15200000E+01  .37618341E+01
   .15600000E+01  .35978716E+01
   .16000000E+01  .34477712E+01
   .16400000E+01  .33096606E+01
   .16800000E+01  .31819875E+01
   .17200000E+01  .30634542E+01
   .17600000E+01  .29529669E+01
   .18000000E+01  .28495974E+01
   .18400000E+01  .27525529E+01
   .18800000E+01  .26611519E+01
   .19200000E+01  .25748056E+01
   .19600000E+01  .24930022E+01
   .20000000E+01  .24152951E+01
Core Pot   L  =        2.00000   -.60000
  -.20000000E+01  .14297225E+01
  -.19600000E+01  .14161731E+01
  -.19200000E+01  .14025290E+01
  -.18800000E+01  .13887878E+01
  -.18400000E+01  .13749476E+01
  -.18000000E+01  .13610060E+01
  -.17600000E+01  .13469609E+01
  -.17200000E+01  .13328099E+01
  -.16800000E+01  .13185508E+01
  -.16400000E+01  .13041811E+01
  -.16000000E+01  .12896984E+01
  -.15600000E+01  .12751001E+01
  -.15200000E+01  .12603837E+01
  -.14800000E+01  .12455465E+01
  -.14400000E+01  .12305858E+01
  -.14000000E+01  .12154989E+01
  -.13600000E+01  .12002827E+01
  -.13200000E+01  .11849345E+01
  -.12800000E+01  .11694511E+01
  -.12400000E+01  .11538294E+01
  -.12000000E+01  .11380663E+01
  -.11600000E+01  .11221583E+01
  -.11200000E+01  .11061021E+01
  -.10800000E+01  .10898942E+01
  -.10400000E+01  .10735309E+01
  -.10000000E+01  .10570084E+01
  -.96000000E+00  .10403230E+01
  -.92000000E+00  .10234706E+01
  -.88000000E+00  .10064470E+01
  -.84000000E+00  .98924807E+00
  -.80000000E+00  .97186931E+00
  -.76000000E+00  .95430617E+00
  -.72000000E+00  .93655394E+00
  -.68000000E+00  .91860772E+00
  -.64000000E+00  .90046244E+00
  -.60000000E+00  .88211286E+00
  -.56000000E+00  .86355354E+00
  -.52000000E+00  .84477884E+00
  -.48000000E+00  .82578290E+00
  -.44000000E+00  .80655965E+00
  -.40000000E+00  .78710279E+00
  -.36000000E+00  .76740577E+00
  -.32000000E+00  .74746177E+00
  -.28000000E+00  .72726374E+00
  -.24000000E+00  .70680430E+00
  -.20000000E+00  .68607580E+00
  -.16000000E+00  .66507027E+00
  -.12000000E+00  .64377941E+00
  -.80000000E-01  .62219457E+00
  -.40000000E-01  .60030673E+00
   .12351231E-14  .57810649E+00
   .40000000E-01  .55558403E+00
   .80000000E-01  .53272911E+00
   .12000000E+00  .50953102E+00
   .16000000E+00  .48597858E+00
   .20000000E+00  .46206013E+00
   .24000000E+00  .43776336E+00
   .28000000E+00  .41307548E+00
   .32000000E+00  .38798312E+00
   .36000000E+00  .36247218E+00
   .40000000E+00  .33652793E+00
   .44000000E+00  .31013490E+00
   .48000000E+00  .28327683E+00
   .52000000E+00  .25593666E+00
   .56000000E+00  .22809645E+00
   .60000000E+00  .19973733E+00
   .64000000E+00  .17083943E+00
   .68000000E+00  .14138182E+00
   .72000000E+00  .11134244E+00
   .76000000E+00  .80698005E-01
   .80000000E+00  .49423948E-01
   .84000000E+00  .17494304E-01
   .88000000E+00 -.15118381E-01
   .92000000E+00 -.48443163E-01
   .96000000E+00 -.82510813E-01
   .10000000E+01 -.11735396E+00
   .10400000E+01 -.15300720E+00
   .10800000E+01 -.18950731E+00
   .11200000E+01 -.22689335E+00
   .11600000E+01 -.26520690E+00
   .12000000E+01 -.30449225E+00
   .12400000E+01 -.34479660E+00
   .12800000E+01 -.38617035E+00
   .13200000E+01 -.42866734E+00
   .13600000E+01 -.47234517E+00
   .14000000E+01 -.51726552E+00
   .14400000E+01 -.56349454E+00
   .14800000E+01 -.61110323E+00
   .15200000E+01 -.66016796E+00
   .15600000E+01 -.71077089E+00
   .16000000E+01 -.76300062E+00
   .16400000E+01 -.81695281E+00
   .16800000E+01 -.87273085E+00
   .17200000E+01 -.93044673E+00
   .17600000E+01 -.99022193E+00
   .18000000E+01 -.10521884E+01
   .18400000E+01 -.11164898E+01
   .18800000E+01 -.11832829E+01
   .19200000E+01 -.12527386E+01
   .19600000E+01 -.13250446E+01
   .20000000E+01 -.14004062E+01
Potential  L  =        2.00000   -.60000
  -.20000000E+01  .14288289E+01
  -.19600000E+01  .14154623E+01
  -.19200000E+01  .14019924E+01
  -.18800000E+01  .13884172E+01
  -.18400000E+01  .13747346E+01
  -.18000000E+01  .13609424E+01
  -.17600000E+01  .13470385E+01
  -.17200000E+01  .13330204E+01
  -.16800000E+01  .13188860E+01
  -.16400000E+01  .13046326E+01
  -.16000000E+01  .12902579E+01
  -.15600000E+01  .12757592E+01
  -.15200000E+01  .12611340E+01
  -.14800000E+01  .12463793E+01
  -.14400000E+01  .12314924E+01
  -.14000000E+01  .12164704E+01
  -.13600000E+01  .12013102E+01
  -.13200000E+01  .11860087E+01
  -.12800000E+01  .11705627E+01
  -.12400000E+01  .11549688E+01
  -.12000000E+01  .11392236E+01
  -.11600000E+01  .11233236E+01
  -.11200000E+01  .11072649E+01
  -.10800000E+01  .10910440E+01
  -.10400000E+01  .10746566E+01
  -.10000000E+01  .10580989E+01
  -.96000000E+00  .10413665E+01
  -.92000000E+00  .10244550E+01
  -.88000000E+00  .10073599E+01
  -.84000000E+00  .99007651E+00
  -.80000000E+00  .97259988E+00
  -.76000000E+00  .95492495E+00
  -.72000000E+00  .93704645E+00
  -.68000000E+00  .91895890E+00
  -.64000000E+00  .90065660E+00
  -.60000000E+00  .88213366E+00
  -.56000000E+00  .86338392E+00
  -.52000000E+00  .84440101E+00
  -.48000000E+00  .82517826E+00
  -.44000000E+00  .80570873E+00
  -.40000000E+00  .78598523E+00
  -.36000000E+00  .76600025E+00
  -.32000000E+00  .74574596E+00
  -.28000000E+00  .72521418E+00
  -.24000000E+00  .70439641E+00
  -.20000000E+00  .68328375E+00
  -.16000000E+00  .66186691E+00
  -.12000000E+00  .64013619E+00
  -.80000000E-01  .61808144E+00
  -.40000000E-01  .59569206E+00
   .12351231E-14  .57295693E+00
   .40000000E-01  .54986444E+00
   .80000000E-01  .52640239E+00
   .12000000E+00  .50255803E+00
   .16000000E+00  .47831795E+00
   .20000000E+00  .45366810E+00
   .24000000E+00  .42859370E+00
   .28000000E+00  .40307925E+00
   .32000000E+00  .37710844E+00
   .36000000E+00  .35066409E+00
   .40000000E+00  .32372812E+00
   .44000000E+00  .29628148E+00
   .48000000E+00  .26830410E+00
   .52000000E+00  .23977477E+00
   .56000000E+00  .21067111E+00
   .60000000E+00  .18096946E+00
   .64000000E+00  .15064481E+00
   .68000000E+00  .11967067E+00
   .72000000E+00  .88018958E-01
   .76000000E+00  .55659928E-01
   .80000000E+00  .22561993E-01
   .84000000E+00 -.11308389E-01
   .88000000E+00 -.45986924E-01
   .92000000E+00 -.81511579E-01
   .96000000E+00 -.11792282E+00
   .10000000E+01 -.15526380E+00
   .10400000E+01 -.19358062E+00
   .10800000E+01 -.23292252E+00
   .11200000E+01 -.27334224E+00
   .11600000E+01 -.31489624E+00
   .12000000E+01 -.35764513E+00
   .12400000E+01 -.40165399E+00
   .12800000E+01 -.44699283E+00
   .13200000E+01 -.49373705E+00
   .13600000E+01 -.54196795E+00
   .14000000E+01 -.59177339E+00
   .14400000E+01 -.64324840E+00
   .14800000E+01 -.69649593E+00
   .15200000E+01 -.75162774E+00
   .15600000E+01 -.80876535E+00
   .16000000E+01 -.86804109E+00
   .16400000E+01 -.92959939E+00
   .16800000E+01 -.99359815E+00
   .17200000E+01 -.10602104E+01
   .17600000E+01 -.11296261E+01
   .18000000E+01 -.12020543E+01
   .18400000E+01 -.12777256E+01
   .18800000E+01 -.13568951E+01
   .19200000E+01 -.14398455E+01
   .19600000E+01 -.15268912E+01
   .20000000E+01 -.16183828E+01
Core Pot   L  =        3.00000   -.10000
  -.20000000E+01  .18676077E+01
  -.19600000E+01  .18574078E+01
  -.19200000E+01  .18471603E+01
  -.18800000E+01  .18368644E+01
  -.18400000E+01  .18265196E+01
  -.18000000E+01  .18161253E+01
  -.17600000E+01  .18056808E+01
  -.17200000E+01  .17951855E+01
  -.16800000E+01  .17846387E+01
  -.16400000E+01  .17740397E+01
  -.16000000E+01  .17633879E+01
  -.15600000E+01  .17526825E+01
  -.15200000E+01  .17419228E+01
  -.14800000E+01  .17311082E+01
  -.14400000E+01  .17202378E+01
  -.14000000E+01  .17093108E+01
  -.13600000E+01  .16983266E+01
  -.13200000E+01  .16872843E+01
  -.12800000E+01  .16761830E+01
  -.12400000E+01  .16650221E+01
  -.12000000E+01  .16538005E+01
  -.11600000E+01  .16425175E+01
  -.11200000E+01  .16311722E+01
  -.10800000E+01  .16197636E+01
  -.10400000E+01  .16082909E+01
  -.10000000E+01  .15967531E+01
  -.96000000E+00  .15851492E+01
  -.92000000E+00  .15734782E+01
  -.88000000E+00  .15617392E+01
  -.84000000E+00  .15499311E+01
  -.80000000E+00  .15380528E+01
  -.76000000E+00  .15261033E+01
  -.72000000E+00  .15140814E+01
  -.68000000E+00  .15019860E+01
  -.64000000E+00  .14898160E+01
  -.60000000E+00  .14775702E+01
  -.56000000E+00  .14652474E+01
  -.52000000E+00  .14528463E+01
  -.48000000E+00  .14403656E+01
  -.44000000E+00  .14278041E+01
  -.40000000E+00  .14151603E+01
  -.36000000E+00  .14024330E+01
  -.32000000E+00  .13896207E+01
  -.28000000E+00  .13767220E+01
  -.24000000E+00  .13637354E+01
  -.20000000E+00  .13506594E+01
  -.16000000E+00  .13374924E+01
  -.12000000E+00  .13242329E+01
  -.80000000E-01  .13108792E+01
  -.40000000E-01  .12974296E+01
   .12351231E-14  .12838824E+01
   .40000000E-01  .12702359E+01
   .80000000E-01  .12564881E+01
   .12000000E+00  .12426373E+01
   .16000000E+00  .12286816E+01
   .20000000E+00  .12146189E+01
   .24000000E+00  .12004472E+01
   .28000000E+00  .11861644E+01
   .32000000E+00  .11717685E+01
   .36000000E+00  .11572572E+01
   .40000000E+00  .11426282E+01
   .44000000E+00  .11278792E+01
   .48000000E+00  .11130078E+01
   .52000000E+00  .10980115E+01
   .56000000E+00  .10828879E+01
   .60000000E+00  .10676341E+01
   .64000000E+00  .10522477E+01
   .68000000E+00  .10367257E+01
   .72000000E+00  .10210653E+01
   .76000000E+00  .10052636E+01
   .80000000E+00  .98931742E+00
   .84000000E+00  .97322373E+00
   .88000000E+00  .95697924E+00
   .92000000E+00  .94058059E+00
   .96000000E+00  .92402434E+00
   .10000000E+01  .90730689E+00
   .10400000E+01  .89042457E+00
   .10800000E+01  .87337354E+00
   .11200000E+01  .85614988E+00
   .11600000E+01  .83874950E+00
   .12000000E+01  .82116818E+00
   .12400000E+01  .80340155E+00
   .12800000E+01  .78544511E+00
   .13200000E+01  .76729416E+00
   .13600000E+01  .74894388E+00
   .14000000E+01  .73038923E+00
   .14400000E+01  .71162503E+00
   .14800000E+01  .69264588E+00
   .15200000E+01  .67344618E+00
   .15600000E+01  .65402014E+00
   .16000000E+01  .63436173E+00
   .16400000E+01  .61446470E+00
   .16800000E+01  .59432257E+00
   .17200000E+01  .57392858E+00
   .17600000E+01  .55327572E+00
   .18000000E+01  .53235670E+00
   .18400000E+01  .51116393E+00
   .18800000E+01  .48968951E+00
   .19200000E+01  .46792525E+00
   .19600000E+01  .44586254E+00
   .20000000E+01  .42349244E+00
Potential  L  =        3.00000   -.10000
  -.20000000E+01  .18687050E+01
  -.19600000E+01  .18584757E+01
  -.19200000E+01  .18481986E+01
  -.18800000E+01  .18378731E+01
  -.18400000E+01  .18274987E+01
  -.18000000E+01  .18170746E+01
  -.17600000E+01  .18066004E+01
  -.17200000E+01  .17960754E+01
  -.16800000E+01  .17854989E+01
  -.16400000E+01  .17748703E+01
  -.16000000E+01  .17641888E+01
  -.15600000E+01  .17534539E+01
  -.15200000E+01  .17426648E+01
  -.14800000E+01  .17318207E+01
  -.14400000E+01  .17209211E+01
  -.14000000E+01  .17099651E+01
  -.13600000E+01  .16989519E+01
  -.13200000E+01  .16878809E+01
  -.12800000E+01  .16767512E+01
  -.12400000E+01  .16655620E+01
  -.12000000E+01  .16543125E+01
  -.11600000E+01  .16430019E+01
  -.11200000E+01  .16316293E+01
  -.10800000E+01  .16201938E+01
  -.10400000E+01  .16086946E+01
  -.10000000E+01  .15971307E+01
  -.96000000E+00  .15855013E+01
  -.92000000E+00  .15738053E+01
  -.88000000E+00  .15620418E+01
  -.84000000E+00  .15502099E+01
  -.80000000E+00  .15383084E+01
  -.76000000E+00  .15263365E+01
  -.72000000E+00  .15142930E+01
  -.68000000E+00  .15021768E+01
  -.64000000E+00  .14899869E+01
  -.60000000E+00  .14777221E+01
  -.56000000E+00  .14653812E+01
  -.52000000E+00  .14529632E+01
  -.48000000E+00  .14404668E+01
  -.44000000E+00  .14278907E+01
  -.40000000E+00  .14152337E+01
  -.36000000E+00  .14024945E+01
  -.32000000E+00  .13896718E+01
  -.28000000E+00  .13767642E+01
  -.24000000E+00  .13637704E+01
  -.20000000E+00  .13506890E+01
  -.16000000E+00  .13375184E+01
  -.12000000E+00  .13242572E+01
  -.80000000E-01  .13109039E+01
  -.40000000E-01  .12974569E+01
   .12351231E-14  .12839146E+01
   .40000000E-01  .12702754E+01
   .80000000E-01  .12565375E+01
   .12000000E+00  .12426994E+01
   .16000000E+00  .12287591E+01
   .20000000E+00  .12147150E+01
   .24000000E+00  .12005651E+01
   .28000000E+00  .11863075E+01
   .32000000E+00  .11719403E+01
   .36000000E+00  .11574614E+01
   .40000000E+00  .11428689E+01
   .44000000E+00  .11281605E+01
   .48000000E+00  .11133341E+01
   .52000000E+00  .10983875E+01
   .56000000E+00  .10833184E+01
   .60000000E+00  .10681244E+01
   .64000000E+00  .10528031E+01
   .68000000E+00  .10373519E+01
   .72000000E+00  .10217684E+01
   .76000000E+00  .10060499E+01
   .80000000E+00  .99019368E+00
   .84000000E+00  .97419694E+00
   .88000000E+00  .95805682E+00
   .92000000E+00  .94177035E+00
   .96000000E+00  .92533450E+00
   .10000000E+01  .90874613E+00
   .10400000E+01  .89200201E+00
   .10800000E+01  .87509880E+00
   .11200000E+01  .85803308E+00
   .11600000E+01  .84080131E+00
   .12000000E+01  .82339984E+00
   .12400000E+01  .80582492E+00
   .12800000E+01  .78807265E+00
   .13200000E+01  .77013904E+00
   .13600000E+01  .75201995E+00
   .14000000E+01  .73371111E+00
   .14400000E+01  .71520811E+00
   .14800000E+01  .69650641E+00
   .15200000E+01  .67760128E+00
   .15600000E+01  .65848788E+00
   .16000000E+01  .63916117E+00
   .16400000E+01  .61961594E+00
   .16800000E+01  .59984681E+00
   .17200000E+01  .57984822E+00
   .17600000E+01  .55961439E+00
   .18000000E+01  .53913932E+00
   .18400000E+01  .51841689E+00
   .18800000E+01  .49744066E+00
   .19200000E+01  .47620398E+00
   .19600000E+01  .45469995E+00
   .20000000E+01  .43292144E+00
Core Pot   L  =        4.00000    .00000
  -.20000000E+01  .23383397E+01
  -.19600000E+01  .23302830E+01
  -.19200000E+01  .23222031E+01
  -.18800000E+01  .23140996E+01
  -.18400000E+01  .23059726E+01
  -.18000000E+01  .22978218E+01
  -.17600000E+01  .22896469E+01
  -.17200000E+01  .22814479E+01
  -.16800000E+01  .22732245E+01
  -.16400000E+01  .22649766E+01
  -.16000000E+01  .22567039E+01
  -.15600000E+01  .22484062E+01
  -.15200000E+01  .22400833E+01
  -.14800000E+01  .22317351E+01
  -.14400000E+01  .22233613E+01
  -.14000000E+01  .22149617E+01
  -.13600000E+01  .22065361E+01
  -.13200000E+01  .21980843E+01
  -.12800000E+01  .21896061E+01
  -.12400000E+01  .21811013E+01
  -.12000000E+01  .21725696E+01
  -.11600000E+01  .21640107E+01
  -.11200000E+01  .21554246E+01
  -.10800000E+01  .21468109E+01
  -.10400000E+01  .21381695E+01
  -.10000000E+01  .21295000E+01
  -.96000000E+00  .21208022E+01
  -.92000000E+00  .21120759E+01
  -.88000000E+00  .21033209E+01
  -.84000000E+00  .20945369E+01
  -.80000000E+00  .20857236E+01
  -.76000000E+00  .20768809E+01
  -.72000000E+00  .20680083E+01
  -.68000000E+00  .20591057E+01
  -.64000000E+00  .20501729E+01
  -.60000000E+00  .20412094E+01
  -.56000000E+00  .20322151E+01
  -.52000000E+00  .20231897E+01
  -.48000000E+00  .20141329E+01
  -.44000000E+00  .20050443E+01
  -.40000000E+00  .19959238E+01
  -.36000000E+00  .19867711E+01
  -.32000000E+00  .19775857E+01
  -.28000000E+00  .19683675E+01
  -.24000000E+00  .19591162E+01
  -.20000000E+00  .19498313E+01
  -.16000000E+00  .19405126E+01
  -.12000000E+00  .19311598E+01
  -.80000000E-01  .19217726E+01
  -.40000000E-01  .19123506E+01
   .12351231E-14  .19028934E+01
   .40000000E-01  .18934009E+01
   .80000000E-01  .18838725E+01
   .12000000E+00  .18743080E+01
   .16000000E+00  .18647071E+01
   .20000000E+00  .18550692E+01
   .24000000E+00  .18453942E+01
   .28000000E+00  .18356816E+01
   .32000000E+00  .18259311E+01
   .36000000E+00  .18161422E+01
   .40000000E+00  .18063145E+01
   .44000000E+00  .17964478E+01
   .48000000E+00  .17865416E+01
   .52000000E+00  .17765955E+01
   .56000000E+00  .17666090E+01
   .60000000E+00  .17565818E+01
   .64000000E+00  .17465134E+01
   .68000000E+00  .17364035E+01
   .72000000E+00  .17262515E+01
   .76000000E+00  .17160571E+01
   .80000000E+00  .17058197E+01
   .84000000E+00  .16955390E+01
   .88000000E+00  .16852144E+01
   .92000000E+00  .16748455E+01
   .96000000E+00  .16644319E+01
   .10000000E+01  .16539729E+01
   .10400000E+01  .16434682E+01
   .10800000E+01  .16329172E+01
   .11200000E+01  .16223195E+01
   .11600000E+01  .16116744E+01
   .12000000E+01  .16009815E+01
   .12400000E+01  .15902402E+01
   .12800000E+01  .15794500E+01
   .13200000E+01  .15686103E+01
   .13600000E+01  .15577206E+01
   .14000000E+01  .15467803E+01
   .14400000E+01  .15357888E+01
   .14800000E+01  .15247455E+01
   .15200000E+01  .15136498E+01
   .15600000E+01  .15025011E+01
   .16000000E+01  .14912988E+01
   .16400000E+01  .14800422E+01
   .16800000E+01  .14687307E+01
   .17200000E+01  .14573636E+01
   .17600000E+01  .14459403E+01
   .18000000E+01  .14344600E+01
   .18400000E+01  .14229222E+01
   .18800000E+01  .14113259E+01
   .19200000E+01  .13996707E+01
   .19600000E+01  .13879556E+01
   .20000000E+01  .13761800E+01
Potential  L  =        4.00000    .00000
  -.20000000E+01  .23409527E+01
  -.19600000E+01  .23328758E+01
  -.19200000E+01  .23247750E+01
  -.18800000E+01  .23166505E+01
  -.18400000E+01  .23085019E+01
  -.18000000E+01  .23003293E+01
  -.17600000E+01  .22921324E+01
  -.17200000E+01  .22839108E+01
  -.16800000E+01  .22756644E+01
  -.16400000E+01  .22673932E+01
  -.16000000E+01  .22590968E+01
  -.15600000E+01  .22507749E+01
  -.15200000E+01  .22424276E+01
  -.14800000E+01  .22340543E+01
  -.14400000E+01  .22256552E+01
  -.14000000E+01  .22172299E+01
  -.13600000E+01  .22087780E+01
  -.13200000E+01  .22002997E+01
  -.12800000E+01  .21917944E+01
  -.12400000E+01  .21832620E+01
  -.12000000E+01  .21747020E+01
  -.11600000E+01  .21661150E+01
  -.11200000E+01  .21574996E+01
  -.10800000E+01  .21488565E+01
  -.10400000E+01  .21401854E+01
  -.10000000E+01  .21314854E+01
  -.96000000E+00  .21227565E+01
  -.92000000E+00  .21139990E+01
  -.88000000E+00  .21052119E+01
  -.84000000E+00  .20963954E+01
  -.80000000E+00  .20875492E+01
  -.76000000E+00  .20786727E+01
  -.72000000E+00  .20697660E+01
  -.68000000E+00  .20608288E+01
  -.64000000E+00  .20518606E+01
  -.60000000E+00  .20428612E+01
  -.56000000E+00  .20338306E+01
  -.52000000E+00  .20247680E+01
  -.48000000E+00  .20156736E+01
  -.44000000E+00  .20065467E+01
  -.40000000E+00  .19973873E+01
  -.36000000E+00  .19881949E+01
  -.32000000E+00  .19789693E+01
  -.28000000E+00  .19697101E+01
  -.24000000E+00  .19604172E+01
  -.20000000E+00  .19510900E+01
  -.16000000E+00  .19417286E+01
  -.12000000E+00  .19323319E+01
  -.80000000E-01  .19229002E+01
  -.40000000E-01  .19134331E+01
   .12351231E-14  .19039300E+01
   .40000000E-01  .18943908E+01
   .80000000E-01  .18848151E+01
   .12000000E+00  .18752024E+01
   .16000000E+00  .18655524E+01
   .20000000E+00  .18558647E+01
   .24000000E+00  .18461390E+01
   .28000000E+00  .18363749E+01
   .32000000E+00  .18265720E+01
   .36000000E+00  .18167298E+01
   .40000000E+00  .18068481E+01
   .44000000E+00  .17969263E+01
   .48000000E+00  .17869642E+01
   .52000000E+00  .17769612E+01
   .56000000E+00  .17669169E+01
   .60000000E+00  .17568309E+01
   .64000000E+00  .17467027E+01
   .68000000E+00  .17365320E+01
   .72000000E+00  .17263182E+01
   .76000000E+00  .17160610E+01
   .80000000E+00  .17057597E+01
   .84000000E+00  .16954140E+01
   .88000000E+00  .16850233E+01
   .92000000E+00  .16745873E+01
   .96000000E+00  .16641053E+01
   .10000000E+01  .16535769E+01
   .10400000E+01  .16430016E+01
   .10800000E+01  .16323787E+01
   .11200000E+01  .16217079E+01
   .11600000E+01  .16109886E+01
   .12000000E+01  .16002201E+01
   .12400000E+01  .15894020E+01
   .12800000E+01  .15785337E+01
   .13200000E+01  .15676145E+01
   .13600000E+01  .15566440E+01
   .14000000E+01  .15456215E+01
   .14400000E+01  .15345463E+01
   .14800000E+01  .15234180E+01
   .15200000E+01  .15122358E+01
   .15600000E+01  .15009991E+01
   .16000000E+01  .14897073E+01
   .16400000E+01  .14783596E+01
   .16800000E+01  .14669554E+01
   .17200000E+01  .14554941E+01
   .17600000E+01  .14439749E+01
   .18000000E+01  .14323971E+01
   .18400000E+01  .14207600E+01
   .18800000E+01  .14090628E+01
   .19200000E+01  .13973048E+01
   .19600000E+01  .13854853E+01
   .20000000E+01  .13736033E+01
KBPotential  L  =       .00000  -2.95345
  -.20000000E+01  .77988709E-01
  -.19600000E+01  .27881653E-01
  -.19200000E+01 -.24363229E-01
  -.18800000E+01 -.78914583E-01
  -.18400000E+01 -.13595953E+00
  -.18000000E+01 -.19570625E+00
  -.17600000E+01 -.25838702E+00
  -.17200000E+01 -.32426182E+00
  -.16800000E+01 -.39362264E+00
  -.16400000E+01 -.46679852E+00
  -.16000000E+01 -.54416162E+00
  -.15600000E+01 -.62613459E+00
  -.15200000E+01 -.71319936E+00
  -.14800000E+01 -.80590797E+00
  -.14400000E+01 -.90489580E+00
  -.14000000E+01 -.10108979E+01
  -.13600000E+01 -.11247694E+01
  -.13200000E+01 -.12475110E+01
  -.12800000E+01 -.13803014E+01
  -.12400000E+01 -.15245387E+01
  -.12000000E+01 -.16818941E+01
  -.11600000E+01 -.18543816E+01
  -.11200000E+01 -.20444513E+01
  -.10800000E+01 -.22551137E+01
  -.10400000E+01 -.24901099E+01
  -.10000000E+01 -.27541474E+01
  -.96000000E+00 -.30532341E+01
  -.92000000E+00 -.33951602E+01
  -.88000000E+00 -.37902125E+01
  -.84000000E+00 -.42522615E+01
  -.80000000E+00 -.48004712E+01
  -.76000000E+00 -.54620904E+01
  -.72000000E+00 -.62772193E+01
  -.68000000E+00 -.73073987E+01
  -.64000000E+00 -.86521509E+01
  -.60000000E+00 -.10483628E+02
  -.56000000E+00 -.13127649E+02
  -.52000000E+00 -.17284427E+02
  -.48000000E+00 -.24783050E+02
  -.44000000E+00 -.42392486E+02
  -.40000000E+00 -.13316299E+03
  -.36000000E+00  .12586751E+03
  -.32000000E+00  .43810843E+02
  -.28000000E+00  .26897355E+02
  -.24000000E+00  .19590191E+02
  -.20000000E+00  .15511910E+02
  -.16000000E+00  .12907311E+02
  -.12000000E+00  .11098180E+02
  -.80000000E-01  .97671080E+01
  -.40000000E-01  .87457223E+01
   .12351231E-14  .79364031E+01
   .40000000E-01  .72786516E+01
   .80000000E-01  .67329771E+01
   .12000000E+00  .62725068E+01
   .16000000E+00  .58783197E+01
   .20000000E+00  .55367059E+01
   .24000000E+00  .52374899E+01
   .28000000E+00  .49729596E+01
   .32000000E+00  .47371638E+01
   .36000000E+00  .45254363E+01
   .40000000E+00  .43340672E+01
   .44000000E+00  .41600696E+01
   .48000000E+00  .40010114E+01
   .52000000E+00  .38548926E+01
   .56000000E+00  .37200531E+01
   .60000000E+00  .35951036E+01
   .64000000E+00  .34788724E+01
   .68000000E+00  .33703636E+01
   .72000000E+00  .32687269E+01
   .76000000E+00  .31732307E+01
   .80000000E+00  .30832425E+01
   .84000000E+00  .29982124E+01
   .88000000E+00  .29176602E+01
   .92000000E+00  .28411646E+01
   .96000000E+00  .27683545E+01
   .10000000E+01  .26989015E+01
   .10400000E+01  .26325142E+01
   .10800000E+01  .25689328E+01
   .11200000E+01  .25079252E+01
   .11600000E+01  .24492832E+01
   .12000000E+01  .23928194E+01
   .12400000E+01  .23383648E+01
   .12800000E+01  .22857668E+01
   .13200000E+01  .22348866E+01
   .13600000E+01  .21855982E+01
   .14000000E+01  .21377869E+01
   .14400000E+01  .20913476E+01
   .14800000E+01  .20461842E+01
   .15200000E+01  .20022088E+01
   .15600000E+01  .19593402E+01
   .16000000E+01  .19175039E+01
   .16400000E+01  .18766308E+01
   .16800000E+01  .18366574E+01
   .17200000E+01  .17975246E+01
   .17600000E+01  .17591776E+01
   .18000000E+01  .17215655E+01
   .18400000E+01  .16846408E+01
   .18800000E+01  .16483593E+01
   .19200000E+01  .16126797E+01
   .19600000E+01  .15775632E+01
   .20000000E+01  .15429735E+01
KBPotential  L  =      1.00000  -1.15603
  -.20000000E+01  .82419345E+00
  -.19600000E+01  .80157317E+00
  -.19200000E+01  .77855934E+00
  -.18800000E+01  .75513692E+00
  -.18400000E+01  .73129012E+00
  -.18000000E+01  .70700229E+00
  -.17600000E+01  .68225584E+00
  -.17200000E+01  .65703226E+00
  -.16800000E+01  .63131190E+00
  -.16400000E+01  .60507403E+00
  -.16000000E+01  .57829668E+00
  -.15600000E+01  .55095658E+00
  -.15200000E+01  .52302903E+00
  -.14800000E+01  .49448784E+00
  -.14400000E+01  .46530516E+00
  -.14000000E+01  .43545139E+00
  -.13600000E+01  .40489500E+00
  -.13200000E+01  .37360240E+00
  -.12800000E+01  .34153776E+00
  -.12400000E+01  .30866282E+00
  -.12000000E+01  .27493665E+00
  -.11600000E+01  .24031547E+00
  -.11200000E+01  .20475235E+00
  -.10800000E+01  .16819692E+00
  -.10400000E+01  .13059509E+00
  -.10000000E+01  .91888648E-01
  -.96000000E+00  .52014900E-01
  -.92000000E+00  .10906196E-01
  -.88000000E+00 -.31510549E-01
  -.84000000E+00 -.75314427E-01
  -.80000000E+00 -.12059116E+00
  -.76000000E+00 -.16743381E+00
  -.72000000E+00 -.21594361E+00
  -.68000000E+00 -.26623083E+00
  -.64000000E+00 -.31841586E+00
  -.60000000E+00 -.37263038E+00
  -.56000000E+00 -.42901873E+00
  -.52000000E+00 -.48773945E+00
  -.48000000E+00 -.54896709E+00
  -.44000000E+00 -.61289427E+00
  -.40000000E+00 -.67973412E+00
  -.36000000E+00 -.74972304E+00
  -.32000000E+00 -.82312402E+00
  -.28000000E+00 -.90023038E+00
  -.24000000E+00 -.98137061E+00
  -.20000000E+00 -.10669132E+01
  -.16000000E+00 -.11572734E+01
  -.12000000E+00 -.12529210E+01
  -.80000000E-01 -.13543892E+01
  -.40000000E-01 -.14622857E+01
   .12351231E-14 -.15773066E+01
   .40000000E-01 -.17002527E+01
   .80000000E-01 -.18320501E+01
   .12000000E+00 -.19737757E+01
   .16000000E+00 -.21266893E+01
   .20000000E+00 -.22922741E+01
   .24000000E+00 -.24722882E+01
   .28000000E+00 -.26688322E+01
   .32000000E+00 -.28844361E+01
   .36000000E+00 -.31221751E+01
   .40000000E+00 -.33858256E+01
   .44000000E+00 -.36800759E+01
   .48000000E+00 -.40108202E+01
   .52000000E+00 -.43855725E+01
   .56000000E+00 -.48140643E+01
   .60000000E+00 -.53091277E+01
   .64000000E+00 -.58880376E+01
   .68000000E+00 -.65746164E+01
   .72000000E+00 -.74026592E+01
   .76000000E+00 -.84217664E+01
   .80000000E+00 -.97078056E+01
   .84000000E+00 -.11382949E+02
   .88000000E+00 -.13657364E+02
   .92000000E+00 -.16925844E+02
   .96000000E+00 -.22027578E+02
   .10000000E+01 -.31116346E+02
   .10400000E+01 -.51891625E+02
   .10800000E+01 -.14769752E+03
   .11200000E+01  .18556250E+03
   .11600000E+01  .58033145E+02
   .12000000E+01  .34747668E+02
   .12400000E+01  .24967774E+02
   .12800000E+01  .19581426E+02
   .13200000E+01  .16168579E+02
   .13600000E+01  .13810809E+02
   .14000000E+01  .12083030E+02
   .14400000E+01  .10761464E+02
   .14800000E+01  .97170873E+01
   .15200000E+01  .88702813E+01
   .15600000E+01  .81692488E+01
   .16000000E+01  .75788389E+01
   .16400000E+01  .70743570E+01
   .16800000E+01  .66379458E+01
   .17200000E+01  .62563722E+01
   .17600000E+01  .59196211E+01
   .18000000E+01  .56199739E+01
   .18400000E+01  .53513850E+01
   .18800000E+01  .51090526E+01
   .19200000E+01  .48891138E+01
   .19600000E+01  .46884262E+01
   .20000000E+01  .45044072E+01
KBPotential  L  =      2.00000  -1.20000
  -.20000000E+01  .14248357E+01
  -.19600000E+01  .14115351E+01
  -.19200000E+01  .13981332E+01
  -.18800000E+01  .13846280E+01
  -.18400000E+01  .13710176E+01
  -.18000000E+01  .13572998E+01
  -.17600000E+01  .13434725E+01
  -.17200000E+01  .13295334E+01
  -.16800000E+01  .13154802E+01
  -.16400000E+01  .13013107E+01
  -.16000000E+01  .12870222E+01
  -.15600000E+01  .12726124E+01
  -.15200000E+01  .12580786E+01
  -.14800000E+01  .12434182E+01
  -.14400000E+01  .12286284E+01
  -.14000000E+01  .12137063E+01
  -.13600000E+01  .11986491E+01
  -.13200000E+01  .11834536E+01
  -.12800000E+01  .11681168E+01
  -.12400000E+01  .11526354E+01
  -.12000000E+01  .11370060E+01
  -.11600000E+01  .11212252E+01
  -.11200000E+01  .11052894E+01
  -.10800000E+01  .10891949E+01
  -.10400000E+01  .10729378E+01
  -.10000000E+01  .10565142E+01
  -.96000000E+00  .10399200E+01
  -.92000000E+00  .10231508E+01
  -.88000000E+00  .10062023E+01
  -.84000000E+00  .98906992E+00
  -.80000000E+00  .97174883E+00
  -.76000000E+00  .95423412E+00
  -.72000000E+00  .93652068E+00
  -.68000000E+00  .91860318E+00
  -.64000000E+00  .90047609E+00
  -.60000000E+00  .88213369E+00
  -.56000000E+00  .86356998E+00
  -.52000000E+00  .84477877E+00
  -.48000000E+00  .82575358E+00
  -.44000000E+00  .80648770E+00
  -.40000000E+00  .78697412E+00
  -.36000000E+00  .76720554E+00
  -.32000000E+00  .74717435E+00
  -.28000000E+00  .72687261E+00
  -.24000000E+00  .70629203E+00
  -.20000000E+00  .68542405E+00
  -.16000000E+00  .66425938E+00
  -.12000000E+00  .64278906E+00
  -.80000000E-01  .62100284E+00
  -.40000000E-01  .59889052E+00
   .12351231E-14  .57644130E+00
   .40000000E-01  .55364389E+00
   .80000000E-01  .53048643E+00
   .12000000E+00  .50695652E+00
   .16000000E+00  .48304112E+00
   .20000000E+00  .45872657E+00
   .24000000E+00  .43399850E+00
   .28000000E+00  .40884182E+00
   .32000000E+00  .38324066E+00
   .36000000E+00  .35717831E+00
   .40000000E+00  .33063718E+00
   .44000000E+00  .30359874E+00
   .48000000E+00  .27604344E+00
   .52000000E+00  .24795063E+00
   .56000000E+00  .21929854E+00
   .60000000E+00  .19006411E+00
   .64000000E+00  .16022299E+00
   .68000000E+00  .12974936E+00
   .72000000E+00  .98615896E-01
   .76000000E+00  .66793587E-01
   .80000000E+00  .34251650E-01
   .84000000E+00  .95737523E-03
   .88000000E+00 -.33124030E-01
   .92000000E+00 -.68029605E-01
   .96000000E+00 -.10379883E+00
   .10000000E+01 -.14047380E+00
   .10400000E+01 -.17809952E+00
   .10800000E+01 -.21672407E+00
   .11200000E+01 -.25639893E+00
   .11600000E+01 -.29717928E+00
   .12000000E+01 -.33912433E+00
   .12400000E+01 -.38229769E+00
   .12800000E+01 -.42676782E+00
   .13200000E+01 -.47260847E+00
   .13600000E+01 -.51989920E+00
   .14000000E+01 -.56872600E+00
   .14400000E+01 -.61918193E+00
   .14800000E+01 -.67136785E+00
   .15200000E+01 -.72539331E+00
   .15600000E+01 -.78137745E+00
   .16000000E+01 -.83945010E+00
   .16400000E+01 -.89975301E+00
   .16800000E+01 -.96244127E+00
   .17200000E+01 -.10276849E+01
   .17600000E+01 -.10956706E+01
   .18000000E+01 -.11666041E+01
   .18400000E+01 -.12407125E+01
   .18800000E+01 -.13182469E+01
   .19200000E+01 -.13994862E+01
   .19600000E+01 -.14847404E+01
   .20000000E+01 -.15743557E+01
KBPotential  L  =      3.00000    .00000
  -.20000000E+01  .18687050E+01
  -.19600000E+01  .18584757E+01
  -.19200000E+01  .18481986E+01
  -.18800000E+01  .18378731E+01
  -.18400000E+01  .18274987E+01
  -.18000000E+01  .18170746E+01
  -.17600000E+01  .18066004E+01
  -.17200000E+01  .17960754E+01
  -.16800000E+01  .17854989E+01
  -.16400000E+01  .17748703E+01
  -.16000000E+01  .17641888E+01
  -.15600000E+01  .17534539E+01
  -.15200000E+01  .17426648E+01
  -.14800000E+01  .17318207E+01
  -.14400000E+01  .17209211E+01
  -.14000000E+01  .17099651E+01
  -.13600000E+01  .16989519E+01
  -.13200000E+01  .16878809E+01
  -.12800000E+01  .16767512E+01
  -.12400000E+01  .16655620E+01
  -.12000000E+01  .16543125E+01
  -.11600000E+01  .16430019E+01
  -.11200000E+01  .16316293E+01
  -.10800000E+01  .16201938E+01
  -.10400000E+01  .16086946E+01
  -.10000000E+01  .15971307E+01
  -.96000000E+00  .15855013E+01
  -.92000000E+00  .15738053E+01
  -.88000000E+00  .15620418E+01
  -.84000000E+00  .15502099E+01
  -.80000000E+00  .15383084E+01
  -.76000000E+00  .15263365E+01
  -.72000000E+00  .15142930E+01
  -.68000000E+00  .15021768E+01
  -.64000000E+00  .14899869E+01
  -.60000000E+00  .14777221E+01
  -.56000000E+00  .14653812E+01
  -.52000000E+00  .14529632E+01
  -.48000000E+00  .14404668E+01
  -.44000000E+00  .14278907E+01
  -.40000000E+00  .14152337E+01
  -.36000000E+00  .14024945E+01
  -.32000000E+00  .13896718E+01
  -.28000000E+00  .13767642E+01
  -.24000000E+00  .13637704E+01
  -.20000000E+00  .13506890E+01
  -.16000000E+00  .13375184E+01
  -.12000000E+00  .13242572E+01
  -.80000000E-01  .13109039E+01
  -.40000000E-01  .12974569E+01
   .12351231E-14  .12839146E+01
   .40000000E-01  .12702754E+01
   .80000000E-01  .12565375E+01
   .12000000E+00  .12426994E+01
   .16000000E+00  .12287591E+01
   .20000000E+00  .12147150E+01
   .24000000E+00  .12005651E+01
   .28000000E+00  .11863075E+01
   .32000000E+00  .11719403E+01
   .36000000E+00  .11574614E+01
   .40000000E+00  .11428689E+01
   .44000000E+00  .11281605E+01
   .48000000E+00  .11133341E+01
   .52000000E+00  .10983875E+01
   .56000000E+00  .10833184E+01
   .60000000E+00  .10681244E+01
   .64000000E+00  .10528031E+01
   .68000000E+00  .10373519E+01
   .72000000E+00  .10217684E+01
   .76000000E+00  .10060499E+01
   .80000000E+00  .99019368E+00
   .84000000E+00  .97419694E+00
   .88000000E+00  .95805682E+00
   .92000000E+00  .94177035E+00
   .96000000E+00  .92533450E+00
   .10000000E+01  .90874613E+00
   .10400000E+01  .89200201E+00
   .10800000E+01  .87509880E+00
   .11200000E+01  .85803308E+00
   .11600000E+01  .84080131E+00
   .12000000E+01  .82339984E+00
   .12400000E+01  .80582492E+00
   .12800000E+01  .78807265E+00
   .13200000E+01  .77013904E+00
   .13600000E+01  .75201995E+00
   .14000000E+01  .73371111E+00
   .14400000E+01  .71520811E+00
   .14800000E+01  .69650641E+00
   .15200000E+01  .67760128E+00
   .15600000E+01  .65848788E+00
   .16000000E+01  .63916117E+00
   .16400000E+01  .61961594E+00
   .16800000E+01  .59984681E+00
   .17200000E+01  .57984822E+00
   .17600000E+01  .55961439E+00
   .18000000E+01  .53913932E+00
   .18400000E+01  .51841689E+00
   .18800000E+01  .49744066E+00
   .19200000E+01  .47620398E+00
   .19600000E+01  .45469995E+00
   .20000000E+01  .43292144E+00
KBPotential  L  =      4.00000    .00000
  -.20000000E+01  .23409527E+01
  -.19600000E+01  .23328758E+01
  -.19200000E+01  .23247750E+01
  -.18800000E+01  .23166505E+01
  -.18400000E+01  .23085019E+01
  -.18000000E+01  .23003293E+01
  -.17600000E+01  .22921324E+01
  -.17200000E+01  .22839108E+01
  -.16800000E+01  .22756644E+01
  -.16400000E+01  .22673932E+01
  -.16000000E+01  .22590968E+01
  -.15600000E+01  .22507749E+01
  -.15200000E+01  .22424276E+01
  -.14800000E+01  .22340543E+01
  -.14400000E+01  .22256552E+01
  -.14000000E+01  .22172299E+01
  -.13600000E+01  .22087780E+01
  -.13200000E+01  .22002997E+01
  -.12800000E+01  .21917944E+01
  -.12400000E+01  .21832620E+01
  -.12000000E+01  .21747020E+01
  -.11600000E+01  .21661150E+01
  -.11200000E+01  .21574996E+01
  -.10800000E+01  .21488565E+01
  -.10400000E+01  .21401854E+01
  -.10000000E+01  .21314854E+01
  -.96000000E+00  .21227565E+01
  -.92000000E+00  .21139990E+01
  -.88000000E+00  .21052119E+01
  -.84000000E+00  .20963954E+01
  -.80000000E+00  .20875492E+01
  -.76000000E+00  .20786727E+01
  -.72000000E+00  .20697660E+01
  -.68000000E+00  .20608288E+01
  -.64000000E+00  .20518606E+01
  -.60000000E+00  .20428612E+01
  -.56000000E+00  .20338306E+01
  -.52000000E+00  .20247680E+01
  -.48000000E+00  .20156736E+01
  -.44000000E+00  .20065467E+01
  -.40000000E+00  .19973873E+01
  -.36000000E+00  .19881949E+01
  -.32000000E+00  .19789693E+01
  -.28000000E+00  .19697101E+01
  -.24000000E+00  .19604172E+01
  -.20000000E+00  .19510900E+01
  -.16000000E+00  .19417286E+01
  -.12000000E+00  .19323319E+01
  -.80000000E-01  .19229002E+01
  -.40000000E-01  .19134331E+01
   .12351231E-14  .19039300E+01
   .40000000E-01  .18943908E+01
   .80000000E-01  .18848151E+01
   .12000000E+00  .18752024E+01
   .16000000E+00  .18655524E+01
   .20000000E+00  .18558647E+01
   .24000000E+00  .18461390E+01
   .28000000E+00  .18363749E+01
   .32000000E+00  .18265720E+01
   .36000000E+00  .18167298E+01
   .40000000E+00  .18068481E+01
   .44000000E+00  .17969263E+01
   .48000000E+00  .17869642E+01
   .52000000E+00  .17769612E+01
   .56000000E+00  .17669169E+01
   .60000000E+00  .17568309E+01
   .64000000E+00  .17467027E+01
   .68000000E+00  .17365320E+01
   .72000000E+00  .17263182E+01
   .76000000E+00  .17160610E+01
   .80000000E+00  .17057597E+01
   .84000000E+00  .16954140E+01
   .88000000E+00  .16850233E+01
   .92000000E+00  .16745873E+01
   .96000000E+00  .16641053E+01
   .10000000E+01  .16535769E+01
   .10400000E+01  .16430016E+01
   .10800000E+01  .16323787E+01
   .11200000E+01  .16217079E+01
   .11600000E+01  .16109886E+01
   .12000000E+01  .16002201E+01
   .12400000E+01  .15894020E+01
   .12800000E+01  .15785337E+01
   .13200000E+01  .15676145E+01
   .13600000E+01  .15566440E+01
   .14000000E+01  .15456215E+01
   .14400000E+01  .15345463E+01
   .14800000E+01  .15234180E+01
   .15200000E+01  .15122358E+01
   .15600000E+01  .15009991E+01
   .16000000E+01  .14897073E+01
   .16400000E+01  .14783596E+01
   .16800000E+01  .14669554E+01
   .17200000E+01  .14554941E+01
   .17600000E+01  .14439749E+01
   .18000000E+01  .14323971E+01
   .18400000E+01  .14207600E+01
   .18800000E+01  .14090628E+01
   .19200000E+01  .13973048E+01
   .19600000E+01  .13854853E+01
   .20000000E+01  .13736033E+01
