Br: s2p5                                
  .490261951E-02  .497878137E-02  .505612419E-02  .513466625E-02  .521442607E-02
  .529542249E-02  .537767462E-02  .546120188E-02  .554602396E-02  .563216089E-02
  .571963299E-02  .580846088E-02  .589866551E-02  .599026817E-02  .608329044E-02
  .617775426E-02  .627368190E-02  .637109597E-02  .647001942E-02  .657047558E-02
  .667248810E-02  .677608102E-02  .688127874E-02  .698810605E-02  .709658809E-02
  .720675041E-02  .731861896E-02  .743222006E-02  .754758045E-02  .766472729E-02
  .778368813E-02  .790449098E-02  .802716424E-02  .815173677E-02  .827823787E-02
  .840669729E-02  .853714523E-02  .866961236E-02  .880412981E-02  .894072919E-02
  .907944262E-02  .922030267E-02  .936334243E-02  .950859551E-02  .965609601E-02
  .980587858E-02  .995797836E-02  .101124311E-01  .102692730E-01  .104285408E-01
  .105902721E-01  .107545046E-01  .109212769E-01  .110906282E-01  .112625981E-01
  .114372269E-01  .116145556E-01  .117946258E-01  .119774795E-01  .121631598E-01
  .123517100E-01  .125431744E-01  .127375977E-01  .129350254E-01  .131355039E-01
  .133390800E-01  .135458013E-01  .137557162E-01  .139688738E-01  .141853240E-01
  .144051174E-01  .146283053E-01  .148549399E-01  .150850742E-01  .153187620E-01
  .155560578E-01  .157970170E-01  .160416960E-01  .162901519E-01  .165424426E-01
  .167986270E-01  .170587649E-01  .173229170E-01  .175911449E-01  .178635111E-01
  .181400792E-01  .184209136E-01  .187060797E-01  .189956440E-01  .192896739E-01
  .195882379E-01  .198914056E-01  .201992474E-01  .205118351E-01  .208292414E-01
  .211515400E-01  .214788061E-01  .218111156E-01  .221485458E-01  .224911751E-01
  .228390832E-01  .231923509E-01  .235510602E-01  .239152943E-01  .242851380E-01
  .246606769E-01  .250419982E-01  .254291904E-01  .258223433E-01  .262215480E-01
  .266268970E-01  .270384843E-01  .274564052E-01  .278807565E-01  .283116365E-01
  .287491449E-01  .291933830E-01  .296444535E-01  .301024608E-01  .305675108E-01
  .310397109E-01  .315191704E-01  .320060000E-01  .325003120E-01  .330022208E-01
  .335118421E-01  .340292935E-01  .345546944E-01  .350881660E-01  .356298314E-01
  .361798152E-01  .367382444E-01  .373052475E-01  .378809550E-01  .384654996E-01
  .390590158E-01  .396616401E-01  .402735111E-01  .408947695E-01  .415255581E-01
  .421660219E-01  .428163078E-01  .434765654E-01  .441469461E-01  .448276038E-01
  .455186946E-01  .462203769E-01  .469328117E-01  .476561621E-01  .483905940E-01
  .491362754E-01  .498933770E-01  .506620722E-01  .514425367E-01  .522349489E-01
  .530394901E-01  .538563441E-01  .546856973E-01  .555277393E-01  .563826621E-01
  .572506608E-01  .581319333E-01  .590266806E-01  .599351065E-01  .608574180E-01
  .617938251E-01  .627445408E-01  .637097815E-01  .646897667E-01  .656847191E-01
  .666948649E-01  .677204334E-01  .687616575E-01  .698187734E-01  .708920211E-01
  .719816437E-01  .730878883E-01  .742110054E-01  .753512494E-01  .765088783E-01
  .776841540E-01  .788773423E-01  .800887128E-01  .813185392E-01  .825670992E-01
  .838346746E-01  .851215514E-01  .864280196E-01  .877543738E-01  .891009127E-01
  .904679395E-01  .918557618E-01  .932646918E-01  .946950461E-01  .961471462E-01
  .976213182E-01  .991178929E-01  .100637206E+00  .102179599E+00  .103745416E+00
  .105335008E+00  .106948732E+00  .108586949E+00  .110250024E+00  .111938329E+00
  .113652242E+00  .115392145E+00  .117158426E+00  .118951480E+00  .120771704E+00
  .122619506E+00  .124495296E+00  .126399492E+00  .128332517E+00  .130294799E+00
  .132286776E+00  .134308889E+00  .136361587E+00  .138445323E+00  .140560561E+00
  .142707768E+00  .144887419E+00  .147099995E+00  .149345987E+00  .151625888E+00
  .153940204E+00  .156289442E+00  .158674123E+00  .161094769E+00  .163551914E+00
  .166046098E+00  .168577869E+00  .171147783E+00  .173756403E+00  .176404302E+00
  .179092059E+00  .181820264E+00  .184589512E+00  .187400409E+00  .190253568E+00
  .193149614E+00  .196089177E+00  .199072897E+00  .202101425E+00  .205175419E+00
  .208295547E+00  .211462488E+00  .214676929E+00  .217939566E+00  .221251107E+00
  .224612269E+00  .228023779E+00  .231486374E+00  .235000801E+00  .238567821E+00
  .242188200E+00  .245862719E+00  .249592169E+00  .253377352E+00  .257219081E+00
  .261118180E+00  .265075485E+00  .269091845E+00  .273168118E+00  .277305177E+00
  .281503905E+00  .285765198E+00  .290089965E+00  .294479126E+00  .298933617E+00
  .303454384E+00  .308042386E+00  .312698598E+00  .317424006E+00  .322219611E+00
  .327086426E+00  .332025481E+00  .337037817E+00  .342124492E+00  .347286576E+00
  .352525155E+00  .357841331E+00  .363236220E+00  .368710952E+00  .374266674E+00
  .379904548E+00  .385625753E+00  .391431483E+00  .397322947E+00  .403301374E+00
  .409368006E+00  .415524103E+00  .421770943E+00  .428109821E+00  .434542047E+00
  .441068953E+00  .447691885E+00  .454412210E+00  .461231310E+00  .468150590E+00
  .475171468E+00  .482295387E+00  .489523806E+00  .496858202E+00  .504300075E+00
  .511850943E+00  .519512345E+00  .527285838E+00  .535173004E+00  .543175441E+00
  .551294772E+00  .559532639E+00  .567890705E+00  .576370658E+00  .584974205E+00
  .593703076E+00  .602559024E+00  .611543826E+00  .620659279E+00  .629907206E+00
  .639289452E+00  .648807888E+00  .658464406E+00  .668260924E+00  .678199386E+00
  .688281759E+00  .698510035E+00  .708886232E+00  .719412395E+00  .730090593E+00
  .740922923E+00  .751911506E+00  .763058494E+00  .774366061E+00  .785836413E+00
  .797471782E+00  .809274426E+00  .821246633E+00  .833390721E+00  .845709035E+00
  .858203948E+00  .870877866E+00  .883733221E+00  .896772478E+00  .909998130E+00
  .923412701E+00  .937018748E+00  .950818856E+00  .964815644E+00  .979011763E+00
  .993409893E+00  .100801275E+01  .102282308E+01  .103784367E+01  .105307732E+01
  .106852688E+01  .108419525E+01  .110008532E+01  .111620005E+01  .113254243E+01
  .114911548E+01  .116592225E+01  .118296583E+01  .120024934E+01  .121777596E+01
  .123554889E+01  .125357135E+01  .127184663E+01  .129037804E+01  .130916892E+01
  .132822267E+01  .134754271E+01  .136713251E+01  .138699557E+01  .140713543E+01
  .142755569E+01  .144825995E+01  .146925190E+01  .149053523E+01  .151211368E+01
  .153399105E+01  .155617116E+01  .157865788E+01  .160145512E+01  .162456684E+01
  .164799703E+01  .167174973E+01  .169582903E+01  .172023904E+01  .174498394E+01
  .177006794E+01  .179549530E+01  .182127031E+01  .184739733E+01  .187388074E+01
  .190072498E+01  .192793452E+01  .195551390E+01  .198346769E+01  .201180050E+01
  .204051700E+01  .206962190E+01  .209911994E+01  .212901594E+01  .215931475E+01
  .219002125E+01  .222114040E+01  .225267719E+01  .228463664E+01  .231702385E+01
  .234984396E+01  .238310213E+01  .241680360E+01  .245095365E+01  .248555760E+01
  .252062082E+01  .255614873E+01  .259214681E+01  .262862056E+01  .266557556E+01
  .270301741E+01  .274095178E+01  .277938438E+01  .281832096E+01  .285776733E+01
  .289772935E+01  .293821292E+01  .297922398E+01  .302076854E+01  .306285264E+01
  .310548237E+01  .314866387E+01  .319240333E+01  .323670699E+01  .328158112E+01
  .332703205E+01  .337306616E+01  .341968986E+01  .346690963E+01  .351473196E+01
  .356316343E+01  .361221062E+01  .366188019E+01  .371217883E+01  .376311325E+01
  .381469025E+01  .386691664E+01  .391979928E+01  .397334506E+01  .402756094E+01
  .408245390E+01  .413803096E+01  .419429917E+01  .425126565E+01  .430893753E+01
  .436732198E+01  .442642621E+01  .448625748E+01  .454682306E+01  .460813027E+01
  .467018646E+01  .473299900E+01  .479657531E+01  .486092283E+01  .492604903E+01
  .499196140E+01  .505866747E+01  .512617479E+01  .519449093E+01  .526362349E+01
  .533358009E+01  .540436837E+01  .547599599E+01  .554847062E+01  .562179996E+01
  .569599172E+01  .577105361E+01  .584699336E+01  .592381873E+01  .600153745E+01
  .608015730E+01  .615968602E+01  .624013139E+01  .632150117E+01  .640380313E+01
  .648704503E+01  .657123462E+01  .665637966E+01  .674248789E+01  .682956703E+01
  .691762481E+01  .700666892E+01  .709670705E+01  .718774685E+01  .727979597E+01
  .737286201E+01  .746695256E+01  .756207518E+01  .765823737E+01  .775544661E+01
  .785371036E+01  .795303600E+01  .805343090E+01  .815490235E+01  .825745760E+01
  .836110386E+01  .846584826E+01  .857169787E+01  .867865971E+01  .878674072E+01
  .889594777E+01  .900628765E+01  .911776708E+01  .923039269E+01  .934417102E+01
  .945910851E+01  .957521154E+01  .969248635E+01  .981093909E+01  .993057582E+01
  .100514025E+02  .101734248E+02  .102966486E+02  .104210794E+02  .105467227E+02
  .106735836E+02  .108016675E+02  .109309793E+02  .110615239E+02  .111933060E+02
  .113263301E+02  .114606007E+02  .115961220E+02  .117328980E+02  .118709326E+02
  .120102294E+02  .121507920E+02  .122926237E+02  .124357274E+02  .125801061E+02
  .127257626E+02  .128726991E+02  .130209179E+02  .131704210E+02  .133212101E+02
  .134732868E+02  .136266522E+02  .137813074E+02  .139372531E+02  .140944897E+02
  .142530174E+02  .144128361E+02  .145739455E+02  .147363447E+02  .149000328E+02
  .150650084E+02  .152312700E+02  .153988157E+02  .155676430E+02  .157377493E+02
  .159091318E+02  .160817871E+02  .162557114E+02  .164309007E+02  .166073507E+02
  .167850564E+02  .169640128E+02  .171442141E+02  .173256543E+02  .175083272E+02
  .176922258E+02  .178773428E+02  .180636707E+02  .182512011E+02  .184399257E+02
  .186298353E+02  .188209204E+02  .190131710E+02  .192065768E+02  .194011267E+02
  .195968093E+02  .197936128E+02  .199915247E+02  .201905320E+02  .203906212E+02
  .205917784E+02  .207939891E+02  .209972381E+02  .212015098E+02  .214067882E+02
  .216130563E+02  .218202969E+02  .220284922E+02  .222376237E+02  .224476722E+02
  .226586182E+02  .228704415E+02  .230831211E+02  .232966356E+02  .235109629E+02
  .237260804E+02  .239419647E+02  .241585919E+02  .243759373E+02  .245939757E+02
  .248126813E+02  .250320275E+02  .252519871E+02  .254725323E+02  .256936347E+02
  .259152649E+02  .261373933E+02  .263599894E+02  .265830219E+02  .268064590E+02
  .270302683E+02  .272544165E+02  .274788699E+02  .277035937E+02  .279285530E+02
  .281537117E+02  .283790333E+02  .286044806E+02  .288300157E+02  .290556000E+02
  .292811943E+02  .295067586E+02  .297322524E+02  .299576345E+02  .301828629E+02
  .304078952E+02  .306326882E+02  .308571981E+02  .310813804E+02  .313051900E+02
  .315285814E+02  .317515081E+02  .319739233E+02  .321957796E+02  .324170288E+02
  .326376223E+02  .328575109E+02  .330766449E+02  .332949740E+02  .335124475E+02
  .337290139E+02  .339446215E+02  .341592181E+02  .343727509E+02  .345851666E+02
  .347964118E+02  .350064323E+02  .352151737E+02  .354225814E+02  .356286000E+02
  .358331743E+02  .360362483E+02  .362377660E+02  .364376712E+02  .366359073E+02
  .368324174E+02  .370271447E+02  .372200320E+02  .374110222E+02  .376000578E+02
  .377870814E+02  .379720357E+02  .381548631E+02  .383355062E+02  .385139076E+02
  .386900100E+02  .388637563E+02  .390350893E+02  .392039524E+02  .393702889E+02
  .395340424E+02  .396951571E+02  .398535771E+02  .400092472E+02  .401621126E+02
  .403121189E+02  .404592121E+02  .406033391E+02  .407444470E+02  .408824839E+02
  .410173983E+02  .411491396E+02  .412776579E+02  .414029043E+02  .415248305E+02
  .416433894E+02  .417585346E+02  .418702210E+02  .419784045E+02  .420830421E+02
  .421840918E+02  .422815131E+02  .423752667E+02  .424653147E+02  .425516203E+02
  .426341485E+02  .427128655E+02  .427877394E+02  .428587395E+02  .429258371E+02
  .429890049E+02  .430482175E+02  .431034515E+02  .431546851E+02  .432018985E+02
  .432450739E+02  .432841955E+02  .433192497E+02  .433502249E+02  .433771116E+02
  .433999028E+02  .434185937E+02  .434331815E+02  .434436663E+02  .434500504E+02
  .434523384E+02  .434505378E+02  .434446584E+02  .434347126E+02  .434207157E+02
  .434026854E+02  .433806425E+02  .433546102E+02  .433246148E+02  .432906854E+02
  .432528538E+02  .432111550E+02  .431656267E+02  .431163099E+02  .430632483E+02
  .430064887E+02  .429460812E+02  .428820786E+02  .428145372E+02  .427435160E+02
  .426690774E+02  .425912869E+02  .425102132E+02  .424259279E+02  .423385060E+02
  .422480256E+02  .421545678E+02  .420582172E+02  .419590610E+02  .418571901E+02
  .417526980E+02  .416456816E+02  .415362408E+02  .414244785E+02  .413105004E+02
  .411944156E+02  .410763359E+02  .409563758E+02  .408346529E+02  .407112877E+02
  .405864030E+02  .404601248E+02  .403325812E+02  .402039034E+02  .400742247E+02
  .399436808E+02  .398124101E+02  .396805528E+02  .395482516E+02  .394156510E+02
  .392828978E+02  .391501405E+02  .390175292E+02  .388852160E+02  .387533544E+02
  .386220993E+02  .384916069E+02  .383620347E+02  .382335413E+02  .381062860E+02
  .379804291E+02  .378561315E+02  .377335546E+02  .376128601E+02  .374942100E+02
  .373777664E+02  .372636910E+02  .371521456E+02  .370432913E+02  .369372887E+02
  .368342976E+02  .367344768E+02  .366379840E+02  .365449756E+02  .364556065E+02
  .363700298E+02  .362883969E+02  .362108569E+02  .361375568E+02  .360686412E+02
  .360042519E+02  .359445278E+02  .358896050E+02  .358396162E+02  .357946905E+02
  .357549537E+02  .357205275E+02  .356915295E+02  .356680733E+02  .356502680E+02
  .356382177E+02  .356320222E+02  .356317759E+02  .356375681E+02  .356494826E+02
  .356675976E+02  .356919857E+02  .357227132E+02  .357598406E+02  .358034216E+02
  .358535039E+02  .359101282E+02  .359733284E+02  .360431315E+02  .361195573E+02
  .362026183E+02  .362923195E+02  .363886585E+02  .364916251E+02  .366012011E+02
  .367173607E+02  .368400699E+02  .369692865E+02  .371049601E+02  .372470320E+02
  .373954353E+02  .375500943E+02  .377109251E+02  .378778352E+02  .380507235E+02
  .382294803E+02  .384139872E+02  .386041175E+02  .387997356E+02  .390006975E+02
  .392068506E+02  .394180339E+02  .396340778E+02  .398548046E+02  .400800282E+02
  .403095543E+02  .405431805E+02  .407806966E+02  .410218846E+02  .412665187E+02
  .415143656E+02  .417651849E+02  .420187290E+02  .422747431E+02  .425329660E+02
  .427931300E+02  .430549609E+02  .433181788E+02  .435824979E+02  .438476270E+02
  .441132697E+02  .443791249E+02  .446448869E+02  .449102455E+02  .451748872E+02
  .454384945E+02  .457007469E+02  .459613212E+02  .462198918E+02  .464761310E+02
  .467297096E+02  .469802971E+02  .472275623E+02  .474711738E+02  .477108001E+02
  .479461103E+02  .481767747E+02  .484024648E+02  .486228542E+02  .488376188E+02
  .490464375E+02  .492489924E+02  .494449696E+02  .496340595E+02  .498159571E+02
  .499903628E+02  .501569830E+02  .503155301E+02  .504657233E+02  .506072891E+02
  .507399616E+02  .508634833E+02  .509776051E+02  .510820872E+02  .511766993E+02
  .512612212E+02  .513354431E+02  .513991661E+02  .514522029E+02  .514943776E+02
  .515255266E+02  .515454989E+02  .515541563E+02  .515513740E+02  .515370409E+02
  .515110595E+02  .514733471E+02  .514238350E+02  .513624699E+02  .512892132E+02
  .512040419E+02  .511069484E+02  .509979408E+02  .508770434E+02  .507442963E+02
  .505997560E+02  .504434952E+02  .502756029E+02  .500961848E+02  .499053627E+02
  .497032752E+02  .494900770E+02  .492659395E+02  .490310500E+02  .487856122E+02
  .485298458E+02  .482639863E+02  .479882848E+02  .477030080E+02  .474084376E+02
  .471048701E+02  .467926167E+02  .464720028E+02  .461433675E+02  .458070634E+02
  .454634561E+02  .451129236E+02  .447558563E+02  .443926556E+02  .440237343E+02
  .436495153E+02  .432704316E+02  .428869252E+02  .424994467E+02  .421084545E+02
  .417144145E+02  .413177986E+02  .409190850E+02  .405187564E+02  .401173003E+02
  .397152070E+02  .393129702E+02  .389110848E+02  .385100472E+02  .381103539E+02
  .377125006E+02  .373169817E+02  .369242892E+02  .365349120E+02  .361493349E+02
  .357680376E+02  .353914943E+02  .350201725E+02  .346545322E+02  .342950250E+02
  .339420935E+02  .335961700E+02  .332576765E+02  .329270228E+02  .326046068E+02
  .322908129E+02  .319860118E+02  .316905592E+02  .314047959E+02  .311290463E+02
  .308636182E+02  .306088020E+02  .303648701E+02  .301320766E+02  .299106561E+02
  .297008238E+02  .295027750E+02  .293166840E+02  .291427044E+02  .289809684E+02
  .288315866E+02  .286946473E+02  .285702169E+02  .284583389E+02  .283590344E+02
  .282723017E+02  .281981158E+02  .281364292E+02  .280871710E+02  .280502476E+02
  .280255423E+02  .280129159E+02  .280122065E+02  .280232298E+02  .280457796E+02
  .280796279E+02  .281245254E+02  .281802018E+02  .282463667E+02  .283227095E+02
  .284089005E+02  .285045914E+02  .286094159E+02  .287229904E+02  .288449148E+02
  .289747737E+02  .291121364E+02  .292565585E+02  .294075826E+02  .295647388E+02
  .297275464E+02  .298955143E+02  .300681418E+02  .302449205E+02  .304253341E+02
  .306088606E+02  .307949721E+02  .309831371E+02  .311728205E+02  .313634851E+02
  .315545925E+02  .317456046E+02  .319359836E+02  .321251943E+02  .323127041E+02
  .324979846E+02  .326805124E+02  .328597701E+02  .330352474E+02  .332064420E+02
  .333728603E+02  .335340189E+02  .336894448E+02  .338386770E+02  .339812667E+02
  .341167786E+02  .342447914E+02  .343648988E+02  .344767098E+02  .345798499E+02
  .346739614E+02  .347587042E+02  .348337560E+02  .348988134E+02  .349535918E+02
  .349978264E+02  .350312719E+02  .350537034E+02  .350649165E+02  .350647276E+02
  .350529737E+02  .350295134E+02  .349942261E+02  .349470127E+02  .348877950E+02
  .348165166E+02  .347331416E+02  .346376556E+02  .345300647E+02  .344103960E+02
  .342786967E+02  .341350341E+02  .339794954E+02  .338121871E+02  .336332347E+02
  .334427821E+02  .332409914E+02  .330280423E+02  .328041313E+02  .325694716E+02
  .323242920E+02  .320688367E+02  .318033645E+02  .315281480E+02  .312434732E+02
  .309496384E+02  .306469541E+02  .303357416E+02  .300163327E+02  .296890688E+02
  .293543001E+02  .290123850E+02  .286636892E+02  .283085848E+02  .279474498E+02
  .275806672E+02  .272086244E+02  .268317119E+02  .264503232E+02  .260648535E+02
  .256756997E+02  .252832585E+02  .248879271E+02  .244901010E+02  .240901748E+02
  .236885400E+02  .232855858E+02  .228816973E+02  .224772557E+02  .220726369E+02
  .216682118E+02  .212643449E+02  .208613945E+02  .204597113E+02  .200596392E+02
  .196615132E+02  .192656605E+02  .188723987E+02  .184820369E+02  .180948737E+02
  .177111984E+02  .173312893E+02  .169554147E+02  .165838313E+02  .162167853E+02
  .158545110E+02  .154972319E+02  .151451589E+02  .147984919E+02  .144574183E+02
  .141221140E+02  .137927422E+02  .134694548E+02  .131523908E+02  .128416780E+02
  .125374315E+02  .122397549E+02  .119487397E+02  .116644657E+02  .113870012E+02
  .111164031E+02  .108527169E+02  .105959770E+02  .103462071E+02  .101034202E+02
  .986761880E+01  .963879557E+01  .941693298E+01  .920200424E+01  .899397300E+01
  .879279427E+01  .859841409E+01  .841077050E+01  .822979327E+01  .805540480E+01
  .788751992E+01  .772604677E+01  .757088663E+01  .742193479E+01  .727908037E+01
  .714220718E+01  .701119361E+01  .688591339E+01  .676623553E+01  .665202504E+01
  .654314291E+01  .643944678E+01  .634079092E+01  .624702687E+01  .615800346E+01
  .607356741E+01  .599356332E+01  .591783428E+01  .584622187E+01  .577856676E+01
  .571470866E+01  .565448694E+01  .559774062E+01  .554430890E+01  .549403121E+01
  .544674767E+01  .540229922E+01  .536052800E+01  .532127747E+01  .528439282E+01
  .524972105E+01  .521711136E+01  .518641520E+01  .515748662E+01  .513018253E+01
  .510436260E+01  .507988982E+01  .505663026E+01  .503445360E+01  .501323288E+01
  .499284508E+01  .497317070E+01  .495409450E+01  .493550482E+01  .491729452E+01
  .489936013E+01  .488160286E+01  .486392764E+01  .484624418E+01  .482846595E+01
  .481051127E+01  .479230220E+01  .477376568E+01  .475483236E+01  .473543775E+01
  .471552101E+01  .469502613E+01  .467390063E+01  .465209682E+01  .462957039E+01
  .460628177E+01  .458219458E+01  .455727709E+01  .453150060E+01  .450484089E+01
  .447727660E+01  .444879073E+01  .441936888E+01  .438900088E+01  .435767892E+01
  .432539923E+01  .429216020E+01  .425796403E+01  .422281486E+01  .418672042E+01
  .414969013E+01  .411173681E+01  .407287471E+01  .403312124E+01  .399249498E+01
  .395101749E+01  .390871123E+01  .386560140E+01  .382171384E+01  .377707694E+01
  .373171949E+01  .368567256E+01  .363896742E+01  .359163739E+01  .354371577E+01
  .349523769E+01  .344623803E+01  .339675333E+01  .334681963E+01  .329647447E+01
  .324575465E+01  .319469826E+01  .314334272E+01  .309172615E+01  .303988611E+01
  .298786065E+01  .293568703E+01  .288340295E+01  .283104509E+01  .277865047E+01
  .272625496E+01  .267389465E+01  .262160434E+01  .256941896E+01  .251737203E+01
  .246549712E+01  .241382628E+01  .236239155E+01  .231122335E+01  .226035202E+01
  .220980623E+01  .215961449E+01  .210980360E+01  .206040014E+01  .201142896E+01
  .196291463E+01  .191487996E+01  .186734749E+01  .182033791E+01  .177387167E+01
  .172796736E+01  .168264333E+01  .163791602E+01  .159380166E+01  .155031459E+01
  .150746893E+01  .146527693E+01  .142375063E+01  .138290021E+01  .134273569E+01
  .130326524E+01  .126449689E+01  .122643686E+01  .118909128E+01  .115246447E+01
  .111656073E+01  .108138269E+01  .104693255E+01  .101321160E+01  .980220249E+00
  .947958152E+00  .916424178E+00  .885616454E+00  .855532393E+00  .826168714E+00
  .797521479E+00  .769586111E+00  .742357432E+00  .715829685E+00  .689996564E+00
  .664851245E+00  .640386414E+00  .616594294E+00  .593466678E+00  .570994952E+00
  .549170129E+00  .527982873E+00  .507423527E+00  .487482145E+00  .468148512E+00
  .449412174E+00  .431262464E+00  .413688526E+00  .396679340E+00  .380223743E+00
  .364310456E+00  .348928104E+00  .334065236E+00  .319710349E+00  .305851903E+00
  .292478343E+00  .279578115E+00  .267139686E+00  .255151554E+00  .243602270E+00
  .232480448E+00  .221774777E+00  .211474039E+00  .201567115E+00  .192042999E+00
  .182890806E+00  .174099783E+00  .165659314E+00  .157558933E+00  .149788325E+00
  .142337336E+00  .135195976E+00  .128354427E+00  .121803043E+00  .115532357E+00
  .109533083E+00  .103796119E+00  .983125466E-01  .930736376E-01  .880708509E-01
  .832958350E-01  .787404288E-01  .743966612E-01  .702567516E-01  .663131088E-01
  .625583312E-01  .589852053E-01  .555867050E-01  .523559902E-01  .492864056E-01
  .463714788E-01  .436049189E-01  .409806145E-01  .384926319E-01  .361352130E-01
  .339027731E-01  .317898987E-01  .297913453E-01  .279020348E-01  .261170534E-01
  .244316487E-01  .228412275E-01  .213413530E-01  .199277420E-01  .185962625E-01
  .173429305E-01  .161639076E-01  .150554980E-01  .140141455E-01  .130364306E-01
  .121190676E-01  .112589015E-01  .104529051E-01  .969817577E-02  .899193253E-02
  .833151280E-02  .771436934E-02  .713806713E-02  .660028019E-02  .609878843E-02
  .563147455E-02  .519632080E-02  .479140593E-02  .441490200E-02  .406507130E-02
  .374026322E-02  .343891125E-02  .315952986E-02  .290071155E-02  .266112388E-02
  .243950650E-02  .223466834E-02  .204548470E-02  .187089453E-02  .170989768E-02
  .156155221E-02  .142497183E-02  .129932329E-02  .118382398E-02  .107773943E-02
  .980381016E-03  .891103673E-03  .809303673E-03  .734416505E-03  .665914800E-03
  .603306343E-03  .546132150E-03  .493964625E-03  .446405778E-03  .403085524E-03
  .363660046E-03  .327810233E-03  .295240183E-03  .265675774E-03  .238863306E-03
  .214568201E-03  .192573768E-03  .172680037E-03  .154702646E-03  .138471783E-03
  .123831197E-03  .110637252E-03  .987580422E-04  .880725489E-04  .784698565E-04
  .698484087E-04  .621153130E-04  .551856865E-04  .489820445E-04  .434337274E-04
  .384763656E-04  .340513800E-04  .301055161E-04  .265904106E-04  .234621876E-04
  .206810847E-04  .182111048E-04  .160196948E-04  .140774469E-04  .123578237E-04
  .108369039E-04  .949314757E-05  .830718037E-05  .726159516E-05  .634076939E-05
  .553069783E-05  .481883913E-05  .419397553E-05  .364608449E-05  .316622159E-05
  .274641371E-05  .237956177E-05  .205935223E-05  .178017681E-05  .153705949E-05
  .132559054E-05  .114186669E-05  .982437137E-06  .844254779E-06  .724632265E-06
  .621202428E-06  .531882710E-06  .454843223E-06  .388478105E-06  .331379871E-06
  .282316472E-06  .240210808E-06  .204122452E-06  .173231375E-06  .146823464E-06
  .124277661E-06  .105054553E-06  .886862637E-07  .747675146E-07  .629477223E-07
  .529240331E-07  .444351842E-07  .372561040E-07  .311931697E-07  .260800471E-07
  .217740473E-07  .181529397E-07  .151121700E-07  .125624328E-07  .104275599E-07
  .864268266E-08  .715263788E-08  .591058589E-08  .487681441E-08  .401770513E-08
  .330484209E-08  .271424366E-08  .222570198E-08  .182221578E-08  .148950412E-08
  .121559019E-08  .990445638E-09  .805687163E-09  .654318053E-09  .530508425E-09
  .429408671E-09  .346991349E-09  .279917415E-09  .225423245E-09  .181225373E-09
  .145440316E-09  .116517201E-09  .931812585E-10  .743865165E-10  .592762555E-10
  .471500234E-10  .374361642E-10  .296689837E-10  .234698038E-10  .185312715E-10
  .146043897E-10  .114878154E-10  .901904740E-11  .706718414E-11  .552697955E-11
  .431398134E-11  .336055249E-11  .261263174E-11  .202709371E-11  .156960557E-11
  .121288945E-11  .935316799E-12  .719773532E-12  .552745689E-12  .423584328E-12
  .323915733E-12  .247169227E-12  .188199925E-12  .142988009E-12  .108399502E-12
  .819963966E-13  .618862699E-13  .466034528E-13  .350153324E-13  .262486424E-13
  .196316078E-13  .146486383E-13  .109049298E-13  .809887192E-14  .600059007E-14
  .443529826E-14  .327041412E-14  .240561018E-14  .176515079E-14  .129200389E-14
  .943327767E-15  .687020129E-15  .499086179E-15  .361636274E-15  .261366450E-15
  .188408321E-15  .135460794E-15  .971362381E-16  .694694454E-16  .495498058E-16
  .352465217E-16  .250038736E-16  .176890905E-16  .124796176E-16  .877980601E-17
  .615951707E-17  .430900160E-17  .300583384E-17  .209074756E-17  .145002821E-17
  .100271928E-17  .691353369E-18  .475256732E-18  .325726829E-18  .222569345E-18
  .151618830E-18  .102968942E-18  .697130229E-19  .470506147E-19  .316555223E-19
  .212302666E-19  .141929310E-19  .945775866E-20  .628192250E-20  .415885484E-20
  .274422887E-20  .180476526E-20  .118294159E-20  .772745205E-21  .503069454E-21
  .326382046E-21  .211017869E-21  .135954863E-21  .872851949E-22  .558398748E-22
  .355954005E-22  .226087431E-22  .143080164E-22  .902173779E-23  .566755729E-23
  .354718359E-23  .221177235E-23  .137389349E-23  .850175059E-24  .524074434E-24
  .321805501E-24  .196832260E-24  .119918935E-24  .727702966E-25  .439826659E-25
  .264762204E-25  .158731587E-25  .947740517E-26  .563533748E-26  .333687825E-26
  .196759716E-26  .115529457E-26  .675453111E-27  .393213755E-27  .227917771E-27
  .131531121E-27  .755726111E-28  .432285352E-28  .246167822E-28  .139550398E-28
  .787506496E-29  .442368907E-29  .247346865E-29  .137658633E-29  .762534410E-30
  .420395436E-30  .230665456E-30  .125955311E-30  .684451953E-31  .370122154E-31
  .199161670E-31  .106636972E-31  .568111883E-32  .301138647E-32  .158813732E-32
  .833260494E-33  .434937464E-33  .225843759E-33  .116655827E-33  .599381758E-34
  .306323897E-34  .155711214E-34  .787230284E-35  .395829056E-35  .197933117E-35
  .984271601E-36  .486718417E-36  .239324643E-36  .117010329E-36  .568811402E-37
  .274915809E-37  .132098632E-37  .631020994E-38  .299650991E-38  .141446898E-38
  .663676059E-39  .309515884E-39  .143467221E-39  .660912713E-40  .302576891E-40
  .137659448E-40  .622347758E-41  .279572929E-41  .124787149E-41  .553394799E-42
  .243819409E-42  .106720247E-42  .464031965E-43  .200423434E-43  .859855454E-44
  .366399940E-44  .155065360E-44  .651748328E-45  .272036320E-45  .112753908E-45
  .464055352E-46  .189634340E-46  .769393561E-47  .309912892E-47  .123926802E-47
  .491926399E-48  .193829063E-48  .758046660E-49  .294242539E-49  .113349984E-49
  .433329008E-50  .164387187E-50  .618793117E-51  .231112534E-51  .856396782E-52
  .314827630E-52  .114812602E-52  .415334011E-53  .149028404E-53  .530369190E-54
  .187196926E-54  .655259010E-55  .227483389E-55  .783366360E-56  .267761476E-56
  .911847677E-57  .310696581E-57  .108886921E-57  .411945264E-58  .195087861E-58
  .147419847E-58  .000000000E+00  .000000000E+00  .000000000E+00  .000000000E+00
  .000000000E+00  .000000000E+00  .000000000E+00  .000000000E+00  .000000000E+00
  .000000000E+00  .000000000E+00  .000000000E+00  .000000000E+00  .000000000E+00
  .000000000E+00  .000000000E+00  .000000000E+00  .000000000E+00  .000000000E+00
  .000000000E+00  .000000000E+00  .000000000E+00  .000000000E+00  .000000000E+00
  .000000000E+00  .000000000E+00  .000000000E+00  .000000000E+00  .000000000E+00
  .000000000E+00  .000000000E+00  .000000000E+00  .000000000E+00  .000000000E+00
  .000000000E+00  .000000000E+00  .000000000E+00  .000000000E+00  .000000000E+00
  .000000000E+00  .000000000E+00  .000000000E+00  .000000000E+00  .000000000E+00
  .000000000E+00  .000000000E+00  .000000000E+00  .000000000E+00  .000000000E+00
  .000000000E+00  .000000000E+00  .000000000E+00  .000000000E+00  .000000000E+00
  .000000000E+00  .000000000E+00  .000000000E+00  .000000000E+00  .000000000E+00
  .000000000E+00  .000000000E+00  .000000000E+00  .000000000E+00  .000000000E+00
  .000000000E+00  .000000000E+00  .000000000E+00  .000000000E+00  .000000000E+00
  .000000000E+00  .000000000E+00  .000000000E+00  .000000000E+00  .000000000E+00
  .000000000E+00  .000000000E+00  .000000000E+00  .000000000E+00  .000000000E+00
  .000000000E+00  .000000000E+00  .000000000E+00  .000000000E+00  .000000000E+00
  .000000000E+00  .000000000E+00  .000000000E+00  .000000000E+00  .000000000E+00
  .000000000E+00  .000000000E+00  .000000000E+00  .000000000E+00  .000000000E+00
  .000000000E+00  .000000000E+00  .000000000E+00  .000000000E+00  .000000000E+00
  .000000000E+00  .000000000E+00  .000000000E+00  .000000000E+00  .000000000E+00
  .000000000E+00  .000000000E+00  .000000000E+00  .000000000E+00  .000000000E+00
  .000000000E+00  .000000000E+00  .000000000E+00  .000000000E+00  .000000000E+00
  .000000000E+00  .000000000E+00  .000000000E+00  .000000000E+00  .000000000E+00
  .000000000E+00  .000000000E+00  .000000000E+00  .000000000E+00  .000000000E+00
  .000000000E+00  .000000000E+00  .000000000E+00  .000000000E+00  .000000000E+00
  .000000000E+00  .000000000E+00  .000000000E+00  .000000000E+00  .000000000E+00
  .000000000E+00  .000000000E+00  .000000000E+00  .000000000E+00  .000000000E+00
  .000000000E+00  .000000000E+00  .000000000E+00  .000000000E+00  .000000000E+00
  .000000000E+00  .000000000E+00  .000000000E+00  .000000000E+00  .000000000E+00
  .000000000E+00  .000000000E+00  .000000000E+00  .000000000E+00  .000000000E+00
  .000000000E+00  .000000000E+00  .000000000E+00  .000000000E+00  .000000000E+00
  .000000000E+00  .000000000E+00  .000000000E+00  .000000000E+00  .000000000E+00
  .000000000E+00  .000000000E+00  .000000000E+00  .000000000E+00  .000000000E+00
  .000000000E+00  .000000000E+00  .000000000E+00  .000000000E+00  .000000000E+00
  .000000000E+00  .000000000E+00  .000000000E+00  .000000000E+00  .000000000E+00
  .000000000E+00  .000000000E+00  .000000000E+00  .000000000E+00  .000000000E+00
  .000000000E+00  .000000000E+00  .000000000E+00  .000000000E+00  .000000000E+00
  .000000000E+00  .000000000E+00  .000000000E+00  .000000000E+00  .000000000E+00
  .000000000E+00  .000000000E+00  .000000000E+00  .000000000E+00  .000000000E+00
  .000000000E+00  .000000000E+00  .000000000E+00  .000000000E+00  .000000000E+00
  .000000000E+00  .000000000E+00  .000000000E+00  .000000000E+00  .000000000E+00
  .000000000E+00  .000000000E+00  .000000000E+00  .000000000E+00  .000000000E+00
  .000000000E+00  .000000000E+00  .000000000E+00  .000000000E+00  .000000000E+00
  .000000000E+00  .000000000E+00  .000000000E+00  .000000000E+00  .000000000E+00
  .000000000E+00  .000000000E+00  .000000000E+00  .000000000E+00  .000000000E+00
  .000000000E+00  .000000000E+00  .000000000E+00  .000000000E+00  .000000000E+00
  .000000000E+00  .000000000E+00  .000000000E+00  .000000000E+00  .000000000E+00
  .000000000E+00  .000000000E+00  .000000000E+00  .000000000E+00  .000000000E+00
  .000000000E+00  .000000000E+00  .000000000E+00  .000000000E+00  .000000000E+00
  .000000000E+00  .000000000E+00  .000000000E+00  .000000000E+00  .000000000E+00
  .000000000E+00  .000000000E+00  .000000000E+00  .000000000E+00  .000000000E+00
  .000000000E+00  .000000000E+00  .000000000E+00  .000000000E+00  .000000000E+00
  .000000000E+00  .000000000E+00  .000000000E+00  .000000000E+00  .000000000E+00
  .000000000E+00  .000000000E+00  .000000000E+00  .000000000E+00  .000000000E+00
