  PAW Ba                                 
 100
Core Pot   L  =         .00000  -2.46739
  -.30000000E+01  .14541106E+01
  -.29500000E+01  .14287007E+01
  -.29000000E+01  .14010721E+01
  -.28500000E+01  .13704515E+01
  -.28000000E+01  .13356270E+01
  -.27500000E+01  .12945856E+01
  -.27000000E+01  .12437145E+01
  -.26500000E+01  .11758138E+01
  -.26000000E+01  .10741638E+01
  -.25500000E+01  .88899590E+00
  -.25000000E+01  .37595682E+00
  -.24500000E+01 -.43298033E+02
  -.24000000E+01  .23905778E+01
  -.23500000E+01  .18415751E+01
  -.23000000E+01  .16487719E+01
  -.22500000E+01  .15432917E+01
  -.22000000E+01  .14723439E+01
  -.21500000E+01  .14184606E+01
  -.21000000E+01  .13741826E+01
  -.20500000E+01  .13357857E+01
  -.20000000E+01  .13012001E+01
  -.19500000E+01  .12691807E+01
  -.19000000E+01  .12389315E+01
  -.18500000E+01  .12099175E+01
  -.18000000E+01  .11817638E+01
  -.17500000E+01  .11541983E+01
  -.17000000E+01  .11270164E+01
  -.16500000E+01  .11000603E+01
  -.16000000E+01  .10732042E+01
  -.15500000E+01  .10463452E+01
  -.15000000E+01  .10193970E+01
  -.14500000E+01  .99228511E+00
  -.14000000E+01  .96494369E+00
  -.13500000E+01  .93731299E+00
  -.13000000E+01  .90933756E+00
  -.12500000E+01  .88096476E+00
  -.12000000E+01  .85214362E+00
  -.11500000E+01  .82282379E+00
  -.11000000E+01  .79295480E+00
  -.10500000E+01  .76248522E+00
  -.10000000E+01  .73136204E+00
  -.95000000E+00  .69952995E+00
  -.90000000E+00  .66693071E+00
  -.85000000E+00  .63350248E+00
  -.80000000E+00  .59917907E+00
  -.75000000E+00  .56388919E+00
  -.70000000E+00  .52755562E+00
  -.65000000E+00  .49009422E+00
  -.60000000E+00  .45141292E+00
  -.55000000E+00  .41141042E+00
  -.50000000E+00  .36997484E+00
  -.45000000E+00  .32698206E+00
  -.40000000E+00  .28229378E+00
  -.35000000E+00  .23575526E+00
  -.30000000E+00  .18719261E+00
  -.25000000E+00  .13640957E+00
  -.20000000E+00  .83183631E-01
  -.15000000E+00  .27261318E-01
  -.10000000E+00 -.31647538E-01
  -.50000000E-01 -.93876851E-01
  -.22898350E-14 -.15981300E+00
   .50000000E-01 -.22990574E+00
   .10000000E+00 -.30468188E+00
   .15000000E+00 -.38476270E+00
   .20000000E+00 -.47088635E+00
   .25000000E+00 -.56393685E+00
   .30000000E+00 -.66498218E+00
   .35000000E+00 -.77532502E+00
   .40000000E+00 -.89657124E+00
   .45000000E+00 -.10307238E+01
   .50000000E+00 -.11803140E+01
   .55000000E+00 -.13485881E+01
   .60000000E+00 -.15397798E+01
   .65000000E+00 -.17595169E+01
   .70000000E+00 -.20154468E+01
   .75000000E+00 -.23182336E+01
   .80000000E+00 -.26832083E+01
   .85000000E+00 -.31332372E+01
   .90000000E+00 -.37040021E+01
   .95000000E+00 -.44544433E+01
   .10000000E+01 -.54894036E+01
   .10500000E+01 -.70151247E+01
   .11000000E+01 -.95009346E+01
   .11500000E+01 -.14295188E+02
   .12000000E+01 -.27495442E+02
   .12500000E+01 -.23501235E+03
   .13000000E+01  .37584361E+02
   .13500000E+01  .17727615E+02
   .14000000E+01  .11719753E+02
   .14500000E+01  .88093169E+01
   .15000000E+01  .70858498E+01
   .15500000E+01  .59419863E+01
   .16000000E+01  .51242796E+01
   .16500000E+01  .45081870E+01
   .17000000E+01  .40253606E+01
   .17500000E+01  .36351631E+01
   .18000000E+01  .33119149E+01
   .18500000E+01  .30385898E+01
   .19000000E+01  .28034519E+01
   .19500000E+01  .25981474E+01
   .20000000E+01  .24165666E+01
Potential  L  =         .00000  -2.46739
  -.30000000E+01  .14685584E+01
  -.29500000E+01  .14455411E+01
  -.29000000E+01  .14209018E+01
  -.28500000E+01  .13940899E+01
  -.28000000E+01  .13642395E+01
  -.27500000E+01  .13299020E+01
  -.27000000E+01  .12884528E+01
  -.26500000E+01  .12345847E+01
  -.26000000E+01  .11556899E+01
  -.25500000E+01  .10126826E+01
  -.25000000E+01  .59346084E+00
  -.24500000E+01  .84702646E+01
  -.24000000E+01  .19462262E+01
  -.23500000E+01  .16271561E+01
  -.23000000E+01  .15013209E+01
  -.22500000E+01  .14269799E+01
  -.22000000E+01  .13736246E+01
  -.21500000E+01  .13307529E+01
  -.21000000E+01  .12937726E+01
  -.20500000E+01  .12603505E+01
  -.20000000E+01  .12291703E+01
  -.19500000E+01  .11994282E+01
  -.19000000E+01  .11706006E+01
  -.18500000E+01  .11423281E+01
  -.18000000E+01  .11143511E+01
  -.17500000E+01  .10864741E+01
  -.17000000E+01  .10585430E+01
  -.16500000E+01  .10304310E+01
  -.16000000E+01  .10020298E+01
  -.15500000E+01  .97324259E+00
  -.15000000E+01  .94398004E+00
  -.14500000E+01  .91415638E+00
  -.14000000E+01  .88368690E+00
  -.13500000E+01  .85248556E+00
  -.13000000E+01  .82046294E+00
  -.12500000E+01  .78752424E+00
  -.12000000E+01  .75356730E+00
  -.11500000E+01  .71848045E+00
  -.11000000E+01  .68214011E+00
  -.10500000E+01  .64440813E+00
  -.10000000E+01  .60512854E+00
  -.95000000E+00  .56412370E+00
  -.90000000E+00  .52118965E+00
  -.85000000E+00  .47609026E+00
  -.80000000E+00  .42854997E+00
  -.75000000E+00  .37824451E+00
  -.70000000E+00  .32478908E+00
  -.65000000E+00  .26772275E+00
  -.60000000E+00  .20648830E+00
  -.55000000E+00  .14040480E+00
  -.50000000E+00  .68630782E-01
  -.45000000E+00 -.98869265E-02
  -.40000000E+00 -.96484901E-01
  -.35000000E+00 -.19288622E+00
  -.30000000E+00 -.30135204E+00
  -.25000000E+00 -.42491070E+00
  -.20000000E+00 -.56771452E+00
  -.15000000E+00 -.73561642E+00
  -.10000000E+00 -.93714216E+00
  -.50000000E-01 -.11852154E+01
  -.22898350E-14 -.15004180E+01
   .50000000E-01 -.19176539E+01
   .10000000E+00 -.25012410E+01
   .15000000E+00 -.33841797E+01
   .20000000E+00 -.48932518E+01
   .25000000E+00 -.81042346E+01
   .30000000E+00 -.19868014E+02
   .35000000E+00  .60472848E+02
   .40000000E+00  .12728708E+02
   .45000000E+00  .73081584E+01
   .50000000E+00  .52016141E+01
   .55000000E+00  .40721250E+01
   .60000000E+00  .33615993E+01
   .65000000E+00  .28688300E+01
   .70000000E+00  .25035323E+01
   .75000000E+00  .22191568E+01
   .80000000E+00  .19892607E+01
   .85000000E+00  .17977033E+01
   .90000000E+00  .16340681E+01
   .95000000E+00  .14913268E+01
   .10000000E+01  .13645601E+01
   .10500000E+01  .12502165E+01
   .11000000E+01  .11456637E+01
   .11500000E+01  .10489044E+01
   .12000000E+01  .95839082E+00
   .12500000E+01  .87290093E+00
   .13000000E+01  .79145225E+00
   .13500000E+01  .71324136E+00
   .14000000E+01  .63760032E+00
   .14500000E+01  .56396466E+00
   .15000000E+01  .49184932E+00
   .15500000E+01  .42083045E+00
   .16000000E+01  .35053117E+00
   .16500000E+01  .28061041E+00
   .17000000E+01  .21075377E+00
   .17500000E+01  .14066597E+00
   .18000000E+01  .70063971E-01
   .18500000E+01 -.13267540E-02
   .19000000E+01 -.73779718E-01
   .19500000E+01 -.14757078E+00
   .20000000E+01 -.22298307E+00
Core Pot   L  =        1.00000  -1.37553
  -.30000000E+01  .15527333E+01
  -.29500000E+01  .15352923E+01
  -.29000000E+01  .15175680E+01
  -.28500000E+01  .14995421E+01
  -.28000000E+01  .14811941E+01
  -.27500000E+01  .14625010E+01
  -.27000000E+01  .14434368E+01
  -.26500000E+01  .14239720E+01
  -.26000000E+01  .14040729E+01
  -.25500000E+01  .13837008E+01
  -.25000000E+01  .13628112E+01
  -.24500000E+01  .13413518E+01
  -.24000000E+01  .13192619E+01
  -.23500000E+01  .12964693E+01
  -.23000000E+01  .12728883E+01
  -.22500000E+01  .12484154E+01
  -.22000000E+01  .12229251E+01
  -.21500000E+01  .11962628E+01
  -.21000000E+01  .11682360E+01
  -.20500000E+01  .11386015E+01
  -.20000000E+01  .11070474E+01
  -.19500000E+01  .10731658E+01
  -.19000000E+01  .10364132E+01
  -.18500000E+01  .99604734E+00
  -.18000000E+01  .95102700E+00
  -.17500000E+01  .89984272E+00
  -.17000000E+01  .84021871E+00
  -.16500000E+01  .76855321E+00
  -.16000000E+01  .67878438E+00
  -.15500000E+01  .55985149E+00
  -.15000000E+01  .38919347E+00
  -.14500000E+01  .11253242E+00
  -.14000000E+01 -.44211700E+00
  -.13500000E+01 -.22616206E+01
  -.13000000E+01  .18999264E+02
  -.12500000E+01  .34335159E+01
  -.12000000E+01  .22877756E+01
  -.11500000E+01  .18537179E+01
  -.11000000E+01  .16173219E+01
  -.10500000E+01  .14633429E+01
  -.10000000E+01  .13514100E+01
  -.95000000E+00  .12637089E+01
  -.90000000E+00  .11911526E+01
  -.85000000E+00  .11286146E+01
  -.80000000E+00  .10729785E+01
  -.75000000E+00  .10222363E+01
  -.70000000E+00  .97503165E+00
  -.65000000E+00  .93041157E+00
  -.60000000E+00  .88768322E+00
  -.55000000E+00  .84632724E+00
  -.50000000E+00  .80594322E+00
  -.45000000E+00  .76621419E+00
  -.40000000E+00  .72688270E+00
  -.35000000E+00  .68773430E+00
  -.30000000E+00  .64858581E+00
  -.25000000E+00  .60927682E+00
  -.20000000E+00  .56966330E+00
  -.15000000E+00  .52961276E+00
  -.10000000E+00  .48900040E+00
  -.50000000E-01  .44770599E+00
  -.22898350E-14  .40561125E+00
   .50000000E-01  .36259758E+00
   .10000000E+00  .31854396E+00
   .15000000E+00  .27332496E+00
   .20000000E+00  .22680883E+00
   .25000000E+00  .17885544E+00
   .30000000E+00  .12931421E+00
   .35000000E+00  .78021735E-01
   .40000000E+00  .24799264E-01
   .45000000E+00 -.30550292E-01
   .50000000E+00 -.88245749E-01
   .55000000E+00 -.14853165E+00
   .60000000E+00 -.21168299E+00
   .65000000E+00 -.27801091E+00
   .70000000E+00 -.34786954E+00
   .75000000E+00 -.42166441E+00
   .80000000E+00 -.49986272E+00
   .85000000E+00 -.58300617E+00
   .90000000E+00 -.67172705E+00
   .95000000E+00 -.76676850E+00
   .10000000E+01 -.86901055E+00
   .10500000E+01 -.97950369E+00
   .11000000E+01 -.10995128E+01
   .11500000E+01 -.12305753E+01
   .12000000E+01 -.13745796E+01
   .12500000E+01 -.15338713E+01
   .13000000E+01 -.17114019E+01
   .13500000E+01 -.19109381E+01
   .14000000E+01 -.21373650E+01
   .14500000E+01 -.23971355E+01
   .15000000E+01 -.26989549E+01
   .15500000E+01 -.30548588E+01
   .16000000E+01 -.34819753E+01
   .16500000E+01 -.40055392E+01
   .17000000E+01 -.46643333E+01
   .17500000E+01 -.55211928E+01
   .18000000E+01 -.66850780E+01
   .18500000E+01 -.83629149E+01
   .19000000E+01 -.11001631E+02
   .19500000E+01 -.15778225E+02
   .20000000E+01 -.27119613E+02
Potential  L  =        1.00000  -1.37553
  -.30000000E+01  .15542893E+01
  -.29500000E+01  .15369592E+01
  -.29000000E+01  .15193564E+01
  -.28500000E+01  .15014638E+01
  -.28000000E+01  .14832623E+01
  -.27500000E+01  .14647306E+01
  -.27000000E+01  .14458445E+01
  -.26500000E+01  .14265767E+01
  -.26000000E+01  .14068960E+01
  -.25500000E+01  .13867668E+01
  -.25000000E+01  .13661478E+01
  -.24500000E+01  .13449910E+01
  -.24000000E+01  .13232404E+01
  -.23500000E+01  .13008296E+01
  -.23000000E+01  .12776797E+01
  -.22500000E+01  .12536957E+01
  -.22000000E+01  .12287619E+01
  -.21500000E+01  .12027364E+01
  -.21000000E+01  .11754419E+01
  -.20500000E+01  .11466545E+01
  -.20000000E+01  .11160862E+01
  -.19500000E+01  .10833605E+01
  -.19000000E+01  .10479736E+01
  -.18500000E+01  .10092364E+01
  -.18000000E+01  .96617765E+00
  -.17500000E+01  .91738323E+00
  -.17000000E+01  .86070787E+00
  -.16500000E+01  .79272984E+00
  -.16000000E+01  .70763090E+00
  -.15500000E+01  .59464488E+00
  -.15000000E+01  .43136695E+00
  -.14500000E+01  .16216791E+00
  -.14000000E+01 -.39973710E+00
  -.13500000E+01 -.25142056E+01
  -.13000000E+01  .91474363E+01
  -.12500000E+01  .28856547E+01
  -.12000000E+01  .20398942E+01
  -.11500000E+01  .16917685E+01
  -.11000000E+01  .14940913E+01
  -.10500000E+01  .13615009E+01
  -.10000000E+01  .12627869E+01
  -.95000000E+00  .11838183E+01
  -.90000000E+00  .11172581E+01
  -.85000000E+00  .10589115E+01
  -.80000000E+00  .10061990E+01
  -.75000000E+00  .95744229E+00
  -.70000000E+00  .91149563E+00
  -.65000000E+00  .86754496E+00
  -.60000000E+00  .82499064E+00
  -.55000000E+00  .78337605E+00
  -.50000000E+00  .74234227E+00
  -.45000000E+00  .70159831E+00
  -.40000000E+00  .66090091E+00
  -.35000000E+00  .62004032E+00
  -.30000000E+00  .57883008E+00
  -.25000000E+00  .53709937E+00
  -.20000000E+00  .49468709E+00
  -.15000000E+00  .45143705E+00
  -.10000000E+00  .40719394E+00
  -.50000000E-01  .36179979E+00
  -.22898350E-14  .31509060E+00
   .50000000E-01  .26689293E+00
   .10000000E+00  .21702069E+00
   .15000000E+00  .16527128E+00
   .20000000E+00  .11142177E+00
   .25000000E+00  .55223837E-01
   .30000000E+00 -.36015057E-02
   .35000000E+00 -.65370503E-01
   .40000000E+00 -.13044474E+00
   .45000000E+00 -.19924087E+00
   .50000000E+00 -.27224291E+00
   .55000000E+00 -.35001767E+00
   .60000000E+00 -.43323444E+00
   .65000000E+00 -.52269027E+00
   .70000000E+00 -.61934327E+00
   .75000000E+00 -.72435641E+00
   .80000000E+00 -.83915638E+00
   .85000000E+00 -.96551425E+00
   .90000000E+00 -.11056568E+01
   .95000000E+00 -.12624246E+01
   .10000000E+01 -.14395004E+01
   .10500000E+01 -.16417478E+01
   .11000000E+01 -.18757267E+01
   .11500000E+01 -.21505063E+01
   .12000000E+01 -.24789934E+01
   .12500000E+01 -.28802052E+01
   .13000000E+01 -.33833735E+01
   .13500000E+01 -.40358729E+01
   .14000000E+01 -.49198853E+01
   .14500000E+01 -.61915688E+01
   .15000000E+01 -.81885029E+01
   .15500000E+01 -.11800974E+02
   .16000000E+01 -.20387177E+02
   .16500000E+01 -.67629797E+02
   .17000000E+01  .54660178E+02
   .17500000E+01  .19836820E+02
   .18000000E+01  .12230474E+02
   .18500000E+01  .88860219E+01
   .19000000E+01  .69975058E+01
   .19500000E+01  .57787129E+01
   .20000000E+01  .49230328E+01
Core Pot   L  =        2.00000   -.14952
  -.30000000E+01  .16712735E+01
  -.29500000E+01  .16559963E+01
  -.29000000E+01  .16405679E+01
  -.28500000E+01  .16249837E+01
  -.28000000E+01  .16092384E+01
  -.27500000E+01  .15933270E+01
  -.27000000E+01  .15772438E+01
  -.26500000E+01  .15609829E+01
  -.26000000E+01  .15445382E+01
  -.25500000E+01  .15279029E+01
  -.25000000E+01  .15110702E+01
  -.24500000E+01  .14940324E+01
  -.24000000E+01  .14767818E+01
  -.23500000E+01  .14593099E+01
  -.23000000E+01  .14416077E+01
  -.22500000E+01  .14236656E+01
  -.22000000E+01  .14054733E+01
  -.21500000E+01  .13870197E+01
  -.21000000E+01  .13682930E+01
  -.20500000E+01  .13492805E+01
  -.20000000E+01  .13299683E+01
  -.19500000E+01  .13103418E+01
  -.19000000E+01  .12903848E+01
  -.18500000E+01  .12700799E+01
  -.18000000E+01  .12494082E+01
  -.17500000E+01  .12283490E+01
  -.17000000E+01  .12068800E+01
  -.16500000E+01  .11849763E+01
  -.16000000E+01  .11626111E+01
  -.15500000E+01  .11397544E+01
  -.15000000E+01  .11163734E+01
  -.14500000E+01  .10924317E+01
  -.14000000E+01  .10678888E+01
  -.13500000E+01  .10426995E+01
  -.13000000E+01  .10168132E+01
  -.12500000E+01  .99017329E+00
  -.12000000E+01  .96271556E+00
  -.11500000E+01  .93436740E+00
  -.11000000E+01  .90504610E+00
  -.10500000E+01  .87465700E+00
  -.10000000E+01  .84309119E+00
  -.95000000E+00  .81022263E+00
  -.90000000E+00  .77590456E+00
  -.85000000E+00  .73996494E+00
  -.80000000E+00  .70220068E+00
  -.75000000E+00  .66237007E+00
  -.70000000E+00  .62018306E+00
  -.65000000E+00  .57528827E+00
  -.60000000E+00  .52725564E+00
  -.55000000E+00  .47555282E+00
  -.50000000E+00  .41951248E+00
  -.45000000E+00  .35828616E+00
  -.40000000E+00  .29077781E+00
  -.35000000E+00  .21554572E+00
  -.30000000E+00  .13065371E+00
  -.25000000E+00  .33438112E-01
  -.20000000E+00 -.79870684E-01
  -.15000000E+00 -.21479073E+00
  -.10000000E+00 -.37973782E+00
  -.50000000E-01 -.58821900E+00
  -.22898350E-14 -.86337433E+00
   .50000000E-01 -.12484371E+01
   .10000000E+00 -.18346069E+01
   .15000000E+00 -.28531382E+01
   .20000000E+00 -.51118315E+01
   .25000000E+00 -.14765242E+02
   .30000000E+00  .24249211E+02
   .35000000E+00  .73196141E+01
   .40000000E+00  .45015181E+01
   .45000000E+00  .33273353E+01
   .50000000E+00  .26747649E+01
   .55000000E+00  .22534889E+01
   .60000000E+00  .19547453E+01
   .65000000E+00  .17285822E+01
   .70000000E+00  .15488332E+01
   .75000000E+00  .14004583E+01
   .80000000E+00  .12741914E+01
   .85000000E+00  .11640062E+01
   .90000000E+00  .10658080E+01
   .95000000E+00  .97671167E+00
   .10000000E+01  .89462049E+00
   .10500000E+01  .81796880E+00
   .11000000E+01  .74555886E+00
   .11500000E+01  .67645371E+00
   .12000000E+01  .60990491E+00
   .12500000E+01  .54530239E+00
   .13000000E+01  .48213894E+00
   .13500000E+01  .41998441E+00
   .14000000E+01  .35846654E+00
   .14500000E+01  .29725658E+00
   .15000000E+01  .23605805E+00
   .15500000E+01  .17459786E+00
   .16000000E+01  .11261915E+00
   .16500000E+01  .49875179E-01
   .17000000E+01 -.13875878E-01
   .17500000E+01 -.78875655E-01
   .18000000E+01 -.14537000E+00
   .18500000E+01 -.21361327E+00
   .19000000E+01 -.28387269E+00
   .19500000E+01 -.35643290E+00
   .20000000E+01 -.43160094E+00
Potential  L  =        2.00000   -.14952
  -.30000000E+01  .16719489E+01
  -.29500000E+01  .16566994E+01
  -.29000000E+01  .16413001E+01
  -.28500000E+01  .16257464E+01
  -.28000000E+01  .16100334E+01
  -.27500000E+01  .15941558E+01
  -.27000000E+01  .15781082E+01
  -.26500000E+01  .15618849E+01
  -.26000000E+01  .15454797E+01
  -.25500000E+01  .15288861E+01
  -.25000000E+01  .15120973E+01
  -.24500000E+01  .14951060E+01
  -.24000000E+01  .14779044E+01
  -.23500000E+01  .14604842E+01
  -.23000000E+01  .14428366E+01
  -.22500000E+01  .14249522E+01
  -.22000000E+01  .14068209E+01
  -.21500000E+01  .13884319E+01
  -.21000000E+01  .13697736E+01
  -.20500000E+01  .13508335E+01
  -.20000000E+01  .13315981E+01
  -.19500000E+01  .13120530E+01
  -.19000000E+01  .12921823E+01
  -.18500000E+01  .12719690E+01
  -.18000000E+01  .12513946E+01
  -.17500000E+01  .12304388E+01
  -.17000000E+01  .12090796E+01
  -.16500000E+01  .11872928E+01
  -.16000000E+01  .11650518E+01
  -.15500000E+01  .11423275E+01
  -.15000000E+01  .11190874E+01
  -.14500000E+01  .10952957E+01
  -.14000000E+01  .10709127E+01
  -.13500000E+01  .10458937E+01
  -.13000000E+01  .10201891E+01
  -.12500000E+01  .99374263E+00
  -.12000000E+01  .96649106E+00
  -.11500000E+01  .93836245E+00
  -.11000000E+01  .90927479E+00
  -.10500000E+01  .87913402E+00
  -.10000000E+01  .84783174E+00
  -.95000000E+00  .81524219E+00
  -.90000000E+00  .78121856E+00
  -.85000000E+00  .74558827E+00
  -.80000000E+00  .70814694E+00
  -.75000000E+00  .66865046E+00
  -.70000000E+00  .62680473E+00
  -.65000000E+00  .58225189E+00
  -.60000000E+00  .53455176E+00
  -.55000000E+00  .48315638E+00
  -.50000000E+00  .42737442E+00
  -.45000000E+00  .36632057E+00
  -.40000000E+00  .29884147E+00
  -.35000000E+00  .22340561E+00
  -.30000000E+00  .13793288E+00
  -.25000000E+00  .39523490E-01
  -.20000000E+00 -.75991189E-01
  -.15000000E+00 -.21483100E+00
  -.10000000E+00 -.38670892E+00
  -.50000000E-01 -.60768912E+00
  -.22898350E-14 -.90640049E+00
   .50000000E-01 -.13393208E+01
   .10000000E+00 -.20355460E+01
   .15000000E+00 -.33688553E+01
   .20000000E+00 -.70597125E+01
   .25000000E+00 -.77291990E+02
   .30000000E+00  .10273304E+02
   .35000000E+00  .51401201E+01
   .40000000E+00  .35404784E+01
   .45000000E+00  .27487375E+01
   .50000000E+00  .22688776E+01
   .55000000E+00  .19417256E+01
   .60000000E+00  .17005013E+01
   .65000000E+00  .15122642E+01
   .70000000E+00  .13588796E+01
   .75000000E+00  .12295313E+01
   .80000000E+00  .11173605E+01
   .85000000E+00  .10178001E+01
   .90000000E+00  .92768417E+00
   .95000000E+00  .84474221E+00
   .10000000E+01  .76729678E+00
   .10500000E+01  .69407533E+00
   .11000000E+01  .62408847E+00
   .11500000E+01  .55654901E+00
   .12000000E+01  .49081636E+00
   .12500000E+01  .42635745E+00
   .13000000E+01  .36271878E+00
   .13500000E+01  .29950507E+00
   .14000000E+01  .23636446E+00
   .14500000E+01  .17297544E+00
   .15000000E+01  .10903769E+00
   .15500000E+01  .44263731E-01
   .16000000E+01 -.21627908E-01
   .16500000E+01 -.88918830E-01
   .17000000E+01 -.15789654E+00
   .17500000E+01 -.22886014E+00
   .18000000E+01 -.30212603E+00
   .18500000E+01 -.37803413E+00
   .19000000E+01 -.45695457E+00
   .19500000E+01 -.53929534E+00
   .20000000E+01 -.62551130E+00
Core Pot   L  =        3.00000    .00000
  -.30000000E+01  .18187996E+01
  -.29500000E+01  .18050623E+01
  -.29000000E+01  .17912202E+01
  -.28500000E+01  .17772711E+01
  -.28000000E+01  .17632124E+01
  -.27500000E+01  .17490413E+01
  -.27000000E+01  .17347552E+01
  -.26500000E+01  .17203512E+01
  -.26000000E+01  .17058261E+01
  -.25500000E+01  .16911770E+01
  -.25000000E+01  .16764005E+01
  -.24500000E+01  .16614931E+01
  -.24000000E+01  .16464514E+01
  -.23500000E+01  .16312714E+01
  -.23000000E+01  .16159492E+01
  -.22500000E+01  .16004807E+01
  -.22000000E+01  .15848614E+01
  -.21500000E+01  .15690868E+01
  -.21000000E+01  .15531520E+01
  -.20500000E+01  .15370518E+01
  -.20000000E+01  .15207809E+01
  -.19500000E+01  .15043333E+01
  -.19000000E+01  .14877030E+01
  -.18500000E+01  .14708836E+01
  -.18000000E+01  .14538680E+01
  -.17500000E+01  .14366489E+01
  -.17000000E+01  .14192183E+01
  -.16500000E+01  .14015679E+01
  -.16000000E+01  .13836884E+01
  -.15500000E+01  .13655701E+01
  -.15000000E+01  .13472024E+01
  -.14500000E+01  .13285738E+01
  -.14000000E+01  .13096717E+01
  -.13500000E+01  .12904827E+01
  -.13000000E+01  .12709917E+01
  -.12500000E+01  .12511823E+01
  -.12000000E+01  .12310365E+01
  -.11500000E+01  .12105340E+01
  -.11000000E+01  .11896525E+01
  -.10500000E+01  .11683667E+01
  -.10000000E+01  .11466481E+01
  -.95000000E+00  .11244644E+01
  -.90000000E+00  .11017783E+01
  -.85000000E+00  .10785471E+01
  -.80000000E+00  .10547207E+01
  -.75000000E+00  .10302401E+01
  -.70000000E+00  .10050351E+01
  -.65000000E+00  .97902094E+00
  -.60000000E+00  .95209407E+00
  -.55000000E+00  .92412586E+00
  -.50000000E+00  .89495380E+00
  -.45000000E+00  .86436863E+00
  -.40000000E+00  .83209476E+00
  -.35000000E+00  .79775998E+00
  -.30000000E+00  .76084659E+00
  -.25000000E+00  .72060910E+00
  -.20000000E+00  .67592846E+00
  -.15000000E+00  .62503707E+00
  -.10000000E+00  .56495781E+00
  -.50000000E-01  .49023650E+00
  -.22898350E-14  .38965432E+00
   .50000000E-01  .23580246E+00
   .10000000E+00 -.60811554E-01
   .15000000E+00 -.10583042E+01
   .20000000E+00  .61247792E+01
   .25000000E+00  .16383341E+01
   .30000000E+00  .11345391E+01
   .35000000E+00  .92080306E+00
   .40000000E+00  .79093376E+00
   .45000000E+00  .69617797E+00
   .50000000E+00  .61898939E+00
   .55000000E+00  .55145850E+00
   .60000000E+00  .48945429E+00
   .65000000E+00  .43057006E+00
   .70000000E+00  .37327175E+00
   .75000000E+00  .31649928E+00
   .80000000E+00  .25946135E+00
   .85000000E+00  .20152091E+00
   .90000000E+00  .14212621E+00
   .95000000E+00  .80765676E-01
   .10000000E+01  .16935517E-01
   .10500000E+01 -.49886227E-01
   .11000000E+01 -.12026312E+00
   .11500000E+01 -.19482403E+00
   .12000000E+01 -.27428953E+00
   .12500000E+01 -.35950334E+00
   .13000000E+01 -.45147199E+00
   .13500000E+01 -.55141656E+00
   .14000000E+01 -.66084213E+00
   .14500000E+01 -.78163377E+00
   .15000000E+01 -.91619181E+00
   .15500000E+01 -.10676278E+01
   .16000000E+01 -.12400555E+01
   .16500000E+01 -.14390361E+01
   .17000000E+01 -.16722831E+01
   .17500000E+01 -.19508217E+01
   .18000000E+01 -.22909866E+01
   .18500000E+01 -.27180662E+01
   .19000000E+01 -.32734198E+01
   .19500000E+01 -.40296714E+01
   .20000000E+01 -.51271543E+01
Potential  L  =        3.00000    .00000
  -.30000000E+01  .18194476E+01
  -.29500000E+01  .18057454E+01
  -.29000000E+01  .17919410E+01
  -.28500000E+01  .17780321E+01
  -.28000000E+01  .17640164E+01
  -.27500000E+01  .17498914E+01
  -.27000000E+01  .17356548E+01
  -.26500000E+01  .17213038E+01
  -.26000000E+01  .17068357E+01
  -.25500000E+01  .16922477E+01
  -.25000000E+01  .16775370E+01
  -.24500000E+01  .16627004E+01
  -.24000000E+01  .16477348E+01
  -.23500000E+01  .16326369E+01
  -.23000000E+01  .16174034E+01
  -.22500000E+01  .16020305E+01
  -.22000000E+01  .15865146E+01
  -.21500000E+01  .15708519E+01
  -.21000000E+01  .15550382E+01
  -.20500000E+01  .15390693E+01
  -.20000000E+01  .15229408E+01
  -.19500000E+01  .15066481E+01
  -.19000000E+01  .14901863E+01
  -.18500000E+01  .14735503E+01
  -.18000000E+01  .14567349E+01
  -.17500000E+01  .14397344E+01
  -.17000000E+01  .14225430E+01
  -.16500000E+01  .14051545E+01
  -.16000000E+01  .13875624E+01
  -.15500000E+01  .13697600E+01
  -.15000000E+01  .13517401E+01
  -.14500000E+01  .13334951E+01
  -.14000000E+01  .13150170E+01
  -.13500000E+01  .12962974E+01
  -.13000000E+01  .12773273E+01
  -.12500000E+01  .12580974E+01
  -.12000000E+01  .12385977E+01
  -.11500000E+01  .12188175E+01
  -.11000000E+01  .11987457E+01
  -.10500000E+01  .11783702E+01
  -.10000000E+01  .11576783E+01
  -.95000000E+00  .11366565E+01
  -.90000000E+00  .11152903E+01
  -.85000000E+00  .10935644E+01
  -.80000000E+00  .10714620E+01
  -.75000000E+00  .10489656E+01
  -.70000000E+00  .10260562E+01
  -.65000000E+00  .10027134E+01
  -.60000000E+00  .97891522E+00
  -.55000000E+00  .95463803E+00
  -.50000000E+00  .92985630E+00
  -.45000000E+00  .90454243E+00
  -.40000000E+00  .87866652E+00
  -.35000000E+00  .85219608E+00
  -.30000000E+00  .82509581E+00
  -.25000000E+00  .79732722E+00
  -.20000000E+00  .76884828E+00
  -.15000000E+00  .73961295E+00
  -.10000000E+00  .70957074E+00
  -.50000000E-01  .67866609E+00
  -.22898350E-14  .64683772E+00
   .50000000E-01  .61401786E+00
   .10000000E+00  .58013133E+00
   .15000000E+00  .54509451E+00
   .20000000E+00  .50881405E+00
   .25000000E+00  .47118541E+00
   .30000000E+00  .43209107E+00
   .35000000E+00  .39139844E+00
   .40000000E+00  .34895755E+00
   .45000000E+00  .30459752E+00
   .50000000E+00  .25812315E+00
   .55000000E+00  .20931029E+00
   .60000000E+00  .15790019E+00
   .65000000E+00  .10359243E+00
   .70000000E+00  .46036187E-01
   .75000000E+00 -.15180969E-01
   .80000000E+00 -.80547345E-01
   .85000000E+00 -.15064551E+00
   .90000000E+00 -.22617643E+00
   .95000000E+00 -.30799114E+00
   .10000000E+01 -.39713373E+00
   .10500000E+01 -.49489926E+00
   .11000000E+01 -.60291466E+00
   .11500000E+01 -.72325244E+00
   .12000000E+01 -.85859510E+00
   .12500000E+01 -.10124778E+01
   .13000000E+01 -.11896571E+01
   .13500000E+01 -.13966897E+01
   .14000000E+01 -.16428734E+01
   .14500000E+01 -.19418494E+01
   .15000000E+01 -.23144748E+01
   .15500000E+01 -.27943256E+01
   .16000000E+01 -.34391396E+01
   .16500000E+01 -.43573251E+01
   .17000000E+01 -.57791843E+01
   .17500000E+01 -.82952475E+01
   .18000000E+01 -.14012938E+02
   .18500000E+01 -.40168739E+02
   .19000000E+01  .51699169E+02
   .19500000E+01  .16187392E+02
   .20000000E+01  .97292065E+01
Core Pot   L  =        4.00000    .00000
  -.30000000E+01  .19919028E+01
  -.29500000E+01  .19795382E+01
  -.29000000E+01  .19671003E+01
  -.28500000E+01  .19545877E+01
  -.28000000E+01  .19419991E+01
  -.27500000E+01  .19293332E+01
  -.27000000E+01  .19165886E+01
  -.26500000E+01  .19037638E+01
  -.26000000E+01  .18908575E+01
  -.25500000E+01  .18778681E+01
  -.25000000E+01  .18647941E+01
  -.24500000E+01  .18516338E+01
  -.24000000E+01  .18383856E+01
  -.23500000E+01  .18250479E+01
  -.23000000E+01  .18116189E+01
  -.22500000E+01  .17980967E+01
  -.22000000E+01  .17844796E+01
  -.21500000E+01  .17707656E+01
  -.21000000E+01  .17569527E+01
  -.20500000E+01  .17430388E+01
  -.20000000E+01  .17290219E+01
  -.19500000E+01  .17148998E+01
  -.19000000E+01  .17006702E+01
  -.18500000E+01  .16863307E+01
  -.18000000E+01  .16718790E+01
  -.17500000E+01  .16573124E+01
  -.17000000E+01  .16426285E+01
  -.16500000E+01  .16278246E+01
  -.16000000E+01  .16128977E+01
  -.15500000E+01  .15978451E+01
  -.15000000E+01  .15826638E+01
  -.14500000E+01  .15673505E+01
  -.14000000E+01  .15519021E+01
  -.13500000E+01  .15363152E+01
  -.13000000E+01  .15205863E+01
  -.12500000E+01  .15047118E+01
  -.12000000E+01  .14886878E+01
  -.11500000E+01  .14725104E+01
  -.11000000E+01  .14561754E+01
  -.10500000E+01  .14396787E+01
  -.10000000E+01  .14230157E+01
  -.95000000E+00  .14061817E+01
  -.90000000E+00  .13891719E+01
  -.85000000E+00  .13719812E+01
  -.80000000E+00  .13546042E+01
  -.75000000E+00  .13370353E+01
  -.70000000E+00  .13192687E+01
  -.65000000E+00  .13012983E+01
  -.60000000E+00  .12831176E+01
  -.55000000E+00  .12647200E+01
  -.50000000E+00  .12460982E+01
  -.45000000E+00  .12272449E+01
  -.40000000E+00  .12081523E+01
  -.35000000E+00  .11888121E+01
  -.30000000E+00  .11692156E+01
  -.25000000E+00  .11493537E+01
  -.20000000E+00  .11292167E+01
  -.15000000E+00  .11087943E+01
  -.10000000E+00  .10880759E+01
  -.50000000E-01  .10670499E+01
  -.22898350E-14  .10457043E+01
   .50000000E-01  .10240263E+01
   .10000000E+00  .10020020E+01
   .15000000E+00  .97961718E+00
   .20000000E+00  .95685628E+00
   .25000000E+00  .93370288E+00
   .30000000E+00  .91013944E+00
   .35000000E+00  .88614723E+00
   .40000000E+00  .86170622E+00
   .45000000E+00  .83679493E+00
   .50000000E+00  .81139036E+00
   .55000000E+00  .78546778E+00
   .60000000E+00  .75900058E+00
   .65000000E+00  .73196012E+00
   .70000000E+00  .70431547E+00
   .75000000E+00  .67603320E+00
   .80000000E+00  .64707708E+00
   .85000000E+00  .61740784E+00
   .90000000E+00  .58698277E+00
   .95000000E+00  .55575534E+00
   .10000000E+01  .52367478E+00
   .10500000E+01  .49068552E+00
   .11000000E+01  .45672666E+00
   .11500000E+01  .42173123E+00
   .12000000E+01  .38562545E+00
   .12500000E+01  .34832781E+00
   .13000000E+01  .30974798E+00
   .13500000E+01  .26978561E+00
   .14000000E+01  .22832883E+00
   .14500000E+01  .18525254E+00
   .15000000E+01  .14041635E+00
   .15500000E+01  .93662138E-01
   .16000000E+01  .44811140E-01
   .16500000E+01 -.63396230E-02
   .17000000E+01 -.60021613E-01
   .17500000E+01 -.11650002E+00
   .18000000E+01 -.17608022E+00
   .18500000E+01 -.23911574E+00
   .19000000E+01 -.30601824E+00
   .19500000E+01 -.37727010E+00
   .20000000E+01 -.45344038E+00
Potential  L  =        4.00000    .00000
  -.30000000E+01  .19920646E+01
  -.29500000E+01  .19797065E+01
  -.29000000E+01  .19672731E+01
  -.28500000E+01  .19547672E+01
  -.28000000E+01  .19421841E+01
  -.27500000E+01  .19295244E+01
  -.27000000E+01  .19167878E+01
  -.26500000E+01  .19039693E+01
  -.26000000E+01  .18910720E+01
  -.25500000E+01  .18780895E+01
  -.25000000E+01  .18650240E+01
  -.24500000E+01  .18518739E+01
  -.24000000E+01  .18386342E+01
  -.23500000E+01  .18253066E+01
  -.23000000E+01  .18118884E+01
  -.22500000E+01  .17983775E+01
  -.22000000E+01  .17847720E+01
  -.21500000E+01  .17710707E+01
  -.21000000E+01  .17572720E+01
  -.20500000E+01  .17433719E+01
  -.20000000E+01  .17293697E+01
  -.19500000E+01  .17152624E+01
  -.19000000E+01  .17010499E+01
  -.18500000E+01  .16867268E+01
  -.18000000E+01  .16722934E+01
  -.17500000E+01  .16577463E+01
  -.17000000E+01  .16430829E+01
  -.16500000E+01  .16283008E+01
  -.16000000E+01  .16133978E+01
  -.15500000E+01  .15983685E+01
  -.15000000E+01  .15832126E+01
  -.14500000E+01  .15679267E+01
  -.14000000E+01  .15525073E+01
  -.13500000E+01  .15369509E+01
  -.13000000E+01  .15212544E+01
  -.12500000E+01  .15054142E+01
  -.12000000E+01  .14894266E+01
  -.11500000E+01  .14732885E+01
  -.11000000E+01  .14569939E+01
  -.10500000E+01  .14405413E+01
  -.10000000E+01  .14239246E+01
  -.95000000E+00  .14071390E+01
  -.90000000E+00  .13901818E+01
  -.85000000E+00  .13730472E+01
  -.80000000E+00  .13557295E+01
  -.75000000E+00  .13382230E+01
  -.70000000E+00  .13205237E+01
  -.65000000E+00  .13026253E+01
  -.60000000E+00  .12845215E+01
  -.55000000E+00  .12662048E+01
  -.50000000E+00  .12476704E+01
  -.45000000E+00  .12289103E+01
  -.40000000E+00  .12099174E+01
  -.35000000E+00  .11906838E+01
  -.30000000E+00  .11712018E+01
  -.25000000E+00  .11514621E+01
  -.20000000E+00  .11314563E+01
  -.15000000E+00  .11111747E+01
  -.10000000E+00  .10906074E+01
  -.50000000E-01  .10697438E+01
  -.22898350E-14  .10485728E+01
   .50000000E-01  .10270826E+01
   .10000000E+00  .10052607E+01
   .15000000E+00  .98309396E+00
   .20000000E+00  .96056836E+00
   .25000000E+00  .93766903E+00
   .30000000E+00  .91438017E+00
   .35000000E+00  .89068500E+00
   .40000000E+00  .86656564E+00
   .45000000E+00  .84200300E+00
   .50000000E+00  .81697671E+00
   .55000000E+00  .79146507E+00
   .60000000E+00  .76544477E+00
   .65000000E+00  .73889085E+00
   .70000000E+00  .71177656E+00
   .75000000E+00  .68407311E+00
   .80000000E+00  .65574955E+00
   .85000000E+00  .62677252E+00
   .90000000E+00  .59710596E+00
   .95000000E+00  .56671095E+00
   .10000000E+01  .53554528E+00
   .10500000E+01  .50356315E+00
   .11000000E+01  .47071477E+00
   .11500000E+01  .43694590E+00
   .12000000E+01  .40219734E+00
   .12500000E+01  .36640433E+00
   .13000000E+01  .32949583E+00
   .13500000E+01  .29139379E+00
   .14000000E+01  .25201237E+00
   .14500000E+01  .21125667E+00
   .15000000E+01  .16902142E+00
   .15500000E+01  .12518993E+00
   .16000000E+01  .79632211E-01
   .16500000E+01  .32202886E-01
   .17000000E+01 -.17260893E-01
   .17500000E+01 -.68942394E-01
   .18000000E+01 -.12304860E+00
   .18500000E+01 -.17981411E+00
   .19000000E+01 -.23950614E+00
   .19500000E+01 -.30243016E+00
   .20000000E+01 -.36893739E+00
KBPotential  L  =       .00000  -4.93477
  -.30000000E+01  .14524713E+01
  -.29500000E+01  .14270476E+01
  -.29000000E+01  .13994085E+01
  -.28500000E+01  .13687816E+01
  -.28000000E+01  .13339571E+01
  -.27500000E+01  .12929246E+01
  -.27000000E+01  .12420764E+01
  -.26500000E+01  .11742224E+01
  -.26000000E+01  .10726638E+01
  -.25500000E+01  .88768791E+00
  -.25000000E+01  .37514442E+00
  -.24500000E+01 -.43987008E+02
  -.24000000E+01  .23863654E+01
  -.23500000E+01  .18385095E+01
  -.23000000E+01  .16460226E+01
  -.22500000E+01  .15406814E+01
  -.22000000E+01  .14698071E+01
  -.21500000E+01  .14159666E+01
  -.21000000E+01  .13717152E+01
  -.20500000E+01  .13333356E+01
  -.20000000E+01  .12987620E+01
  -.19500000E+01  .12667518E+01
  -.19000000E+01  .12365105E+01
  -.18500000E+01  .12075043E+01
  -.18000000E+01  .11793592E+01
  -.17500000E+01  .11518037E+01
  -.17000000E+01  .11246339E+01
  -.16500000E+01  .10976924E+01
  -.16000000E+01  .10708539E+01
  -.15500000E+01  .10440161E+01
  -.15000000E+01  .10170930E+01
  -.14500000E+01  .99001065E+00
  -.14000000E+01  .96270349E+00
  -.13500000E+01  .93511225E+00
  -.13000000E+01  .90718190E+00
  -.12500000E+01  .87886021E+00
  -.12000000E+01  .85009659E+00
  -.11500000E+01  .82084109E+00
  -.11000000E+01  .79104357E+00
  -.10500000E+01  .76065295E+00
  -.10000000E+01  .72961648E+00
  -.95000000E+00  .69787902E+00
  -.90000000E+00  .66538245E+00
  -.85000000E+00  .63206486E+00
  -.80000000E+00  .59785990E+00
  -.75000000E+00  .56269583E+00
  -.70000000E+00  .52649460E+00
  -.65000000E+00  .48917108E+00
  -.60000000E+00  .45063160E+00
  -.55000000E+00  .41077265E+00
  -.50000000E+00  .36947926E+00
  -.45000000E+00  .32662321E+00
  -.40000000E+00  .28206080E+00
  -.35000000E+00  .23563009E+00
  -.30000000E+00  .18714781E+00
  -.25000000E+00  .13640527E+00
  -.20000000E+00  .83163868E-01
  -.15000000E+00  .27149019E-01
  -.10000000E+00 -.31957037E-01
  -.50000000E-01 -.94524156E-01
  -.22898350E-14 -.16098631E+00
   .50000000E-01 -.23185582E+00
   .10000000E+00 -.30774257E+00
   .15000000E+00 -.38937906E+00
   .20000000E+00 -.47765276E+00
   .25000000E+00 -.57365014E+00
   .30000000E+00 -.67871689E+00
   .35000000E+00 -.79454055E+00
   .40000000E+00 -.92326747E+00
   .45000000E+00 -.10676716E+01
   .50000000E+00 -.12314033E+01
   .55000000E+00 -.14193677E+01
   .60000000E+00 -.16383167E+01
   .65000000E+00 -.18978119E+01
   .70000000E+00 -.22118619E+01
   .75000000E+00 -.26018540E+01
   .80000000E+00 -.31021584E+01
   .85000000E+00 -.37717597E+01
   .90000000E+00 -.47211257E+01
   .95000000E+00 -.61840964E+01
   .10000000E+01 -.87569409E+01
   .10500000E+01 -.14545007E+02
   .11000000E+01 -.40163712E+02
   .11500000E+01  .56151905E+02
   .12000000E+01  .16725153E+02
   .12500000E+01  .98559340E+01
   .13000000E+01  .69808553E+01
   .13500000E+01  .53878353E+01
   .14000000E+01  .43663913E+01
   .14500000E+01  .36486680E+01
   .15000000E+01  .31111439E+01
   .15500000E+01  .26889144E+01
   .16000000E+01  .23445684E+01
   .16500000E+01  .20549853E+01
   .17000000E+01  .18050702E+01
   .17500000E+01  .15845098E+01
   .18000000E+01  .13859812E+01
   .18500000E+01  .12041018E+01
   .19000000E+01  .10347840E+01
   .19500000E+01  .87482677E+00
   .20000000E+01  .72163983E+00
KBPotential  L  =      1.00000  -2.75106
  -.30000000E+01  .15527831E+01
  -.29500000E+01  .15353411E+01
  -.29000000E+01  .15176159E+01
  -.28500000E+01  .14995891E+01
  -.28000000E+01  .14812401E+01
  -.27500000E+01  .14625461E+01
  -.27000000E+01  .14434808E+01
  -.26500000E+01  .14240150E+01
  -.26000000E+01  .14041148E+01
  -.25500000E+01  .13837416E+01
  -.25000000E+01  .13628507E+01
  -.24500000E+01  .13413901E+01
  -.24000000E+01  .13192989E+01
  -.23500000E+01  .12965049E+01
  -.23000000E+01  .12729224E+01
  -.22500000E+01  .12484480E+01
  -.22000000E+01  .12229561E+01
  -.21500000E+01  .11962920E+01
  -.21000000E+01  .11682633E+01
  -.20500000E+01  .11386268E+01
  -.20000000E+01  .11070704E+01
  -.19500000E+01  .10731863E+01
  -.19000000E+01  .10364309E+01
  -.18500000E+01  .99606187E+00
  -.18000000E+01  .95103776E+00
  -.17500000E+01  .89984899E+00
  -.17000000E+01  .84021945E+00
  -.16500000E+01  .76854696E+00
  -.16000000E+01  .67876858E+00
  -.15500000E+01  .55982170E+00
  -.15000000E+01  .38914076E+00
  -.14500000E+01  .11243497E+00
  -.14000000E+01 -.44233356E+00
  -.13500000E+01 -.22625083E+01
  -.13000000E+01  .18979156E+02
  -.12500000E+01  .34332783E+01
  -.12000000E+01  .22877472E+01
  -.11500000E+01  .18537230E+01
  -.11000000E+01  .16173343E+01
  -.10500000E+01  .14633556E+01
  -.10000000E+01  .13514208E+01
  -.95000000E+00  .12637167E+01
  -.90000000E+00  .11911571E+01
  -.85000000E+00  .11286155E+01
  -.80000000E+00  .10729756E+01
  -.75000000E+00  .10222295E+01
  -.70000000E+00  .97502071E+00
  -.65000000E+00  .93039629E+00
  -.60000000E+00  .88766344E+00
  -.55000000E+00  .84630283E+00
  -.50000000E+00  .80591399E+00
  -.45000000E+00  .76617995E+00
  -.40000000E+00  .72684323E+00
  -.35000000E+00  .68768942E+00
  -.30000000E+00  .64853523E+00
  -.25000000E+00  .60922024E+00
  -.20000000E+00  .56960050E+00
  -.15000000E+00  .52954346E+00
  -.10000000E+00  .48892429E+00
  -.50000000E-01  .44762274E+00
  -.22898350E-14  .40552054E+00
   .50000000E-01  .36249904E+00
   .10000000E+00  .31843721E+00
   .15000000E+00  .27320965E+00
   .20000000E+00  .22668458E+00
   .25000000E+00  .17872179E+00
   .30000000E+00  .12917069E+00
   .35000000E+00  .77867832E-01
   .40000000E+00  .24634546E-01
   .45000000E+00 -.30726350E-01
   .50000000E+00 -.88433586E-01
   .55000000E+00 -.14873185E+00
   .60000000E+00 -.21189608E+00
   .65000000E+00 -.27823748E+00
   .70000000E+00 -.34811019E+00
   .75000000E+00 -.42191968E+00
   .80000000E+00 -.50013312E+00
   .85000000E+00 -.58329233E+00
   .90000000E+00 -.67202948E+00
   .95000000E+00 -.76708765E+00
   .10000000E+01 -.86934685E+00
   .10500000E+01 -.97985749E+00
   .11000000E+01 -.10998843E+01
   .11500000E+01 -.12309645E+01
   .12000000E+01 -.13749863E+01
   .12500000E+01 -.15342949E+01
   .13000000E+01 -.17118412E+01
   .13500000E+01 -.19113913E+01
   .14000000E+01 -.21378294E+01
   .14500000E+01 -.23976066E+01
   .15000000E+01 -.26994264E+01
   .15500000E+01 -.30553203E+01
   .16000000E+01 -.34824111E+01
   .16500000E+01 -.40059248E+01
   .17000000E+01 -.46646288E+01
   .17500000E+01 -.55213290E+01
   .18000000E+01 -.66849276E+01
   .18500000E+01 -.83622203E+01
   .19000000E+01 -.10999787E+02
   .19500000E+01 -.15773435E+02
   .20000000E+01 -.27103519E+02
KBPotential  L  =      2.00000   -.29905
  -.30000000E+01  .16711329E+01
  -.29500000E+01  .16558594E+01
  -.29000000E+01  .16404346E+01
  -.28500000E+01  .16248537E+01
  -.28000000E+01  .16091118E+01
  -.27500000E+01  .15932035E+01
  -.27000000E+01  .15771232E+01
  -.26500000E+01  .15608653E+01
  -.26000000E+01  .15444232E+01
  -.25500000E+01  .15277906E+01
  -.25000000E+01  .15109604E+01
  -.24500000E+01  .14939250E+01
  -.24000000E+01  .14766768E+01
  -.23500000E+01  .14592071E+01
  -.23000000E+01  .14415070E+01
  -.22500000E+01  .14235669E+01
  -.22000000E+01  .14053808E+01
  -.21500000E+01  .13869289E+01
  -.21000000E+01  .13682037E+01
  -.20500000E+01  .13491927E+01
  -.20000000E+01  .13298821E+01
  -.19500000E+01  .13102569E+01
  -.19000000E+01  .12903060E+01
  -.18500000E+01  .12700021E+01
  -.18000000E+01  .12493314E+01
  -.17500000E+01  .12282732E+01
  -.17000000E+01  .12068051E+01
  -.16500000E+01  .11849023E+01
  -.16000000E+01  .11625379E+01
  -.15500000E+01  .11396820E+01
  -.15000000E+01  .11163017E+01
  -.14500000E+01  .10923607E+01
  -.14000000E+01  .10678184E+01
  -.13500000E+01  .10426296E+01
  -.13000000E+01  .10167439E+01
  -.12500000E+01  .99010445E+00
  -.12000000E+01  .96264712E+00
  -.11500000E+01  .93429929E+00
  -.11000000E+01  .90497824E+00
  -.10500000E+01  .87458931E+00
  -.10000000E+01  .84302356E+00
  -.95000000E+00  .81015495E+00
  -.90000000E+00  .77583680E+00
  -.85000000E+00  .73989770E+00
  -.80000000E+00  .70213316E+00
  -.75000000E+00  .66230379E+00
  -.70000000E+00  .62011709E+00
  -.65000000E+00  .57522292E+00
  -.60000000E+00  .52719093E+00
  -.55000000E+00  .47549428E+00
  -.50000000E+00  .41945482E+00
  -.45000000E+00  .35822765E+00
  -.40000000E+00  .29072020E+00
  -.35000000E+00  .21548410E+00
  -.30000000E+00  .13058715E+00
  -.25000000E+00  .33364202E-01
  -.20000000E+00 -.79952803E-01
  -.15000000E+00 -.21488439E+00
  -.10000000E+00 -.37984568E+00
  -.50000000E-01 -.58836297E+00
  -.22898350E-14 -.86355443E+00
   .50000000E-01 -.12486676E+01
   .10000000E+00 -.18349372E+01
   .15000000E+00 -.28536592E+01
   .20000000E+00 -.51129296E+01
   .25000000E+00 -.14771289E+02
   .30000000E+00  .24238337E+02
   .35000000E+00  .73189371E+01
   .40000000E+00  .45013162E+01
   .45000000E+00  .33272336E+01
   .50000000E+00  .26746798E+01
   .55000000E+00  .22533987E+01
   .60000000E+00  .19546510E+01
   .65000000E+00  .17284750E+01
   .70000000E+00  .15487101E+01
   .75000000E+00  .14003165E+01
   .80000000E+00  .12740288E+01
   .85000000E+00  .11638201E+01
   .90000000E+00  .10655959E+01
   .95000000E+00  .97647022E+00
   .10000000E+01  .89434613E+00
   .10500000E+01  .81765767E+00
   .11000000E+01  .74520649E+00
   .11500000E+01  .67605507E+00
   .12000000E+01  .60945432E+00
   .12500000E+01  .54479346E+00
   .13000000E+01  .48156419E+00
   .13500000E+01  .41933766E+00
   .14000000E+01  .35773619E+00
   .14500000E+01  .29643030E+00
   .15000000E+01  .23512356E+00
   .15500000E+01  .17354539E+00
   .16000000E+01  .11143055E+00
   .16500000E+01  .48532047E-01
   .17000000E+01 -.15394085E-01
   .17500000E+01 -.80592501E-01
   .18000000E+01 -.14731331E+00
   .18500000E+01 -.21581764E+00
   .19000000E+01 -.28637290E+00
   .19500000E+01 -.35927233E+00
   .20000000E+01 -.43482829E+00
KBPotential  L  =      3.00000    .00000
  -.30000000E+01  .18194476E+01
  -.29500000E+01  .18057454E+01
  -.29000000E+01  .17919410E+01
  -.28500000E+01  .17780321E+01
  -.28000000E+01  .17640164E+01
  -.27500000E+01  .17498914E+01
  -.27000000E+01  .17356548E+01
  -.26500000E+01  .17213038E+01
  -.26000000E+01  .17068357E+01
  -.25500000E+01  .16922477E+01
  -.25000000E+01  .16775370E+01
  -.24500000E+01  .16627004E+01
  -.24000000E+01  .16477348E+01
  -.23500000E+01  .16326369E+01
  -.23000000E+01  .16174034E+01
  -.22500000E+01  .16020305E+01
  -.22000000E+01  .15865146E+01
  -.21500000E+01  .15708519E+01
  -.21000000E+01  .15550382E+01
  -.20500000E+01  .15390693E+01
  -.20000000E+01  .15229408E+01
  -.19500000E+01  .15066481E+01
  -.19000000E+01  .14901863E+01
  -.18500000E+01  .14735503E+01
  -.18000000E+01  .14567349E+01
  -.17500000E+01  .14397344E+01
  -.17000000E+01  .14225430E+01
  -.16500000E+01  .14051545E+01
  -.16000000E+01  .13875624E+01
  -.15500000E+01  .13697600E+01
  -.15000000E+01  .13517401E+01
  -.14500000E+01  .13334951E+01
  -.14000000E+01  .13150170E+01
  -.13500000E+01  .12962974E+01
  -.13000000E+01  .12773273E+01
  -.12500000E+01  .12580974E+01
  -.12000000E+01  .12385977E+01
  -.11500000E+01  .12188175E+01
  -.11000000E+01  .11987457E+01
  -.10500000E+01  .11783702E+01
  -.10000000E+01  .11576783E+01
  -.95000000E+00  .11366565E+01
  -.90000000E+00  .11152903E+01
  -.85000000E+00  .10935644E+01
  -.80000000E+00  .10714620E+01
  -.75000000E+00  .10489656E+01
  -.70000000E+00  .10260562E+01
  -.65000000E+00  .10027134E+01
  -.60000000E+00  .97891522E+00
  -.55000000E+00  .95463803E+00
  -.50000000E+00  .92985630E+00
  -.45000000E+00  .90454243E+00
  -.40000000E+00  .87866652E+00
  -.35000000E+00  .85219608E+00
  -.30000000E+00  .82509581E+00
  -.25000000E+00  .79732722E+00
  -.20000000E+00  .76884828E+00
  -.15000000E+00  .73961295E+00
  -.10000000E+00  .70957074E+00
  -.50000000E-01  .67866609E+00
  -.22898350E-14  .64683772E+00
   .50000000E-01  .61401786E+00
   .10000000E+00  .58013133E+00
   .15000000E+00  .54509451E+00
   .20000000E+00  .50881405E+00
   .25000000E+00  .47118541E+00
   .30000000E+00  .43209107E+00
   .35000000E+00  .39139844E+00
   .40000000E+00  .34895755E+00
   .45000000E+00  .30459752E+00
   .50000000E+00  .25812315E+00
   .55000000E+00  .20931029E+00
   .60000000E+00  .15790019E+00
   .65000000E+00  .10359243E+00
   .70000000E+00  .46036187E-01
   .75000000E+00 -.15180969E-01
   .80000000E+00 -.80547345E-01
   .85000000E+00 -.15064551E+00
   .90000000E+00 -.22617643E+00
   .95000000E+00 -.30799114E+00
   .10000000E+01 -.39713373E+00
   .10500000E+01 -.49489926E+00
   .11000000E+01 -.60291466E+00
   .11500000E+01 -.72325244E+00
   .12000000E+01 -.85859510E+00
   .12500000E+01 -.10124778E+01
   .13000000E+01 -.11896571E+01
   .13500000E+01 -.13966897E+01
   .14000000E+01 -.16428734E+01
   .14500000E+01 -.19418494E+01
   .15000000E+01 -.23144748E+01
   .15500000E+01 -.27943256E+01
   .16000000E+01 -.34391396E+01
   .16500000E+01 -.43573251E+01
   .17000000E+01 -.57791843E+01
   .17500000E+01 -.82952475E+01
   .18000000E+01 -.14012938E+02
   .18500000E+01 -.40168739E+02
   .19000000E+01  .51699169E+02
   .19500000E+01  .16187392E+02
   .20000000E+01  .97292065E+01
KBPotential  L  =      4.00000    .00000
  -.30000000E+01  .19920646E+01
  -.29500000E+01  .19797065E+01
  -.29000000E+01  .19672731E+01
  -.28500000E+01  .19547672E+01
  -.28000000E+01  .19421841E+01
  -.27500000E+01  .19295244E+01
  -.27000000E+01  .19167878E+01
  -.26500000E+01  .19039693E+01
  -.26000000E+01  .18910720E+01
  -.25500000E+01  .18780895E+01
  -.25000000E+01  .18650240E+01
  -.24500000E+01  .18518739E+01
  -.24000000E+01  .18386342E+01
  -.23500000E+01  .18253066E+01
  -.23000000E+01  .18118884E+01
  -.22500000E+01  .17983775E+01
  -.22000000E+01  .17847720E+01
  -.21500000E+01  .17710707E+01
  -.21000000E+01  .17572720E+01
  -.20500000E+01  .17433719E+01
  -.20000000E+01  .17293697E+01
  -.19500000E+01  .17152624E+01
  -.19000000E+01  .17010499E+01
  -.18500000E+01  .16867268E+01
  -.18000000E+01  .16722934E+01
  -.17500000E+01  .16577463E+01
  -.17000000E+01  .16430829E+01
  -.16500000E+01  .16283008E+01
  -.16000000E+01  .16133978E+01
  -.15500000E+01  .15983685E+01
  -.15000000E+01  .15832126E+01
  -.14500000E+01  .15679267E+01
  -.14000000E+01  .15525073E+01
  -.13500000E+01  .15369509E+01
  -.13000000E+01  .15212544E+01
  -.12500000E+01  .15054142E+01
  -.12000000E+01  .14894266E+01
  -.11500000E+01  .14732885E+01
  -.11000000E+01  .14569939E+01
  -.10500000E+01  .14405413E+01
  -.10000000E+01  .14239246E+01
  -.95000000E+00  .14071390E+01
  -.90000000E+00  .13901818E+01
  -.85000000E+00  .13730472E+01
  -.80000000E+00  .13557295E+01
  -.75000000E+00  .13382230E+01
  -.70000000E+00  .13205237E+01
  -.65000000E+00  .13026253E+01
  -.60000000E+00  .12845215E+01
  -.55000000E+00  .12662048E+01
  -.50000000E+00  .12476704E+01
  -.45000000E+00  .12289103E+01
  -.40000000E+00  .12099174E+01
  -.35000000E+00  .11906838E+01
  -.30000000E+00  .11712018E+01
  -.25000000E+00  .11514621E+01
  -.20000000E+00  .11314563E+01
  -.15000000E+00  .11111747E+01
  -.10000000E+00  .10906074E+01
  -.50000000E-01  .10697438E+01
  -.22898350E-14  .10485728E+01
   .50000000E-01  .10270826E+01
   .10000000E+00  .10052607E+01
   .15000000E+00  .98309396E+00
   .20000000E+00  .96056836E+00
   .25000000E+00  .93766903E+00
   .30000000E+00  .91438017E+00
   .35000000E+00  .89068500E+00
   .40000000E+00  .86656564E+00
   .45000000E+00  .84200300E+00
   .50000000E+00  .81697671E+00
   .55000000E+00  .79146507E+00
   .60000000E+00  .76544477E+00
   .65000000E+00  .73889085E+00
   .70000000E+00  .71177656E+00
   .75000000E+00  .68407311E+00
   .80000000E+00  .65574955E+00
   .85000000E+00  .62677252E+00
   .90000000E+00  .59710596E+00
   .95000000E+00  .56671095E+00
   .10000000E+01  .53554528E+00
   .10500000E+01  .50356315E+00
   .11000000E+01  .47071477E+00
   .11500000E+01  .43694590E+00
   .12000000E+01  .40219734E+00
   .12500000E+01  .36640433E+00
   .13000000E+01  .32949583E+00
   .13500000E+01  .29139379E+00
   .14000000E+01  .25201237E+00
   .14500000E+01  .21125667E+00
   .15000000E+01  .16902142E+00
   .15500000E+01  .12518993E+00
   .16000000E+01  .79632211E-01
   .16500000E+01  .32202886E-01
   .17000000E+01 -.17260893E-01
   .17500000E+01 -.68942394E-01
   .18000000E+01 -.12304860E+00
   .18500000E+01 -.17981411E+00
   .19000000E+01 -.23950614E+00
   .19500000E+01 -.30243016E+00
   .20000000E+01 -.36893739E+00
