Ba: 5s5p6s                              
  .500954500E-01  .508272082E-01  .515696112E-01  .523228130E-01  .530869696E-01
  .538622394E-01  .546487829E-01  .554467630E-01  .562563449E-01  .570776961E-01
  .579109865E-01  .587563887E-01  .596140773E-01  .604842298E-01  .613670260E-01
  .622626483E-01  .631712818E-01  .640931141E-01  .650283357E-01  .659771395E-01
  .669397214E-01  .679162800E-01  .689070168E-01  .699121360E-01  .709318449E-01
  .719663536E-01  .730158753E-01  .740806262E-01  .751608256E-01  .762566958E-01
  .773684624E-01  .784963541E-01  .796406030E-01  .808014443E-01  .819791167E-01
  .831738622E-01  .843859262E-01  .856155578E-01  .868630093E-01  .881285369E-01
  .894124002E-01  .907148626E-01  .920361912E-01  .933766568E-01  .947365341E-01
  .961161018E-01  .975156425E-01  .989354425E-01  .100375793E+00  .101836987E+00
  .103319326E+00  .104823111E+00  .106348650E+00  .107896255E+00  .109466241E+00
  .111058930E+00  .112674646E+00  .114313720E+00  .115976484E+00  .117663280E+00
  .119374449E+00  .121110341E+00  .122871310E+00  .124657713E+00  .126469915E+00
  .128308284E+00  .130173193E+00  .132065023E+00  .133984156E+00  .135930984E+00
  .137905902E+00  .139909309E+00  .141941613E+00  .144003226E+00  .146094566E+00
  .148216056E+00  .150368125E+00  .152551211E+00  .154765754E+00  .157012202E+00
  .159291010E+00  .161602638E+00  .163947553E+00  .166326229E+00  .168739146E+00
  .171186790E+00  .173669655E+00  .176188241E+00  .178743057E+00  .181334615E+00
  .183963439E+00  .186630056E+00  .189335003E+00  .192078824E+00  .194862070E+00
  .197685300E+00  .200549080E+00  .203453984E+00  .206400596E+00  .209389506E+00
  .212421311E+00  .215496620E+00  .218616048E+00  .221780218E+00  .224989762E+00
  .228245323E+00  .231547549E+00  .234897101E+00  .238294645E+00  .241740860E+00
  .245236431E+00  .248782055E+00  .252378437E+00  .256026293E+00  .259726348E+00
  .263479336E+00  .267286003E+00  .271147104E+00  .275063405E+00  .279035683E+00
  .283064723E+00  .287151323E+00  .291296292E+00  .295500449E+00  .299764625E+00
  .304089663E+00  .308476414E+00  .312925745E+00  .317438533E+00  .322015665E+00
  .326658043E+00  .331366581E+00  .336142203E+00  .340985848E+00  .345898466E+00
  .350881021E+00  .355934490E+00  .361059863E+00  .366258143E+00  .371530346E+00
  .376877504E+00  .382300661E+00  .387800875E+00  .393379219E+00  .399036780E+00
  .404774660E+00  .410593976E+00  .416495860E+00  .422481457E+00  .428551931E+00
  .434708459E+00  .440952234E+00  .447284466E+00  .453706381E+00  .460219219E+00
  .466824241E+00  .473522721E+00  .480315951E+00  .487205241E+00  .494191917E+00
  .501277324E+00  .508462824E+00  .515749797E+00  .523139643E+00  .530633777E+00
  .538233636E+00  .545940674E+00  .553756366E+00  .561682204E+00  .569719701E+00
  .577870391E+00  .586135826E+00  .594517579E+00  .603017245E+00  .611636438E+00
  .620376794E+00  .629239971E+00  .638227647E+00  .647341523E+00  .656583323E+00
  .665954790E+00  .675457695E+00  .685093826E+00  .694864999E+00  .704773051E+00
  .714819844E+00  .725007263E+00  .735337218E+00  .745811642E+00  .756432497E+00
  .767201765E+00  .778121456E+00  .789193608E+00  .800420280E+00  .811803561E+00
  .823345567E+00  .835048438E+00  .846914344E+00  .858945482E+00  .871144075E+00
  .883512376E+00  .896052667E+00  .908767258E+00  .921658488E+00  .934728726E+00
  .947980370E+00  .961415849E+00  .975037622E+00  .988848179E+00  .100285004E+01
  .101704576E+01  .103143793E+01  .104602915E+01  .106082208E+01  .107581941E+01
  .109102384E+01  .110643813E+01  .112206505E+01  .113790743E+01  .115396812E+01
  .117025001E+01  .118675601E+01  .120348909E+01  .122045224E+01  .123764849E+01
  .125508091E+01  .127275261E+01  .129066673E+01  .130882644E+01  .132723498E+01
  .134589559E+01  .136481158E+01  .138398628E+01  .140342307E+01  .142312537E+01
  .144309663E+01  .146334036E+01  .148386010E+01  .150465943E+01  .152574197E+01
  .154711141E+01  .156877144E+01  .159072582E+01  .161297836E+01  .163553289E+01
  .165839332E+01  .168156356E+01  .170504761E+01  .172884948E+01  .175297326E+01
  .177742306E+01  .180220305E+01  .182731744E+01  .185277051E+01  .187856655E+01
  .190470994E+01  .193120508E+01  .195805644E+01  .198526852E+01  .201284589E+01
  .204079317E+01  .206911501E+01  .209781614E+01  .212690132E+01  .215637538E+01
  .218624320E+01  .221650970E+01  .224717987E+01  .227825875E+01  .230975143E+01
  .234166307E+01  .237399886E+01  .240676407E+01  .243996402E+01  .247360409E+01
  .250768970E+01  .254222635E+01  .257721959E+01  .261267503E+01  .264859833E+01
  .268499522E+01  .272187149E+01  .275923299E+01  .279708563E+01  .283543537E+01
  .287428825E+01  .291365035E+01  .295352784E+01  .299392694E+01  .303485391E+01
  .307631511E+01  .311831695E+01  .316086589E+01  .320396848E+01  .324763131E+01
  .329186105E+01  .333666443E+01  .338204825E+01  .342801937E+01  .347458472E+01
  .352175130E+01  .356952616E+01  .361791644E+01  .366692934E+01  .371657212E+01
  .376685210E+01  .381777670E+01  .386935338E+01  .392158968E+01  .397449320E+01
  .402807161E+01  .408233267E+01  .413728418E+01  .419293403E+01  .424929017E+01
  .430636061E+01  .436415346E+01  .442267686E+01  .448193906E+01  .454194835E+01
  .460271310E+01  .466424175E+01  .472654282E+01  .478962488E+01  .485349658E+01
  .491816665E+01  .498364387E+01  .504993711E+01  .511705529E+01  .518500742E+01
  .525380255E+01  .532344984E+01  .539395848E+01  .546533775E+01  .553759700E+01
  .561074564E+01  .568479315E+01  .575974907E+01  .583562303E+01  .591242470E+01
  .599016384E+01  .606885026E+01  .614849384E+01  .622910453E+01  .631069234E+01
  .639326734E+01  .647683968E+01  .656141955E+01  .664701722E+01  .673364301E+01
  .682130732E+01  .691002059E+01  .699979333E+01  .709063609E+01  .718255951E+01
  .727557427E+01  .736969109E+01  .746492078E+01  .756127417E+01  .765876216E+01
  .775739570E+01  .785718579E+01  .795814349E+01  .806027988E+01  .816360611E+01
  .826813337E+01  .837387289E+01  .848083595E+01  .858903387E+01  .869847801E+01
  .880917975E+01  .892115053E+01  .903440181E+01  .914894510E+01  .926479192E+01
  .938195384E+01  .950044243E+01  .962026931E+01  .974144612E+01  .986398451E+01
  .998789615E+01  .101131927E+02  .102398860E+02  .103679876E+02  .104975093E+02
  .106284628E+02  .107608599E+02  .108947123E+02  .110300318E+02  .111668301E+02
  .113051188E+02  .114449098E+02  .115862147E+02  .117290453E+02  .118734131E+02
  .120193299E+02  .121668073E+02  .123158568E+02  .124664901E+02  .126187186E+02
  .127725539E+02  .129280074E+02  .130850904E+02  .132438144E+02  .134041905E+02
  .135662302E+02  .137299444E+02  .138953444E+02  .140624411E+02  .142312454E+02
  .144017684E+02  .145740206E+02  .147480129E+02  .149237558E+02  .151012598E+02
  .152805354E+02  .154615927E+02  .156444419E+02  .158290932E+02  .160155563E+02
  .162038411E+02  .163939572E+02  .165859142E+02  .167797213E+02  .169753878E+02
  .171729226E+02  .173723347E+02  .175736327E+02  .177768252E+02  .179819204E+02
  .181889265E+02  .183978514E+02  .186087029E+02  .188214883E+02  .190362151E+02
  .192528902E+02  .194715204E+02  .196921124E+02  .199146725E+02  .201392066E+02
  .203657207E+02  .205942202E+02  .208247103E+02  .210571960E+02  .212916820E+02
  .215281726E+02  .217666718E+02  .220071832E+02  .222497104E+02  .224942563E+02
  .227408236E+02  .229894145E+02  .232400312E+02  .234926750E+02  .237473473E+02
  .240040489E+02  .242627800E+02  .245235407E+02  .247863305E+02  .250511486E+02
  .253179936E+02  .255868638E+02  .258577569E+02  .261306702E+02  .264056005E+02
  .266825441E+02  .269614969E+02  .272424541E+02  .275254105E+02  .278103604E+02
  .280972974E+02  .283862148E+02  .286771050E+02  .289699601E+02  .292647715E+02
  .295615300E+02  .298602259E+02  .301608487E+02  .304633875E+02  .307678305E+02
  .310741654E+02  .313823792E+02  .316924584E+02  .320043885E+02  .323181546E+02
  .326337409E+02  .329511310E+02  .332703077E+02  .335912532E+02  .339139487E+02
  .342383750E+02  .345645117E+02  .348923381E+02  .352218323E+02  .355529719E+02
  .358857335E+02  .362200931E+02  .365560255E+02  .368935051E+02  .372325052E+02
  .375729983E+02  .379149561E+02  .382583492E+02  .386031477E+02  .389493205E+02
  .392968357E+02  .396456605E+02  .399957613E+02  .403471033E+02  .406996510E+02
  .410533680E+02  .414082168E+02  .417641590E+02  .421211552E+02  .424791653E+02
  .428381478E+02  .431980607E+02  .435588606E+02  .439205034E+02  .442829439E+02
  .446461359E+02  .450100323E+02  .453745850E+02  .457397448E+02  .461054615E+02
  .464716841E+02  .468383603E+02  .472054371E+02  .475728603E+02  .479405747E+02
  .483085242E+02  .486766517E+02  .490448991E+02  .494132072E+02  .497815159E+02
  .501497641E+02  .505178898E+02  .508858299E+02  .512535205E+02  .516208965E+02
  .519878921E+02  .523544404E+02  .527204736E+02  .530859230E+02  .534507191E+02
  .538147912E+02  .541780682E+02  .545404775E+02  .549019463E+02  .552624004E+02
  .556217651E+02  .559799649E+02  .563369234E+02  .566925634E+02  .570468071E+02
  .573995758E+02  .577507902E+02  .581003704E+02  .584482357E+02  .587943049E+02
  .591384960E+02  .594807267E+02  .598209139E+02  .601589741E+02  .604948233E+02
  .608283772E+02  .611595508E+02  .614882590E+02  .618144161E+02  .621379364E+02
  .624587335E+02  .627767212E+02  .630918128E+02  .634039217E+02  .637129611E+02
  .640188441E+02  .643214838E+02  .646207933E+02  .649166859E+02  .652090751E+02
  .654978742E+02  .657829973E+02  .660643583E+02  .663418717E+02  .666154523E+02
  .668850155E+02  .671504771E+02  .674117536E+02  .676687619E+02  .679214198E+02
  .681696458E+02  .684133594E+02  .686524807E+02  .688869310E+02  .691166326E+02
  .693415087E+02  .695614840E+02  .697764841E+02  .699864362E+02  .701912688E+02
  .703909118E+02  .705852966E+02  .707743563E+02  .709580258E+02  .711362416E+02
  .713089421E+02  .714760675E+02  .716375603E+02  .717933648E+02  .719434276E+02
  .720876975E+02  .722261256E+02  .723586656E+02  .724852735E+02  .726059078E+02
  .727205299E+02  .728291038E+02  .729315963E+02  .730279772E+02  .731182192E+02
  .732022981E+02  .732801928E+02  .733518856E+02  .734173619E+02  .734766105E+02
  .735296240E+02  .735763980E+02  .736169323E+02  .736512300E+02  .736792981E+02
  .737011476E+02  .737167932E+02  .737262538E+02  .737295521E+02  .737267153E+02
  .737177745E+02  .737027652E+02  .736817273E+02  .736547049E+02  .736217468E+02
  .735829061E+02  .735382405E+02  .734878124E+02  .734316888E+02  .733699414E+02
  .733026466E+02  .732298857E+02  .731517448E+02  .730683148E+02  .729796914E+02
  .728859754E+02  .727872724E+02  .726836929E+02  .725753525E+02  .724623715E+02
  .723448756E+02  .722229949E+02  .720968651E+02  .719666262E+02  .718324235E+02
  .716944073E+02  .715527324E+02  .714075588E+02  .712590511E+02  .711073789E+02
  .709527162E+02  .707952419E+02  .706351395E+02  .704725969E+02  .703078066E+02
  .701409654E+02  .699722745E+02  .698019391E+02  .696301689E+02  .694571771E+02
  .692831811E+02  .691084022E+02  .689330650E+02  .687573978E+02  .685816323E+02
  .684060034E+02  .682307490E+02  .680561100E+02  .678823300E+02  .677096553E+02
  .675383343E+02  .673686179E+02  .672007589E+02  .670350117E+02  .668716327E+02
  .667108793E+02  .665530101E+02  .663982849E+02  .662469640E+02  .660993079E+02
  .659555777E+02  .658160341E+02  .656809377E+02  .655505485E+02  .654251253E+02
  .653049261E+02  .651902074E+02  .650812237E+02  .649782278E+02  .648814700E+02
  .647911980E+02  .647076565E+02  .646310870E+02  .645617274E+02  .644998117E+02
  .644455696E+02  .643992264E+02  .643610024E+02  .643311127E+02  .643097669E+02
  .642971685E+02  .642935151E+02  .642989975E+02  .643137998E+02  .643380985E+02
  .643720629E+02  .644158543E+02  .644696257E+02  .645335214E+02  .646076771E+02
  .646922190E+02  .647872640E+02  .648929188E+02  .650092802E+02  .651364345E+02
  .652744571E+02  .654234124E+02  .655833533E+02  .657543213E+02  .659363457E+02
  .661294439E+02  .663336206E+02  .665488680E+02  .667751654E+02  .670124789E+02
  .672607613E+02  .675199519E+02  .677899763E+02  .680707461E+02  .683621592E+02
  .686640989E+02  .689764346E+02  .692990210E+02  .696316986E+02  .699742932E+02
  .703266160E+02  .706884637E+02  .710596181E+02  .714398466E+02  .718289019E+02
  .722265222E+02  .726324310E+02  .730463377E+02  .734679371E+02  .738969100E+02
  .743329231E+02  .747756294E+02  .752246682E+02  .756796654E+02  .761402338E+02
  .766059732E+02  .770764710E+02  .775513023E+02  .780300302E+02  .785122065E+02
  .789973716E+02  .794850554E+02  .799747776E+02  .804660478E+02  .809583668E+02
  .814512262E+02  .819441097E+02  .824364932E+02  .829278455E+02  .834176291E+02
  .839053007E+02  .843903119E+02  .848721097E+02  .853501375E+02  .858238355E+02
  .862926419E+02  .867559932E+02  .872133252E+02  .876640738E+02  .881076758E+02
  .885435696E+02  .889711963E+02  .893900004E+02  .897994307E+02  .901989410E+02
  .905879914E+02  .909660488E+02  .913325881E+02  .916870929E+02  .920290566E+02
  .923579829E+02  .926733876E+02  .929747985E+02  .932617570E+02  .935338187E+02
  .937905546E+02  .940315515E+02  .942564134E+02  .944647624E+02  .946562389E+02
  .948305033E+02  .949872363E+02  .951261400E+02  .952469385E+02  .953493787E+02
  .954332312E+02  .954982911E+02  .955443783E+02  .955713386E+02  .955790442E+02
  .955673941E+02  .955363150E+02  .954857616E+02  .954157172E+02  .953261942E+02
  .952172344E+02  .950889092E+02  .949413204E+02  .947746001E+02  .945889110E+02
  .943844463E+02  .941614306E+02  .939201189E+02  .936607976E+02  .933837836E+02
  .930894248E+02  .927780996E+02  .924502168E+02  .921062151E+02  .917465632E+02
  .913717589E+02  .909823286E+02  .905788273E+02  .901618373E+02  .897319681E+02
  .892898552E+02  .888361596E+02  .883715667E+02  .878967856E+02  .874125477E+02
  .869196063E+02  .864187348E+02  .859107258E+02  .853963898E+02  .848765541E+02
  .843520612E+02  .838237674E+02  .832925413E+02  .827592625E+02  .822248198E+02
  .816901098E+02  .811560348E+02  .806235017E+02  .800934197E+02  .795666991E+02
  .790442488E+02  .785269751E+02  .780157795E+02  .775115567E+02  .770151930E+02
  .765275644E+02  .760495343E+02  .755819520E+02  .751256502E+02  .746814438E+02
  .742501275E+02  .738324738E+02  .734292314E+02  .730411233E+02  .726688446E+02
  .723130612E+02  .719744074E+02  .716534848E+02  .713508600E+02  .710670635E+02
  .708025876E+02  .705578850E+02  .703333675E+02  .701294046E+02  .699463217E+02
  .697843995E+02  .696438723E+02  .695249269E+02  .694277022E+02  .693522876E+02
  .692987224E+02  .692669953E+02  .692570435E+02  .692687524E+02  .693019552E+02
  .693564326E+02  .694319127E+02  .695280708E+02  .696445298E+02  .697808601E+02
  .699365805E+02  .701111580E+02  .703040089E+02  .705144995E+02  .707419467E+02
  .709856195E+02  .712447399E+02  .715184840E+02  .718059837E+02  .721063282E+02
  .724185655E+02  .727417044E+02  .730747163E+02  .734165370E+02  .737660694E+02
  .741221850E+02  .744837270E+02  .748495118E+02  .752183325E+02  .755889609E+02
  .759601504E+02  .763306384E+02  .766991499E+02  .770643995E+02  .774250951E+02
  .777799404E+02  .781276382E+02  .784668933E+02  .787964159E+02  .791149244E+02
  .794211488E+02  .797138335E+02  .799917411E+02  .802536547E+02  .804983818E+02
  .807247568E+02  .809316443E+02  .811179422E+02  .812825843E+02  .814245435E+02
  .815428346E+02  .816365168E+02  .817046965E+02  .817465297E+02  .817612248E+02
  .817480444E+02  .817063079E+02  .816353933E+02  .815347394E+02  .814038473E+02
  .812422825E+02  .810496758E+02  .808257250E+02  .805701962E+02  .802829243E+02
  .799638146E+02  .796128425E+02  .792300548E+02  .788155696E+02  .783695765E+02
  .778923366E+02  .773841819E+02  .768455153E+02  .762768099E+02  .756786076E+02
  .750515191E+02  .743962215E+02  .737134583E+02  .730040362E+02  .722688251E+02
  .715087547E+02  .707248135E+02  .699180457E+02  .690895497E+02  .682404743E+02
  .673720175E+02  .664854222E+02  .655819745E+02  .646629992E+02  .637298582E+02
  .627839454E+02  .618266850E+02  .608595261E+02  .598839412E+02  .589014203E+02
  .579134691E+02  .569216037E+02  .559273480E+02  .549322285E+02  .539377718E+02
  .529454994E+02  .519569252E+02  .509735500E+02  .499968594E+02  .490283183E+02
  .480693687E+02  .471214248E+02  .461858704E+02  .452640541E+02  .443572878E+02
  .434668410E+02  .425939401E+02  .417397630E+02  .409054384E+02  .400920409E+02
  .393005905E+02  .385320480E+02  .377873149E+02  .370672294E+02  .363725660E+02
  .357040324E+02  .350622696E+02  .344478488E+02  .338612719E+02  .333029690E+02
  .327732993E+02  .322725488E+02  .318009319E+02  .313585891E+02  .309455889E+02
  .305619268E+02  .302075263E+02  .298822389E+02  .295858456E+02  .293180571E+02
  .290785153E+02  .288667943E+02  .286824019E+02  .285247813E+02  .283933130E+02
  .282873165E+02  .282060526E+02  .281487260E+02  .281144879E+02  .281024385E+02
  .281116307E+02  .281410727E+02  .281897323E+02  .282565396E+02  .283403916E+02
  .284401556E+02  .285546732E+02  .286827642E+02  .288232304E+02  .289748600E+02
  .291364299E+02  .293067114E+02  .294844720E+02  .296684800E+02  .298575075E+02
  .300503340E+02  .302457494E+02  .304425577E+02  .306395794E+02  .308356556E+02
  .310296495E+02  .312204513E+02  .314069786E+02  .315881815E+02  .317630429E+02
  .319305830E+02  .320898598E+02  .322399728E+02  .323800636E+02  .325093192E+02
  .326269724E+02  .327323046E+02  .328246456E+02  .329033770E+02  .329679306E+02
  .330177919E+02  .330524983E+02  .330716417E+02  .330748672E+02  .330618744E+02
  .330324161E+02  .329862997E+02  .329233847E+02  .328435844E+02  .327468629E+02
  .326332364E+02  .325027700E+02  .323555783E+02  .321918228E+02  .320117113E+02
  .318154957E+02  .316034706E+02  .313759716E+02  .311333730E+02  .308760863E+02
  .306045576E+02  .303192662E+02  .300207217E+02  .297094620E+02  .293860514E+02
  .290510777E+02  .287051503E+02  .283488977E+02  .279829651E+02  .276080123E+02
  .272247109E+02  .268337425E+02  .264357960E+02  .260315659E+02  .256217493E+02
  .252070444E+02  .247881479E+02  .243657535E+02  .239405492E+02  .235132162E+02
  .230844260E+02  .226548399E+02  .222251060E+02  .217958589E+02  .213677168E+02
  .209412816E+02  .205171358E+02  .200958432E+02  .196779460E+02  .192639651E+02
  .188543982E+02  .184497199E+02  .180503797E+02  .176568028E+02  .172693883E+02
  .168885099E+02  .165145142E+02  .161477220E+02  .157884267E+02  .154368953E+02
  .150933678E+02  .147580576E+02  .144311515E+02  .141128101E+02  .138031680E+02
  .135023345E+02  .132103936E+02  .129274051E+02  .126534045E+02  .123884046E+02
  .121323951E+02  .118853443E+02  .116471991E+02  .114178867E+02  .111973146E+02
  .109853718E+02  .107819299E+02  .105868440E+02  .103999531E+02  .102210820E+02
  .100500412E+02  .988662883E+01  .973063102E+01  .958182320E+01  .943997086E+01
  .930483077E+01  .917615174E+01  .905367578E+01  .893713898E+01  .882627248E+01
  .872080347E+01  .862045606E+01  .852495229E+01  .843401295E+01  .834735855E+01
  .826471008E+01  .818578998E+01  .811032279E+01  .803803608E+01  .796866112E+01
  .790193350E+01  .783759379E+01  .777538845E+01  .771506996E+01  .765639788E+01
  .759913878E+01  .754306727E+01  .748796588E+01  .743362592E+01  .737984733E+01
  .732643949E+01  .727322092E+01  .722002006E+01  .716667487E+01  .711303353E+01
  .705895400E+01  .700430458E+01  .694896337E+01  .689281915E+01  .683576997E+01
  .677772497E+01  .671860231E+01  .665833079E+01  .659684829E+01  .653410279E+01
  .647005111E+01  .640465972E+01  .633790347E+01  .626976644E+01  .620024047E+01
  .612932612E+01  .605703107E+01  .598337114E+01  .590836862E+01  .583205320E+01
  .575446040E+01  .567563240E+01  .559561648E+01  .551446583E+01  .543223799E+01
  .534899566E+01  .526480510E+01  .517973698E+01  .509386475E+01  .500726554E+01
  .492001848E+01  .483220559E+01  .474391022E+01  .465521786E+01  .456621461E+01
  .447698799E+01  .438762549E+01  .429821536E+01  .420884520E+01  .411960262E+01
  .403057416E+01  .394184572E+01  .385350159E+01  .376562494E+01  .367829679E+01
  .359159660E+01  .350560128E+01  .342038575E+01  .333602198E+01  .325257966E+01
  .317012521E+01  .308872244E+01  .300843168E+01  .292931043E+01  .285141251E+01
  .277478873E+01  .269948609E+01  .262554850E+01  .255301595E+01  .248192532E+01
  .241230952E+01  .234419835E+01  .227761770E+01  .221259036E+01  .214913529E+01
  .208726846E+01  .202700211E+01  .196834564E+01  .191130495E+01  .185588292E+01
  .180207949E+01  .174989167E+01  .169931369E+01  .165033708E+01  .160295083E+01
  .155714147E+01  .151289321E+01  .147018807E+01  .142900598E+01  .138932493E+01
  .135112111E+01  .131436899E+01  .127904149E+01  .124511010E+01  .121254499E+01
  .118131513E+01  .115138842E+01  .112273179E+01  .109531133E+01  .106909237E+01
  .104403962E+01  .102011721E+01  .997288851E+00  .975517850E+00  .954767250E+00
  .934999866E+00  .916178383E+00  .898265402E+00  .881223526E+00  .865015398E+00
  .849603781E+00  .834951594E+00  .821021990E+00  .807778391E+00  .795184566E+00
  .783204666E+00  .771803302E+00  .760945587E+00  .750597208E+00  .740724471E+00
  .731294371E+00  .722274636E+00  .713633792E+00  .705341196E+00  .697367099E+00
  .689682678E+00  .682260073E+00  .675072419E+00  .668093876E+00  .661299648E+00
  .654666002E+00  .648170275E+00  .641790891E+00  .635507360E+00  .629300282E+00
  .623151341E+00  .617043305E+00  .610960018E+00  .604886386E+00  .598808374E+00
  .592712983E+00  .586588247E+00  .580423206E+00  .574207898E+00  .567933333E+00
  .561591485E+00  .555175260E+00  .548678482E+00  .542095874E+00  .535423031E+00
  .528656398E+00  .521793251E+00  .514831669E+00  .507770511E+00  .500609390E+00
  .493348646E+00  .485989325E+00  .478533143E+00  .470982463E+00  .463340265E+00
  .455610113E+00  .447796131E+00  .439902955E+00  .431935720E+00  .423900008E+00
  .415801822E+00  .407647548E+00  .399443910E+00  .391197944E+00  .382916946E+00
  .374608441E+00  .366280139E+00  .357939892E+00  .349595664E+00  .341255476E+00
  .332927380E+00  .324619412E+00  .316339558E+00  .308095721E+00  .299895679E+00
  .291747060E+00  .283657312E+00  .275633695E+00  .267683180E+00  .259812506E+00
  .252028132E+00  .244336219E+00  .236742617E+00  .229252848E+00  .221872099E+00
  .214605212E+00  .207456679E+00  .200430642E+00  .193530885E+00  .186760842E+00
  .180123594E+00  .173621875E+00  .167258080E+00  .161034269E+00  .154952174E+00
  .149013214E+00  .143218499E+00  .137568844E+00  .132064781E+00  .126706568E+00
  .121494205E+00  .116427444E+00  .111505804E+00  .106728582E+00  .102094866E+00
  .976035505E-01  .932533461E-01  .890427932E-01  .849702745E-01  .810340266E-01
  .772321516E-01  .735626284E-01  .700233237E-01  .666120022E-01  .633263365E-01
  .601639172E-01  .571222614E-01  .541988220E-01  .513909957E-01  .486961308E-01
  .461115349E-01  .436344818E-01  .412622185E-01  .389919711E-01  .368209512E-01
  .347463612E-01  .327654002E-01  .308752683E-01  .290731722E-01  .273563292E-01
  .257219715E-01  .241673508E-01  .226897412E-01  .212864438E-01  .199547894E-01
  .186921421E-01  .174959021E-01  .163635089E-01  .152924436E-01  .142802318E-01
  .133244455E-01  .124227054E-01  .115726834E-01  .107721034E-01  .100187440E-01
  .931043924E-02  .864508019E-02  .802061607E-02  .743505513E-02  .688646548E-02
  .637297568E-02  .589277519E-02  .544411465E-02  .502530600E-02  .463472240E-02
  .427079813E-02  .393202814E-02  .361696764E-02  .332423148E-02  .305249339E-02
  .280048513E-02  .256699552E-02  .235086936E-02  .215100628E-02  .196635948E-02
  .179593440E-02  .163878732E-02  .149402393E-02  .136079780E-02  .123830884E-02
  .112580177E-02  .102256443E-02  .927926260E-03  .841256586E-03  .761963050E-03
  .689489952E-03  .623316647E-03  .562955932E-03  .507952474E-03  .457881250E-03
  .412346023E-03  .370977846E-03  .333433609E-03  .299394623E-03  .268565244E-03
  .240671543E-03  .215460022E-03  .192696380E-03  .172164318E-03  .153664406E-03
  .137012987E-03  .122041135E-03  .108593667E-03  .965281952E-04  .857142296E-04
  .760323324E-04  .673733129E-04  .596374703E-04  .527338794E-04  .465797194E-04
  .410996433E-04  .362251869E-04  .318942163E-04  .280504113E-04  .246427839E-04
  .216252300E-04  .189561132E-04  .165978775E-04  .145166897E-04  .126821079E-04
  .110667753E-04  .964613836E-05  .839818689E-05  .730321522E-05  .634360309E-05
  .550361470E-05  .476921497E-05  .412790151E-05  .356855144E-05  .308128177E-05
  .265732246E-05  .228890107E-05  .196913819E-05  .169195273E-05  .145197627E-05
  .124447577E-05  .106528382E-05  .910735915E-06  .777614037E-06  .663096027E-06
  .564710206E-06  .480294771E-06  .407961508E-06  .346063413E-06  .293165848E-06
  .248020881E-06  .209544492E-06  .176796355E-06  .148961936E-06  .125336656E-06
  .105311918E-06  .883627762E-07  .740370933E-07  .619460020E-07  .517555380E-07
  .431793082E-07  .359720757E-07  .299241567E-07  .248565335E-07  .206165988E-07
  .170744557E-07  .141197067E-07  .116586694E-07  .961196853E-08  .791245518E-08
  .650341212E-08  .533700850E-08  .437297138E-08  .357744538E-08  .292201570E-08
  .238287227E-08  .194009594E-08  .157704988E-08  .127986159E-08  .103698275E-08
  .838815860E-09  .677398093E-09  .546134028E-09  .439570134E-09  .353204785E-09
  .283328516E-09  .226889926E-09  .181383315E-09  .144754712E-09  .115323410E-09
  .917165833E-10  .728148948E-10  .577073328E-10  .456537825E-10  .360540640E-10
  .284223666E-10  .223661785E-10  .175689629E-10  .137759162E-10  .107823285E-10
  .842403006E-11  .656962400E-11  .511413971E-11  .397387858E-11  .308223156E-11
  .238629219E-11  .184411920E-11  .142252863E-11  .109531665E-11  .841831858E-12
  .645830775E-12  .494562229E-12  .378036306E-12  .288441930E-12  .219683779E-12
  .167014883E-12  .126745713E-12  .960143472E-13  .726052570E-13  .548067327E-13
  .412989504E-13  .310662786E-13  .233287215E-13  .174884375E-13  .130881064E-13
  .977858933E-14  .729386109E-14  .543162011E-14  .403832276E-14  .299765655E-14
  .222168092E-14  .164403276E-14  .121472614E-14  .896180899E-15  .660195635E-15
  .485645604E-15  .356735335E-15  .261675084E-15  .191680315E-15  .140216904E-15
  .102432821E-15  .747310767E-16  .544494210E-16  .396205781E-16  .287930964E-16
  .208977370E-16  .151480067E-16  .109662386E-16  .792875580E-17  .572525989E-17
  .412880415E-17  .297362900E-17  .213882677E-17  .153632137E-17  .110203627E-17
  .789414756E-18  .564672724E-18  .403325665E-18  .287651270E-18  .204838116E-18
  .145636684E-18  .103377674E-18  .732585286E-19  .518255300E-19  .365983400E-19
  .257981431E-19  .181510519E-19  .127461177E-19  .893291163E-20  .624774325E-20
  .436058024E-20  .303691273E-20  .211039273E-20  .146323256E-20  .101218267E-20
  .698516258E-21  .480887104E-21  .330244789E-21  .226220860E-21  .154564994E-21
  .105329454E-21  .715859054E-22  .485202928E-22  .327957174E-22  .221049089E-22
  .148565731E-22  .995606514E-23  .665238268E-23  .443168353E-23  .294336586E-23
  .194888433E-23  .128640235E-23  .846446440E-24  .555184419E-24  .362972474E-24
  .236533415E-24  .153630587E-24  .994519844E-25  .641629294E-25  .412547967E-25
  .264343711E-25  .168792305E-25  .107401521E-25  .680969169E-26  .430218312E-26
  .270819565E-26  .169858086E-26  .106143366E-26  .660823323E-27  .409872908E-27
  .253261917E-27  .155895250E-27  .955924694E-28  .583885596E-28  .355247132E-28
  .215286880E-28  .129949348E-28  .781241945E-29  .467775210E-29  .278942249E-29
  .165654034E-29  .979682768E-30  .576965302E-30  .338360499E-30  .197587847E-30
  .114888406E-30  .665138805E-31  .383400856E-31  .220030605E-31  .125714894E-31
  .715069595E-32  .404903957E-32  .228234845E-32  .128062529E-32  .715247347E-33
  .397620018E-33  .220009611E-33  .121160205E-33  .664058994E-34  .362213722E-34
  .196615540E-34  .106205862E-34  .570873278E-35  .305333364E-35  .162493031E-35
  .860406376E-36  .453276539E-36  .237572301E-36  .123874915E-36  .642551379E-37
  .331551544E-37  .170174543E-37  .868800309E-38  .441172593E-38  .222813484E-38
  .111917978E-38  .559067939E-39  .277725924E-39  .137194265E-39  .673912717E-40
  .329154502E-40  .159847020E-40  .771787732E-41  .370475600E-41  .176794778E-41
  .838700400E-42  .395504302E-42  .185388038E-42  .863728721E-43  .399960437E-43
  .184068478E-43  .841866162E-44  .382636407E-44  .172817342E-44  .775575664E-45
  .345839578E-45  .153220388E-45  .674415081E-46  .294906380E-46  .128104503E-46
  .552770595E-47  .236920464E-47  .100858833E-47  .426437576E-48  .179061990E-48
  .746678830E-49  .309188011E-49  .127129264E-49  .519012734E-50  .210375621E-50
  .846589499E-51  .338209151E-51  .134124341E-51  .527976006E-52  .206290619E-52
  .799977291E-53  .307880872E-53  .117589464E-53  .445664817E-54  .167600732E-54
  .625380412E-55  .231518874E-55  .850305630E-56  .309801010E-56  .111964928E-56
  .401370043E-57  .142707143E-57  .503219779E-58  .175980071E-58  .610367510E-59
  .209989120E-59  .717079938E-60  .243964039E-60  .830440361E-61  .290738580E-61
  .109870202E-61  .519769103E-62  .392579271E-62  .000000000E+00  .000000000E+00
  .000000000E+00  .000000000E+00  .000000000E+00  .000000000E+00  .000000000E+00
  .000000000E+00  .000000000E+00  .000000000E+00  .000000000E+00  .000000000E+00
  .000000000E+00  .000000000E+00  .000000000E+00  .000000000E+00  .000000000E+00
  .000000000E+00  .000000000E+00  .000000000E+00  .000000000E+00  .000000000E+00
  .000000000E+00  .000000000E+00  .000000000E+00  .000000000E+00  .000000000E+00
  .000000000E+00  .000000000E+00  .000000000E+00  .000000000E+00  .000000000E+00
  .000000000E+00  .000000000E+00  .000000000E+00  .000000000E+00  .000000000E+00
  .000000000E+00  .000000000E+00  .000000000E+00  .000000000E+00  .000000000E+00
  .000000000E+00  .000000000E+00  .000000000E+00  .000000000E+00  .000000000E+00
  .000000000E+00  .000000000E+00  .000000000E+00  .000000000E+00  .000000000E+00
  .000000000E+00  .000000000E+00  .000000000E+00  .000000000E+00  .000000000E+00
  .000000000E+00  .000000000E+00  .000000000E+00  .000000000E+00  .000000000E+00
  .000000000E+00  .000000000E+00  .000000000E+00  .000000000E+00  .000000000E+00
  .000000000E+00  .000000000E+00  .000000000E+00  .000000000E+00  .000000000E+00
  .000000000E+00  .000000000E+00  .000000000E+00  .000000000E+00  .000000000E+00
  .000000000E+00  .000000000E+00  .000000000E+00  .000000000E+00  .000000000E+00
  .000000000E+00  .000000000E+00  .000000000E+00  .000000000E+00  .000000000E+00
  .000000000E+00  .000000000E+00  .000000000E+00  .000000000E+00  .000000000E+00
  .000000000E+00  .000000000E+00  .000000000E+00  .000000000E+00  .000000000E+00
  .000000000E+00  .000000000E+00  .000000000E+00  .000000000E+00  .000000000E+00
  .000000000E+00  .000000000E+00  .000000000E+00  .000000000E+00  .000000000E+00
  .000000000E+00  .000000000E+00  .000000000E+00  .000000000E+00  .000000000E+00
  .000000000E+00  .000000000E+00  .000000000E+00  .000000000E+00  .000000000E+00
  .000000000E+00  .000000000E+00  .000000000E+00  .000000000E+00  .000000000E+00
  .000000000E+00  .000000000E+00  .000000000E+00  .000000000E+00  .000000000E+00
  .000000000E+00  .000000000E+00  .000000000E+00  .000000000E+00  .000000000E+00
  .000000000E+00  .000000000E+00  .000000000E+00  .000000000E+00  .000000000E+00
  .000000000E+00  .000000000E+00  .000000000E+00  .000000000E+00  .000000000E+00
  .000000000E+00  .000000000E+00  .000000000E+00  .000000000E+00  .000000000E+00
  .000000000E+00  .000000000E+00  .000000000E+00  .000000000E+00  .000000000E+00
  .000000000E+00  .000000000E+00  .000000000E+00  .000000000E+00  .000000000E+00
  .000000000E+00  .000000000E+00  .000000000E+00  .000000000E+00  .000000000E+00
  .000000000E+00  .000000000E+00  .000000000E+00  .000000000E+00  .000000000E+00
  .000000000E+00  .000000000E+00  .000000000E+00  .000000000E+00  .000000000E+00
  .000000000E+00  .000000000E+00  .000000000E+00  .000000000E+00  .000000000E+00
  .000000000E+00  .000000000E+00  .000000000E+00  .000000000E+00  .000000000E+00
  .000000000E+00  .000000000E+00  .000000000E+00  .000000000E+00  .000000000E+00
  .000000000E+00  .000000000E+00  .000000000E+00  .000000000E+00  .000000000E+00
  .000000000E+00  .000000000E+00  .000000000E+00  .000000000E+00  .000000000E+00
  .000000000E+00  .000000000E+00  .000000000E+00  .000000000E+00  .000000000E+00
  .000000000E+00  .000000000E+00  .000000000E+00  .000000000E+00  .000000000E+00
  .000000000E+00  .000000000E+00  .000000000E+00  .000000000E+00  .000000000E+00
