  PAW Ru                                 
 100
Core Pot   L  =         .00000   -.31095
  -.30000000E+01  .14493659E+01
  -.29500000E+01  .14318221E+01
  -.29000000E+01  .14141181E+01
  -.28500000E+01  .13962484E+01
  -.28000000E+01  .13782073E+01
  -.27500000E+01  .13599890E+01
  -.27000000E+01  .13415877E+01
  -.26500000E+01  .13229972E+01
  -.26000000E+01  .13042114E+01
  -.25500000E+01  .12852238E+01
  -.25000000E+01  .12660276E+01
  -.24500000E+01  .12466161E+01
  -.24000000E+01  .12269820E+01
  -.23500000E+01  .12071179E+01
  -.23000000E+01  .11870163E+01
  -.22500000E+01  .11666690E+01
  -.22000000E+01  .11460678E+01
  -.21500000E+01  .11252041E+01
  -.21000000E+01  .11040687E+01
  -.20500000E+01  .10826524E+01
  -.20000000E+01  .10609452E+01
  -.19500000E+01  .10389368E+01
  -.19000000E+01  .10166166E+01
  -.18500000E+01  .99397330E+00
  -.18000000E+01  .97099501E+00
  -.17500000E+01  .94766938E+00
  -.17000000E+01  .92398339E+00
  -.16500000E+01  .89992339E+00
  -.16000000E+01  .87547498E+00
  -.15500000E+01  .85062303E+00
  -.15000000E+01  .82535158E+00
  -.14500000E+01  .79964381E+00
  -.14000000E+01  .77348195E+00
  -.13500000E+01  .74684724E+00
  -.13000000E+01  .71971983E+00
  -.12500000E+01  .69207872E+00
  -.12000000E+01  .66390163E+00
  -.11500000E+01  .63516496E+00
  -.11000000E+01  .60584366E+00
  -.10500000E+01  .57591107E+00
  -.10000000E+01  .54533885E+00
  -.95000000E+00  .51409684E+00
  -.90000000E+00  .48215284E+00
  -.85000000E+00  .44947250E+00
  -.80000000E+00  .41601912E+00
  -.75000000E+00  .38175341E+00
  -.70000000E+00  .34663332E+00
  -.65000000E+00  .31061369E+00
  -.60000000E+00  .27364605E+00
  -.55000000E+00  .23567826E+00
  -.50000000E+00  .19665415E+00
  -.45000000E+00  .15651315E+00
  -.40000000E+00  .11518980E+00
  -.35000000E+00  .72613290E-01
  -.30000000E+00  .28706867E-01
  -.25000000E+00 -.16612802E-01
  -.20000000E+00 -.63436348E-01
  -.15000000E+00 -.11186253E+00
  -.10000000E+00 -.16199916E+00
  -.50000000E-01 -.21396419E+00
  -.22898350E-14 -.26788693E+00
   .50000000E-01 -.32390944E+00
   .10000000E+00 -.38218816E+00
   .15000000E+00 -.44289582E+00
   .20000000E+00 -.50622356E+00
   .25000000E+00 -.57238349E+00
   .30000000E+00 -.64161167E+00
   .35000000E+00 -.71417158E+00
   .40000000E+00 -.79035824E+00
   .45000000E+00 -.87050308E+00
   .50000000E+00 -.95497974E+00
   .55000000E+00 -.10442111E+01
   .60000000E+00 -.11386774E+01
   .65000000E+00 -.12389269E+01
   .70000000E+00 -.13455878E+01
   .75000000E+00 -.14593836E+01
   .80000000E+00 -.15811520E+01
   .85000000E+00 -.17118681E+01
   .90000000E+00 -.18526743E+01
   .95000000E+00 -.20049173E+01
   .10000000E+01 -.21701963E+01
   .10500000E+01 -.23504247E+01
   .11000000E+01 -.25479121E+01
   .11500000E+01 -.27654714E+01
   .12000000E+01 -.30065649E+01
   .12500000E+01 -.32755024E+01
   .13000000E+01 -.35777182E+01
   .13500000E+01 -.39201629E+01
   .14000000E+01 -.43118728E+01
   .14500000E+01 -.47648148E+01
   .15000000E+01 -.52951805E+01
   .15500000E+01 -.59254301E+01
   .16000000E+01 -.66876523E+01
   .16500000E+01 -.76293434E+01
   .17000000E+01 -.88239159E+01
   .17500000E+01 -.10391169E+02
   .18000000E+01 -.12540797E+02
   .18500000E+01 -.15676190E+02
   .19000000E+01 -.20685223E+02
   .19500000E+01 -.29979725E+02
   .20000000E+01 -.53222737E+02
Potential  L  =         .00000   -.31095
  -.30000000E+01  .14552692E+01
  -.29500000E+01  .14385635E+01
  -.29000000E+01  .14216865E+01
  -.28500000E+01  .14046336E+01
  -.28000000E+01  .13873996E+01
  -.27500000E+01  .13699794E+01
  -.27000000E+01  .13523675E+01
  -.26500000E+01  .13345581E+01
  -.26000000E+01  .13165452E+01
  -.25500000E+01  .12983227E+01
  -.25000000E+01  .12798839E+01
  -.24500000E+01  .12612219E+01
  -.24000000E+01  .12423295E+01
  -.23500000E+01  .12231991E+01
  -.23000000E+01  .12038228E+01
  -.22500000E+01  .11841921E+01
  -.22000000E+01  .11642982E+01
  -.21500000E+01  .11441319E+01
  -.21000000E+01  .11236833E+01
  -.20500000E+01  .11029422E+01
  -.20000000E+01  .10818976E+01
  -.19500000E+01  .10605379E+01
  -.19000000E+01  .10388511E+01
  -.18500000E+01  .10168241E+01
  -.18000000E+01  .99444336E+00
  -.17500000E+01  .97169431E+00
  -.17000000E+01  .94856156E+00
  -.16500000E+01  .92502871E+00
  -.16000000E+01  .90107835E+00
  -.15500000E+01  .87669188E+00
  -.15000000E+01  .85184951E+00
  -.14500000E+01  .82653007E+00
  -.14000000E+01  .80071092E+00
  -.13500000E+01  .77436784E+00
  -.13000000E+01  .74747486E+00
  -.12500000E+01  .72000406E+00
  -.12000000E+01  .69192547E+00
  -.11500000E+01  .66320677E+00
  -.11000000E+01  .63381313E+00
  -.10500000E+01  .60370692E+00
  -.10000000E+01  .57284740E+00
  -.95000000E+00  .54119042E+00
  -.90000000E+00  .50868804E+00
  -.85000000E+00  .47528809E+00
  -.80000000E+00  .44093367E+00
  -.75000000E+00  .40556266E+00
  -.70000000E+00  .36910700E+00
  -.65000000E+00  .33149203E+00
  -.60000000E+00  .29263562E+00
  -.55000000E+00  .25244720E+00
  -.50000000E+00  .21082663E+00
  -.45000000E+00  .16766290E+00
  -.40000000E+00  .12283257E+00
  -.35000000E+00  .76197988E-01
  -.30000000E+00  .27605115E-01
  -.25000000E+00 -.23118955E-01
  -.20000000E+00 -.76169079E-01
  -.15000000E+00 -.13176562E+00
  -.10000000E+00 -.19015883E+00
  -.50000000E-01 -.25163418E+00
  -.22898350E-14 -.31651875E+00
   .50000000E-01 -.38518921E+00
   .10000000E+00 -.45808163E+00
   .15000000E+00 -.53570372E+00
   .20000000E+00 -.61865030E+00
   .25000000E+00 -.70762284E+00
   .30000000E+00 -.80345466E+00
   .35000000E+00 -.90714352E+00
   .40000000E+00 -.10198944E+01
   .45000000E+00 -.11431764E+01
   .50000000E+00 -.12787997E+01
   .55000000E+00 -.14290206E+01
   .60000000E+00 -.15966881E+01
   .65000000E+00 -.17854532E+01
   .70000000E+00 -.20000723E+01
   .75000000E+00 -.22468602E+01
   .80000000E+00 -.25343867E+01
   .85000000E+00 -.28745815E+01
   .90000000E+00 -.32845617E+01
   .95000000E+00 -.37897965E+01
   .10000000E+01 -.44299102E+01
   .10500000E+01 -.52701065E+01
   .11000000E+01 -.64257852E+01
   .11500000E+01 -.81223639E+01
   .12000000E+01 -.10867426E+02
   .12500000E+01 -.16093338E+02
   .13000000E+01 -.30025210E+02
   .13500000E+01 -.18629503E+03
   .14000000E+01  .45838237E+02
   .14500000E+01  .20671368E+02
   .15000000E+01  .13434521E+02
   .15500000E+01  .99891240E+01
   .16000000E+01  .79675574E+01
   .16500000E+01  .66337537E+01
   .17000000E+01  .56843288E+01
   .17500000E+01  .49713817E+01
   .18000000E+01  .44142018E+01
   .18500000E+01  .39649985E+01
   .19000000E+01  .35936694E+01
   .19500000E+01  .32803070E+01
   .20000000E+01  .30112180E+01
Core Pot   L  =        1.00000  -3.40516
  -.30000000E+01  .20077213E+01
  -.29500000E+01  .19421523E+01
  -.29000000E+01  .18874282E+01
  -.28500000E+01  .18403303E+01
  -.28000000E+01  .17987857E+01
  -.27500000E+01  .17613988E+01
  -.27000000E+01  .17271954E+01
  -.26500000E+01  .16954741E+01
  -.26000000E+01  .16657173E+01
  -.25500000E+01  .16375338E+01
  -.25000000E+01  .16106228E+01
  -.24500000E+01  .15847487E+01
  -.24000000E+01  .15597239E+01
  -.23500000E+01  .15353974E+01
  -.23000000E+01  .15116458E+01
  -.22500000E+01  .14883672E+01
  -.22000000E+01  .14654765E+01
  -.21500000E+01  .14429020E+01
  -.21000000E+01  .14205824E+01
  -.20500000E+01  .13984651E+01
  -.20000000E+01  .13765046E+01
  -.19500000E+01  .13546609E+01
  -.19000000E+01  .13328988E+01
  -.18500000E+01  .13111870E+01
  -.18000000E+01  .12894972E+01
  -.17500000E+01  .12678042E+01
  -.17000000E+01  .12460846E+01
  -.16500000E+01  .12243171E+01
  -.16000000E+01  .12024820E+01
  -.15500000E+01  .11805609E+01
  -.15000000E+01  .11585363E+01
  -.14500000E+01  .11363919E+01
  -.14000000E+01  .11141119E+01
  -.13500000E+01  .10916812E+01
  -.13000000E+01  .10690852E+01
  -.12500000E+01  .10463096E+01
  -.12000000E+01  .10233405E+01
  -.11500000E+01  .10001640E+01
  -.11000000E+01  .97676644E+00
  -.10500000E+01  .95313416E+00
  -.10000000E+01  .92925345E+00
  -.95000000E+00  .90511051E+00
  -.90000000E+00  .88069139E+00
  -.85000000E+00  .85598190E+00
  -.80000000E+00  .83096757E+00
  -.75000000E+00  .80563361E+00
  -.70000000E+00  .77996483E+00
  -.65000000E+00  .75394560E+00
  -.60000000E+00  .72755977E+00
  -.55000000E+00  .70079063E+00
  -.50000000E+00  .67362087E+00
  -.45000000E+00  .64603244E+00
  -.40000000E+00  .61800658E+00
  -.35000000E+00  .58952368E+00
  -.30000000E+00  .56056323E+00
  -.25000000E+00  .53110377E+00
  -.20000000E+00  .50112273E+00
  -.15000000E+00  .47059642E+00
  -.10000000E+00  .43949989E+00
  -.50000000E-01  .40780685E+00
  -.22898350E-14  .37548949E+00
   .50000000E-01  .34251851E+00
   .10000000E+00  .30886276E+00
   .15000000E+00  .27448930E+00
   .20000000E+00  .23936312E+00
   .25000000E+00  .20344703E+00
   .30000000E+00  .16670143E+00
   .35000000E+00  .12908409E+00
   .40000000E+00  .90549949E-01
   .45000000E+00  .51050848E-01
   .50000000E+00  .10535228E-01
   .55000000E+00 -.31052170E-01
   .60000000E+00 -.73770666E-01
   .65000000E+00 -.11768403E+00
   .70000000E+00 -.16286092E+00
   .75000000E+00 -.20937537E+00
   .80000000E+00 -.25730736E+00
   .85000000E+00 -.30674337E+00
   .90000000E+00 -.35777718E+00
   .95000000E+00 -.41051056E+00
   .10000000E+01 -.46505420E+00
   .10500000E+01 -.52152873E+00
   .11000000E+01 -.58006586E+00
   .11500000E+01 -.64080969E+00
   .12000000E+01 -.70391821E+00
   .12500000E+01 -.76956506E+00
   .13000000E+01 -.83794150E+00
   .13500000E+01 -.90925871E+00
   .14000000E+01 -.98375050E+00
   .14500000E+01 -.10616764E+01
   .15000000E+01 -.11433254E+01
   .15500000E+01 -.12290201E+01
   .16000000E+01 -.13191220E+01
   .16500000E+01 -.14140372E+01
   .17000000E+01 -.15142240E+01
   .17500000E+01 -.16202012E+01
   .18000000E+01 -.17325584E+01
   .18500000E+01 -.18519691E+01
   .19000000E+01 -.19792054E+01
   .19500000E+01 -.21151575E+01
   .20000000E+01 -.22608565E+01
Potential  L  =        1.00000  -3.40516
  -.30000000E+01  .36401875E+01
  -.29500000E+01  .32932867E+01
  -.29000000E+01  .30396231E+01
  -.28500000E+01  .28446394E+01
  -.28000000E+01  .26889570E+01
  -.27500000E+01  .25608665E+01
  -.27000000E+01  .24528744E+01
  -.26500000E+01  .23599621E+01
  -.26000000E+01  .22786417E+01
  -.25500000E+01  .22064131E+01
  -.25000000E+01  .21414374E+01
  -.24500000E+01  .20823311E+01
  -.24000000E+01  .20280334E+01
  -.23500000E+01  .19777168E+01
  -.23000000E+01  .19307260E+01
  -.22500000E+01  .18865351E+01
  -.22000000E+01  .18447169E+01
  -.21500000E+01  .18049204E+01
  -.21000000E+01  .17668545E+01
  -.20500000E+01  .17302754E+01
  -.20000000E+01  .16949771E+01
  -.19500000E+01  .16607840E+01
  -.19000000E+01  .16275456E+01
  -.18500000E+01  .15951316E+01
  -.18000000E+01  .15634286E+01
  -.17500000E+01  .15323372E+01
  -.17000000E+01  .15017697E+01
  -.16500000E+01  .14716481E+01
  -.16000000E+01  .14419027E+01
  -.15500000E+01  .14124708E+01
  -.15000000E+01  .13832956E+01
  -.14500000E+01  .13543253E+01
  -.14000000E+01  .13255126E+01
  -.13500000E+01  .12968134E+01
  -.13000000E+01  .12681873E+01
  -.12500000E+01  .12395959E+01
  -.12000000E+01  .12110036E+01
  -.11500000E+01  .11823762E+01
  -.11000000E+01  .11536815E+01
  -.10500000E+01  .11248882E+01
  -.10000000E+01  .10959662E+01
  -.95000000E+00  .10668864E+01
  -.90000000E+00  .10376199E+01
  -.85000000E+00  .10081386E+01
  -.80000000E+00  .97841454E+00
  -.75000000E+00  .94841968E+00
  -.70000000E+00  .91812610E+00
  -.65000000E+00  .88750557E+00
  -.60000000E+00  .85652951E+00
  -.55000000E+00  .82516880E+00
  -.50000000E+00  .79339368E+00
  -.45000000E+00  .76117353E+00
  -.40000000E+00  .72847679E+00
  -.35000000E+00  .69527076E+00
  -.30000000E+00  .66152145E+00
  -.25000000E+00  .62719339E+00
  -.20000000E+00  .59224946E+00
  -.15000000E+00  .55665071E+00
  -.10000000E+00  .52035608E+00
  -.50000000E-01  .48332227E+00
  -.22898350E-14  .44550340E+00
   .50000000E-01  .40685079E+00
   .10000000E+00  .36731256E+00
   .15000000E+00  .32683364E+00
   .20000000E+00  .28535478E+00
   .25000000E+00  .24281276E+00
   .30000000E+00  .19913960E+00
   .35000000E+00  .15426215E+00
   .40000000E+00  .10810152E+00
   .45000000E+00  .60572419E-01
   .50000000E+00  .11582439E-01
   .55000000E+00 -.38968745E-01
   .60000000E+00 -.91190313E-01
   .65000000E+00 -.14520136E+00
   .70000000E+00 -.20113208E+00
   .75000000E+00 -.25912518E+00
   .80000000E+00 -.31933745E+00
   .85000000E+00 -.38194160E+00
   .90000000E+00 -.44712839E+00
   .95000000E+00 -.51510912E+00
   .10000000E+01 -.58611848E+00
   .10500000E+01 -.66041797E+00
   .11000000E+01 -.73829988E+00
   .11500000E+01 -.82009204E+00
   .12000000E+01 -.90616339E+00
   .12500000E+01 -.99693073E+00
   .13000000E+01 -.10928668E+01
   .13500000E+01 -.11945100E+01
   .14000000E+01 -.13024763E+01
   .14500000E+01 -.14174738E+01
   .15000000E+01 -.15403208E+01
   .15500000E+01 -.16719678E+01
   .16000000E+01 -.18135259E+01
   .16500000E+01 -.19663018E+01
   .17000000E+01 -.21318434E+01
   .17500000E+01 -.23119976E+01
   .18000000E+01 -.25089870E+01
   .18500000E+01 -.27255102E+01
   .19000000E+01 -.29648765E+01
   .19500000E+01 -.32311893E+01
   .20000000E+01 -.35295997E+01
Core Pot   L  =        2.00000   -.38353
  -.30000000E+01  .16906005E+01
  -.29500000E+01  .16748493E+01
  -.29000000E+01  .16589122E+01
  -.28500000E+01  .16427818E+01
  -.28000000E+01  .16264501E+01
  -.27500000E+01  .16099090E+01
  -.27000000E+01  .15931492E+01
  -.26500000E+01  .15761614E+01
  -.26000000E+01  .15589351E+01
  -.25500000E+01  .15414592E+01
  -.25000000E+01  .15237220E+01
  -.24500000E+01  .15057105E+01
  -.24000000E+01  .14874109E+01
  -.23500000E+01  .14688082E+01
  -.23000000E+01  .14498861E+01
  -.22500000E+01  .14306271E+01
  -.22000000E+01  .14110119E+01
  -.21500000E+01  .13910196E+01
  -.21000000E+01  .13706272E+01
  -.20500000E+01  .13498098E+01
  -.20000000E+01  .13285397E+01
  -.19500000E+01  .13067867E+01
  -.19000000E+01  .12845172E+01
  -.18500000E+01  .12616940E+01
  -.18000000E+01  .12382761E+01
  -.17500000E+01  .12142174E+01
  -.17000000E+01  .11894666E+01
  -.16500000E+01  .11639660E+01
  -.16000000E+01  .11376507E+01
  -.15500000E+01  .11104473E+01
  -.15000000E+01  .10822724E+01
  -.14500000E+01  .10530310E+01
  -.14000000E+01  .10226141E+01
  -.13500000E+01  .99089603E+00
  -.13000000E+01  .95773141E+00
  -.12500000E+01  .92295077E+00
  -.12000000E+01  .88635536E+00
  -.11500000E+01  .84771053E+00
  -.11000000E+01  .80673711E+00
  -.10500000E+01  .76310031E+00
  -.10000000E+01  .71639501E+00
  -.95000000E+00  .66612615E+00
  -.90000000E+00  .61168222E+00
  -.85000000E+00  .55229865E+00
  -.80000000E+00  .48700667E+00
  -.75000000E+00  .41455993E+00
  -.70000000E+00  .33332718E+00
  -.65000000E+00  .24113101E+00
  -.60000000E+00  .13499786E+00
  -.55000000E+00  .10757154E-01
  -.50000000E+00 -.13762922E+00
  -.45000000E+00 -.31924465E+00
  -.40000000E+00 -.54841619E+00
  -.35000000E+00 -.84913802E+00
  -.30000000E+00 -.12648822E+01
  -.25000000E+00 -.18834000E+01
  -.20000000E+00 -.29123669E+01
  -.15000000E+00 -.49905887E+01
  -.10000000E+00 -.11514002E+02
  -.50000000E-01  .15959870E+03
  -.22898350E-14  .11803789E+02
   .50000000E-01  .65643891E+01
   .10000000E+00  .47219535E+01
   .15000000E+00  .37744127E+01
   .20000000E+00  .31924529E+01
   .25000000E+00  .27953771E+01
   .30000000E+00  .25046714E+01
   .35000000E+00  .22807198E+01
   .40000000E+00  .21013683E+01
   .45000000E+00  .19532577E+01
   .50000000E+00  .18278517E+01
   .55000000E+00  .17194400E+01
   .60000000E+00  .16240569E+01
   .65000000E+00  .15388618E+01
   .70000000E+00  .14617655E+01
   .75000000E+00  .13911965E+01
   .80000000E+00  .13259493E+01
   .85000000E+00  .12650829E+01
   .90000000E+00  .12078517E+01
   .95000000E+00  .11536563E+01
   .10000000E+01  .11020088E+01
   .10500000E+01  .10525077E+01
   .11000000E+01  .10048187E+01
   .11500000E+01  .95866089E+00
   .12000000E+01  .91379574E+00
   .12500000E+01  .87001906E+00
   .13000000E+01  .82715440E+00
   .13500000E+01  .78504802E+00
   .14000000E+01  .74356481E+00
   .14500000E+01  .70258507E+00
   .15000000E+01  .66200187E+00
   .15500000E+01  .62171889E+00
   .16000000E+01  .58164865E+00
   .16500000E+01  .54171104E+00
   .17000000E+01  .50183210E+00
   .17500000E+01  .46194295E+00
   .18000000E+01  .42197890E+00
   .18500000E+01  .38187869E+00
   .19000000E+01  .34158390E+00
   .19500000E+01  .30103818E+00
   .20000000E+01  .26018691E+00
Potential  L  =        2.00000   -.38353
  -.30000000E+01  .16052577E+01
  -.29500000E+01  .15875174E+01
  -.29000000E+01  .15695253E+01
  -.28500000E+01  .15512714E+01
  -.28000000E+01  .15327449E+01
  -.27500000E+01  .15139343E+01
  -.27000000E+01  .14948276E+01
  -.26500000E+01  .14754116E+01
  -.26000000E+01  .14556727E+01
  -.25500000E+01  .14355962E+01
  -.25000000E+01  .14151662E+01
  -.24500000E+01  .13943659E+01
  -.24000000E+01  .13731774E+01
  -.23500000E+01  .13515813E+01
  -.23000000E+01  .13295568E+01
  -.22500000E+01  .13070816E+01
  -.22000000E+01  .12841317E+01
  -.21500000E+01  .12606810E+01
  -.21000000E+01  .12367016E+01
  -.20500000E+01  .12121631E+01
  -.20000000E+01  .11870326E+01
  -.19500000E+01  .11612744E+01
  -.19000000E+01  .11348495E+01
  -.18500000E+01  .11077157E+01
  -.18000000E+01  .10798265E+01
  -.17500000E+01  .10511314E+01
  -.17000000E+01  .10215746E+01
  -.16500000E+01  .99109504E+00
  -.16000000E+01  .95962528E+00
  -.15500000E+01  .92709080E+00
  -.15000000E+01  .89340902E+00
  -.14500000E+01  .85848821E+00
  -.14000000E+01  .82222603E+00
  -.13500000E+01  .78450819E+00
  -.13000000E+01  .74520637E+00
  -.12500000E+01  .70417621E+00
  -.12000000E+01  .66125455E+00
  -.11500000E+01  .61625634E+00
  -.11000000E+01  .56897077E+00
  -.10500000E+01  .51915677E+00
  -.10000000E+01  .46653677E+00
  -.95000000E+00  .41079045E+00
  -.90000000E+00  .35154544E+00
  -.85000000E+00  .28836645E+00
  -.80000000E+00  .22074130E+00
  -.75000000E+00  .14806349E+00
  -.70000000E+00  .69608727E-01
  -.65000000E+00 -.15494590E-01
  -.60000000E+00 -.10830523E+00
  -.55000000E+00 -.21012214E+00
  -.50000000E+00 -.32255675E+00
  -.45000000E+00 -.44763310E+00
  -.40000000E+00 -.58792897E+00
  -.35000000E+00 -.74677940E+00
  -.30000000E+00 -.92857686E+00
  -.25000000E+00 -.11392267E+01
  -.20000000E+00 -.13868602E+01
  -.15000000E+00 -.16829924E+01
  -.10000000E+00 -.20444878E+01
  -.50000000E-01 -.24970746E+01
  -.22898350E-14 -.30820508E+01
   .50000000E-01 -.38701615E+01
   .10000000E+00 -.49935409E+01
   .15000000E+00 -.67307516E+01
   .20000000E+00 -.97873536E+01
   .25000000E+00 -.16622412E+02
   .30000000E+00 -.45833749E+02
   .35000000E+00  .74473743E+02
   .40000000E+00  .21717933E+02
   .45000000E+00  .13085681E+02
   .50000000E+00  .95354587E+01
   .55000000E+00  .75946691E+01
   .60000000E+00  .63675314E+01
   .65000000E+00  .55189563E+01
   .70000000E+00  .48952147E+01
   .75000000E+00  .44158631E+01
   .80000000E+00  .40347224E+01
   .85000000E+00  .37233898E+01
   .90000000E+00  .34634353E+01
   .95000000E+00  .32423775E+01
   .10000000E+01  .30514625E+01
   .10500000E+01  .28843682E+01
   .11000000E+01  .27364150E+01
   .11500000E+01  .26040641E+01
   .12000000E+01  .24845896E+01
   .12500000E+01  .23758576E+01
   .13000000E+01  .22761736E+01
   .13500000E+01  .21841742E+01
   .14000000E+01  .20987502E+01
   .14500000E+01  .20189897E+01
   .15000000E+01  .19441356E+01
   .15500000E+01  .18735542E+01
   .16000000E+01  .18067106E+01
   .16500000E+01  .17431500E+01
   .17000000E+01  .16824830E+01
   .17500000E+01  .16243743E+01
   .18000000E+01  .15685331E+01
   .18500000E+01  .15147060E+01
   .19000000E+01  .14626707E+01
   .19500000E+01  .14122316E+01
   .20000000E+01  .13632153E+01
Core Pot   L  =        3.00000    .00000
  -.30000000E+01  .19962000E+01
  -.29500000E+01  .19838781E+01
  -.29000000E+01  .19714836E+01
  -.28500000E+01  .19590152E+01
  -.28000000E+01  .19464716E+01
  -.27500000E+01  .19338516E+01
  -.27000000E+01  .19211537E+01
  -.26500000E+01  .19083765E+01
  -.26000000E+01  .18955186E+01
  -.25500000E+01  .18825786E+01
  -.25000000E+01  .18695549E+01
  -.24500000E+01  .18564459E+01
  -.24000000E+01  .18432501E+01
  -.23500000E+01  .18299657E+01
  -.23000000E+01  .18165911E+01
  -.22500000E+01  .18031244E+01
  -.22000000E+01  .17895639E+01
  -.21500000E+01  .17759077E+01
  -.21000000E+01  .17621537E+01
  -.20500000E+01  .17483001E+01
  -.20000000E+01  .17343446E+01
  -.19500000E+01  .17202853E+01
  -.19000000E+01  .17061197E+01
  -.18500000E+01  .16918458E+01
  -.18000000E+01  .16774610E+01
  -.17500000E+01  .16629629E+01
  -.17000000E+01  .16483490E+01
  -.16500000E+01  .16336166E+01
  -.16000000E+01  .16187630E+01
  -.15500000E+01  .16037853E+01
  -.15000000E+01  .15886806E+01
  -.14500000E+01  .15734459E+01
  -.14000000E+01  .15580780E+01
  -.13500000E+01  .15425735E+01
  -.13000000E+01  .15269291E+01
  -.12500000E+01  .15111412E+01
  -.12000000E+01  .14952060E+01
  -.11500000E+01  .14791198E+01
  -.11000000E+01  .14628785E+01
  -.10500000E+01  .14464779E+01
  -.10000000E+01  .14299136E+01
  -.95000000E+00  .14131811E+01
  -.90000000E+00  .13962757E+01
  -.85000000E+00  .13791923E+01
  -.80000000E+00  .13619258E+01
  -.75000000E+00  .13444708E+01
  -.70000000E+00  .13268214E+01
  -.65000000E+00  .13089719E+01
  -.60000000E+00  .12909160E+01
  -.55000000E+00  .12726471E+01
  -.50000000E+00  .12541583E+01
  -.45000000E+00  .12354426E+01
  -.40000000E+00  .12164921E+01
  -.35000000E+00  .11972991E+01
  -.30000000E+00  .11778552E+01
  -.25000000E+00  .11581513E+01
  -.20000000E+00  .11381784E+01
  -.15000000E+00  .11179265E+01
  -.10000000E+00  .10973852E+01
  -.50000000E-01  .10765436E+01
  -.22898350E-14  .10553900E+01
   .50000000E-01  .10339122E+01
   .10000000E+00  .10120970E+01
   .15000000E+00  .98993069E+00
   .20000000E+00  .96739843E+00
   .25000000E+00  .94448461E+00
   .30000000E+00  .92117253E+00
   .35000000E+00  .89744443E+00
   .40000000E+00  .87328130E+00
   .45000000E+00  .84866285E+00
   .50000000E+00  .82356737E+00
   .55000000E+00  .79797157E+00
   .60000000E+00  .77185047E+00
   .65000000E+00  .74517721E+00
   .70000000E+00  .71792290E+00
   .75000000E+00  .69005636E+00
   .80000000E+00  .66154395E+00
   .85000000E+00  .63234928E+00
   .90000000E+00  .60243290E+00
   .95000000E+00  .57175201E+00
   .10000000E+01  .54026005E+00
   .10500000E+01  .50790626E+00
   .11000000E+01  .47463526E+00
   .11500000E+01  .44038640E+00
   .12000000E+01  .40509318E+00
   .12500000E+01  .36868246E+00
   .13000000E+01  .33107369E+00
   .13500000E+01  .29217778E+00
   .14000000E+01  .25189606E+00
   .14500000E+01  .21011887E+00
   .15000000E+01  .16672399E+00
   .15500000E+01  .12157473E+00
   .16000000E+01  .74517762E-01
   .16500000E+01  .25380405E-01
   .17000000E+01 -.26032513E-01
   .17500000E+01 -.79942478E-01
   .18000000E+01 -.13660194E+00
   .18500000E+01 -.19629993E+00
   .19000000E+01 -.25936906E+00
   .19500000E+01 -.32619399E+00
   .20000000E+01 -.39722222E+00
Potential  L  =        3.00000    .00000
  -.30000000E+01  .19992938E+01
  -.29500000E+01  .19870697E+01
  -.29000000E+01  .19747766E+01
  -.28500000E+01  .19624135E+01
  -.28000000E+01  .19499792E+01
  -.27500000E+01  .19374726E+01
  -.27000000E+01  .19248926E+01
  -.26500000E+01  .19122378E+01
  -.26000000E+01  .18995072E+01
  -.25500000E+01  .18866994E+01
  -.25000000E+01  .18738131E+01
  -.24500000E+01  .18608470E+01
  -.24000000E+01  .18477998E+01
  -.23500000E+01  .18346699E+01
  -.23000000E+01  .18214561E+01
  -.22500000E+01  .18081568E+01
  -.22000000E+01  .17947704E+01
  -.21500000E+01  .17812955E+01
  -.21000000E+01  .17677304E+01
  -.20500000E+01  .17540734E+01
  -.20000000E+01  .17403229E+01
  -.19500000E+01  .17264771E+01
  -.19000000E+01  .17125342E+01
  -.18500000E+01  .16984924E+01
  -.18000000E+01  .16843498E+01
  -.17500000E+01  .16701043E+01
  -.17000000E+01  .16557541E+01
  -.16500000E+01  .16412969E+01
  -.16000000E+01  .16267307E+01
  -.15500000E+01  .16120532E+01
  -.15000000E+01  .15972621E+01
  -.14500000E+01  .15823552E+01
  -.14000000E+01  .15673299E+01
  -.13500000E+01  .15521838E+01
  -.13000000E+01  .15369143E+01
  -.12500000E+01  .15215187E+01
  -.12000000E+01  .15059943E+01
  -.11500000E+01  .14903382E+01
  -.11000000E+01  .14745474E+01
  -.10500000E+01  .14586189E+01
  -.10000000E+01  .14425496E+01
  -.95000000E+00  .14263362E+01
  -.90000000E+00  .14099753E+01
  -.85000000E+00  .13934634E+01
  -.80000000E+00  .13767969E+01
  -.75000000E+00  .13599721E+01
  -.70000000E+00  .13429851E+01
  -.65000000E+00  .13258317E+01
  -.60000000E+00  .13085079E+01
  -.55000000E+00  .12910093E+01
  -.50000000E+00  .12733314E+01
  -.45000000E+00  .12554695E+01
  -.40000000E+00  .12374187E+01
  -.35000000E+00  .12191740E+01
  -.30000000E+00  .12007301E+01
  -.25000000E+00  .11820816E+01
  -.20000000E+00  .11632227E+01
  -.15000000E+00  .11441475E+01
  -.10000000E+00  .11248497E+01
  -.50000000E-01  .11053231E+01
  -.22898350E-14  .10855608E+01
   .50000000E-01  .10655558E+01
   .10000000E+00  .10453008E+01
   .15000000E+00  .10247881E+01
   .20000000E+00  .10040098E+01
   .25000000E+00  .98295736E+00
   .30000000E+00  .96162216E+00
   .35000000E+00  .93999500E+00
   .40000000E+00  .91806627E+00
   .45000000E+00  .89582590E+00
   .50000000E+00  .87326332E+00
   .55000000E+00  .85036746E+00
   .60000000E+00  .82712667E+00
   .65000000E+00  .80352872E+00
   .70000000E+00  .77956074E+00
   .75000000E+00  .75520918E+00
   .80000000E+00  .73045979E+00
   .85000000E+00  .70529753E+00
   .90000000E+00  .67970654E+00
   .95000000E+00  .65367009E+00
   .10000000E+01  .62717050E+00
   .10500000E+01  .60018886E+00
   .11000000E+01  .57270578E+00
   .11500000E+01  .54470014E+00
   .12000000E+01  .51614969E+00
   .12500000E+01  .48703088E+00
   .13000000E+01  .45731866E+00
   .13500000E+01  .42698642E+00
   .14000000E+01  .39600583E+00
   .14500000E+01  .36434672E+00
   .15000000E+01  .33197690E+00
   .15500000E+01  .29886201E+00
   .16000000E+01  .26496534E+00
   .16500000E+01  .23024757E+00
   .17000000E+01  .19466659E+00
   .17500000E+01  .15817722E+00
   .18000000E+01  .12073093E+00
   .18500000E+01  .82275504E-01
   .19000000E+01  .42754995E-01
   .19500000E+01  .21081534E-02
   .20000000E+01 -.39730296E-01
Core Pot   L  =        4.00000    .00000
  -.30000000E+01  .23068435E+01
  -.29500000E+01  .22963755E+01
  -.29000000E+01  .22858648E+01
  -.28500000E+01  .22753108E+01
  -.28000000E+01  .22647130E+01
  -.27500000E+01  .22540709E+01
  -.27000000E+01  .22433840E+01
  -.26500000E+01  .22326518E+01
  -.26000000E+01  .22218737E+01
  -.25500000E+01  .22110493E+01
  -.25000000E+01  .22001778E+01
  -.24500000E+01  .21892589E+01
  -.24000000E+01  .21782918E+01
  -.23500000E+01  .21672760E+01
  -.23000000E+01  .21562110E+01
  -.22500000E+01  .21450960E+01
  -.22000000E+01  .21339305E+01
  -.21500000E+01  .21227139E+01
  -.21000000E+01  .21114454E+01
  -.20500000E+01  .21001244E+01
  -.20000000E+01  .20887503E+01
  -.19500000E+01  .20773223E+01
  -.19000000E+01  .20658399E+01
  -.18500000E+01  .20543021E+01
  -.18000000E+01  .20427084E+01
  -.17500000E+01  .20310579E+01
  -.17000000E+01  .20193499E+01
  -.16500000E+01  .20075837E+01
  -.16000000E+01  .19957583E+01
  -.15500000E+01  .19838731E+01
  -.15000000E+01  .19719272E+01
  -.14500000E+01  .19599198E+01
  -.14000000E+01  .19478499E+01
  -.13500000E+01  .19357167E+01
  -.13000000E+01  .19235192E+01
  -.12500000E+01  .19112567E+01
  -.12000000E+01  .18989281E+01
  -.11500000E+01  .18865324E+01
  -.11000000E+01  .18740687E+01
  -.10500000E+01  .18615360E+01
  -.10000000E+01  .18489332E+01
  -.95000000E+00  .18362592E+01
  -.90000000E+00  .18235131E+01
  -.85000000E+00  .18106936E+01
  -.80000000E+00  .17977996E+01
  -.75000000E+00  .17848301E+01
  -.70000000E+00  .17717837E+01
  -.65000000E+00  .17586593E+01
  -.60000000E+00  .17454557E+01
  -.55000000E+00  .17321715E+01
  -.50000000E+00  .17188054E+01
  -.45000000E+00  .17053562E+01
  -.40000000E+00  .16918223E+01
  -.35000000E+00  .16782025E+01
  -.30000000E+00  .16644952E+01
  -.25000000E+00  .16506990E+01
  -.20000000E+00  .16368124E+01
  -.15000000E+00  .16228337E+01
  -.10000000E+00  .16087615E+01
  -.50000000E-01  .15945939E+01
  -.22898350E-14  .15803294E+01
   .50000000E-01  .15659662E+01
   .10000000E+00  .15515026E+01
   .15000000E+00  .15369366E+01
   .20000000E+00  .15222663E+01
   .25000000E+00  .15074900E+01
   .30000000E+00  .14926055E+01
   .35000000E+00  .14776108E+01
   .40000000E+00  .14625038E+01
   .45000000E+00  .14472823E+01
   .50000000E+00  .14319441E+01
   .55000000E+00  .14164869E+01
   .60000000E+00  .14009083E+01
   .65000000E+00  .13852059E+01
   .70000000E+00  .13693771E+01
   .75000000E+00  .13534194E+01
   .80000000E+00  .13373300E+01
   .85000000E+00  .13211063E+01
   .90000000E+00  .13047454E+01
   .95000000E+00  .12882443E+01
   .10000000E+01  .12716000E+01
   .10500000E+01  .12548094E+01
   .11000000E+01  .12378693E+01
   .11500000E+01  .12207763E+01
   .12000000E+01  .12035269E+01
   .12500000E+01  .11861176E+01
   .13000000E+01  .11685448E+01
   .13500000E+01  .11508045E+01
   .14000000E+01  .11328930E+01
   .14500000E+01  .11148059E+01
   .15000000E+01  .10965392E+01
   .15500000E+01  .10780885E+01
   .16000000E+01  .10594491E+01
   .16500000E+01  .10406165E+01
   .17000000E+01  .10215856E+01
   .17500000E+01  .10023516E+01
   .18000000E+01  .98290899E+00
   .18500000E+01  .96325244E+00
   .19000000E+01  .94337626E+00
   .19500000E+01  .92327456E+00
   .20000000E+01  .90294122E+00
Potential  L  =        4.00000    .00000
  -.30000000E+01  .23074792E+01
  -.29500000E+01  .22970252E+01
  -.29000000E+01  .22865289E+01
  -.28500000E+01  .22759892E+01
  -.28000000E+01  .22654066E+01
  -.27500000E+01  .22547805E+01
  -.27000000E+01  .22441098E+01
  -.26500000E+01  .22333939E+01
  -.26000000E+01  .22226331E+01
  -.25500000E+01  .22118262E+01
  -.25000000E+01  .22009731E+01
  -.24500000E+01  .21900722E+01
  -.24000000E+01  .21791256E+01
  -.23500000E+01  .21681286E+01
  -.23000000E+01  .21570834E+01
  -.22500000E+01  .21459889E+01
  -.22000000E+01  .21348453E+01
  -.21500000E+01  .21236507E+01
  -.21000000E+01  .21124059E+01
  -.20500000E+01  .21011074E+01
  -.20000000E+01  .20897572E+01
  -.19500000E+01  .20783544E+01
  -.19000000E+01  .20668973E+01
  -.18500000E+01  .20553856E+01
  -.18000000E+01  .20438200E+01
  -.17500000E+01  .20321961E+01
  -.17000000E+01  .20205170E+01
  -.16500000E+01  .20087807E+01
  -.16000000E+01  .19969858E+01
  -.15500000E+01  .19851318E+01
  -.15000000E+01  .19732193E+01
  -.14500000E+01  .19612444E+01
  -.14000000E+01  .19492096E+01
  -.13500000E+01  .19371106E+01
  -.13000000E+01  .19249500E+01
  -.12500000E+01  .19127252E+01
  -.12000000E+01  .19004354E+01
  -.11500000E+01  .18880798E+01
  -.11000000E+01  .18756572E+01
  -.10500000E+01  .18631674E+01
  -.10000000E+01  .18506082E+01
  -.95000000E+00  .18379798E+01
  -.90000000E+00  .18252805E+01
  -.85000000E+00  .18125093E+01
  -.80000000E+00  .17996652E+01
  -.75000000E+00  .17867471E+01
  -.70000000E+00  .17737539E+01
  -.65000000E+00  .17606844E+01
  -.60000000E+00  .17475373E+01
  -.55000000E+00  .17343116E+01
  -.50000000E+00  .17210059E+01
  -.45000000E+00  .17076191E+01
  -.40000000E+00  .16941497E+01
  -.35000000E+00  .16805965E+01
  -.30000000E+00  .16669581E+01
  -.25000000E+00  .16532330E+01
  -.20000000E+00  .16394200E+01
  -.15000000E+00  .16255173E+01
  -.10000000E+00  .16115237E+01
  -.50000000E-01  .15974375E+01
  -.22898350E-14  .15832571E+01
   .50000000E-01  .15689809E+01
   .10000000E+00  .15546074E+01
   .15000000E+00  .15401346E+01
   .20000000E+00  .15255609E+01
   .25000000E+00  .15108844E+01
   .30000000E+00  .14961033E+01
   .35000000E+00  .14812158E+01
   .40000000E+00  .14662197E+01
   .45000000E+00  .14511132E+01
   .50000000E+00  .14358941E+01
   .55000000E+00  .14205603E+01
   .60000000E+00  .14051097E+01
   .65000000E+00  .13895399E+01
   .70000000E+00  .13738487E+01
   .75000000E+00  .13580336E+01
   .80000000E+00  .13420923E+01
   .85000000E+00  .13260222E+01
   .90000000E+00  .13098206E+01
   .95000000E+00  .12934850E+01
   .10000000E+01  .12770125E+01
   .10500000E+01  .12604003E+01
   .11000000E+01  .12436455E+01
   .11500000E+01  .12267450E+01
   .12000000E+01  .12096958E+01
   .12500000E+01  .11924945E+01
   .13000000E+01  .11751379E+01
   .13500000E+01  .11576225E+01
   .14000000E+01  .11399449E+01
   .14500000E+01  .11221012E+01
   .15000000E+01  .11040878E+01
   .15500000E+01  .10859007E+01
   .16000000E+01  .10675360E+01
   .16500000E+01  .10489893E+01
   .17000000E+01  .10302565E+01
   .17500000E+01  .10113329E+01
   .18000000E+01  .99221404E+00
   .18500000E+01  .97289503E+00
   .19000000E+01  .95337092E+00
   .19500000E+01  .93363654E+00
   .20000000E+01  .91368656E+00
KBPotential  L  =      1.00000  -6.81032
  -.30000000E+01  .20231921E+01
  -.29500000E+01  .19569272E+01
  -.29000000E+01  .19016042E+01
  -.28500000E+01  .18539739E+01
  -.28000000E+01  .18119442E+01
  -.27500000E+01  .17741068E+01
  -.27000000E+01  .17394786E+01
  -.26500000E+01  .17073521E+01
  -.26000000E+01  .16772052E+01
  -.25500000E+01  .16486433E+01
  -.25000000E+01  .16213632E+01
  -.24500000E+01  .15951271E+01
  -.24000000E+01  .15697473E+01
  -.23500000E+01  .15450693E+01
  -.23000000E+01  .15209700E+01
  -.22500000E+01  .14973467E+01
  -.22000000E+01  .14741139E+01
  -.21500000E+01  .14511994E+01
  -.21000000E+01  .14285417E+01
  -.20500000E+01  .14060880E+01
  -.20000000E+01  .13837927E+01
  -.19500000E+01  .13616157E+01
  -.19000000E+01  .13395219E+01
  -.18500000E+01  .13174800E+01
  -.18000000E+01  .12954620E+01
  -.17500000E+01  .12734428E+01
  -.17000000E+01  .12513993E+01
  -.16500000E+01  .12293105E+01
  -.16000000E+01  .12071570E+01
  -.15500000E+01  .11849209E+01
  -.15000000E+01  .11625852E+01
  -.14500000E+01  .11401339E+01
  -.14000000E+01  .11175520E+01
  -.13500000E+01  .10948250E+01
  -.13000000E+01  .10719390E+01
  -.12500000E+01  .10488805E+01
  -.12000000E+01  .10256364E+01
  -.11500000E+01  .10021938E+01
  -.11000000E+01  .97853999E+00
  -.10500000E+01  .95466247E+00
  -.10000000E+01  .93054872E+00
  -.95000000E+00  .90618627E+00
  -.90000000E+00  .88156257E+00
  -.85000000E+00  .85666498E+00
  -.80000000E+00  .83148073E+00
  -.75000000E+00  .80599685E+00
  -.70000000E+00  .78020012E+00
  -.65000000E+00  .75407705E+00
  -.60000000E+00  .72761385E+00
  -.55000000E+00  .70079632E+00
  -.50000000E+00  .67360990E+00
  -.45000000E+00  .64603954E+00
  -.40000000E+00  .61806971E+00
  -.35000000E+00  .58968433E+00
  -.30000000E+00  .56086673E+00
  -.25000000E+00  .53159960E+00
  -.20000000E+00  .50186494E+00
  -.15000000E+00  .47164398E+00
  -.10000000E+00  .44091717E+00
  -.50000000E-01  .40966405E+00
  -.22898350E-14  .37786328E+00
   .50000000E-01  .34549246E+00
   .10000000E+00  .31252816E+00
   .15000000E+00  .27894574E+00
   .20000000E+00  .24471935E+00
   .25000000E+00  .20982180E+00
   .30000000E+00  .17422444E+00
   .35000000E+00  .13789707E+00
   .40000000E+00  .10080788E+00
   .45000000E+00  .62923201E-01
   .50000000E+00  .24207480E-01
   .55000000E+00 -.15376930E-01
   .60000000E+00 -.55869920E-01
   .65000000E+00 -.97313793E-01
   .70000000E+00 -.13975347E+00
   .75000000E+00 -.18323671E+00
   .80000000E+00 -.22781431E+00
   .85000000E+00 -.27354043E+00
   .90000000E+00 -.32047279E+00
   .95000000E+00 -.36867307E+00
   .10000000E+01 -.41820717E+00
   .10500000E+01 -.46914567E+00
   .11000000E+01 -.52156420E+00
   .11500000E+01 -.57554396E+00
   .12000000E+01 -.63117217E+00
   .12500000E+01 -.68854274E+00
   .13000000E+01 -.74775684E+00
   .13500000E+01 -.80892373E+00
   .14000000E+01 -.87216141E+00
   .14500000E+01 -.93759786E+00
   .15000000E+01 -.10053717E+01
   .15500000E+01 -.10756335E+01
   .16000000E+01 -.11485474E+01
   .16500000E+01 -.12242922E+01
   .17000000E+01 -.13030631E+01
   .17500000E+01 -.13850742E+01
   .18000000E+01 -.14705601E+01
   .18500000E+01 -.15597790E+01
   .19000000E+01 -.16530153E+01
   .19500000E+01 -.17505833E+01
   .20000000E+01 -.18528311E+01
KBPotential  L  =      2.00000   -.76706
  -.30000000E+01  .16907968E+01
  -.29500000E+01  .16750325E+01
  -.29000000E+01  .16590828E+01
  -.28500000E+01  .16429402E+01
  -.28000000E+01  .16265969E+01
  -.27500000E+01  .16100445E+01
  -.27000000E+01  .15932741E+01
  -.26500000E+01  .15762760E+01
  -.26000000E+01  .15590399E+01
  -.25500000E+01  .15415548E+01
  -.25000000E+01  .15238088E+01
  -.24500000E+01  .15057889E+01
  -.24000000E+01  .14874815E+01
  -.23500000E+01  .14688715E+01
  -.23000000E+01  .14499426E+01
  -.22500000E+01  .14306773E+01
  -.22000000E+01  .14110561E+01
  -.21500000E+01  .13910584E+01
  -.21000000E+01  .13706612E+01
  -.20500000E+01  .13498393E+01
  -.20000000E+01  .13285653E+01
  -.19500000E+01  .13068087E+01
  -.19000000E+01  .12845361E+01
  -.18500000E+01  .12617104E+01
  -.18000000E+01  .12382902E+01
  -.17500000E+01  .12142297E+01
  -.17000000E+01  .11894775E+01
  -.16500000E+01  .11639759E+01
  -.16000000E+01  .11376600E+01
  -.15500000E+01  .11104404E+01
  -.15000000E+01  .10822650E+01
  -.14500000E+01  .10530234E+01
  -.14000000E+01  .10226024E+01
  -.13500000E+01  .99088451E+00
  -.13000000E+01  .95772023E+00
  -.12500000E+01  .92294009E+00
  -.12000000E+01  .88634531E+00
  -.11500000E+01  .84770119E+00
  -.11000000E+01  .80672855E+00
  -.10500000E+01  .76309256E+00
  -.10000000E+01  .71638502E+00
  -.95000000E+00  .66611674E+00
  -.90000000E+00  .61167324E+00
  -.85000000E+00  .55228994E+00
  -.80000000E+00  .48699805E+00
  -.75000000E+00  .41455106E+00
  -.70000000E+00  .33331773E+00
  -.65000000E+00  .24112058E+00
  -.60000000E+00  .13498599E+00
  -.55000000E+00  .10743331E-01
  -.50000000E+00 -.13763970E+00
  -.45000000E+00 -.31938103E+00
  -.40000000E+00 -.54845197E+00
  -.35000000E+00 -.84917168E+00
  -.30000000E+00 -.12649158E+01
  -.25000000E+00 -.18834386E+01
  -.20000000E+00 -.29124169E+01
  -.15000000E+00 -.49906885E+01
  -.10000000E+00 -.11514579E+02
  -.50000000E-01  .15942944E+03
  -.22898350E-14  .11802315E+02
   .50000000E-01  .65636636E+01
   .10000000E+00  .47213942E+01
   .15000000E+00  .37739025E+01
   .20000000E+00  .31919495E+01
   .25000000E+00  .27948591E+01
   .30000000E+00  .25041252E+01
   .35000000E+00  .22801381E+01
   .40000000E+00  .21008441E+01
   .45000000E+00  .19526614E+01
   .50000000E+00  .18270865E+01
   .55000000E+00  .17186072E+01
   .60000000E+00  .16231468E+01
   .65000000E+00  .15378626E+01
   .70000000E+00  .14606694E+01
   .75000000E+00  .13899964E+01
   .80000000E+00  .13246369E+01
   .85000000E+00  .12636444E+01
   .90000000E+00  .12062754E+01
   .95000000E+00  .11519297E+01
   .10000000E+01  .11001186E+01
   .10500000E+01  .10504395E+01
   .11000000E+01  .10025571E+01
   .11500000E+01  .95618931E+00
   .12000000E+01  .91109641E+00
   .12500000E+01  .86707283E+00
   .13000000E+01  .82394070E+00
   .13500000E+01  .78154467E+00
   .14000000E+01  .73974797E+00
   .14500000E+01  .69842903E+00
   .15000000E+01  .65747895E+00
   .15500000E+01  .61679894E+00
   .16000000E+01  .57629983E+00
   .16500000E+01  .53589868E+00
   .17000000E+01  .49551235E+00
   .17500000E+01  .45508233E+00
   .18000000E+01  .41457156E+00
   .18500000E+01  .37383850E+00
   .19000000E+01  .33285999E+00
   .19500000E+01  .29157560E+00
   .20000000E+01  .24992622E+00
KBPotential  L  =       .00000   -.62189
  -.30000000E+01  .14406000E+01
  -.29500000E+01  .14234813E+01
  -.29000000E+01  .14061854E+01
  -.28500000E+01  .13887075E+01
  -.28000000E+01  .13710428E+01
  -.27500000E+01  .13531862E+01
  -.27000000E+01  .13351325E+01
  -.26500000E+01  .13168761E+01
  -.26000000E+01  .12984114E+01
  -.25500000E+01  .12797325E+01
  -.25000000E+01  .12608332E+01
  -.24500000E+01  .12417069E+01
  -.24000000E+01  .12223471E+01
  -.23500000E+01  .12027467E+01
  -.23000000E+01  .11828985E+01
  -.22500000E+01  .11627946E+01
  -.22000000E+01  .11424272E+01
  -.21500000E+01  .11217878E+01
  -.21000000E+01  .11008678E+01
  -.20500000E+01  .10796579E+01
  -.20000000E+01  .10581486E+01
  -.19500000E+01  .10363299E+01
  -.19000000E+01  .10141911E+01
  -.18500000E+01  .99172124E+00
  -.18000000E+01  .96890867E+00
  -.17500000E+01  .94574116E+00
  -.17000000E+01  .92220588E+00
  -.16500000E+01  .89828932E+00
  -.16000000E+01  .87397723E+00
  -.15500000E+01  .84925461E+00
  -.15000000E+01  .82410566E+00
  -.14500000E+01  .79851366E+00
  -.14000000E+01  .77246095E+00
  -.13500000E+01  .74592895E+00
  -.13000000E+01  .71889789E+00
  -.12500000E+01  .69134688E+00
  -.12000000E+01  .66325379E+00
  -.11500000E+01  .63459511E+00
  -.11000000E+01  .60534591E+00
  -.10500000E+01  .57547968E+00
  -.10000000E+01  .54496818E+00
  -.95000000E+00  .51378138E+00
  -.90000000E+00  .48188723E+00
  -.85000000E+00  .44925154E+00
  -.80000000E+00  .41583774E+00
  -.75000000E+00  .38160675E+00
  -.70000000E+00  .34651664E+00
  -.65000000E+00  .31052251E+00
  -.60000000E+00  .27357611E+00
  -.55000000E+00  .23562547E+00
  -.50000000E+00  .19661473E+00
  -.45000000E+00  .15648356E+00
  -.40000000E+00  .11516684E+00
  -.35000000E+00  .72594075E-01
  -.30000000E+00  .28688855E-01
  -.25000000E+00 -.16631749E-01
  -.20000000E+00 -.63457978E-01
  -.15000000E+00 -.11188815E+00
  -.10000000E+00 -.16202961E+00
  -.50000000E-01 -.21399984E+00
  -.22898350E-14 -.26792769E+00
   .50000000E-01 -.32395468E+00
   .10000000E+00 -.38223682E+00
   .15000000E+00 -.44294642E+00
   .20000000E+00 -.50627431E+00
   .25000000E+00 -.57243243E+00
   .30000000E+00 -.64165687E+00
   .35000000E+00 -.71421150E+00
   .40000000E+00 -.79039216E+00
   .45000000E+00 -.87053182E+00
   .50000000E+00 -.95500655E+00
   .55000000E+00 -.10442430E+01
   .60000000E+00 -.11387274E+01
   .65000000E+00 -.12390161E+01
   .70000000E+00 -.13457494E+01
   .75000000E+00 -.14596681E+01
   .80000000E+00 -.15816350E+01
   .85000000E+00 -.17126607E+01
   .90000000E+00 -.18539384E+01
   .95000000E+00 -.20068881E+01
   .10000000E+01 -.21732146E+01
   .10500000E+01 -.23549858E+01
   .11000000E+01 -.25547379E+01
   .11500000E+01 -.27756225E+01
   .12000000E+01 -.30216136E+01
   .12500000E+01 -.32978100E+01
   .13000000E+01 -.36108863E+01
   .13500000E+01 -.39697950E+01
   .14000000E+01 -.43869019E+01
   .14500000E+01 -.48799207E+01
   .15000000E+01 -.54754255E+01
   .15500000E+01 -.62157562E+01
   .16000000E+01 -.71740823E+01
   .16500000E+01 -.84921454E+01
   .17000000E+01 -.10495940E+02
   .17500000E+01 -.14184384E+02
   .18000000E+01 -.25214273E+02
   .18500000E+01  .85066758E+02
   .19000000E+01  .40163145E+01
   .19500000E+01 -.42555731E+01
   .20000000E+01 -.97720387E+01
KBPotential  L  =      3.00000    .00000
  -.30000000E+01  .19992938E+01
  -.29500000E+01  .19870697E+01
  -.29000000E+01  .19747766E+01
  -.28500000E+01  .19624135E+01
  -.28000000E+01  .19499792E+01
  -.27500000E+01  .19374726E+01
  -.27000000E+01  .19248926E+01
  -.26500000E+01  .19122378E+01
  -.26000000E+01  .18995072E+01
  -.25500000E+01  .18866994E+01
  -.25000000E+01  .18738131E+01
  -.24500000E+01  .18608470E+01
  -.24000000E+01  .18477998E+01
  -.23500000E+01  .18346699E+01
  -.23000000E+01  .18214561E+01
  -.22500000E+01  .18081568E+01
  -.22000000E+01  .17947704E+01
  -.21500000E+01  .17812955E+01
  -.21000000E+01  .17677304E+01
  -.20500000E+01  .17540734E+01
  -.20000000E+01  .17403229E+01
  -.19500000E+01  .17264771E+01
  -.19000000E+01  .17125342E+01
  -.18500000E+01  .16984924E+01
  -.18000000E+01  .16843498E+01
  -.17500000E+01  .16701043E+01
  -.17000000E+01  .16557541E+01
  -.16500000E+01  .16412969E+01
  -.16000000E+01  .16267307E+01
  -.15500000E+01  .16120532E+01
  -.15000000E+01  .15972621E+01
  -.14500000E+01  .15823552E+01
  -.14000000E+01  .15673299E+01
  -.13500000E+01  .15521838E+01
  -.13000000E+01  .15369143E+01
  -.12500000E+01  .15215187E+01
  -.12000000E+01  .15059943E+01
  -.11500000E+01  .14903382E+01
  -.11000000E+01  .14745474E+01
  -.10500000E+01  .14586189E+01
  -.10000000E+01  .14425496E+01
  -.95000000E+00  .14263362E+01
  -.90000000E+00  .14099753E+01
  -.85000000E+00  .13934634E+01
  -.80000000E+00  .13767969E+01
  -.75000000E+00  .13599721E+01
  -.70000000E+00  .13429851E+01
  -.65000000E+00  .13258317E+01
  -.60000000E+00  .13085079E+01
  -.55000000E+00  .12910093E+01
  -.50000000E+00  .12733314E+01
  -.45000000E+00  .12554695E+01
  -.40000000E+00  .12374187E+01
  -.35000000E+00  .12191740E+01
  -.30000000E+00  .12007301E+01
  -.25000000E+00  .11820816E+01
  -.20000000E+00  .11632227E+01
  -.15000000E+00  .11441475E+01
  -.10000000E+00  .11248497E+01
  -.50000000E-01  .11053231E+01
  -.22898350E-14  .10855608E+01
   .50000000E-01  .10655558E+01
   .10000000E+00  .10453008E+01
   .15000000E+00  .10247881E+01
   .20000000E+00  .10040098E+01
   .25000000E+00  .98295736E+00
   .30000000E+00  .96162216E+00
   .35000000E+00  .93999500E+00
   .40000000E+00  .91806627E+00
   .45000000E+00  .89582590E+00
   .50000000E+00  .87326332E+00
   .55000000E+00  .85036746E+00
   .60000000E+00  .82712667E+00
   .65000000E+00  .80352872E+00
   .70000000E+00  .77956074E+00
   .75000000E+00  .75520918E+00
   .80000000E+00  .73045979E+00
   .85000000E+00  .70529753E+00
   .90000000E+00  .67970654E+00
   .95000000E+00  .65367009E+00
   .10000000E+01  .62717050E+00
   .10500000E+01  .60018886E+00
   .11000000E+01  .57270578E+00
   .11500000E+01  .54470014E+00
   .12000000E+01  .51614969E+00
   .12500000E+01  .48703088E+00
   .13000000E+01  .45731866E+00
   .13500000E+01  .42698642E+00
   .14000000E+01  .39600583E+00
   .14500000E+01  .36434672E+00
   .15000000E+01  .33197690E+00
   .15500000E+01  .29886201E+00
   .16000000E+01  .26496534E+00
   .16500000E+01  .23024757E+00
   .17000000E+01  .19466659E+00
   .17500000E+01  .15817722E+00
   .18000000E+01  .12073093E+00
   .18500000E+01  .82275504E-01
   .19000000E+01  .42754995E-01
   .19500000E+01  .21081534E-02
   .20000000E+01 -.39730296E-01
KBPotential  L  =      4.00000    .00000
  -.30000000E+01  .23074792E+01
  -.29500000E+01  .22970252E+01
  -.29000000E+01  .22865289E+01
  -.28500000E+01  .22759892E+01
  -.28000000E+01  .22654066E+01
  -.27500000E+01  .22547805E+01
  -.27000000E+01  .22441098E+01
  -.26500000E+01  .22333939E+01
  -.26000000E+01  .22226331E+01
  -.25500000E+01  .22118262E+01
  -.25000000E+01  .22009731E+01
  -.24500000E+01  .21900722E+01
  -.24000000E+01  .21791256E+01
  -.23500000E+01  .21681286E+01
  -.23000000E+01  .21570834E+01
  -.22500000E+01  .21459889E+01
  -.22000000E+01  .21348453E+01
  -.21500000E+01  .21236507E+01
  -.21000000E+01  .21124059E+01
  -.20500000E+01  .21011074E+01
  -.20000000E+01  .20897572E+01
  -.19500000E+01  .20783544E+01
  -.19000000E+01  .20668973E+01
  -.18500000E+01  .20553856E+01
  -.18000000E+01  .20438200E+01
  -.17500000E+01  .20321961E+01
  -.17000000E+01  .20205170E+01
  -.16500000E+01  .20087807E+01
  -.16000000E+01  .19969858E+01
  -.15500000E+01  .19851318E+01
  -.15000000E+01  .19732193E+01
  -.14500000E+01  .19612444E+01
  -.14000000E+01  .19492096E+01
  -.13500000E+01  .19371106E+01
  -.13000000E+01  .19249500E+01
  -.12500000E+01  .19127252E+01
  -.12000000E+01  .19004354E+01
  -.11500000E+01  .18880798E+01
  -.11000000E+01  .18756572E+01
  -.10500000E+01  .18631674E+01
  -.10000000E+01  .18506082E+01
  -.95000000E+00  .18379798E+01
  -.90000000E+00  .18252805E+01
  -.85000000E+00  .18125093E+01
  -.80000000E+00  .17996652E+01
  -.75000000E+00  .17867471E+01
  -.70000000E+00  .17737539E+01
  -.65000000E+00  .17606844E+01
  -.60000000E+00  .17475373E+01
  -.55000000E+00  .17343116E+01
  -.50000000E+00  .17210059E+01
  -.45000000E+00  .17076191E+01
  -.40000000E+00  .16941497E+01
  -.35000000E+00  .16805965E+01
  -.30000000E+00  .16669581E+01
  -.25000000E+00  .16532330E+01
  -.20000000E+00  .16394200E+01
  -.15000000E+00  .16255173E+01
  -.10000000E+00  .16115237E+01
  -.50000000E-01  .15974375E+01
  -.22898350E-14  .15832571E+01
   .50000000E-01  .15689809E+01
   .10000000E+00  .15546074E+01
   .15000000E+00  .15401346E+01
   .20000000E+00  .15255609E+01
   .25000000E+00  .15108844E+01
   .30000000E+00  .14961033E+01
   .35000000E+00  .14812158E+01
   .40000000E+00  .14662197E+01
   .45000000E+00  .14511132E+01
   .50000000E+00  .14358941E+01
   .55000000E+00  .14205603E+01
   .60000000E+00  .14051097E+01
   .65000000E+00  .13895399E+01
   .70000000E+00  .13738487E+01
   .75000000E+00  .13580336E+01
   .80000000E+00  .13420923E+01
   .85000000E+00  .13260222E+01
   .90000000E+00  .13098206E+01
   .95000000E+00  .12934850E+01
   .10000000E+01  .12770125E+01
   .10500000E+01  .12604003E+01
   .11000000E+01  .12436455E+01
   .11500000E+01  .12267450E+01
   .12000000E+01  .12096958E+01
   .12500000E+01  .11924945E+01
   .13000000E+01  .11751379E+01
   .13500000E+01  .11576225E+01
   .14000000E+01  .11399449E+01
   .14500000E+01  .11221012E+01
   .15000000E+01  .11040878E+01
   .15500000E+01  .10859007E+01
   .16000000E+01  .10675360E+01
   .16500000E+01  .10489893E+01
   .17000000E+01  .10302565E+01
   .17500000E+01  .10113329E+01
   .18000000E+01  .99221404E+00
   .18500000E+01  .97289503E+00
   .19000000E+01  .95337092E+00
   .19500000E+01  .93363654E+00
   .20000000E+01  .91368656E+00
