  PAW_PBE Tm_3 06Sep2000                 
 100
Core Pot   L  =         .00000   -.33009
  -.20000000E+01  .11021582E+01
  -.19600000E+01  .10843598E+01
  -.19200000E+01  .10663646E+01
  -.18800000E+01  .10481655E+01
  -.18400000E+01  .10297552E+01
  -.18000000E+01  .10111261E+01
  -.17600000E+01  .99227024E+00
  -.17200000E+01  .97317956E+00
  -.16800000E+01  .95384556E+00
  -.16400000E+01  .93425946E+00
  -.16000000E+01  .91441208E+00
  -.15600000E+01  .89429387E+00
  -.15200000E+01  .87389489E+00
  -.14800000E+01  .85320471E+00
  -.14400000E+01  .83221246E+00
  -.14000000E+01  .81090674E+00
  -.13600000E+01  .78927561E+00
  -.13200000E+01  .76730655E+00
  -.12800000E+01  .74498641E+00
  -.12400000E+01  .72230137E+00
  -.12000000E+01  .69923687E+00
  -.11600000E+01  .67577761E+00
  -.11200000E+01  .65190743E+00
  -.10800000E+01  .62760930E+00
  -.10400000E+01  .60286521E+00
  -.10000000E+01  .57765615E+00
  -.96000000E+00  .55196198E+00
  -.92000000E+00  .52576136E+00
  -.88000000E+00  .49903166E+00
  -.84000000E+00  .47174888E+00
  -.80000000E+00  .44388747E+00
  -.76000000E+00  .41542030E+00
  -.72000000E+00  .38631842E+00
  -.68000000E+00  .35655101E+00
  -.64000000E+00  .32608515E+00
  -.60000000E+00  .29488563E+00
  -.56000000E+00  .26291481E+00
  -.52000000E+00  .23013235E+00
  -.48000000E+00  .19649494E+00
  -.44000000E+00  .16195610E+00
  -.40000000E+00  .12646577E+00
  -.36000000E+00  .89970070E-01
  -.32000000E+00  .52410827E-01
  -.28000000E+00  .13725193E-01
  -.24000000E+00 -.26154865E-01
  -.20000000E+00 -.67303104E-01
  -.16000000E+00 -.10979963E+00
  -.12000000E+00 -.15373161E+00
  -.80000000E-01 -.19919404E+00
  -.40000000E-01 -.24629069E+00
   .12351231E-14 -.29513515E+00
   .40000000E-01 -.34585196E+00
   .80000000E-01 -.39857806E+00
   .12000000E+00 -.45346429E+00
   .16000000E+00 -.51067730E+00
   .20000000E+00 -.57040159E+00
   .24000000E+00 -.63284206E+00
   .28000000E+00 -.69822686E+00
   .32000000E+00 -.76681080E+00
   .36000000E+00 -.83887941E+00
   .40000000E+00 -.91475369E+00
   .44000000E+00 -.99479580E+00
   .48000000E+00 -.10794159E+01
   .52000000E+00 -.11690805E+01
   .56000000E+00 -.12643222E+01
   .60000000E+00 -.13657522E+01
   .64000000E+00 -.14740750E+01
   .68000000E+00 -.15901074E+01
   .72000000E+00 -.17148015E+01
   .76000000E+00 -.18492737E+01
   .80000000E+00 -.19948425E+01
   .84000000E+00 -.21530757E+01
   .88000000E+00 -.23258529E+01
   .92000000E+00 -.25154465E+01
   .96000000E+00 -.27246304E+01
   .10000000E+01 -.29568265E+01
   .10400000E+01 -.32163055E+01
   .10800000E+01 -.35084677E+01
   .11200000E+01 -.38402429E+01
   .11600000E+01 -.42206733E+01
   .12000000E+01 -.46617852E+01
   .12400000E+01 -.51799303E+01
   .12800000E+01 -.57979229E+01
   .13200000E+01 -.65485830E+01
   .13600000E+01 -.74808975E+01
   .14000000E+01 -.86713725E+01
   .14400000E+01 -.10246516E+02
   .14800000E+01 -.12431668E+02
   .15200000E+01 -.15670934E+02
   .15600000E+01 -.20977757E+02
   .16000000E+01 -.31277603E+02
   .16400000E+01 -.59942631E+02
   .16800000E+01 -.56552979E+03
   .17200000E+01  .78107355E+02
   .17600000E+01  .36954471E+02
   .18000000E+01  .24371382E+02
   .18400000E+01  .18267118E+02
   .18800000E+01  .14658613E+02
   .19200000E+01  .12272439E+02
   .19600000E+01  .10575547E+02
   .20000000E+01  .93054770E+01
Potential  L  =         .00000   -.33009
  -.20000000E+01  .11387146E+01
  -.19600000E+01  .11218690E+01
  -.19200000E+01  .11048059E+01
  -.18800000E+01  .10875176E+01
  -.18400000E+01  .10699962E+01
  -.18000000E+01  .10522331E+01
  -.17600000E+01  .10342192E+01
  -.17200000E+01  .10159449E+01
  -.16800000E+01  .99740030E+00
  -.16400000E+01  .97857454E+00
  -.16000000E+01  .95945628E+00
  -.15600000E+01  .94003346E+00
  -.15200000E+01  .92029322E+00
  -.14800000E+01  .90022191E+00
  -.14400000E+01  .87980493E+00
  -.14000000E+01  .85902674E+00
  -.13600000E+01  .83787072E+00
  -.13200000E+01  .81631907E+00
  -.12800000E+01  .79435274E+00
  -.12400000E+01  .77195128E+00
  -.12000000E+01  .74909270E+00
  -.11600000E+01  .72575335E+00
  -.11200000E+01  .70190773E+00
  -.10800000E+01  .67752830E+00
  -.10400000E+01  .65258528E+00
  -.10000000E+01  .62704639E+00
  -.96000000E+00  .60087659E+00
  -.92000000E+00  .57403778E+00
  -.88000000E+00  .54648840E+00
  -.84000000E+00  .51818311E+00
  -.80000000E+00  .48907221E+00
  -.76000000E+00  .45910124E+00
  -.72000000E+00  .42821024E+00
  -.68000000E+00  .39633315E+00
  -.64000000E+00  .36339688E+00
  -.60000000E+00  .32932043E+00
  -.56000000E+00  .29401372E+00
  -.52000000E+00  .25737626E+00
  -.48000000E+00  .21929560E+00
  -.44000000E+00  .17964545E+00
  -.40000000E+00  .13828344E+00
  -.36000000E+00  .95048474E-01
  -.32000000E+00  .49757508E-01
  -.28000000E+00  .22015998E-02
  -.24000000E+00 -.47858858E-01
  -.20000000E+00 -.10070004E+00
  -.16000000E+00 -.15664201E+00
  -.12000000E+00 -.21605785E+00
  -.80000000E-01 -.27938524E+00
  -.40000000E-01 -.34714114E+00
   .12351231E-14 -.41994066E+00
   .40000000E-01 -.49852173E+00
   .80000000E-01 -.58377748E+00
   .12000000E+00 -.67679943E+00
   .16000000E+00 -.77893611E+00
   .20000000E+00 -.89187363E+00
   .24000000E+00 -.10177487E+01
   .28000000E+00 -.11593102E+01
   .32000000E+00 -.13201560E+01
   .36000000E+00 -.15050885E+01
   .40000000E+00 -.17206655E+01
   .44000000E+00 -.19760839E+01
   .48000000E+00 -.22846570E+01
   .52000000E+00 -.26664092E+01
   .56000000E+00 -.31529168E+01
   .60000000E+00 -.37970457E+01
   .64000000E+00 -.46945358E+01
   .68000000E+00 -.60385259E+01
   .72000000E+00 -.82856751E+01
   .76000000E+00 -.12838303E+02
   .80000000E+00 -.27120057E+02
   .84000000E+00  .37534353E+03
   .88000000E+00  .24397076E+02
   .92000000E+00  .12763982E+02
   .96000000E+00  .86984172E+01
   .10000000E+01  .66199509E+01
   .10400000E+01  .53522075E+01
   .10800000E+01  .44942090E+01
   .11200000E+01  .38718818E+01
   .11600000E+01  .33974436E+01
   .12000000E+01  .30218254E+01
   .12400000E+01  .27154458E+01
   .12800000E+01  .24594076E+01
   .13200000E+01  .22410707E+01
   .13600000E+01  .20516579E+01
   .14000000E+01  .18848815E+01
   .14400000E+01  .17361168E+01
   .14800000E+01  .16018844E+01
   .15200000E+01  .14795141E+01
   .15600000E+01  .13669206E+01
   .16000000E+01  .12624498E+01
   .16400000E+01  .11647705E+01
   .16800000E+01  .10727978E+01
   .17200000E+01  .98563658E+00
   .17600000E+01  .90253968E+00
   .18000000E+01  .82287678E+00
   .18400000E+01  .74611046E+00
   .18800000E+01  .67177770E+00
   .19200000E+01  .59947553E+00
   .19600000E+01  .52884956E+00
   .20000000E+01  .45958488E+00
Core Pot   L  =        1.00000  -2.23232
  -.20000000E+01  .24817396E+01
  -.19600000E+01  .22286864E+01
  -.19200000E+01  .20549052E+01
  -.18800000E+01  .19264481E+01
  -.18400000E+01  .18263051E+01
  -.18000000E+01  .17450113E+01
  -.17600000E+01  .16768802E+01
  -.17200000E+01  .16182892E+01
  -.16800000E+01  .15668203E+01
  -.16400000E+01  .15207977E+01
  -.16000000E+01  .14790229E+01
  -.15600000E+01  .14406155E+01
  -.15200000E+01  .14049143E+01
  -.14800000E+01  .13714125E+01
  -.14400000E+01  .13397148E+01
  -.14000000E+01  .13095083E+01
  -.13600000E+01  .12805418E+01
  -.13200000E+01  .12526109E+01
  -.12800000E+01  .12255474E+01
  -.12400000E+01  .11992118E+01
  -.12000000E+01  .11734865E+01
  -.11600000E+01  .11482722E+01
  -.11200000E+01  .11234837E+01
  -.10800000E+01  .10990477E+01
  -.10400000E+01  .10749003E+01
  -.10000000E+01  .10509857E+01
  -.96000000E+00  .10272543E+01
  -.92000000E+00  .10036623E+01
  -.88000000E+00  .98017023E+00
  -.84000000E+00  .95674232E+00
  -.80000000E+00  .93334614E+00
  -.76000000E+00  .90995191E+00
  -.72000000E+00  .88653210E+00
  -.68000000E+00  .86306106E+00
  -.64000000E+00  .83951474E+00
  -.60000000E+00  .81587045E+00
  -.56000000E+00  .79210655E+00
  -.52000000E+00  .76820233E+00
  -.48000000E+00  .74413780E+00
  -.44000000E+00  .71989356E+00
  -.40000000E+00  .69545062E+00
  -.36000000E+00  .67079030E+00
  -.32000000E+00  .64589415E+00
  -.28000000E+00  .62074377E+00
  -.24000000E+00  .59532077E+00
  -.20000000E+00  .56960666E+00
  -.16000000E+00  .54358276E+00
  -.12000000E+00  .51723009E+00
  -.80000000E-01  .49052935E+00
  -.40000000E-01  .46346077E+00
   .12351231E-14  .43600406E+00
   .40000000E-01  .40813832E+00
   .80000000E-01  .37984195E+00
   .12000000E+00  .35109257E+00
   .16000000E+00  .32186693E+00
   .20000000E+00  .29214080E+00
   .24000000E+00  .26188886E+00
   .28000000E+00  .23108466E+00
   .32000000E+00  .19970039E+00
   .36000000E+00  .16770688E+00
   .40000000E+00  .13507338E+00
   .44000000E+00  .10176747E+00
   .48000000E+00  .67754869E-01
   .52000000E+00  .32999306E-01
   .56000000E+00 -.25376937E-02
   .60000000E+00 -.38896990E-01
   .64000000E+00 -.76122050E-01
   .68000000E+00 -.11425919E+00
   .72000000E+00 -.15335784E+00
   .76000000E+00 -.19347084E+00
   .80000000E+00 -.23465474E+00
   .84000000E+00 -.27697019E+00
   .88000000E+00 -.32048233E+00
   .92000000E+00 -.36526122E+00
   .96000000E+00 -.41138236E+00
   .10000000E+01 -.45892723E+00
   .10400000E+01 -.50798393E+00
   .10800000E+01 -.55864789E+00
   .11200000E+01 -.61102265E+00
   .11600000E+01 -.66522075E+00
   .12000000E+01 -.72136481E+00
   .12400000E+01 -.77958865E+00
   .12800000E+01 -.84003861E+00
   .13200000E+01 -.90287512E+00
   .13600000E+01 -.96827441E+00
   .14000000E+01 -.10364306E+01
   .14400000E+01 -.11075578E+01
   .14800000E+01 -.11818932E+01
   .15200000E+01 -.12597001E+01
   .15600000E+01 -.13412711E+01
   .16000000E+01 -.14269334E+01
   .16400000E+01 -.15170531E+01
   .16800000E+01 -.16120415E+01
   .17200000E+01 -.17123628E+01
   .17600000E+01 -.18185419E+01
   .18000000E+01 -.19311759E+01
   .18400000E+01 -.20509458E+01
   .18800000E+01 -.21786327E+01
   .19200000E+01 -.23151364E+01
   .19600000E+01 -.24614992E+01
   .20000000E+01 -.26189351E+01
Potential  L  =        1.00000  -2.23232
  -.20000000E+01  .33283064E+02
  -.19600000E+01  .11106181E+02
  -.19200000E+01  .70557934E+01
  -.18800000E+01  .53478411E+01
  -.18400000E+01  .44013655E+01
  -.18000000E+01  .37967557E+01
  -.17600000E+01  .33748147E+01
  -.17200000E+01  .30618729E+01
  -.16800000E+01  .28191515E+01
  -.16400000E+01  .26242926E+01
  -.16000000E+01  .24634986E+01
  -.15600000E+01  .23277924E+01
  -.15200000E+01  .22110806E+01
  -.14800000E+01  .21090813E+01
  -.14400000E+01  .20186965E+01
  -.14000000E+01  .19376293E+01
  -.13600000E+01  .18641402E+01
  -.13200000E+01  .17968868E+01
  -.12800000E+01  .17348166E+01
  -.12400000E+01  .16770923E+01
  -.12000000E+01  .16230389E+01
  -.11600000E+01  .15721059E+01
  -.11200000E+01  .15238395E+01
  -.10800000E+01  .14778621E+01
  -.10400000E+01  .14338561E+01
  -.10000000E+01  .13915526E+01
  -.96000000E+00  .13507218E+01
  -.92000000E+00  .13111661E+01
  -.88000000E+00  .12727139E+01
  -.84000000E+00  .12352154E+01
  -.80000000E+00  .11985388E+01
  -.76000000E+00  .11625677E+01
  -.72000000E+00  .11271981E+01
  -.68000000E+00  .10923366E+01
  -.64000000E+00  .10578992E+01
  -.60000000E+00  .10238091E+01
  -.56000000E+00  .98999633E+00
  -.52000000E+00  .95639623E+00
  -.48000000E+00  .92294882E+00
  -.44000000E+00  .88959806E+00
  -.40000000E+00  .85629119E+00
  -.36000000E+00  .82297819E+00
  -.32000000E+00  .78961132E+00
  -.28000000E+00  .75614468E+00
  -.24000000E+00  .72253378E+00
  -.20000000E+00  .68873528E+00
  -.16000000E+00  .65470655E+00
  -.12000000E+00  .62040550E+00
  -.80000000E-01  .58579018E+00
  -.40000000E-01  .55081858E+00
   .12351231E-14  .51544837E+00
   .40000000E-01  .47963658E+00
   .80000000E-01  .44333942E+00
   .12000000E+00  .40651200E+00
   .16000000E+00  .36910802E+00
   .20000000E+00  .33107959E+00
   .24000000E+00  .29237684E+00
   .28000000E+00  .25294772E+00
   .32000000E+00  .21273762E+00
   .36000000E+00  .17168902E+00
   .40000000E+00  .12974119E+00
   .44000000E+00  .86829695E-01
   .48000000E+00  .42886022E-01
   .52000000E+00 -.21629494E-02
   .56000000E+00 -.48395471E-01
   .60000000E+00 -.95895536E-01
   .64000000E+00 -.14475355E+00
   .68000000E+00 -.19506711E+00
   .72000000E+00 -.24694181E+00
   .76000000E+00 -.30049228E+00
   .80000000E+00 -.35584323E+00
   .84000000E+00 -.41313072E+00
   .88000000E+00 -.47250361E+00
   .92000000E+00 -.53412522E+00
   .96000000E+00 -.59817518E+00
   .10000000E+01 -.66485171E+00
   .10400000E+01 -.73437413E+00
   .10800000E+01 -.80698588E+00
   .11200000E+01 -.88295799E+00
   .11600000E+01 -.96259329E+00
   .12000000E+01 -.10462312E+01
   .12400000E+01 -.11342537E+01
   .12800000E+01 -.12270920E+01
   .13200000E+01 -.13252352E+01
   .13600000E+01 -.14292405E+01
   .14000000E+01 -.15397448E+01
   .14400000E+01 -.16574807E+01
   .14800000E+01 -.17832945E+01
   .15200000E+01 -.19181697E+01
   .15600000E+01 -.20632554E+01
   .16000000E+01 -.22199040E+01
   .16400000E+01 -.23897172E+01
   .16800000E+01 -.25746069E+01
   .17200000E+01 -.27768744E+01
   .17600000E+01 -.29993145E+01
   .18000000E+01 -.32453559E+01
   .18400000E+01 -.35192519E+01
   .18800000E+01 -.38263438E+01
   .19200000E+01 -.41734335E+01
   .19600000E+01 -.45693193E+01
   .20000000E+01 -.50255865E+01
Core Pot   L  =        2.00000   -.14506
  -.20000000E+01  .13136605E+01
  -.19600000E+01  .12974329E+01
  -.19200000E+01  .12809727E+01
  -.18800000E+01  .12642699E+01
  -.18400000E+01  .12473140E+01
  -.18000000E+01  .12300939E+01
  -.17600000E+01  .12125974E+01
  -.17200000E+01  .11948119E+01
  -.16800000E+01  .11767235E+01
  -.16400000E+01  .11583173E+01
  -.16000000E+01  .11395776E+01
  -.15600000E+01  .11204872E+01
  -.15200000E+01  .11010277E+01
  -.14800000E+01  .10811791E+01
  -.14400000E+01  .10609198E+01
  -.14000000E+01  .10402265E+01
  -.13600000E+01  .10190737E+01
  -.13200000E+01  .99743375E+00
  -.12800000E+01  .97527655E+00
  -.12400000E+01  .95256912E+00
  -.12000000E+01  .92927537E+00
  -.11600000E+01  .90535568E+00
  -.11200000E+01  .88076644E+00
  -.10800000E+01  .85545955E+00
  -.10400000E+01  .82938181E+00
  -.10000000E+01  .80247418E+00
  -.96000000E+00  .77467100E+00
  -.92000000E+00  .74589896E+00
  -.88000000E+00  .71607600E+00
  -.84000000E+00  .68510992E+00
  -.80000000E+00  .65289671E+00
  -.76000000E+00  .61931864E+00
  -.72000000E+00  .58424185E+00
  -.68000000E+00  .54751351E+00
  -.64000000E+00  .50895825E+00
  -.60000000E+00  .46837386E+00
  -.56000000E+00  .42552589E+00
  -.52000000E+00  .38014095E+00
  -.48000000E+00  .33189818E+00
  -.44000000E+00  .28041847E+00
  -.40000000E+00  .22525056E+00
  -.36000000E+00  .16585289E+00
  -.32000000E+00  .10156984E+00
  -.28000000E+00  .31599847E-01
  -.24000000E+00 -.45047645E-01
  -.20000000E+00 -.12961151E+00
  -.16000000E+00 -.22366209E+00
  -.12000000E+00 -.32922024E+00
  -.80000000E-01 -.44893146E+00
  -.40000000E-01 -.58632787E+00
   .12351231E-14 -.74623377E+00
   .40000000E-01 -.93541659E+00
   .80000000E-01 -.11636752E+01
   .12000000E+00 -.14457520E+01
   .16000000E+00 -.18049015E+01
   .20000000E+00 -.22800718E+01
   .24000000E+00 -.29418314E+01
   .28000000E+00 -.39326346E+01
   .32000000E+00 -.55896370E+01
   .36000000E+00 -.89500055E+01
   .40000000E+00 -.19528402E+02
   .44000000E+00  .25751043E+03
   .48000000E+00  .18349180E+02
   .52000000E+00  .98613638E+01
   .56000000E+00  .68855651E+01
   .60000000E+00  .53621778E+01
   .64000000E+00  .44322641E+01
   .68000000E+00  .38025842E+01
   .72000000E+00  .33457216E+01
   .76000000E+00  .29973862E+01
   .80000000E+00  .27216280E+01
   .84000000E+00  .24967699E+01
   .88000000E+00  .23089636E+01
   .92000000E+00  .21489467E+01
   .96000000E+00  .20102892E+01
   .10000000E+01  .18883869E+01
   .10400000E+01  .17798558E+01
   .10800000E+01  .16821523E+01
   .11200000E+01  .15933273E+01
   .11600000E+01  .15118613E+01
   .12000000E+01  .14365521E+01
   .12400000E+01  .13664353E+01
   .12800000E+01  .13007281E+01
   .13200000E+01  .12387880E+01
   .13600000E+01  .11800822E+01
   .14000000E+01  .11241649E+01
   .14400000E+01  .10706599E+01
   .14800000E+01  .10192470E+01
   .15200000E+01  .96965176E+00
   .15600000E+01  .92163700E+00
   .16000000E+01  .87499664E+00
   .16400000E+01  .82955021E+00
   .16800000E+01  .78513873E+00
   .17200000E+01  .74162124E+00
   .17600000E+01  .69887195E+00
   .18000000E+01  .65677797E+00
   .18400000E+01  .61523732E+00
   .18800000E+01  .57415732E+00
   .19200000E+01  .53345323E+00
   .19600000E+01  .49304706E+00
   .20000000E+01  .45286662E+00
Potential  L  =        2.00000   -.14506
  -.20000000E+01  .12447794E+01
  -.19600000E+01  .12274051E+01
  -.19200000E+01  .12097746E+01
  -.18800000E+01  .11918781E+01
  -.18400000E+01  .11737050E+01
  -.18000000E+01  .11552439E+01
  -.17600000E+01  .11364831E+01
  -.17200000E+01  .11174099E+01
  -.16800000E+01  .10980109E+01
  -.16400000E+01  .10782718E+01
  -.16000000E+01  .10581773E+01
  -.15600000E+01  .10377114E+01
  -.15200000E+01  .10168566E+01
  -.14800000E+01  .99559451E+00
  -.14400000E+01  .97390532E+00
  -.14000000E+01  .95176784E+00
  -.13600000E+01  .92915932E+00
  -.13200000E+01  .90605533E+00
  -.12800000E+01  .88242958E+00
  -.12400000E+01  .85825377E+00
  -.12000000E+01  .83349734E+00
  -.11600000E+01  .80812728E+00
  -.11200000E+01  .78210786E+00
  -.10800000E+01  .75540032E+00
  -.10400000E+01  .72796257E+00
  -.10000000E+01  .69974880E+00
  -.96000000E+00  .67070908E+00
  -.92000000E+00  .64078885E+00
  -.88000000E+00  .60992835E+00
  -.84000000E+00  .57806205E+00
  -.80000000E+00  .54511785E+00
  -.76000000E+00  .51101629E+00
  -.72000000E+00  .47566953E+00
  -.68000000E+00  .43898024E+00
  -.64000000E+00  .40084024E+00
  -.60000000E+00  .36112899E+00
  -.56000000E+00  .31971171E+00
  -.52000000E+00  .27643719E+00
  -.48000000E+00  .23113525E+00
  -.44000000E+00  .18361362E+00
  -.40000000E+00  .13365422E+00
  -.36000000E+00  .81008655E-01
  -.32000000E+00  .25392744E-01
  -.28000000E+00 -.33520186E-01
  -.24000000E+00 -.96107585E-01
  -.20000000E+00 -.16280797E+00
  -.16000000E+00 -.23413381E+00
  -.12000000E+00 -.31068790E+00
  -.80000000E-01 -.39318414E+00
  -.40000000E-01 -.48247446E+00
   .12351231E-14 -.57958396E+00
   .40000000E-01 -.68575727E+00
   .80000000E-01 -.80252072E+00
   .12000000E+00 -.93176699E+00
   .16000000E+00 -.10758720E+01
   .20000000E+00 -.12378599E+01
   .24000000E+00 -.14216405E+01
   .28000000E+00 -.16323589E+01
   .32000000E+00 -.18769261E+01
   .36000000E+00 -.21648472E+01
   .40000000E+00 -.25095658E+01
   .44000000E+00 -.29307389E+01
   .48000000E+00 -.34582975E+01
   .52000000E+00 -.41401674E+01
   .56000000E+00 -.50581869E+01
   .60000000E+00 -.63645492E+01
   .64000000E+00 -.83781089E+01
   .68000000E+00 -.11898514E+02
   .72000000E+00 -.19660756E+02
   .76000000E+00 -.51160444E+02
   .80000000E+00  .98657869E+02
   .84000000E+00  .26051974E+02
   .88000000E+00  .15296354E+02
   .92000000E+00  .10957596E+02
   .96000000E+00  .86074131E+01
   .10000000E+01  .71300683E+01
   .10400000E+01  .61129503E+01
   .10800000E+01  .53680795E+01
   .11200000E+01  .47975540E+01
   .11600000E+01  .43453661E+01
   .12000000E+01  .39771576E+01
   .12400000E+01  .36706809E+01
   .12800000E+01  .34108940E+01
   .13200000E+01  .31872621E+01
   .13600000E+01  .29921859E+01
   .14000000E+01  .28200458E+01
   .14400000E+01  .26665963E+01
   .14800000E+01  .25285695E+01
   .15200000E+01  .24034090E+01
   .15600000E+01  .22890861E+01
   .16000000E+01  .21839695E+01
   .16400000E+01  .20867329E+01
   .16800000E+01  .19962860E+01
   .17200000E+01  .19117247E+01
   .17600000E+01  .18322921E+01
   .18000000E+01  .17573497E+01
   .18400000E+01  .16863551E+01
   .18800000E+01  .16188440E+01
   .19200000E+01  .15544168E+01
   .19600000E+01  .14927270E+01
   .20000000E+01  .14334728E+01
Core Pot   L  =        3.00000    .00000
  -.20000000E+01  .16165927E+01
  -.19600000E+01  .16041770E+01
  -.19200000E+01  .15916475E+01
  -.18800000E+01  .15789994E+01
  -.18400000E+01  .15662268E+01
  -.18000000E+01  .15533237E+01
  -.17600000E+01  .15402830E+01
  -.17200000E+01  .15270969E+01
  -.16800000E+01  .15137565E+01
  -.16400000E+01  .15002515E+01
  -.16000000E+01  .14865701E+01
  -.15600000E+01  .14726988E+01
  -.15200000E+01  .14586213E+01
  -.14800000E+01  .14443188E+01
  -.14400000E+01  .14297686E+01
  -.14000000E+01  .14149432E+01
  -.13600000E+01  .13998089E+01
  -.13200000E+01  .13843239E+01
  -.12800000E+01  .13684357E+01
  -.12400000E+01  .13520765E+01
  -.12000000E+01  .13351583E+01
  -.11600000E+01  .13175630E+01
  -.11200000E+01  .12991294E+01
  -.10800000E+01  .12796302E+01
  -.10400000E+01  .12587339E+01
  -.10000000E+01  .12359370E+01
  -.96000000E+00  .12104338E+01
  -.92000000E+00  .11808492E+01
  -.88000000E+00  .11446249E+01
  -.84000000E+00  .10963926E+01
  -.80000000E+00  .10226489E+01
  -.76000000E+00  .87692143E+00
  -.72000000E+00  .32136132E+00
  -.68000000E+00  .27503925E+01
  -.64000000E+00  .15900726E+01
  -.60000000E+00  .13989165E+01
  -.56000000E+00  .13119878E+01
  -.52000000E+00  .12574871E+01
  -.48000000E+00  .12171725E+01
  -.44000000E+00  .11842680E+01
  -.40000000E+00  .11556765E+01
  -.36000000E+00  .11297796E+01
  -.32000000E+00  .11056480E+01
  -.28000000E+00  .10827086E+01
  -.24000000E+00  .10605880E+01
  -.20000000E+00  .10390313E+01
  -.16000000E+00  .10178578E+01
  -.12000000E+00  .99693490E+00
  -.80000000E-01  .97616251E+00
  -.40000000E-01  .95546289E+00
   .12351231E-14  .93477412E+00
   .40000000E-01  .91404566E+00
   .80000000E-01  .89323530E+00
   .12000000E+00  .87230700E+00
   .16000000E+00  .85122928E+00
   .20000000E+00  .82997409E+00
   .24000000E+00  .80851593E+00
   .28000000E+00  .78683120E+00
   .32000000E+00  .76489765E+00
   .36000000E+00  .74269397E+00
   .40000000E+00  .72019947E+00
   .44000000E+00  .69739379E+00
   .48000000E+00  .67425667E+00
   .52000000E+00  .65076773E+00
   .56000000E+00  .62690630E+00
   .60000000E+00  .60265123E+00
   .64000000E+00  .57798079E+00
   .68000000E+00  .55287244E+00
   .72000000E+00  .52730275E+00
   .76000000E+00  .50124723E+00
   .80000000E+00  .47468015E+00
   .84000000E+00  .44757444E+00
   .88000000E+00  .41990148E+00
   .92000000E+00  .39163093E+00
   .96000000E+00  .36273058E+00
   .10000000E+01  .33316611E+00
   .10400000E+01  .30290087E+00
   .10800000E+01  .27189564E+00
   .11200000E+01  .24010840E+00
   .11600000E+01  .20749395E+00
   .12000000E+01  .17400367E+00
   .12400000E+01  .13958507E+00
   .12800000E+01  .10418143E+00
   .13200000E+01  .67731311E-01
   .13600000E+01  .30168019E-01
   .14000000E+01 -.85809800E-02
   .14400000E+01 -.48594745E-01
   .14800000E+01 -.89959632E-01
   .15200000E+01 -.13277019E+00
   .15600000E+01 -.17713015E+00
   .16000000E+01 -.22315363E+00
   .16400000E+01 -.27096648E+00
   .16800000E+01 -.32070781E+00
   .17200000E+01 -.37253188E+00
   .17600000E+01 -.42661017E+00
   .18000000E+01 -.48313395E+00
   .18400000E+01 -.54231716E+00
   .18800000E+01 -.60439997E+00
   .19200000E+01 -.66965294E+00
   .19600000E+01 -.73838195E+00
   .20000000E+01 -.81093428E+00
Potential  L  =        3.00000    .00000
  -.20000000E+01  .16275201E+01
  -.19600000E+01  .16156188E+01
  -.19200000E+01  .16036400E+01
  -.18800000E+01  .15915821E+01
  -.18400000E+01  .15794438E+01
  -.18000000E+01  .15672237E+01
  -.17600000E+01  .15549201E+01
  -.17200000E+01  .15425317E+01
  -.16800000E+01  .15300567E+01
  -.16400000E+01  .15174935E+01
  -.16000000E+01  .15048406E+01
  -.15600000E+01  .14920961E+01
  -.15200000E+01  .14792582E+01
  -.14800000E+01  .14663251E+01
  -.14400000E+01  .14532950E+01
  -.14000000E+01  .14401659E+01
  -.13600000E+01  .14269357E+01
  -.13200000E+01  .14136024E+01
  -.12800000E+01  .14001639E+01
  -.12400000E+01  .13866179E+01
  -.12000000E+01  .13729622E+01
  -.11600000E+01  .13591945E+01
  -.11200000E+01  .13453122E+01
  -.10800000E+01  .13313130E+01
  -.10400000E+01  .13171942E+01
  -.10000000E+01  .13029531E+01
  -.96000000E+00  .12885870E+01
  -.92000000E+00  .12740930E+01
  -.88000000E+00  .12594682E+01
  -.84000000E+00  .12447095E+01
  -.80000000E+00  .12298137E+01
  -.76000000E+00  .12147776E+01
  -.72000000E+00  .11995977E+01
  -.68000000E+00  .11842705E+01
  -.64000000E+00  .11687924E+01
  -.60000000E+00  .11531596E+01
  -.56000000E+00  .11373681E+01
  -.52000000E+00  .11214139E+01
  -.48000000E+00  .11052926E+01
  -.44000000E+00  .10890000E+01
  -.40000000E+00  .10725314E+01
  -.36000000E+00  .10558821E+01
  -.32000000E+00  .10390471E+01
  -.28000000E+00  .10220213E+01
  -.24000000E+00  .10047992E+01
  -.20000000E+00  .98737530E+00
  -.16000000E+00  .96974379E+00
  -.12000000E+00  .95189857E+00
  -.80000000E-01  .93383329E+00
  -.40000000E-01  .91554134E+00
   .12351231E-14  .89701581E+00
   .40000000E-01  .87824947E+00
   .80000000E-01  .85923477E+00
   .12000000E+00  .83996382E+00
   .16000000E+00  .82042835E+00
   .20000000E+00  .80061970E+00
   .24000000E+00  .78052881E+00
   .28000000E+00  .76014615E+00
   .32000000E+00  .73946175E+00
   .36000000E+00  .71846513E+00
   .40000000E+00  .69714529E+00
   .44000000E+00  .67549065E+00
   .48000000E+00  .65348904E+00
   .52000000E+00  .63112765E+00
   .56000000E+00  .60839298E+00
   .60000000E+00  .58527079E+00
   .64000000E+00  .56174607E+00
   .68000000E+00  .53780315E+00
   .72000000E+00  .51342490E+00
   .76000000E+00  .48859378E+00
   .80000000E+00  .46329102E+00
   .84000000E+00  .43749676E+00
   .88000000E+00  .41118991E+00
   .92000000E+00  .38434810E+00
   .96000000E+00  .35694755E+00
   .10000000E+01  .32896300E+00
   .10400000E+01  .30036751E+00
   .10800000E+01  .27113241E+00
   .11200000E+01  .24122710E+00
   .11600000E+01  .21061889E+00
   .12000000E+01  .17927283E+00
   .12400000E+01  .14715150E+00
   .12800000E+01  .11421479E+00
   .13200000E+01  .80419654E-01
   .13600000E+01  .45719588E-01
   .14000000E+01  .10065276E-01
   .14400000E+01 -.26597169E-01
   .14800000E+01 -.64325682E-01
   .15200000E+01 -.10318286E+00
   .15600000E+01 -.14323648E+00
   .16000000E+01 -.18456010E+00
   .16400000E+01 -.22723356E+00
   .16800000E+01 -.27134380E+00
   .17200000E+01 -.31698561E+00
   .17600000E+01 -.36426254E+00
   .18000000E+01 -.41328798E+00
   .18400000E+01 -.46418634E+00
   .18800000E+01 -.51709439E+00
   .19200000E+01 -.57216291E+00
   .19600000E+01 -.62955849E+00
   .20000000E+01 -.68946569E+00
Core Pot   L  =        4.00000    .00000
  -.20000000E+01  .19191020E+01
  -.19600000E+01  .19090871E+01
  -.19200000E+01  .18990258E+01
  -.18800000E+01  .18889174E+01
  -.18400000E+01  .18787614E+01
  -.18000000E+01  .18685571E+01
  -.17600000E+01  .18583040E+01
  -.17200000E+01  .18480013E+01
  -.16800000E+01  .18376484E+01
  -.16400000E+01  .18272446E+01
  -.16000000E+01  .18167893E+01
  -.15600000E+01  .18062817E+01
  -.15200000E+01  .17957211E+01
  -.14800000E+01  .17851067E+01
  -.14400000E+01  .17744379E+01
  -.14000000E+01  .17637138E+01
  -.13600000E+01  .17529337E+01
  -.13200000E+01  .17420967E+01
  -.12800000E+01  .17312021E+01
  -.12400000E+01  .17202489E+01
  -.12000000E+01  .17092364E+01
  -.11600000E+01  .16981637E+01
  -.11200000E+01  .16870298E+01
  -.10800000E+01  .16758339E+01
  -.10400000E+01  .16645750E+01
  -.10000000E+01  .16532521E+01
  -.96000000E+00  .16418643E+01
  -.92000000E+00  .16304105E+01
  -.88000000E+00  .16188897E+01
  -.84000000E+00  .16073009E+01
  -.80000000E+00  .15956429E+01
  -.76000000E+00  .15839147E+01
  -.72000000E+00  .15721152E+01
  -.68000000E+00  .15602430E+01
  -.64000000E+00  .15482971E+01
  -.60000000E+00  .15362762E+01
  -.56000000E+00  .15241791E+01
  -.52000000E+00  .15120045E+01
  -.48000000E+00  .14997510E+01
  -.44000000E+00  .14874173E+01
  -.40000000E+00  .14750019E+01
  -.36000000E+00  .14625035E+01
  -.32000000E+00  .14499206E+01
  -.28000000E+00  .14372517E+01
  -.24000000E+00  .14244951E+01
  -.20000000E+00  .14116494E+01
  -.16000000E+00  .13987128E+01
  -.12000000E+00  .13856837E+01
  -.80000000E-01  .13725603E+01
  -.40000000E-01  .13593409E+01
   .12351231E-14  .13460236E+01
   .40000000E-01  .13326065E+01
   .80000000E-01  .13190876E+01
   .12000000E+00  .13054651E+01
   .16000000E+00  .12917367E+01
   .20000000E+00  .12779004E+01
   .24000000E+00  .12639539E+01
   .28000000E+00  .12498951E+01
   .32000000E+00  .12357215E+01
   .36000000E+00  .12214308E+01
   .40000000E+00  .12070205E+01
   .44000000E+00  .11924879E+01
   .48000000E+00  .11778306E+01
   .52000000E+00  .11630457E+01
   .56000000E+00  .11481304E+01
   .60000000E+00  .11330819E+01
   .64000000E+00  .11178970E+01
   .68000000E+00  .11025727E+01
   .72000000E+00  .10871057E+01
   .76000000E+00  .10714928E+01
   .80000000E+00  .10557304E+01
   .84000000E+00  .10398150E+01
   .88000000E+00  .10237429E+01
   .92000000E+00  .10075102E+01
   .96000000E+00  .99111297E+00
   .10000000E+01  .97454710E+00
   .10400000E+01  .95780829E+00
   .10800000E+01  .94089211E+00
   .11200000E+01  .92379394E+00
   .11600000E+01  .90650900E+00
   .12000000E+01  .88903232E+00
   .12400000E+01  .87135871E+00
   .12800000E+01  .85348282E+00
   .13200000E+01  .83539903E+00
   .13600000E+01  .81710154E+00
   .14000000E+01  .79858427E+00
   .14400000E+01  .77984092E+00
   .14800000E+01  .76086488E+00
   .15200000E+01  .74164931E+00
   .15600000E+01  .72218703E+00
   .16000000E+01  .70247057E+00
   .16400000E+01  .68249212E+00
   .16800000E+01  .66224350E+00
   .17200000E+01  .64171620E+00
   .17600000E+01  .62090128E+00
   .18000000E+01  .59978940E+00
   .18400000E+01  .57837076E+00
   .18800000E+01  .55663511E+00
   .19200000E+01  .53457169E+00
   .19600000E+01  .51216922E+00
   .20000000E+01  .48941584E+00
Potential  L  =        4.00000    .00000
  -.20000000E+01  .19209134E+01
  -.19600000E+01  .19109393E+01
  -.19200000E+01  .19009187E+01
  -.18800000E+01  .18908528E+01
  -.18400000E+01  .18807403E+01
  -.18000000E+01  .18705818E+01
  -.17600000E+01  .18603738E+01
  -.17200000E+01  .18501183E+01
  -.16800000E+01  .18398140E+01
  -.16400000E+01  .18294602E+01
  -.16000000E+01  .18190562E+01
  -.15600000E+01  .18086011E+01
  -.15200000E+01  .17980948E+01
  -.14800000E+01  .17875364E+01
  -.14400000E+01  .17769257E+01
  -.14000000E+01  .17662605E+01
  -.13600000E+01  .17555410E+01
  -.13200000E+01  .17447655E+01
  -.12800000E+01  .17339362E+01
  -.12400000E+01  .17230491E+01
  -.12000000E+01  .17121037E+01
  -.11600000E+01  .17011018E+01
  -.11200000E+01  .16900400E+01
  -.10800000E+01  .16789181E+01
  -.10400000E+01  .16677357E+01
  -.10000000E+01  .16564913E+01
  -.96000000E+00  .16451845E+01
  -.92000000E+00  .16338140E+01
  -.88000000E+00  .16223791E+01
  -.84000000E+00  .16108788E+01
  -.80000000E+00  .15993121E+01
  -.76000000E+00  .15876779E+01
  -.72000000E+00  .15759752E+01
  -.68000000E+00  .15642030E+01
  -.64000000E+00  .15523601E+01
  -.60000000E+00  .15404454E+01
  -.56000000E+00  .15284579E+01
  -.52000000E+00  .15163954E+01
  -.48000000E+00  .15042593E+01
  -.44000000E+00  .14920451E+01
  -.40000000E+00  .14797540E+01
  -.36000000E+00  .14673838E+01
  -.32000000E+00  .14549332E+01
  -.28000000E+00  .14424009E+01
  -.24000000E+00  .14297855E+01
  -.20000000E+00  .14170854E+01
  -.16000000E+00  .14043001E+01
  -.12000000E+00  .13914259E+01
  -.80000000E-01  .13784633E+01
  -.40000000E-01  .13654101E+01
   .12351231E-14  .13522646E+01
   .40000000E-01  .13390251E+01
   .80000000E-01  .13256901E+01
   .12000000E+00  .13122576E+01
   .16000000E+00  .12987259E+01
   .20000000E+00  .12850932E+01
   .24000000E+00  .12713574E+01
   .28000000E+00  .12575166E+01
   .32000000E+00  .12435689E+01
   .36000000E+00  .12295121E+01
   .40000000E+00  .12153441E+01
   .44000000E+00  .12010627E+01
   .48000000E+00  .11866655E+01
   .52000000E+00  .11721504E+01
   .56000000E+00  .11575148E+01
   .60000000E+00  .11427562E+01
   .64000000E+00  .11278722E+01
   .68000000E+00  .11128601E+01
   .72000000E+00  .10977171E+01
   .76000000E+00  .10824405E+01
   .80000000E+00  .10670273E+01
   .84000000E+00  .10514746E+01
   .88000000E+00  .10357793E+01
   .92000000E+00  .10199382E+01
   .96000000E+00  .10039479E+01
   .10000000E+01  .98780524E+00
   .10400000E+01  .97150653E+00
   .10800000E+01  .95504818E+00
   .11200000E+01  .93842643E+00
   .11600000E+01  .92163739E+00
   .12000000E+01  .90467703E+00
   .12400000E+01  .88754120E+00
   .12800000E+01  .87022558E+00
   .13200000E+01  .85272570E+00
   .13600000E+01  .83503689E+00
   .14000000E+01  .81715442E+00
   .14400000E+01  .79907327E+00
   .14800000E+01  .78078827E+00
   .15200000E+01  .76229407E+00
   .15600000E+01  .74358509E+00
   .16000000E+01  .72465555E+00
   .16400000E+01  .70549945E+00
   .16800000E+01  .68611053E+00
   .17200000E+01  .66648229E+00
   .17600000E+01  .64660798E+00
   .18000000E+01  .62648056E+00
   .18400000E+01  .60609269E+00
   .18800000E+01  .58543676E+00
   .19200000E+01  .56450481E+00
   .19600000E+01  .54328854E+00
   .20000000E+01  .52177929E+00
KBPotential  L  =       .00000   -.66018
  -.20000000E+01  .10950778E+01
  -.19600000E+01  .10776635E+01
  -.19200000E+01  .10600353E+01
  -.18800000E+01  .10421870E+01
  -.18400000E+01  .10241118E+01
  -.18000000E+01  .10058028E+01
  -.17600000E+01  .98725260E+00
  -.17200000E+01  .96845374E+00
  -.16800000E+01  .94939823E+00
  -.16400000E+01  .93007776E+00
  -.16000000E+01  .91048363E+00
  -.15600000E+01  .89060671E+00
  -.15200000E+01  .87043743E+00
  -.14800000E+01  .84996578E+00
  -.14400000E+01  .82918120E+00
  -.14000000E+01  .80807266E+00
  -.13600000E+01  .78662850E+00
  -.13200000E+01  .76483652E+00
  -.12800000E+01  .74268383E+00
  -.12400000E+01  .72015687E+00
  -.12000000E+01  .69724135E+00
  -.11600000E+01  .67392220E+00
  -.11200000E+01  .65018349E+00
  -.10800000E+01  .62600839E+00
  -.10400000E+01  .60137914E+00
  -.10000000E+01  .57627689E+00
  -.96000000E+00  .55068171E+00
  -.92000000E+00  .52457246E+00
  -.88000000E+00  .49792671E+00
  -.84000000E+00  .47072062E+00
  -.80000000E+00  .44292890E+00
  -.76000000E+00  .41452447E+00
  -.72000000E+00  .38547866E+00
  -.68000000E+00  .35576081E+00
  -.64000000E+00  .32533824E+00
  -.60000000E+00  .29417586E+00
  -.56000000E+00  .26223627E+00
  -.52000000E+00  .22947928E+00
  -.48000000E+00  .19586193E+00
  -.44000000E+00  .16133791E+00
  -.40000000E+00  .12585743E+00
  -.36000000E+00  .89366840E-01
  -.32000000E+00  .51808240E-01
  -.28000000E+00  .13119148E-01
  -.24000000E+00 -.26768174E-01
  -.20000000E+00 -.67927134E-01
  -.16000000E+00 -.11043746E+00
  -.12000000E+00 -.15438590E+00
  -.80000000E-01 -.19986700E+00
  -.40000000E-01 -.24698410E+00
   .12351231E-14 -.29585028E+00
   .40000000E-01 -.34658947E+00
   .80000000E-01 -.39933802E+00
   .12000000E+00 -.45424614E+00
   .16000000E+00 -.51147986E+00
   .20000000E+00 -.57122295E+00
   .24000000E+00 -.63367956E+00
   .28000000E+00 -.69907707E+00
   .32000000E+00 -.76766954E+00
   .36000000E+00 -.83974172E+00
   .40000000E+00 -.91561391E+00
   .44000000E+00 -.99564763E+00
   .48000000E+00 -.10802526E+01
   .52000000E+00 -.11698950E+01
   .56000000E+00 -.12651076E+01
   .60000000E+00 -.13665023E+01
   .64000000E+00 -.14747851E+01
   .68000000E+00 -.15907751E+01
   .72000000E+00 -.17154287E+01
   .76000000E+00 -.18498689E+01
   .80000000E+00 -.19954238E+01
   .84000000E+00 -.21536756E+01
   .88000000E+00 -.23265250E+01
   .92000000E+00 -.25162754E+01
   .96000000E+00 -.27257458E+01
   .10000000E+01 -.29584245E+01
   .10400000E+01 -.32186798E+01
   .10800000E+01 -.35120576E+01
   .11200000E+01 -.38457073E+01
   .11600000E+01 -.42290077E+01
   .12000000E+01 -.46745108E+01
   .12400000E+01 -.51994095E+01
   .12800000E+01 -.58279048E+01
   .13200000E+01 -.65951849E+01
   .13600000E+01 -.75544656E+01
   .14000000E+01 -.87902403E+01
   .14400000E+01 -.10445237E+02
   .14800000E+01 -.12781058E+02
   .15200000E+01 -.16334550E+02
   .15600000E+01 -.22409128E+02
   .16000000E+01 -.35203013E+02
   .16400000E+01 -.79880858E+02
   .16800000E+01  .32401383E+03
   .17200000E+01  .54184064E+02
   .17600000E+01  .29727911E+02
   .18000000E+01  .20539457E+02
   .18400000E+01  .15709091E+02
   .18800000E+01  .12720375E+02
   .19200000E+01  .10680269E+02
   .19600000E+01  .91915155E+01
   .20000000E+01  .80501762E+01
KBPotential  L  =      1.00000  -4.46464
  -.20000000E+01  .24811957E+01
  -.19600000E+01  .22281712E+01
  -.19200000E+01  .20544157E+01
  -.18800000E+01  .19259834E+01
  -.18400000E+01  .18258654E+01
  -.18000000E+01  .17445976E+01
  -.17600000E+01  .16764942E+01
  -.17200000E+01  .16179327E+01
  -.16800000E+01  .15664957E+01
  -.16400000E+01  .15205076E+01
  -.16000000E+01  .14787699E+01
  -.15600000E+01  .14404029E+01
  -.15200000E+01  .14047452E+01
  -.14800000E+01  .13712904E+01
  -.14400000E+01  .13396436E+01
  -.14000000E+01  .13094920E+01
  -.13600000E+01  .12805846E+01
  -.13200000E+01  .12527174E+01
  -.12800000E+01  .12257221E+01
  -.12400000E+01  .11994600E+01
  -.12000000E+01  .11738138E+01
  -.11600000E+01  .11486844E+01
  -.11200000E+01  .11239868E+01
  -.10800000E+01  .10996481E+01
  -.10400000E+01  .10756049E+01
  -.10000000E+01  .10518017E+01
  -.96000000E+00  .10281895E+01
  -.92000000E+00  .10047247E+01
  -.88000000E+00  .98136843E+00
  -.84000000E+00  .95808550E+00
  -.80000000E+00  .93484425E+00
  -.76000000E+00  .91161493E+00
  -.72000000E+00  .88837090E+00
  -.68000000E+00  .86508719E+00
  -.64000000E+00  .84174079E+00
  -.60000000E+00  .81830907E+00
  -.56000000E+00  .79477153E+00
  -.52000000E+00  .77110832E+00
  -.48000000E+00  .74730037E+00
  -.44000000E+00  .72332924E+00
  -.40000000E+00  .69917698E+00
  -.36000000E+00  .67482605E+00
  -.32000000E+00  .65025916E+00
  -.28000000E+00  .62545920E+00
  -.24000000E+00  .60040914E+00
  -.20000000E+00  .57509197E+00
  -.16000000E+00  .54949056E+00
  -.12000000E+00  .52358750E+00
  -.80000000E-01  .49736573E+00
  -.40000000E-01  .47080701E+00
   .12351231E-14  .44389313E+00
   .40000000E-01  .41660590E+00
   .80000000E-01  .38892571E+00
   .12000000E+00  .36083299E+00
   .16000000E+00  .33230729E+00
   .20000000E+00  .30332742E+00
   .24000000E+00  .27387145E+00
   .28000000E+00  .24391647E+00
   .32000000E+00  .21343858E+00
   .36000000E+00  .18241283E+00
   .40000000E+00  .15081302E+00
   .44000000E+00  .11861178E+00
   .48000000E+00  .85779857E-01
   .52000000E+00  .52287447E-01
   .56000000E+00  .18102241E-01
   .60000000E+00 -.16809600E-01
   .64000000E+00 -.52483900E-01
   .68000000E+00 -.88958589E-01
   .72000000E+00 -.12627394E+00
   .76000000E+00 -.16447268E+00
   .80000000E+00 -.20360032E+00
   .84000000E+00 -.24370535E+00
   .88000000E+00 -.28483947E+00
   .92000000E+00 -.32705798E+00
   .96000000E+00 -.37042004E+00
   .10000000E+01 -.41498900E+00
   .10400000E+01 -.46083290E+00
   .10800000E+01 -.50802486E+00
   .11200000E+01 -.55664359E+00
   .11600000E+01 -.60677397E+00
   .12000000E+01 -.65850766E+00
   .12400000E+01 -.71194383E+00
   .12800000E+01 -.76718994E+00
   .13200000E+01 -.82436268E+00
   .13600000E+01 -.88358891E+00
   .14000000E+01 -.94500682E+00
   .14400000E+01 -.10087676E+01
   .14800000E+01 -.10750362E+01
   .15200000E+01 -.11439939E+01
   .15600000E+01 -.12158399E+01
   .16000000E+01 -.12907933E+01
   .16400000E+01 -.13690963E+01
   .16800000E+01 -.14510173E+01
   .17200000E+01 -.15368537E+01
   .17600000E+01 -.16269368E+01
   .18000000E+01 -.17216371E+01
   .18400000E+01 -.18213689E+01
   .18800000E+01 -.19265985E+01
   .19200000E+01 -.20378515E+01
   .19600000E+01 -.21557234E+01
   .20000000E+01 -.22808911E+01
KBPotential  L  =      2.00000   -.29012
  -.20000000E+01  .13155304E+01
  -.19600000E+01  .12991687E+01
  -.19200000E+01  .12825777E+01
  -.18800000E+01  .12657476E+01
  -.18400000E+01  .12486679E+01
  -.18000000E+01  .12313275E+01
  -.17600000E+01  .12137143E+01
  -.17200000E+01  .11958156E+01
  -.16800000E+01  .11776176E+01
  -.16400000E+01  .11591056E+01
  -.16000000E+01  .11402638E+01
  -.15600000E+01  .11210750E+01
  -.15200000E+01  .11015209E+01
  -.14800000E+01  .10815815E+01
  -.14400000E+01  .10612353E+01
  -.14000000E+01  .10404589E+01
  -.13600000E+01  .10192270E+01
  -.13200000E+01  .99751199E+00
  -.12800000E+01  .97528361E+00
  -.12400000E+01  .95250900E+00
  -.12000000E+01  .92915209E+00
  -.11600000E+01  .90517327E+00
  -.11200000E+01  .88052894E+00
  -.10800000E+01  .85517103E+00
  -.10400000E+01  .82904630E+00
  -.10000000E+01  .80209575E+00
  -.96000000E+00  .77425368E+00
  -.92000000E+00  .74544679E+00
  -.88000000E+00  .71559300E+00
  -.84000000E+00  .68459967E+00
  -.80000000E+00  .65236355E+00
  -.76000000E+00  .61876644E+00
  -.72000000E+00  .58367446E+00
  -.68000000E+00  .54693465E+00
  -.64000000E+00  .50837157E+00
  -.60000000E+00  .46778290E+00
  -.56000000E+00  .42493405E+00
  -.52000000E+00  .37955147E+00
  -.48000000E+00  .33131412E+00
  -.44000000E+00  .27984268E+00
  -.40000000E+00  .22468571E+00
  -.36000000E+00  .16530117E+00
  -.32000000E+00  .10103316E+00
  -.28000000E+00  .31079736E-01
  -.24000000E+00 -.45550143E-01
  -.20000000E+00 -.13009591E+00
  -.16000000E+00 -.22412855E+00
  -.12000000E+00 -.32966953E+00
  -.80000000E-01 -.44936556E+00
  -.40000000E-01 -.58674926E+00
   .12351231E-14 -.74664598E+00
   .40000000E-01 -.93582381E+00
   .80000000E-01 -.11640817E+01
   .12000000E+00 -.14461604E+01
   .16000000E+00 -.18053106E+01
   .20000000E+00 -.22804562E+01
   .24000000E+00 -.29421246E+01
   .28000000E+00 -.39326181E+01
   .32000000E+00 -.55885627E+01
   .36000000E+00 -.89445089E+01
   .40000000E+00 -.19488213E+02
   .44000000E+00  .26763178E+03
   .48000000E+00  .18414482E+02
   .52000000E+00  .98853284E+01
   .56000000E+00  .69000741E+01
   .60000000E+00  .53729145E+01
   .64000000E+00  .44410907E+01
   .68000000E+00  .38103116E+01
   .72000000E+00  .33527677E+01
   .76000000E+00  .30039914E+01
   .80000000E+00  .27279418E+01
   .84000000E+00  .25028906E+01
   .88000000E+00  .23149583E+01
   .92000000E+00  .21548626E+01
   .96000000E+00  .20161598E+01
   .10000000E+01  .18942360E+01
   .10400000E+01  .17857001E+01
   .10800000E+01  .16880029E+01
   .11200000E+01  .15991909E+01
   .11600000E+01  .15177409E+01
   .12000000E+01  .14424473E+01
   .12400000E+01  .13723430E+01
   .12800000E+01  .13066423E+01
   .13200000E+01  .12447001E+01
   .13600000E+01  .11859813E+01
   .14000000E+01  .11300375E+01
   .14400000E+01  .10764899E+01
   .14800000E+01  .10250152E+01
   .15200000E+01  .97533775E+00
   .15600000E+01  .92719872E+00
   .16000000E+01  .88044112E+00
   .16400000E+01  .83482972E+00
   .16800000E+01  .79021931E+00
   .17200000E+01  .74646627E+00
   .17600000E+01  .70343791E+00
   .18000000E+01  .66101995E+00
   .18400000E+01  .61910495E+00
   .18800000E+01  .57759526E+00
   .19200000E+01  .53639993E+00
   .19600000E+01  .49543772E+00
   .20000000E+01  .45462959E+00
KBPotential  L  =      3.00000    .00000
  -.20000000E+01  .16275201E+01
  -.19600000E+01  .16156188E+01
  -.19200000E+01  .16036400E+01
  -.18800000E+01  .15915821E+01
  -.18400000E+01  .15794438E+01
  -.18000000E+01  .15672237E+01
  -.17600000E+01  .15549201E+01
  -.17200000E+01  .15425317E+01
  -.16800000E+01  .15300567E+01
  -.16400000E+01  .15174935E+01
  -.16000000E+01  .15048406E+01
  -.15600000E+01  .14920961E+01
  -.15200000E+01  .14792582E+01
  -.14800000E+01  .14663251E+01
  -.14400000E+01  .14532950E+01
  -.14000000E+01  .14401659E+01
  -.13600000E+01  .14269357E+01
  -.13200000E+01  .14136024E+01
  -.12800000E+01  .14001639E+01
  -.12400000E+01  .13866179E+01
  -.12000000E+01  .13729622E+01
  -.11600000E+01  .13591945E+01
  -.11200000E+01  .13453122E+01
  -.10800000E+01  .13313130E+01
  -.10400000E+01  .13171942E+01
  -.10000000E+01  .13029531E+01
  -.96000000E+00  .12885870E+01
  -.92000000E+00  .12740930E+01
  -.88000000E+00  .12594682E+01
  -.84000000E+00  .12447095E+01
  -.80000000E+00  .12298137E+01
  -.76000000E+00  .12147776E+01
  -.72000000E+00  .11995977E+01
  -.68000000E+00  .11842705E+01
  -.64000000E+00  .11687924E+01
  -.60000000E+00  .11531596E+01
  -.56000000E+00  .11373681E+01
  -.52000000E+00  .11214139E+01
  -.48000000E+00  .11052926E+01
  -.44000000E+00  .10890000E+01
  -.40000000E+00  .10725314E+01
  -.36000000E+00  .10558821E+01
  -.32000000E+00  .10390471E+01
  -.28000000E+00  .10220213E+01
  -.24000000E+00  .10047992E+01
  -.20000000E+00  .98737530E+00
  -.16000000E+00  .96974379E+00
  -.12000000E+00  .95189857E+00
  -.80000000E-01  .93383329E+00
  -.40000000E-01  .91554134E+00
   .12351231E-14  .89701581E+00
   .40000000E-01  .87824947E+00
   .80000000E-01  .85923477E+00
   .12000000E+00  .83996382E+00
   .16000000E+00  .82042835E+00
   .20000000E+00  .80061970E+00
   .24000000E+00  .78052881E+00
   .28000000E+00  .76014615E+00
   .32000000E+00  .73946175E+00
   .36000000E+00  .71846513E+00
   .40000000E+00  .69714529E+00
   .44000000E+00  .67549065E+00
   .48000000E+00  .65348904E+00
   .52000000E+00  .63112765E+00
   .56000000E+00  .60839298E+00
   .60000000E+00  .58527079E+00
   .64000000E+00  .56174607E+00
   .68000000E+00  .53780315E+00
   .72000000E+00  .51342490E+00
   .76000000E+00  .48859378E+00
   .80000000E+00  .46329102E+00
   .84000000E+00  .43749676E+00
   .88000000E+00  .41118991E+00
   .92000000E+00  .38434810E+00
   .96000000E+00  .35694755E+00
   .10000000E+01  .32896300E+00
   .10400000E+01  .30036751E+00
   .10800000E+01  .27113241E+00
   .11200000E+01  .24122710E+00
   .11600000E+01  .21061889E+00
   .12000000E+01  .17927283E+00
   .12400000E+01  .14715150E+00
   .12800000E+01  .11421479E+00
   .13200000E+01  .80419654E-01
   .13600000E+01  .45719588E-01
   .14000000E+01  .10065276E-01
   .14400000E+01 -.26597169E-01
   .14800000E+01 -.64325682E-01
   .15200000E+01 -.10318286E+00
   .15600000E+01 -.14323648E+00
   .16000000E+01 -.18456010E+00
   .16400000E+01 -.22723356E+00
   .16800000E+01 -.27134380E+00
   .17200000E+01 -.31698561E+00
   .17600000E+01 -.36426254E+00
   .18000000E+01 -.41328798E+00
   .18400000E+01 -.46418634E+00
   .18800000E+01 -.51709439E+00
   .19200000E+01 -.57216291E+00
   .19600000E+01 -.62955849E+00
   .20000000E+01 -.68946569E+00
KBPotential  L  =      4.00000    .00000
  -.20000000E+01  .19209134E+01
  -.19600000E+01  .19109393E+01
  -.19200000E+01  .19009187E+01
  -.18800000E+01  .18908528E+01
  -.18400000E+01  .18807403E+01
  -.18000000E+01  .18705818E+01
  -.17600000E+01  .18603738E+01
  -.17200000E+01  .18501183E+01
  -.16800000E+01  .18398140E+01
  -.16400000E+01  .18294602E+01
  -.16000000E+01  .18190562E+01
  -.15600000E+01  .18086011E+01
  -.15200000E+01  .17980948E+01
  -.14800000E+01  .17875364E+01
  -.14400000E+01  .17769257E+01
  -.14000000E+01  .17662605E+01
  -.13600000E+01  .17555410E+01
  -.13200000E+01  .17447655E+01
  -.12800000E+01  .17339362E+01
  -.12400000E+01  .17230491E+01
  -.12000000E+01  .17121037E+01
  -.11600000E+01  .17011018E+01
  -.11200000E+01  .16900400E+01
  -.10800000E+01  .16789181E+01
  -.10400000E+01  .16677357E+01
  -.10000000E+01  .16564913E+01
  -.96000000E+00  .16451845E+01
  -.92000000E+00  .16338140E+01
  -.88000000E+00  .16223791E+01
  -.84000000E+00  .16108788E+01
  -.80000000E+00  .15993121E+01
  -.76000000E+00  .15876779E+01
  -.72000000E+00  .15759752E+01
  -.68000000E+00  .15642030E+01
  -.64000000E+00  .15523601E+01
  -.60000000E+00  .15404454E+01
  -.56000000E+00  .15284579E+01
  -.52000000E+00  .15163954E+01
  -.48000000E+00  .15042593E+01
  -.44000000E+00  .14920451E+01
  -.40000000E+00  .14797540E+01
  -.36000000E+00  .14673838E+01
  -.32000000E+00  .14549332E+01
  -.28000000E+00  .14424009E+01
  -.24000000E+00  .14297855E+01
  -.20000000E+00  .14170854E+01
  -.16000000E+00  .14043001E+01
  -.12000000E+00  .13914259E+01
  -.80000000E-01  .13784633E+01
  -.40000000E-01  .13654101E+01
   .12351231E-14  .13522646E+01
   .40000000E-01  .13390251E+01
   .80000000E-01  .13256901E+01
   .12000000E+00  .13122576E+01
   .16000000E+00  .12987259E+01
   .20000000E+00  .12850932E+01
   .24000000E+00  .12713574E+01
   .28000000E+00  .12575166E+01
   .32000000E+00  .12435689E+01
   .36000000E+00  .12295121E+01
   .40000000E+00  .12153441E+01
   .44000000E+00  .12010627E+01
   .48000000E+00  .11866655E+01
   .52000000E+00  .11721504E+01
   .56000000E+00  .11575148E+01
   .60000000E+00  .11427562E+01
   .64000000E+00  .11278722E+01
   .68000000E+00  .11128601E+01
   .72000000E+00  .10977171E+01
   .76000000E+00  .10824405E+01
   .80000000E+00  .10670273E+01
   .84000000E+00  .10514746E+01
   .88000000E+00  .10357793E+01
   .92000000E+00  .10199382E+01
   .96000000E+00  .10039479E+01
   .10000000E+01  .98780524E+00
   .10400000E+01  .97150653E+00
   .10800000E+01  .95504818E+00
   .11200000E+01  .93842643E+00
   .11600000E+01  .92163739E+00
   .12000000E+01  .90467703E+00
   .12400000E+01  .88754120E+00
   .12800000E+01  .87022558E+00
   .13200000E+01  .85272570E+00
   .13600000E+01  .83503689E+00
   .14000000E+01  .81715442E+00
   .14400000E+01  .79907327E+00
   .14800000E+01  .78078827E+00
   .15200000E+01  .76229407E+00
   .15600000E+01  .74358509E+00
   .16000000E+01  .72465555E+00
   .16400000E+01  .70549945E+00
   .16800000E+01  .68611053E+00
   .17200000E+01  .66648229E+00
   .17600000E+01  .64660798E+00
   .18000000E+01  .62648056E+00
   .18400000E+01  .60609269E+00
   .18800000E+01  .58543676E+00
   .19200000E+01  .56450481E+00
   .19600000E+01  .54328854E+00
   .20000000E+01  .52177929E+00
