Er : [core=Xe4]                         
   1468.00   .002000 167.26000 125.   .10E-04 .080  400FPE 59.00000
   .7  1.0   0
  1.0   .0   .5-4191.9233 2.0000
  2.0   .0   .5 -705.4008 2.0000
  2.0  1.0  1.5 -624.5934 6.0000
  3.0   .0   .5 -158.5997 2.0000
  3.0  1.0  1.5 -133.9567 6.0000
  3.0  2.0  2.5 -103.050010.0000
  4.0   .0   .5  -31.7179 2.0000
  4.0  1.0  1.5  -23.5882 6.0000
  4.0  2.0  2.5  -12.669910.0000
  4.0  3.0  2.5    -.710311.0000
  5.0   .0   .5   -4.0966 2.0000
  6.0   .0   .5    -.3237 2.0000
  5.0  1.0  1.5   -2.1806 6.0000
  5.0  2.0  2.5    -.1549 1.0000
