Er : [core=Xe4]                         
  .153838167E+00  .155969746E+00  .158130681E+00  .160321373E+00  .162542227E+00
  .164793655E+00  .167076074E+00  .169389906E+00  .171735580E+00  .174113528E+00
  .176524192E+00  .178968016E+00  .181445452E+00  .183956957E+00  .186502996E+00
  .189084038E+00  .191700560E+00  .194353043E+00  .197041978E+00  .199767859E+00
  .202531190E+00  .205332478E+00  .208172239E+00  .211050996E+00  .213969279E+00
  .216927624E+00  .219926575E+00  .222966683E+00  .226048506E+00  .229172610E+00
  .232339568E+00  .235549962E+00  .238804379E+00  .242103416E+00  .245447678E+00
  .248837778E+00  .252274334E+00  .255757977E+00  .259289344E+00  .262869079E+00
  .266497838E+00  .270176282E+00  .273905084E+00  .277684923E+00  .281516489E+00
  .285400481E+00  .289337607E+00  .293328583E+00  .297374135E+00  .301475001E+00
  .305631926E+00  .309845666E+00  .314116985E+00  .318446661E+00  .322835478E+00
  .327284234E+00  .331793734E+00  .336364796E+00  .340998248E+00  .345694929E+00
  .350455689E+00  .355281389E+00  .360172900E+00  .365131108E+00  .370156907E+00
  .375251204E+00  .380414917E+00  .385648979E+00  .390954331E+00  .396331930E+00
  .401782743E+00  .407307749E+00  .412907944E+00  .418584332E+00  .424337932E+00
  .430169778E+00  .436080914E+00  .442072401E+00  .448145311E+00  .454300732E+00
  .460539765E+00  .466863524E+00  .473273141E+00  .479769759E+00  .486354537E+00
  .493028651E+00  .499793288E+00  .506649655E+00  .513598971E+00  .520642472E+00
  .527781409E+00  .535017052E+00  .542350684E+00  .549783606E+00  .557317135E+00
  .564952606E+00  .572691370E+00  .580534796E+00  .588484269E+00  .596541195E+00
  .604706995E+00  .612983108E+00  .621370994E+00  .629872129E+00  .638488009E+00
  .647220149E+00  .656070082E+00  .665039363E+00  .674129565E+00  .683342280E+00
  .692679122E+00  .702141726E+00  .711731745E+00  .721450854E+00  .731300750E+00
  .741283152E+00  .751399798E+00  .761652450E+00  .772042892E+00  .782572928E+00
  .793244389E+00  .804059126E+00  .815019012E+00  .826125948E+00  .837381853E+00
  .848788675E+00  .860348383E+00  .872062973E+00  .883934463E+00  .895964899E+00
  .908156350E+00  .920510912E+00  .933030708E+00  .945717884E+00  .958574616E+00
  .971603105E+00  .984805580E+00  .998184296E+00  .101174154E+01  .102547962E+01
  .103940087E+01  .105350768E+01  .106780243E+01  .108228755E+01  .109696550E+01
  .111183876E+01  .112690986E+01  .114218135E+01  .115765579E+01  .117333580E+01
  .118922403E+01  .120532314E+01  .122163585E+01  .123816489E+01  .125491303E+01
  .127188309E+01  .128907789E+01  .130650032E+01  .132415327E+01  .134203970E+01
  .136016258E+01  .137852492E+01  .139712977E+01  .141598023E+01  .143507940E+01
  .145443046E+01  .147403659E+01  .149390103E+01  .151402706E+01  .153441798E+01
  .155507715E+01  .157600796E+01  .159721382E+01  .161869823E+01  .164046468E+01
  .166251672E+01  .168485795E+01  .170749201E+01  .173042256E+01  .175365334E+01
  .177718809E+01  .180103063E+01  .182518481E+01  .184965451E+01  .187444369E+01
  .189955631E+01  .192499642E+01  .195076808E+01  .197687542E+01  .200332260E+01
  .203011385E+01  .205725342E+01  .208474562E+01  .211259482E+01  .214080543E+01
  .216938189E+01  .219832873E+01  .222765051E+01  .225735182E+01  .228743733E+01
  .231791175E+01  .234877985E+01  .238004645E+01  .241171641E+01  .244379466E+01
  .247628618E+01  .250919599E+01  .254252919E+01  .257629092E+01  .261048637E+01
  .264512080E+01  .268019952E+01  .271572790E+01  .275171136E+01  .278815539E+01
  .282506552E+01  .286244736E+01  .290030657E+01  .293864887E+01  .297748004E+01
  .301680592E+01  .305663241E+01  .309696547E+01  .313781113E+01  .317917548E+01
  .322106467E+01  .326348491E+01  .330644248E+01  .334994373E+01  .339399505E+01
  .343860293E+01  .348377389E+01  .352951455E+01  .357583156E+01  .362273168E+01
  .367022169E+01  .371830848E+01  .376699898E+01  .381630019E+01  .386621920E+01
  .391676315E+01  .396793925E+01  .401975478E+01  .407221711E+01  .412533366E+01
  .417911191E+01  .423355945E+01  .428868391E+01  .434449299E+01  .440099449E+01
  .445819626E+01  .451610622E+01  .457473239E+01  .463408283E+01  .469416569E+01
  .475498920E+01  .481656166E+01  .487889143E+01  .494198697E+01  .500585679E+01
  .507050950E+01  .513595377E+01  .520219834E+01  .526925205E+01  .533712378E+01
  .540582253E+01  .547535733E+01  .554573733E+01  .561697172E+01  .568906980E+01
  .576204091E+01  .583589451E+01  .591064010E+01  .598628727E+01  .606284569E+01
  .614032510E+01  .621873533E+01  .629808628E+01  .637838792E+01  .645965031E+01
  .654188357E+01  .662509790E+01  .670930360E+01  .679451102E+01  .688073060E+01
  .696797284E+01  .705624833E+01  .714556774E+01  .723594179E+01  .732738131E+01
  .741989718E+01  .751350036E+01  .760820188E+01  .770401285E+01  .780094446E+01
  .789900795E+01  .799821465E+01  .809857596E+01  .820010334E+01  .830280833E+01
  .840670254E+01  .851179764E+01  .861810538E+01  .872563757E+01  .883440609E+01
  .894442287E+01  .905569994E+01  .916824935E+01  .928208326E+01  .939721385E+01
  .951365339E+01  .963141419E+01  .975050863E+01  .987094916E+01  .999274826E+01
  .101159185E+02  .102404724E+02  .103664227E+02  .104937822E+02  .106225634E+02
  .107527793E+02  .108844427E+02  .110175665E+02  .111521636E+02  .112882470E+02
  .114258298E+02  .115649250E+02  .117055457E+02  .118477050E+02  .119914161E+02
  .121366922E+02  .122835465E+02  .124319923E+02  .125820428E+02  .127337113E+02
  .128870112E+02  .130419558E+02  .131985584E+02  .133568323E+02  .135167910E+02
  .136784479E+02  .138418162E+02  .140069094E+02  .141737408E+02  .143423239E+02
  .145126719E+02  .146847982E+02  .148587162E+02  .150344392E+02  .152119804E+02
  .153913531E+02  .155725706E+02  .157556461E+02  .159405928E+02  .161274237E+02
  .163161519E+02  .165067906E+02  .166993526E+02  .168938509E+02  .170902985E+02
  .172887079E+02  .174890921E+02  .176914637E+02  .178958352E+02  .181022191E+02
  .183106279E+02  .185210738E+02  .187335691E+02  .189481259E+02  .191647561E+02
  .193834717E+02  .196042844E+02  .198272058E+02  .200522475E+02  .202794208E+02
  .205087370E+02  .207402070E+02  .209738419E+02  .212096524E+02  .214476490E+02
  .216878423E+02  .219302423E+02  .221748592E+02  .224217027E+02  .226707826E+02
  .229221083E+02  .231756889E+02  .234315335E+02  .236896509E+02  .239500494E+02
  .242127375E+02  .244777232E+02  .247450141E+02  .250146178E+02  .252865414E+02
  .255607920E+02  .258373761E+02  .261163000E+02  .263975698E+02  .266811912E+02
  .269671694E+02  .272555095E+02  .275462162E+02  .278392938E+02  .281347463E+02
  .284325771E+02  .287327895E+02  .290353863E+02  .293403699E+02  .296477421E+02
  .299575047E+02  .302696586E+02  .305842045E+02  .309011427E+02  .312204729E+02
  .315421944E+02  .318663059E+02  .321928057E+02  .325216916E+02  .328529608E+02
  .331866102E+02  .335226358E+02  .338610333E+02  .342017978E+02  .345449237E+02
  .348904050E+02  .352382350E+02  .355884065E+02  .359409114E+02  .362957412E+02
  .366528869E+02  .370123384E+02  .373740854E+02  .377381166E+02  .381044202E+02
  .384729835E+02  .388437934E+02  .392168357E+02  .395920959E+02  .399695582E+02
  .403492066E+02  .407310239E+02  .411149924E+02  .415010934E+02  .418893076E+02
  .422796148E+02  .426719938E+02  .430664227E+02  .434628789E+02  .438613386E+02
  .442617775E+02  .446641700E+02  .450684900E+02  .454747103E+02  .458828027E+02
  .462927382E+02  .467044869E+02  .471180178E+02  .475332989E+02  .479502976E+02
  .483689798E+02  .487893108E+02  .492112547E+02  .496347747E+02  .500598329E+02
  .504863904E+02  .509144072E+02  .513438424E+02  .517746540E+02  .522067988E+02
  .526402327E+02  .530749104E+02  .535107856E+02  .539478109E+02  .543859378E+02
  .548251166E+02  .552652966E+02  .557064261E+02  .561484519E+02  .565913202E+02
  .570349756E+02  .574793619E+02  .579244215E+02  .583700960E+02  .588163256E+02
  .592630494E+02  .597102055E+02  .601577308E+02  .606055609E+02  .610536305E+02
  .615018731E+02  .619502211E+02  .623986056E+02  .628469568E+02  .632952037E+02
  .637432742E+02  .641910950E+02  .646385919E+02  .650856894E+02  .655323110E+02
  .659783793E+02  .664238156E+02  .668685402E+02  .673124724E+02  .677555306E+02
  .681976320E+02  .686386929E+02  .690786285E+02  .695173533E+02  .699547805E+02
  .703908228E+02  .708253916E+02  .712583977E+02  .716897508E+02  .721193600E+02
  .725471334E+02  .729729785E+02  .733968018E+02  .738185092E+02  .742380060E+02
  .746551967E+02  .750699851E+02  .754822745E+02  .758919677E+02  .762989668E+02
  .767031735E+02  .771044889E+02  .775028139E+02  .778980488E+02  .782900937E+02
  .786788485E+02  .790642125E+02  .794460851E+02  .798243655E+02  .801989526E+02
  .805697456E+02  .809366433E+02  .812995448E+02  .816583492E+02  .820129559E+02
  .823632643E+02  .827091742E+02  .830505858E+02  .833873995E+02  .837195164E+02
  .840468379E+02  .843692662E+02  .846867040E+02  .849990548E+02  .853062230E+02
  .856081136E+02  .859046328E+02  .861956877E+02  .864811866E+02  .867610388E+02
  .870351549E+02  .873034470E+02  .875658284E+02  .878222140E+02  .880725202E+02
  .883166652E+02  .885545688E+02  .887861526E+02  .890113402E+02  .892300574E+02
  .894422316E+02  .896477929E+02  .898466733E+02  .900388073E+02  .902241320E+02
  .904025868E+02  .905741140E+02  .907386583E+02  .908961675E+02  .910465924E+02
  .911898864E+02  .913260065E+02  .914549125E+02  .915765679E+02  .916909393E+02
  .917979969E+02  .918977144E+02  .919900694E+02  .920750430E+02  .921526204E+02
  .922227907E+02  .922855469E+02  .923408864E+02  .923888107E+02  .924293256E+02
  .924624413E+02  .924881727E+02  .925065390E+02  .925175644E+02  .925212774E+02
  .925177118E+02  .925069061E+02  .924889037E+02  .924637532E+02  .924315083E+02
  .923922279E+02  .923459762E+02  .922928226E+02  .922328421E+02  .921661149E+02
  .920927270E+02  .920127697E+02  .919263400E+02  .918335405E+02  .917344797E+02
  .916292716E+02  .915180359E+02  .914008984E+02  .912779902E+02  .911494488E+02
  .910154172E+02  .908760442E+02  .907314845E+02  .905818989E+02  .904274536E+02
  .902683210E+02  .901046790E+02  .899367115E+02  .897646080E+02  .895885639E+02
  .894087800E+02  .892254628E+02  .890388245E+02  .888490827E+02  .886564603E+02
  .884611857E+02  .882634924E+02  .880636193E+02  .878618100E+02  .876583135E+02
  .874533832E+02  .872472775E+02  .870402592E+02  .868325956E+02  .866245585E+02
  .864164234E+02  .862084702E+02  .860009824E+02  .857942470E+02  .855885546E+02
  .853841990E+02  .851814771E+02  .849806885E+02  .847821353E+02  .845861222E+02
  .843929558E+02  .842029448E+02  .840163992E+02  .838336307E+02  .836549518E+02
  .834806760E+02  .833111171E+02  .831465893E+02  .829874067E+02  .828338829E+02
  .826863308E+02  .825450624E+02  .824103881E+02  .822826168E+02  .821620551E+02
  .820490075E+02  .819437755E+02  .818466576E+02  .817579485E+02  .816779395E+02
  .816069172E+02  .815451639E+02  .814929567E+02  .814505672E+02  .814182613E+02
  .813962988E+02  .813849326E+02  .813844088E+02  .813949661E+02  .814168351E+02
  .814502386E+02  .814953903E+02  .815524952E+02  .816217486E+02  .817033362E+02
  .817974332E+02  .819042044E+02  .820238032E+02  .821563720E+02  .823020409E+02
  .824609283E+02  .826331395E+02  .828187673E+02  .830178910E+02  .832305761E+02
  .834568742E+02  .836968228E+02  .839504443E+02  .842177465E+02  .844987216E+02
  .847933464E+02  .851015820E+02  .854233731E+02  .857586481E+02  .861073191E+02
  .864692810E+02  .868444120E+02  .872325730E+02  .876336075E+02  .880473417E+02
  .884735840E+02  .889121253E+02  .893627386E+02  .898251790E+02  .902991838E+02
  .907844725E+02  .912807466E+02  .917876898E+02  .923049682E+02  .928322299E+02
  .933691057E+02  .939152090E+02  .944701359E+02  .950334652E+02  .956047594E+02
  .961835641E+02  .967694087E+02  .973618068E+02  .979602561E+02  .985642394E+02
  .991732245E+02  .997866650E+02  .100404000E+03  .101024657E+03  .101648048E+03
  .102273574E+03  .102900625E+03  .103528580E+03  .104156805E+03  .104784659E+03
  .105411490E+03  .106036641E+03  .106659444E+03  .107279224E+03  .107895304E+03
  .108506999E+03  .109113620E+03  .109714476E+03  .110308871E+03  .110896112E+03
  .111475502E+03  .112046346E+03  .112607951E+03  .113159626E+03  .113700684E+03
  .114230443E+03  .114748227E+03  .115253366E+03  .115745201E+03  .116223078E+03
  .116686358E+03  .117134409E+03  .117566617E+03  .117982377E+03  .118381101E+03
  .118762219E+03  .119125175E+03  .119469434E+03  .119794480E+03  .120099818E+03
  .120384973E+03  .120649496E+03  .120892961E+03  .121114965E+03  .121315135E+03
  .121493123E+03  .121648610E+03  .121781305E+03  .121890949E+03  .121977313E+03
  .122040200E+03  .122079447E+03  .122094922E+03  .122086531E+03  .122054212E+03
  .121997939E+03  .121917725E+03  .121813616E+03  .121685699E+03  .121534096E+03
  .121358969E+03  .121160517E+03  .120938979E+03  .120694632E+03  .120427792E+03
  .120138815E+03  .119828095E+03  .119496065E+03  .119143197E+03  .118770002E+03
  .118377026E+03  .117964857E+03  .117534117E+03  .117085466E+03  .116619599E+03
  .116137246E+03  .115639173E+03  .115126177E+03  .114599089E+03  .114058769E+03
  .113506109E+03  .112942029E+03  .112367477E+03  .111783427E+03  .111190875E+03
  .110590842E+03  .109984371E+03  .109372522E+03  .108756375E+03  .108137023E+03
  .107515575E+03  .106893151E+03  .106270880E+03  .105649899E+03  .105031350E+03
  .104416378E+03  .103806129E+03  .103201748E+03  .102604373E+03  .102015139E+03
  .101435170E+03  .100865579E+03  .100307466E+03  .997619117E+02  .992299809E+02
  .987127150E+02  .982111321E+02  .977262231E+02  .972589501E+02  .968102435E+02
  .963809993E+02  .959720772E+02  .955842979E+02  .952184405E+02  .948752409E+02
  .945553887E+02  .942595257E+02  .939882434E+02  .937420813E+02  .935215245E+02
  .933270022E+02  .931588860E+02  .930174879E+02  .929030591E+02  .928157885E+02
  .927558012E+02  .927231576E+02  .927178521E+02  .927398127E+02  .927888996E+02
  .928649050E+02  .929675528E+02  .930964978E+02  .932513261E+02  .934315549E+02
  .936366329E+02  .938659403E+02  .941187899E+02  .943944276E+02  .946920333E+02
  .950107220E+02  .953495454E+02  .957074928E+02  .960834936E+02  .964764181E+02
  .968850805E+02  .973082404E+02  .977446055E+02  .981928342E+02  .986515379E+02
  .991192841E+02  .995945996E+02  .100075973E+03  .100561859E+03  .101050681E+03
  .101540834E+03  .102030691E+03  .102518604E+03  .103002907E+03  .103481926E+03
  .103953974E+03  .104417363E+03  .104870406E+03  .105311418E+03  .105738723E+03
  .106150660E+03  .106545584E+03  .106921872E+03  .107277927E+03  .107612185E+03
  .107923113E+03  .108209219E+03  .108469055E+03  .108701220E+03  .108904365E+03
  .109077196E+03  .109218479E+03  .109327043E+03  .109401784E+03  .109441669E+03
  .109445738E+03  .109413109E+03  .109342980E+03  .109234630E+03  .109087426E+03
  .108900822E+03  .108674360E+03  .108407678E+03  .108100504E+03  .107752664E+03
  .107364079E+03  .106934768E+03  .106464848E+03  .105954535E+03  .105404145E+03
  .104814090E+03  .104184883E+03  .103517134E+03  .102811549E+03  .102068931E+03
  .101290177E+03  .100476275E+03  .996283048E+02  .987474341E+02  .978349158E+02
  .968920854E+02  .959203581E+02  .949212252E+02  .938962507E+02  .928470671E+02
  .917753722E+02  .906829234E+02  .895715350E+02  .884430718E+02  .872994459E+02
  .861426102E+02  .849745545E+02  .837972991E+02  .826128908E+02  .814233957E+02
  .802308952E+02  .790374791E+02  .778452410E+02  .766562712E+02  .754726528E+02
  .742964537E+02  .731297231E+02  .719744840E+02  .708327289E+02  .697064132E+02
  .685974507E+02  .675077073E+02  .664389968E+02  .653930746E+02  .643716343E+02
  .633763016E+02  .624086308E+02  .614700995E+02  .605621059E+02  .596859633E+02
  .588428981E+02  .580340449E+02  .572604452E+02  .565230426E+02  .558226825E+02
  .551601077E+02  .545359585E+02  .539507692E+02  .534049688E+02  .528988781E+02
  .524327104E+02  .520065704E+02  .516204546E+02  .512742512E+02  .509677410E+02
  .507005981E+02  .504723912E+02  .502825853E+02  .501305434E+02  .500155286E+02
  .499367073E+02  .498931510E+02  .498838406E+02  .499076692E+02  .499634462E+02
  .500499017E+02  .501656905E+02  .503093974E+02  .504795414E+02  .506745819E+02
  .508929230E+02  .511329200E+02  .513928839E+02  .516710878E+02  .519657723E+02
  .522751510E+02  .525974163E+02  .529307450E+02  .532733038E+02  .536232551E+02
  .539787615E+02  .543379929E+02  .546991298E+02  .550603704E+02  .554199339E+02
  .557760674E+02  .561270490E+02  .564711938E+02  .568068575E+02  .571324419E+02
  .574463977E+02  .577472300E+02  .580335004E+02  .583038327E+02  .585569137E+02
  .587914986E+02  .590064121E+02  .592005523E+02  .593728914E+02  .595224795E+02
  .596484444E+02  .597499952E+02  .598264208E+02  .598770934E+02  .599014667E+02
  .598990782E+02  .598695472E+02  .598125763E+02  .597279493E+02  .596155316E+02
  .594752680E+02  .593071824E+02  .591113750E+02  .588880220E+02  .586373718E+02
  .583597445E+02  .580555282E+02  .577251769E+02  .573692080E+02  .569881986E+02
  .565827836E+02  .561536513E+02  .557015411E+02  .552272397E+02  .547315777E+02
  .542154261E+02  .536796930E+02  .531253195E+02  .525532769E+02  .519645621E+02
  .513601951E+02  .507412142E+02  .501086740E+02  .494636399E+02  .488071870E+02
  .481403941E+02  .474643433E+02  .467801136E+02  .460887811E+02  .453914126E+02
  .446890659E+02  .439827842E+02  .432735957E+02  .425625090E+02  .418505128E+02
  .411385713E+02  .404276246E+02  .397185840E+02  .390123330E+02  .383097225E+02
  .376115726E+02  .369186678E+02  .362317590E+02  .355515594E+02  .348787464E+02
  .342139580E+02  .335577948E+02  .329108172E+02  .322735470E+02  .316464653E+02
  .310300144E+02  .304245956E+02  .298305717E+02  .292482652E+02  .286779603E+02
  .281199021E+02  .275742987E+02  .270413198E+02  .265211002E+02  .260137377E+02
  .255192971E+02  .250378084E+02  .245692704E+02  .241136497E+02  .236708841E+02
  .232408815E+02  .228235235E+02  .224186649E+02  .220261369E+02  .216457463E+02
  .212772795E+02  .209205014E+02  .205751591E+02  .202409817E+02  .199176830E+02
  .196049617E+02  .193025045E+02  .190099857E+02  .187270703E+02  .184534141E+02
  .181886661E+02  .179324689E+02  .176844612E+02  .174442777E+02  .172115515E+02
  .169859148E+02  .167670003E+02  .165544419E+02  .163478763E+02  .161469436E+02
  .159512887E+02  .157605619E+02  .155744199E+02  .153925265E+02  .152145537E+02
  .150401818E+02  .148691010E+02  .147010108E+02  .145356217E+02  .143726549E+02
  .142118430E+02  .140529304E+02  .138956736E+02  .137398415E+02  .135852156E+02
  .134315901E+02  .132787719E+02  .131265813E+02  .129748511E+02  .128234273E+02
  .126721688E+02  .125209472E+02  .123696469E+02  .122181648E+02  .120664100E+02
  .119143036E+02  .117617787E+02  .116087797E+02  .114552624E+02  .113011931E+02
  .111465489E+02  .109913168E+02  .108354934E+02  .106790848E+02  .105221058E+02
  .103645794E+02  .102065368E+02  .100480166E+02  .988906430E+01  .972973194E+01
  .957007766E+01  .941016516E+01  .925006321E+01  .908984525E+01  .892958883E+01
  .876937522E+01  .860928890E+01  .844941716E+01  .828984961E+01  .813067779E+01
  .797199471E+01  .781389446E+01  .765647182E+01  .749982184E+01  .734403957E+01
  .718921952E+01  .703545537E+01  .688283975E+01  .673146404E+01  .658141716E+01
  .643278771E+01  .628565985E+01  .614011771E+01  .599624036E+01  .585410628E+01
  .571378870E+01  .557535968E+01  .543888586E+01  .530443242E+01  .517205876E+01
  .504182267E+01  .491377594E+01  .478796862E+01  .466444458E+01  .454324589E+01
  .442440837E+01  .430796600E+01  .419394648E+01  .408237566E+01  .397327322E+01
  .386665703E+01  .376253881E+01  .366092866E+01  .356183064E+01  .346524733E+01
  .337117554E+01  .327961025E+01  .319054186E+01  .310395837E+01  .301984365E+01
  .293817945E+01  .285894357E+01  .278211201E+01  .270765704E+01  .263554943E+01
  .256575651E+01  .249824436E+01  .243297589E+01  .236991310E+01  .230901507E+01
  .225024026E+01  .219354449E+01  .213888324E+01  .208620964E+01  .203547673E+01
  .198663547E+01  .193963702E+01  .189443069E+01  .185096621E+01  .180919173E+01
  .176905607E+01  .173050664E+01  .169349177E+01  .165795858E+01  .162385528E+01
  .159112909E+01  .155972847E+01  .152960108E+01  .150069600E+01  .147296162E+01
  .144634793E+01  .142080436E+01  .139628209E+01  .137273187E+01  .135010629E+01
  .132835769E+01  .130744031E+01  .128730826E+01  .126791770E+01  .124922470E+01
  .123118748E+01  .121376430E+01  .119691563E+01  .118060201E+01  .116478631E+01
  .114943152E+01  .113450301E+01  .111996631E+01  .110578936E+01  .109194033E+01
  .107838978E+01  .106510853E+01  .105206982E+01  .103924713E+01  .102661637E+01
  .101415368E+01  .100183748E+01  .989646973E+00  .977562665E+00  .965566521E+00
  .953641596E+00  .941772330E+00  .929944246E+00  .918144152E+00  .906359993E+00
  .894580840E+00  .882796912E+00  .870999479E+00  .859180876E+00  .847334488E+00
  .835454630E+00  .823536665E+00  .811576786E+00  .799572169E+00  .787520779E+00
  .775421448E+00  .763273782E+00  .751078138E+00  .738835597E+00  .726547920E+00
  .714217504E+00  .701847379E+00  .689441103E+00  .677002824E+00  .664537129E+00
  .652049114E+00  .639544264E+00  .627028466E+00  .614507954E+00  .601989265E+00
  .589479219E+00  .576984873E+00  .564513476E+00  .552072464E+00  .539669374E+00
  .527311870E+00  .515007653E+00  .502764468E+00  .490590050E+00  .478492097E+00
  .466478246E+00  .454556036E+00  .442732884E+00  .431016035E+00  .419412634E+00
  .407929513E+00  .396573408E+00  .385350691E+00  .374267597E+00  .363329967E+00
  .352543469E+00  .341913348E+00  .331444659E+00  .321142007E+00  .311009793E+00
  .301051954E+00  .291272213E+00  .281673825E+00  .272259828E+00  .263032790E+00
  .253995065E+00  .245148547E+00  .236494923E+00  .228035428E+00  .219771108E+00
  .211702570E+00  .203830250E+00  .196154162E+00  .188674173E+00  .181389746E+00
  .174300220E+00  .167404555E+00  .160701610E+00  .154189889E+00  .147867820E+00
  .141733499E+00  .135784974E+00  .130019986E+00  .124436249E+00  .119031194E+00
  .113802254E+00  .108746599E+00  .103861403E+00  .991436731E-01  .945903408E-01
  .901982544E-01  .859641899E-01  .818848605E-01  .779569255E-01  .741769985E-01
  .705416558E-01  .670474443E-01  .636908882E-01  .604684966E-01  .573767695E-01
  .544122043E-01  .515713015E-01  .488505702E-01  .462465332E-01  .437557318E-01
  .413747302E-01  .391001202E-01  .369285245E-01  .348566008E-01  .328810454E-01
  .309985958E-01  .292060342E-01  .275001904E-01  .258779438E-01  .243362262E-01
  .228720239E-01  .214823799E-01  .201643953E-01  .189152315E-01  .177321113E-01
  .166123204E-01  .155532089E-01  .145521919E-01  .136067505E-01  .127144328E-01
  .118728544E-01  .110796987E-01  .103327175E-01  .962973101E-02  .896862790E-02
  .834736538E-02  .776396890E-02  .721653187E-02  .670321518E-02  .622224666E-02
  .577192043E-02  .535059611E-02  .495669795E-02  .458871387E-02  .424519438E-02
  .392475145E-02  .362605731E-02  .334784314E-02  .308889770E-02  .284806596E-02
  .262424764E-02  .241639566E-02  .222351464E-02  .204465932E-02  .187893296E-02
  .172548572E-02  .158351304E-02  .145225402E-02  .133098977E-02  .121904178E-02
  .111577031E-02  .102057277E-02  .932882150E-03  .852165436E-03  .777922084E-03
  .709682496E-03  .647006550E-03  .589482147E-03  .536723808E-03  .488371302E-03
  .444088318E-03  .403561174E-03  .366497581E-03  .332625435E-03  .301691663E-03
  .273461117E-03  .247715501E-03  .224252355E-03  .202884078E-03  .183436993E-03
  .165750463E-03  .149676044E-03  .135076682E-03  .121825949E-03  .109807326E-03
  .989135177E-04  .890458074E-04  .801134504E-04  .720331009E-04  .647282736E-04
  .581288377E-04  .521705424E-04  .467945730E-04  .419471343E-04  .375790625E-04
  .336454625E-04  .301053700E-04  .269214366E-04  .240596376E-04  .214889998E-04
  .191813500E-04  .171110809E-04  .152549353E-04  .135918060E-04  .121025512E-04
  .107698244E-04  .957791732E-05  .851261536E-05  .756106491E-05  .671165114E-05
  .595388605E-05  .527830569E-05  .467637610E-05  .414040717E-05  .366347395E-05
  .323934470E-05  .286241527E-05  .252764928E-05  .223052359E-05  .196697870E-05
  .173337359E-05  .152644477E-05  .134326902E-05  .118122966E-05  .103798589E-05
  .911445104E-06  .799737791E-06  .701194843E-06  .614327058E-06  .537806618E-06
  .470450389E-06  .411204859E-06  .359132563E-06  .313399863E-06  .273265960E-06
  .238072999E-06  .207237192E-06  .180240843E-06  .156625188E-06  .135983982E-06
  .117957743E-06  .102228610E-06  .885157276E-07  .765711315E-07  .661760611E-07
  .571376723E-07  .492861018E-07  .424718495E-07  .365634445E-07  .314453676E-07
  .270162017E-07  .231869868E-07  .198797584E-07  .170262492E-07  .145667372E-07
  .124490239E-07  .106275296E-07  .906249211E-08  .771925742E-08  .656765358E-08
  .558143719E-08  .473780510E-08  .401696396E-08  .340175100E-08  .287730030E-08
  .243074939E-08  .205098149E-08  .172839934E-08  .145472690E-08  .122283569E-08
  .102659283E-08  .860728248E-09  .720718736E-09  .602686843E-09  .503312785E-09
  .419757798E-09  .349597519E-09  .290764152E-09  .241496320E-09  .200295634E-09
  .165889129E-09  .137196807E-09  .113303640E-09  .934354385E-10  .769380943E-10
  .632597333E-10  .519354037E-10  .425739517E-10  .348467891E-10  .284782938E-10
  .232376150E-10  .189316998E-10  .153993352E-10  .125061239E-10  .101401787E-10
  .820851329E-11  .663396657E-11  .535261196E-11  .431157308E-11  .346718508E-11
  .278344931E-11  .223073681E-11  .178470214E-11  .142537515E-11  .113640269E-11
  .904416563E-12  .718507776E-12  .569789747E-12  .451036223E-12  .356381578E-12
  .281073216E-12  .221267376E-12  .173861045E-12  .136353843E-12  .106734756E-12
  .833894006E-13  .650242628E-13  .506049095E-13  .393056955E-13  .304689068E-13
  .235716344E-13  .181989693E-13  .140223545E-13  .107821377E-13  .827353791E-14
  .633538079E-14  .484107515E-14  .369139970E-14  .280874894E-14  .213255266E-14
  .161563755E-14  .122134320E-14  .921241149E-15  .693334679E-15  .520641285E-15
  .390078850E-15  .291592468E-15  .217471429E-15  .161816192E-15  .120123337E-15
  .889631535E-16  .657297493E-16  .484478377E-16  .356236951E-16  .261304647E-16
  .191201060E-16  .139559619E-16  .101612428E-16  .737976691E-17  .534611549E-17
  .386300217E-17  .278415537E-17  .200140411E-17  .143495983E-17  .102612223E-17
  .731818747E-18  .520527479E-18  .369241091E-18  .261211977E-18  .184282133E-18
  .129649477E-18  .909590539E-19  .636354157E-19  .443935320E-19  .308814991E-19
  .214202646E-19  .148145651E-19  .102159877E-19  .702407070E-20  .481508586E-20
  .329090511E-20  .224239582E-20  .152329539E-20  .103162100E-20  .696481504E-21
  .468750193E-21  .314488514E-21  .210323833E-21  .140210772E-21  .931691657E-22
  .617091563E-22  .407382289E-22  .268051521E-22  .175786847E-22  .114893306E-22
  .748396093E-23  .485830554E-23  .314298756E-23  .202624952E-23  .130173751E-23
  .833339279E-24  .531588815E-24  .337888085E-24  .213993406E-24  .135034794E-24
  .848977097E-25  .531787792E-25  .331863781E-25  .206322864E-25  .127787291E-25
  .788437850E-26  .484588773E-26  .296682405E-26  .180929410E-26  .109903554E-26
  .664944889E-27  .400697799E-27  .240486988E-27  .143745861E-27  .855685077E-28
  .507262790E-28  .299459413E-28  .176041154E-28  .103049756E-28  .600649855E-29
  .348596035E-29  .201435057E-29  .115889472E-29  .663794851E-30  .378520375E-30
  .214879278E-30  .121432233E-30  .683111739E-31  .382517991E-31  .213205416E-31
  .118280901E-31  .653107508E-32  .358915247E-32  .196299728E-32  .106844284E-32
  .578721767E-33  .311930791E-33  .167301344E-33  .892845016E-34  .474100885E-34
  .250475889E-34  .131656971E-34  .688472686E-35  .358159530E-35  .185351079E-35
  .954166726E-36  .488591085E-36  .248851561E-36  .126063701E-36  .635149160E-37
  .318257313E-37  .158591128E-37  .785883020E-38  .387254066E-38  .189746388E-38
  .924422970E-39  .447783098E-39  .215647457E-39  .103247708E-39  .491423068E-40
  .232514015E-40  .109355465E-40  .511221049E-41  .237537833E-41  .109696172E-41
  .503458172E-42  .229629147E-42  .104078401E-42  .468751114E-43  .209773227E-43
  .932742197E-44  .412054453E-44  .180844976E-44  .788486721E-45  .341503764E-45
  .146921948E-45  .627833739E-46  .266468546E-46  .112322546E-46  .470201257E-47
  .195466566E-47  .806879792E-48  .330726101E-48  .134594345E-48  .543824927E-49
  .218142567E-49  .868651558E-50  .343359713E-50  .134718147E-50  .524626452E-51
  .202766252E-51  .777743642E-52  .296037184E-52  .111814611E-52  .419050772E-53
  .155820149E-53  .574833866E-54  .210375665E-54  .763757677E-55  .275039319E-55
  .982393203E-56  .348017573E-56  .122268730E-56  .426000500E-57  .147201708E-57
  .504516828E-58  .171624921E-58  .581627573E-59  .197176978E-59  .687400904E-60
  .258558845E-60  .121775213E-60  .917905615E-61  .000000000E+00  .000000000E+00
  .000000000E+00  .000000000E+00  .000000000E+00  .000000000E+00  .000000000E+00
  .000000000E+00  .000000000E+00  .000000000E+00  .000000000E+00  .000000000E+00
  .000000000E+00  .000000000E+00  .000000000E+00  .000000000E+00  .000000000E+00
  .000000000E+00  .000000000E+00  .000000000E+00  .000000000E+00  .000000000E+00
  .000000000E+00  .000000000E+00  .000000000E+00  .000000000E+00  .000000000E+00
  .000000000E+00  .000000000E+00  .000000000E+00  .000000000E+00  .000000000E+00
  .000000000E+00  .000000000E+00  .000000000E+00  .000000000E+00  .000000000E+00
  .000000000E+00  .000000000E+00  .000000000E+00  .000000000E+00  .000000000E+00
  .000000000E+00  .000000000E+00  .000000000E+00  .000000000E+00  .000000000E+00
  .000000000E+00  .000000000E+00  .000000000E+00  .000000000E+00  .000000000E+00
  .000000000E+00  .000000000E+00  .000000000E+00  .000000000E+00  .000000000E+00
  .000000000E+00  .000000000E+00  .000000000E+00  .000000000E+00  .000000000E+00
  .000000000E+00  .000000000E+00  .000000000E+00  .000000000E+00  .000000000E+00
  .000000000E+00  .000000000E+00  .000000000E+00  .000000000E+00  .000000000E+00
  .000000000E+00  .000000000E+00  .000000000E+00  .000000000E+00  .000000000E+00
  .000000000E+00  .000000000E+00  .000000000E+00  .000000000E+00  .000000000E+00
  .000000000E+00  .000000000E+00  .000000000E+00  .000000000E+00  .000000000E+00
  .000000000E+00  .000000000E+00  .000000000E+00  .000000000E+00  .000000000E+00
  .000000000E+00  .000000000E+00  .000000000E+00  .000000000E+00  .000000000E+00
  .000000000E+00  .000000000E+00  .000000000E+00  .000000000E+00  .000000000E+00
  .000000000E+00  .000000000E+00  .000000000E+00  .000000000E+00  .000000000E+00
  .000000000E+00  .000000000E+00  .000000000E+00  .000000000E+00  .000000000E+00
  .000000000E+00  .000000000E+00  .000000000E+00  .000000000E+00  .000000000E+00
  .000000000E+00  .000000000E+00  .000000000E+00  .000000000E+00  .000000000E+00
  .000000000E+00  .000000000E+00  .000000000E+00  .000000000E+00  .000000000E+00
  .000000000E+00  .000000000E+00  .000000000E+00  .000000000E+00  .000000000E+00
  .000000000E+00  .000000000E+00  .000000000E+00  .000000000E+00  .000000000E+00
  .000000000E+00  .000000000E+00  .000000000E+00  .000000000E+00  .000000000E+00
  .000000000E+00  .000000000E+00  .000000000E+00  .000000000E+00  .000000000E+00
  .000000000E+00  .000000000E+00  .000000000E+00  .000000000E+00  .000000000E+00
  .000000000E+00  .000000000E+00  .000000000E+00  .000000000E+00  .000000000E+00
  .000000000E+00  .000000000E+00  .000000000E+00  .000000000E+00  .000000000E+00
  .000000000E+00  .000000000E+00  .000000000E+00  .000000000E+00  .000000000E+00
  .000000000E+00  .000000000E+00  .000000000E+00  .000000000E+00  .000000000E+00
  .000000000E+00  .000000000E+00  .000000000E+00  .000000000E+00  .000000000E+00
  .000000000E+00  .000000000E+00  .000000000E+00  .000000000E+00  .000000000E+00
  .000000000E+00  .000000000E+00  .000000000E+00  .000000000E+00  .000000000E+00
  .000000000E+00  .000000000E+00  .000000000E+00  .000000000E+00  .000000000E+00
  .000000000E+00  .000000000E+00  .000000000E+00  .000000000E+00  .000000000E+00
  .000000000E+00  .000000000E+00  .000000000E+00  .000000000E+00  .000000000E+00
  .000000000E+00  .000000000E+00  .000000000E+00  .000000000E+00  .000000000E+00
  .000000000E+00  .000000000E+00  .000000000E+00  .000000000E+00  .000000000E+00
  .000000000E+00  .000000000E+00  .000000000E+00  .000000000E+00  .000000000E+00
  .000000000E+00  .000000000E+00  .000000000E+00  .000000000E+00  .000000000E+00
