Re: 5p6s5d                              
  .290901017E+00  .294779031E+00  .298708350E+00  .302689646E+00  .306723597E+00
  .310810892E+00  .314952228E+00  .319148311E+00  .323399855E+00  .327707585E+00
  .332072233E+00  .336494543E+00  .340975265E+00  .345515163E+00  .350115007E+00
  .354775579E+00  .359497670E+00  .364282081E+00  .369129624E+00  .374041120E+00
  .379017402E+00  .384059313E+00  .389167706E+00  .394343445E+00  .399587407E+00
  .404900478E+00  .410283555E+00  .415737547E+00  .421263376E+00  .426861973E+00
  .432534283E+00  .438281262E+00  .444103877E+00  .450003110E+00  .455979954E+00
  .462035412E+00  .468170505E+00  .474386261E+00  .480683726E+00  .487063956E+00
  .493528022E+00  .500077007E+00  .506712009E+00  .513434138E+00  .520244521E+00
  .527144296E+00  .534134616E+00  .541216651E+00  .548391582E+00  .555660607E+00
  .563024939E+00  .570485805E+00  .578044448E+00  .585702126E+00  .593460114E+00
  .601319701E+00  .609282195E+00  .617348917E+00  .625521206E+00  .633800418E+00
  .642187924E+00  .650685116E+00  .659293398E+00  .668014196E+00  .676848951E+00
  .685799123E+00  .694866189E+00  .704051645E+00  .713357006E+00  .722783805E+00
  .732333594E+00  .742007945E+00  .751808447E+00  .761736711E+00  .771794366E+00
  .781983064E+00  .792304473E+00  .802760286E+00  .813352212E+00  .824081985E+00
  .834951359E+00  .845962107E+00  .857116028E+00  .868414940E+00  .879860683E+00
  .891455120E+00  .903200139E+00  .915097648E+00  .927149578E+00  .939357886E+00
  .951724551E+00  .964251576E+00  .976940988E+00  .989794840E+00  .100281521E+01
  .101600420E+01  .102936393E+01  .104289656E+01  .105660427E+01  .107048926E+01
  .108455377E+01  .109880005E+01  .111323038E+01  .112784709E+01  .114265250E+01
  .115764900E+01  .117283897E+01  .118822484E+01  .120380907E+01  .121959414E+01
  .123558255E+01  .125177686E+01  .126817964E+01  .128479348E+01  .130162103E+01
  .131866495E+01  .133592793E+01  .135341270E+01  .137112203E+01  .138905870E+01
  .140722555E+01  .142562543E+01  .144426122E+01  .146313587E+01  .148225232E+01
  .150161358E+01  .152122267E+01  .154108266E+01  .156119665E+01  .158156777E+01
  .160219919E+01  .162309414E+01  .164425584E+01  .166568759E+01  .168739271E+01
  .170937455E+01  .173163653E+01  .175418206E+01  .177701463E+01  .180013776E+01
  .182355500E+01  .184726995E+01  .187128625E+01  .189560757E+01  .192023764E+01
  .194518022E+01  .197043911E+01  .199601817E+01  .202192128E+01  .204815238E+01
  .207471545E+01  .210161452E+01  .212885364E+01  .215643694E+01  .218436858E+01
  .221265277E+01  .224129374E+01  .227029582E+01  .229966333E+01  .232940069E+01
  .235951233E+01  .239000275E+01  .242087648E+01  .245213812E+01  .248379231E+01
  .251584375E+01  .254829717E+01  .258115737E+01  .261442920E+01  .264811755E+01
  .268222738E+01  .271676370E+01  .275173155E+01  .278713606E+01  .282298239E+01
  .285927576E+01  .289602145E+01  .293322479E+01  .297089118E+01  .300902605E+01
  .304763492E+01  .308672334E+01  .312629693E+01  .316636138E+01  .320692242E+01
  .324798584E+01  .328955750E+01  .333164333E+01  .337424929E+01  .341738143E+01
  .346104584E+01  .350524870E+01  .354999622E+01  .359529470E+01  .364115048E+01
  .368756999E+01  .373455970E+01  .378212616E+01  .383027598E+01  .387901583E+01
  .392835246E+01  .397829268E+01  .402884337E+01  .408001145E+01  .413180396E+01
  .418422796E+01  .423729060E+01  .429099911E+01  .434536076E+01  .440038291E+01
  .445607300E+01  .451243850E+01  .456948700E+01  .462722613E+01  .468566360E+01
  .474480720E+01  .480466477E+01  .486524425E+01  .492655364E+01  .498860101E+01
  .505139451E+01  .511494237E+01  .517925287E+01  .524433439E+01  .531019538E+01
  .537684436E+01  .544428992E+01  .551254074E+01  .558160556E+01  .565149322E+01
  .572221261E+01  .579377272E+01  .586618260E+01  .593945138E+01  .601358827E+01
  .608860256E+01  .616450362E+01  .624130090E+01  .631900391E+01  .639762225E+01
  .647716561E+01  .655764373E+01  .663906647E+01  .672144373E+01  .680478550E+01
  .688910186E+01  .697440295E+01  .706069902E+01  .714800035E+01  .723631735E+01
  .732566048E+01  .741604028E+01  .750746738E+01  .759995247E+01  .769350634E+01
  .778813984E+01  .788386391E+01  .798068955E+01  .807862788E+01  .817769004E+01
  .827788728E+01  .837923094E+01  .848173239E+01  .858540313E+01  .869025469E+01
  .879629871E+01  .890354688E+01  .901201098E+01  .912170285E+01  .923263442E+01
  .934481768E+01  .945826470E+01  .957298761E+01  .968899863E+01  .980631003E+01
  .992493417E+01  .100448835E+02  .101661704E+02  .102888075E+02  .104128074E+02
  .105381828E+02  .106649465E+02  .107931112E+02  .109226898E+02  .110536954E+02
  .111861407E+02  .113200390E+02  .114554034E+02  .115922469E+02  .117305829E+02
  .118704245E+02  .120117853E+02  .121546784E+02  .122991174E+02  .124451158E+02
  .125926871E+02  .127418447E+02  .128926025E+02  .130449740E+02  .131989729E+02
  .133546129E+02  .135119079E+02  .136708717E+02  .138315180E+02  .139938607E+02
  .141579138E+02  .143236912E+02  .144912068E+02  .146604745E+02  .148315084E+02
  .150043224E+02  .151789307E+02  .153553471E+02  .155335857E+02  .157136606E+02
  .158955858E+02  .160793753E+02  .162650432E+02  .164526035E+02  .166420703E+02
  .168334574E+02  .170267790E+02  .172220490E+02  .174192812E+02  .176184898E+02
  .178196885E+02  .180228911E+02  .182281116E+02  .184353637E+02  .186446611E+02
  .188560175E+02  .190694465E+02  .192849617E+02  .195025766E+02  .197223046E+02
  .199441591E+02  .201681534E+02  .203943007E+02  .206226141E+02  .208531067E+02
  .210857914E+02  .213206809E+02  .215577882E+02  .217971257E+02  .220387059E+02
  .222825413E+02  .225286441E+02  .227770264E+02  .230277002E+02  .232806773E+02
  .235359694E+02  .237935880E+02  .240535445E+02  .243158500E+02  .245805156E+02
  .248475520E+02  .251169700E+02  .253887799E+02  .256629920E+02  .259396162E+02
  .262186625E+02  .265001403E+02  .267840590E+02  .270704277E+02  .273592552E+02
  .276505502E+02  .279443209E+02  .282405754E+02  .285393215E+02  .288405666E+02
  .291443180E+02  .294505825E+02  .297593667E+02  .300706768E+02  .303845187E+02
  .307008980E+02  .310198199E+02  .313412892E+02  .316653105E+02  .319918878E+02
  .323210249E+02  .326527251E+02  .329869912E+02  .333238258E+02  .336632310E+02
  .340052083E+02  .343497590E+02  .346968838E+02  .350465829E+02  .353988561E+02
  .357537026E+02  .361111213E+02  .364711105E+02  .368336678E+02  .371987906E+02
  .375664754E+02  .379367183E+02  .383095150E+02  .386848604E+02  .390627489E+02
  .394431742E+02  .398261295E+02  .402116074E+02  .405995998E+02  .409900978E+02
  .413830922E+02  .417785728E+02  .421765289E+02  .425769490E+02  .429798210E+02
  .433851319E+02  .437928682E+02  .442030155E+02  .446155588E+02  .450304820E+02
  .454477686E+02  .458674010E+02  .462893612E+02  .467136299E+02  .471401872E+02
  .475690125E+02  .480000841E+02  .484333796E+02  .488688757E+02  .493065480E+02
  .497463716E+02  .501883203E+02  .506323672E+02  .510784844E+02  .515266431E+02
  .519768135E+02  .524289648E+02  .528830653E+02  .533390822E+02  .537969819E+02
  .542567294E+02  .547182892E+02  .551816244E+02  .556466971E+02  .561134685E+02
  .565818985E+02  .570519462E+02  .575235695E+02  .579967251E+02  .584713687E+02
  .589474551E+02  .594249375E+02  .599037684E+02  .603838991E+02  .608652795E+02
  .613478587E+02  .618315845E+02  .623164035E+02  .628022612E+02  .632891019E+02
  .637768687E+02  .642655037E+02  .647549476E+02  .652451401E+02  .657360195E+02
  .662275232E+02  .667195870E+02  .672121461E+02  .677051339E+02  .681984830E+02
  .686921247E+02  .691859891E+02  .696800050E+02  .701741003E+02  .706682015E+02
  .711622340E+02  .716561220E+02  .721497884E+02  .726431553E+02  .731361433E+02
  .736286721E+02  .741206599E+02  .746120243E+02  .751026814E+02  .755925462E+02
  .760815329E+02  .765695542E+02  .770565222E+02  .775423475E+02  .780269400E+02
  .785102084E+02  .789920605E+02  .794724031E+02  .799511420E+02  .804281820E+02
  .809034271E+02  .813767805E+02  .818481443E+02  .823174198E+02  .827845076E+02
  .832493076E+02  .837117186E+02  .841716389E+02  .846289662E+02  .850835974E+02
  .855354288E+02  .859843560E+02  .864302743E+02  .868730782E+02  .873126620E+02
  .877489194E+02  .881817437E+02  .886110279E+02  .890366648E+02  .894585467E+02
  .898765660E+02  .902906147E+02  .907005849E+02  .911063683E+02  .915078571E+02
  .919049432E+02  .922975187E+02  .926854759E+02  .930687073E+02  .934471059E+02
  .938205647E+02  .941889774E+02  .945522382E+02  .949102416E+02  .952628830E+02
  .956100585E+02  .959516647E+02  .962875993E+02  .966177608E+02  .969420488E+02
  .972603638E+02  .975726077E+02  .978786835E+02  .981784954E+02  .984719492E+02
  .987589520E+02  .990394126E+02  .993132415E+02  .995803508E+02  .998406545E+02
  .100094068E+03  .100340511E+03  .100579901E+03  .100812162E+03  .101037218E+03
  .101254996E+03  .101465425E+03  .101668438E+03  .101863968E+03  .102051954E+03
  .102232336E+03  .102405057E+03  .102570063E+03  .102727304E+03  .102876732E+03
  .103018305E+03  .103151981E+03  .103277724E+03  .103395500E+03  .103505281E+03
  .103607041E+03  .103700758E+03  .103786416E+03  .103864000E+03  .103933502E+03
  .103994917E+03  .104048246E+03  .104093493E+03  .104130666E+03  .104159780E+03
  .104180854E+03  .104193911E+03  .104198979E+03  .104196093E+03  .104185292E+03
  .104166620E+03  .104140126E+03  .104105866E+03  .104063899E+03  .104014294E+03
  .103957120E+03  .103892456E+03  .103820385E+03  .103740996E+03  .103654385E+03
  .103560653E+03  .103459905E+03  .103352257E+03  .103237827E+03  .103116741E+03
  .102989129E+03  .102855131E+03  .102714890E+03  .102568556E+03  .102416286E+03
  .102258244E+03  .102094597E+03  .101925522E+03  .101751201E+03  .101571821E+03
  .101387576E+03  .101198668E+03  .101005303E+03  .100807694E+03  .100606059E+03
  .100400624E+03  .100191620E+03  .999792842E+02  .997638586E+02  .995455922E+02
  .993247393E+02  .991015598E+02  .988763191E+02  .986492878E+02  .984207422E+02
  .981909632E+02  .979602370E+02  .977288546E+02  .974971116E+02  .972653084E+02
  .970337493E+02  .968027432E+02  .965726028E+02  .963436446E+02  .961161887E+02
  .958905585E+02  .956670807E+02  .954460847E+02  .952279027E+02  .950128693E+02
  .948013212E+02  .945935971E+02  .943900372E+02  .941909829E+02  .939967768E+02
  .938077623E+02  .936242828E+02  .934466823E+02  .932753041E+02  .931104911E+02
  .929525853E+02  .928019273E+02  .926588562E+02  .925237089E+02  .923968200E+02
  .922785214E+02  .921691416E+02  .920690058E+02  .919784350E+02  .918977459E+02
  .918272506E+02  .917672557E+02  .917180624E+02  .916799658E+02  .916532544E+02
  .916382100E+02  .916351068E+02  .916442114E+02  .916657821E+02  .917000686E+02
  .917473114E+02  .918077415E+02  .918815799E+02  .919690373E+02  .920703133E+02
  .921855963E+02  .923150629E+02  .924588777E+02  .926171926E+02  .927901464E+02
  .929778646E+02  .931804587E+02  .933980262E+02  .936306497E+02  .938783970E+02
  .941413204E+02  .944194563E+02  .947128253E+02  .950214313E+02  .953452615E+02
  .956842858E+02  .960384571E+02  .964077103E+02  .967919623E+02  .971911119E+02
  .976050395E+02  .980336067E+02  .984766564E+02  .989340121E+02  .994054785E+02
  .998908407E+02  .100389864E+03  .100902296E+03  .101427862E+03  .101966269E+03
  .102517204E+03  .103080336E+03  .103655311E+03  .104241760E+03  .104839289E+03
  .105447490E+03  .106065933E+03  .106694168E+03  .107331730E+03  .107978132E+03
  .108632870E+03  .109295423E+03  .109965250E+03  .110641795E+03  .111324485E+03
  .112012729E+03  .112705922E+03  .113403443E+03  .114104656E+03  .114808910E+03
  .115515543E+03  .116223876E+03  .116933221E+03  .117642878E+03  .118352135E+03
  .119060270E+03  .119766554E+03  .120470246E+03  .121170600E+03  .121866863E+03
  .122558277E+03  .123244078E+03  .123923498E+03  .124595768E+03  .125260117E+03
  .125915773E+03  .126561965E+03  .127197922E+03  .127822879E+03  .128436074E+03
  .129036747E+03  .129624150E+03  .130197539E+03  .130756179E+03  .131299346E+03
  .131826329E+03  .132336427E+03  .132828954E+03  .133303240E+03  .133758631E+03
  .134194491E+03  .134610202E+03  .135005169E+03  .135378817E+03  .135730594E+03
  .136059973E+03  .136366450E+03  .136649552E+03  .136908831E+03  .137143867E+03
  .137354274E+03  .137539695E+03  .137699804E+03  .137834313E+03  .137942963E+03
  .138025536E+03  .138081846E+03  .138111747E+03  .138115130E+03  .138091927E+03
  .138042107E+03  .137965682E+03  .137862703E+03  .137733265E+03  .137577502E+03
  .137395593E+03  .137187761E+03  .136954268E+03  .136695425E+03  .136411582E+03
  .136103136E+03  .135770524E+03  .135414231E+03  .135034782E+03  .134632746E+03
  .134208735E+03  .133763404E+03  .133297448E+03  .132811603E+03  .132306648E+03
  .131783399E+03  .131242711E+03  .130685477E+03  .130112626E+03  .129525122E+03
  .128923963E+03  .128310180E+03  .127684834E+03  .127049017E+03  .126403846E+03
  .125750467E+03  .125090047E+03  .124423777E+03  .123752868E+03  .123078548E+03
  .122402060E+03  .121724663E+03  .121047625E+03  .120372223E+03  .119699739E+03
  .119031462E+03  .118368679E+03  .117712675E+03  .117064733E+03  .116426127E+03
  .115798122E+03  .115181970E+03  .114578907E+03  .113990151E+03  .113416898E+03
  .112860321E+03  .112321566E+03  .111801747E+03  .111301946E+03  .110823211E+03
  .110366549E+03  .109932928E+03  .109523271E+03  .109138453E+03  .108779301E+03
  .108446591E+03  .108141042E+03  .107863319E+03  .107614025E+03  .107393704E+03
  .107202836E+03  .107041835E+03  .106911047E+03  .106810750E+03  .106741150E+03
  .106702383E+03  .106694508E+03  .106717512E+03  .106771305E+03  .106855720E+03
  .106970514E+03  .107115363E+03  .107289869E+03  .107493553E+03  .107725857E+03
  .107986148E+03  .108273711E+03  .108587759E+03  .108927425E+03  .109291770E+03
  .109679778E+03  .110090363E+03  .110522369E+03  .110974569E+03  .111445672E+03
  .111934322E+03  .112439100E+03  .112958529E+03  .113491078E+03  .114035160E+03
  .114589140E+03  .115151336E+03  .115720025E+03  .116293445E+03  .116869797E+03
  .117447254E+03  .118023962E+03  .118598045E+03  .119167609E+03  .119730749E+03
  .120285549E+03  .120830092E+03  .121362462E+03  .121880750E+03  .122383057E+03
  .122867504E+03  .123332229E+03  .123775401E+03  .124195219E+03  .124589918E+03
  .124957777E+03  .125297121E+03  .125606326E+03  .125883827E+03  .126128117E+03
  .126337758E+03  .126511381E+03  .126647693E+03  .126745478E+03  .126803607E+03
  .126821034E+03  .126796806E+03  .126730062E+03  .126620042E+03  .126466083E+03
  .126267626E+03  .126024217E+03  .125735512E+03  .125401275E+03  .125021379E+03
  .124595815E+03  .124124683E+03  .123608199E+03  .123046694E+03  .122440614E+03
  .121790518E+03  .121097081E+03  .120361089E+03  .119583441E+03  .118765146E+03
  .117907321E+03  .117011189E+03  .116078076E+03  .115109408E+03  .114106710E+03
  .113071599E+03  .112005781E+03  .110911050E+03  .109789278E+03  .108642416E+03
  .107472485E+03  .106281572E+03  .105071827E+03  .103845451E+03  .102604697E+03
  .101351860E+03  .100089272E+03  .988192958E+02  .975443168E+02  .962667382E+02
  .949889738E+02  .937134406E+02  .924425527E+02  .911787135E+02  .899243102E+02
  .886817052E+02  .874532311E+02  .862411820E+02  .850478088E+02  .838753108E+02
  .827258312E+02  .816014485E+02  .805041728E+02  .794359379E+02  .783985972E+02
  .773939167E+02  .764235712E+02  .754891383E+02  .745920947E+02  .737338105E+02
  .729155470E+02  .721384511E+02  .714035534E+02  .707117640E+02  .700638712E+02
  .694605377E+02  .689022999E+02  .683895656E+02  .679226136E+02  .675015919E+02
  .671265186E+02  .667972808E+02  .665136363E+02  .662752130E+02  .660815117E+02
  .659319066E+02  .658256483E+02  .657618655E+02  .657395688E+02  .657576535E+02
  .658149036E+02  .659099958E+02  .660415043E+02  .662079057E+02  .664075838E+02
  .666388360E+02  .668998783E+02  .671888522E+02  .675038304E+02  .678428239E+02
  .682037877E+02  .685846287E+02  .689832115E+02  .693973660E+02  .698248936E+02
  .702635748E+02  .707111753E+02  .711654540E+02  .716241680E+02  .720850815E+02
  .725459706E+02  .730046315E+02  .734588852E+02  .739065855E+02  .743456238E+02
  .747739365E+02  .751895089E+02  .755903833E+02  .759746615E+02  .763405126E+02
  .766861755E+02  .770099657E+02  .773102772E+02  .775855889E+02  .778344658E+02
  .780555645E+02  .782476342E+02  .784095213E+02  .785401692E+02  .786386229E+02
  .787040279E+02  .787356335E+02  .787327918E+02  .786949598E+02  .786216978E+02
  .785126706E+02  .783676454E+02  .781864924E+02  .779691818E+02  .777157839E+02
  .774264657E+02  .771014896E+02  .767412106E+02  .763460735E+02  .759166102E+02
  .754534360E+02  .749572468E+02  .744288147E+02  .738689851E+02  .732786717E+02
  .726588536E+02  .720105699E+02  .713349162E+02  .706330397E+02  .699061353E+02
  .691554399E+02  .683822296E+02  .675878131E+02  .667735291E+02  .659407396E+02
  .650908279E+02  .642251913E+02  .633452393E+02  .624523869E+02  .615480526E+02
  .606336518E+02  .597105956E+02  .587802835E+02  .578441032E+02  .569034234E+02
  .559595939E+02  .550139383E+02  .540677551E+02  .531223105E+02  .521788397E+02
  .512385399E+02  .503025725E+02  .493720560E+02  .484480689E+02  .475316430E+02
  .466237663E+02  .457253769E+02  .448373664E+02  .439605745E+02  .430957919E+02
  .422437560E+02  .414051539E+02  .405806184E+02  .397707319E+02  .389760219E+02
  .381969658E+02  .374339867E+02  .366874580E+02  .359577006E+02  .352449866E+02
  .345495373E+02  .338715272E+02  .332110822E+02  .325682838E+02  .319431675E+02
  .313357271E+02  .307459136E+02  .301736393E+02  .296187769E+02  .290811641E+02
  .285606023E+02  .280568616E+02  .275696797E+02  .270987665E+02  .266438036E+02
  .262044485E+02  .257803344E+02  .253710743E+02  .249762609E+02  .245954706E+02
  .242282631E+02  .238741859E+02  .235327738E+02  .232035526E+02  .228860395E+02
  .225797460E+02  .222841789E+02  .219988425E+02  .217232397E+02  .214568739E+02
  .211992505E+02  .209498784E+02  .207082708E+02  .204739475E+02  .202464353E+02
  .200252699E+02  .198099960E+02  .196001695E+02  .193953574E+02  .191951394E+02
  .189991085E+02  .188068713E+02  .186180492E+02  .184322788E+02  .182492121E+02
  .180685173E+02  .178898790E+02  .177129984E+02  .175375935E+02  .173633994E+02
  .171901683E+02  .170176692E+02  .168456886E+02  .166740295E+02  .165025121E+02
  .163309726E+02  .161592642E+02  .159872555E+02  .158148312E+02  .156418911E+02
  .154683499E+02  .152941366E+02  .151191944E+02  .149434797E+02  .147669620E+02
  .145896229E+02  .144114561E+02  .142324660E+02  .140526681E+02  .138720876E+02
  .136907592E+02  .135087260E+02  .133260397E+02  .131427592E+02  .129589503E+02
  .127746851E+02  .125900413E+02  .124051017E+02  .122199535E+02  .120346876E+02
  .118493987E+02  .116641837E+02  .114791420E+02  .112943747E+02  .111099840E+02
  .109260729E+02  .107427447E+02  .105601024E+02  .103782485E+02  .101972846E+02
  .100173108E+02  .983842560E+01  .966072541E+01  .948430438E+01  .930925404E+01
  .913566308E+01  .896361707E+01  .879319834E+01  .862448569E+01  .845755430E+01
  .829247556E+01  .812931693E+01  .796814189E+01  .780900978E+01  .765197583E+01
  .749709102E+01  .734440212E+01  .719395154E+01  .704577729E+01  .689991377E+01
  .675638986E+01  .661523210E+01  .647646142E+01  .634009586E+01  .620614863E+01
  .607462995E+01  .594554524E+01  .581889751E+01  .569468563E+01  .557290532E+01
  .545354881E+01  .533660553E+01  .522206154E+01  .510990053E+01  .500010302E+01
  .489264749E+01  .478750952E+01  .468466298E+01  .458407909E+01  .448572774E+01
  .438957637E+01  .429559146E+01  .420373728E+01  .411397750E+01  .402627379E+01
  .394058754E+01  .385687839E+01  .377510600E+01  .369522850E+01  .361720433E+01
  .354099060E+01  .346654502E+01  .339382412E+01  .332278533E+01  .325338504E+01
  .318558080E+01  .311932922E+01  .305458833E+01  .299131536E+01  .292946911E+01
  .286900771E+01  .280989106E+01  .275207844E+01  .269553108E+01  .264020966E+01
  .258607695E+01  .253309520E+01  .248122889E+01  .243044201E+01  .238070088E+01
  .233197135E+01  .228422168E+01  .223741967E+01  .219153559E+01  .214653925E+01
  .210240297E+01  .205909859E+01  .201660051E+01  .197488261E+01  .193392136E+01
  .189369265E+01  .185417499E+01  .181534627E+01  .177718697E+01  .173967692E+01
  .170279853E+01  .166653348E+01  .163086604E+01  .159577966E+01  .156126039E+01
  .152729334E+01  .149386623E+01  .146096577E+01  .142858123E+01  .139670078E+01
  .136531514E+01  .133441388E+01  .130398901E+01  .127403136E+01  .124453417E+01
  .121548938E+01  .118689134E+01  .115873301E+01  .113100970E+01  .110371529E+01
  .107684595E+01  .105039633E+01  .102436335E+01  .998742362E+00  .973530908E+00
  .948724901E+00  .924322423E+00  .900319860E+00  .876715722E+00  .853506757E+00
  .830691814E+00  .808267928E+00  .786234189E+00  .764587819E+00  .743328074E+00
  .722452297E+00  .701959827E+00  .681848041E+00  .662116301E+00  .642761968E+00
  .623784356E+00  .605180737E+00  .586950336E+00  .569090298E+00  .551599692E+00
  .534475515E+00  .517716629E+00  .501319840E+00  .485283797E+00  .469605065E+00
  .454282066E+00  .439311116E+00  .424690386E+00  .410415924E+00  .396485648E+00
  .382895342E+00  .369642665E+00  .356723125E+00  .344133843E+00  .331870868E+00
  .319930351E+00  .308308316E+00  .297000675E+00  .286003229E+00  .275311674E+00
  .264921603E+00  .254828518E+00  .245027832E+00  .235514875E+00  .226284901E+00
  .217333096E+00  .208654583E+00  .200244428E+00  .192097651E+00  .184209226E+00
  .176574094E+00  .169187167E+00  .162043333E+00  .155137465E+00  .148464426E+00
  .142019074E+00  .135796273E+00  .129790889E+00  .123997807E+00  .118411926E+00
  .113028171E+00  .107841494E+00  .102846881E+00  .980393541E-01  .934139757E-01
  .889658539E-01  .846901448E-01  .805820561E-01  .766368499E-01  .728498456E-01
  .692164227E-01  .657320229E-01  .623921525E-01  .591923843E-01  .561283591E-01
  .531957881E-01  .503904535E-01  .477082104E-01  .451449876E-01  .426967889E-01
  .403596938E-01  .381298584E-01  .360035162E-01  .339769784E-01  .320466345E-01
  .302089527E-01  .284604803E-01  .267978438E-01  .252177490E-01  .237169813E-01
  .222924054E-01  .209409655E-01  .196596852E-01  .184456669E-01  .172960919E-01
  .162082203E-01  .151793900E-01  .142070165E-01  .132885929E-01  .124216886E-01
  .116039489E-01  .108330946E-01  .101069209E-01  .942329671E-02  .878016389E-02
  .817553610E-02  .760749794E-02  .707420390E-02  .657387720E-02  .610480872E-02
  .566535570E-02  .525394058E-02  .486904961E-02  .450923160E-02  .417309644E-02
  .385931378E-02  .356661152E-02  .329377433E-02  .303964219E-02  .280310883E-02
  .258312017E-02  .237867280E-02  .218881239E-02  .201263213E-02  .184927113E-02
  .169791286E-02  .155778356E-02  .142815071E-02  .130832142E-02  .119764095E-02
  .109549115E-02  .100128898E-02  .914485004E-03  .834561972E-03  .761033361E-03
  .693441998E-03  .631358688E-03  .574380883E-03  .522131384E-03  .474257082E-03
  .430427729E-03  .390334755E-03  .353690118E-03  .320225195E-03  .289689711E-03
  .261850710E-03  .236491565E-03  .213411024E-03  .192422302E-03  .173352206E-03
  .156040302E-03  .140338117E-03  .126108383E-03  .113224313E-03  .101568914E-03
  .910343382E-04  .815212633E-04  .729383087E-04  .652014835E-04  .582336645E-04
  .519641046E-04  .463279702E-04  .412659055E-04  .367236243E-04  .326515261E-04
  .290043370E-04  .257407745E-04  .228232326E-04  .202174898E-04  .178924356E-04
  .158198167E-04  .139740007E-04  .123317570E-04  .108720530E-04  .957586621E-05
  .842600982E-05  .740697164E-05  .650476567E-05  .570679508E-05  .500172623E-05
  .437937279E-05  .383058927E-05  .334717347E-05  .292177705E-05  .254782372E-05
  .221943450E-05  .193135948E-05  .167891561E-05  .145793011E-05  .126468892E-05
  .109588996E-05  .948600678E-06  .820219625E-06  .708441653E-06  .611226471E-06
  .526770269E-06  .453480124E-06  .389950958E-06  .334944817E-06  .287372252E-06
  .246275627E-06  .210814153E-06  .180250505E-06  .153938849E-06  .131314169E-06
  .111882744E-06  .952136714E-07  .809313298E-07  .687086862E-07  .582613601E-07
  .493423651E-07  .417374585E-07  .352610316E-07  .297524851E-07  .250730344E-07
  .211028992E-07  .177388329E-07  .148919553E-07  .124858524E-07  .104549135E-07
  .874287755E-08  .730156488E-08  .608977075E-08  .507230287E-08  .421914448E-08
  .350472786E-08  .290730460E-08  .240840046E-08  .199234409E-08  .164586027E-08
  .135771931E-08  .111843520E-08  .920006304E-09  .755692649E-09  .619825211E-09
  .507642636E-09  .415151747E-09  .339008534E-09  .276416758E-09  .225041713E-09
  .182936967E-09  .148482249E-09  .120330847E-09  .973651361E-10  .786590473E-10
  .634464264E-10  .510944155E-10  .410810881E-10  .329766897E-10  .264279279E-10
  .211448378E-10  .168898186E-10  .134684961E-10  .107221240E-10  .852126473E-11
  .676056210E-11  .535440002E-11  .423332745E-11  .334110147E-11  .263225445E-11
  .207009391E-11  .162506114E-11  .127338661E-11  .995990362E-12  .777584453E-12
  .605941647E-12  .471300599E-12  .365882989E-12  .283502240E-12  .219247050E-12
  .169225919E-12  .130361293E-12  .100224020E-12  .769004735E-13  .588861044E-13
  .450003366E-13  .343186555E-13  .261185282E-13  .198364229E-13  .150337203E-13
  .113697306E-13  .858038066E-14  .646141477E-14  .485517961E-14  .364025209E-14
  .272331505E-14  .203280771E-14  .151397375E-14  .112500796E-14  .834064335E-15
  .616938175E-15  .455274401E-15  .335185789E-15  .246189743E-15  .180392072E-15
  .131861842E-15  .961537064E-16  .699437708E-16  .507526856E-16  .367355687E-16
  .265230195E-16  .191010946E-16  .137209189E-16  .983078691E-17  .702528460E-17
  .500726366E-17  .355949314E-17  .252358083E-17  .178434060E-17  .125822937E-17
  .884816827E-18  .620509335E-18  .433944789E-18  .302622763E-18  .210445351E-18
  .145927553E-18  .100898568E-18  .695619718E-19  .478175486E-19  .327733290E-19
  .223955041E-19  .152579888E-19  .103637983E-19  .701802307E-20  .473776704E-20
  .318848584E-20  .213912364E-20  .143059445E-20  .953707055E-21  .633752592E-21
  .419777532E-21  .277141543E-21  .182370797E-21  .119610231E-21  .781859607E-22
  .509359736E-22  .330707244E-22  .213980332E-22  .137975749E-22  .886580186E-23
  .567684665E-23  .362207643E-23  .230280252E-23  .145878625E-23  .920766801E-24
  .579052201E-24  .362812974E-24  .226481007E-24  .140848234E-24  .872626368E-25
  .538578633E-25  .331131296E-25  .202800032E-25  .123719667E-25  .751793477E-26
  .455023152E-26  .274302338E-26  .164691973E-26  .984799886E-27  .586464596E-27
  .347807842E-27  .205412137E-27  .120805659E-27  .707470076E-28  .412547113E-28
  .239534822E-28  .138477182E-28  .797052530E-29  .456750927E-29  .260579455E-29
  .147997201E-29  .836765305E-30  .470949969E-30  .263846183E-30  .147134887E-30
  .816682116E-31  .451176619E-31  .248073153E-31  .135748783E-31  .739261944E-32
  .400636098E-32  .216059861E-32  .115945321E-32  .619113361E-33  .328933044E-33
  .173879201E-33  .914477148E-34  .478481685E-34  .249061747E-34  .128967374E-34
  .664301949E-35  .340365569E-35  .173460893E-35  .879254678E-36  .443267712E-36
  .222247459E-36  .110817324E-36  .549489442E-37  .270939569E-37  .132839522E-37
  .647596053E-38  .313894127E-38  .151267011E-38  .724714692E-39  .345168637E-39
  .163424236E-39  .769133568E-40  .359804313E-40  .167297413E-40  .773123998E-41
  .355078834E-41  .162066998E-41  .735083826E-42  .331306346E-42  .148371748E-42
  .660205339E-43  .291870924E-43  .128192925E-43  .559340127E-44  .242439669E-44
  .104381634E-44  .446389469E-45  .189605000E-45  .799848996E-46  .335092563E-46
  .139410714E-46  .575940895E-47  .236257567E-47  .962265761E-48  .389117804E-48
  .156213661E-48  .622563486E-49  .246291656E-49  .967145189E-50  .376950117E-50
  .145814406E-50  .559777254E-51  .213256386E-51  .806184323E-52  .302402586E-52
  .112545649E-52  .415562416E-53  .152223482E-53  .553142572E-54  .199376867E-54
  .712798844E-55  .252747967E-55  .888812256E-56  .309967584E-56  .107209717E-56
  .367804066E-57  .125241071E-57  .424858141E-58  .144180830E-58  .503189085E-59
  .189495223E-59  .893492531E-60  .673836142E-60  .000000000E+00  .000000000E+00
  .000000000E+00  .000000000E+00  .000000000E+00  .000000000E+00  .000000000E+00
  .000000000E+00  .000000000E+00  .000000000E+00  .000000000E+00  .000000000E+00
  .000000000E+00  .000000000E+00  .000000000E+00  .000000000E+00  .000000000E+00
  .000000000E+00  .000000000E+00  .000000000E+00  .000000000E+00  .000000000E+00
  .000000000E+00  .000000000E+00  .000000000E+00  .000000000E+00  .000000000E+00
  .000000000E+00  .000000000E+00  .000000000E+00  .000000000E+00  .000000000E+00
  .000000000E+00  .000000000E+00  .000000000E+00  .000000000E+00  .000000000E+00
  .000000000E+00  .000000000E+00  .000000000E+00  .000000000E+00  .000000000E+00
  .000000000E+00  .000000000E+00  .000000000E+00  .000000000E+00  .000000000E+00
  .000000000E+00  .000000000E+00  .000000000E+00  .000000000E+00  .000000000E+00
  .000000000E+00  .000000000E+00  .000000000E+00  .000000000E+00  .000000000E+00
  .000000000E+00  .000000000E+00  .000000000E+00  .000000000E+00  .000000000E+00
  .000000000E+00  .000000000E+00  .000000000E+00  .000000000E+00  .000000000E+00
  .000000000E+00  .000000000E+00  .000000000E+00  .000000000E+00  .000000000E+00
  .000000000E+00  .000000000E+00  .000000000E+00  .000000000E+00  .000000000E+00
  .000000000E+00  .000000000E+00  .000000000E+00  .000000000E+00  .000000000E+00
  .000000000E+00  .000000000E+00  .000000000E+00  .000000000E+00  .000000000E+00
  .000000000E+00  .000000000E+00  .000000000E+00  .000000000E+00  .000000000E+00
  .000000000E+00  .000000000E+00  .000000000E+00  .000000000E+00  .000000000E+00
  .000000000E+00  .000000000E+00  .000000000E+00  .000000000E+00  .000000000E+00
  .000000000E+00  .000000000E+00  .000000000E+00  .000000000E+00  .000000000E+00
  .000000000E+00  .000000000E+00  .000000000E+00  .000000000E+00  .000000000E+00
  .000000000E+00  .000000000E+00  .000000000E+00  .000000000E+00  .000000000E+00
  .000000000E+00  .000000000E+00  .000000000E+00  .000000000E+00  .000000000E+00
  .000000000E+00  .000000000E+00  .000000000E+00  .000000000E+00  .000000000E+00
  .000000000E+00  .000000000E+00  .000000000E+00  .000000000E+00  .000000000E+00
  .000000000E+00  .000000000E+00  .000000000E+00  .000000000E+00  .000000000E+00
  .000000000E+00  .000000000E+00  .000000000E+00  .000000000E+00  .000000000E+00
  .000000000E+00  .000000000E+00  .000000000E+00  .000000000E+00  .000000000E+00
  .000000000E+00  .000000000E+00  .000000000E+00  .000000000E+00  .000000000E+00
  .000000000E+00  .000000000E+00  .000000000E+00  .000000000E+00  .000000000E+00
  .000000000E+00  .000000000E+00  .000000000E+00  .000000000E+00  .000000000E+00
  .000000000E+00  .000000000E+00  .000000000E+00  .000000000E+00  .000000000E+00
  .000000000E+00  .000000000E+00  .000000000E+00  .000000000E+00  .000000000E+00
  .000000000E+00  .000000000E+00  .000000000E+00  .000000000E+00  .000000000E+00
  .000000000E+00  .000000000E+00  .000000000E+00  .000000000E+00  .000000000E+00
  .000000000E+00  .000000000E+00  .000000000E+00  .000000000E+00  .000000000E+00
  .000000000E+00  .000000000E+00  .000000000E+00  .000000000E+00  .000000000E+00
  .000000000E+00  .000000000E+00  .000000000E+00  .000000000E+00  .000000000E+00
  .000000000E+00  .000000000E+00  .000000000E+00  .000000000E+00  .000000000E+00
  .000000000E+00  .000000000E+00  .000000000E+00  .000000000E+00  .000000000E+00
  .000000000E+00  .000000000E+00  .000000000E+00  .000000000E+00  .000000000E+00
  .000000000E+00  .000000000E+00  .000000000E+00  .000000000E+00  .000000000E+00
  .000000000E+00  .000000000E+00  .000000000E+00  .000000000E+00  .000000000E+00
  .000000000E+00  .000000000E+00  .000000000E+00  .000000000E+00  .000000000E+00
  .000000000E+00  .000000000E+00  .000000000E+00  .000000000E+00  .000000000E+00
  .000000000E+00  .000000000E+00  .000000000E+00  .000000000E+00  .000000000E+00
  .000000000E+00  .000000000E+00  .000000000E+00  .000000000E+00  .000000000E+00
  .000000000E+00  .000000000E+00  .000000000E+00  .000000000E+00  .000000000E+00
  .000000000E+00  .000000000E+00  .000000000E+00  .000000000E+00  .000000000E+00
  .000000000E+00  .000000000E+00  .000000000E+00  .000000000E+00  .000000000E+00
  .000000000E+00  .000000000E+00  .000000000E+00  .000000000E+00  .000000000E+00
  .000000000E+00  .000000000E+00  .000000000E+00  .000000000E+00  .000000000E+00
