  PAW H                                  
 100
Core Pot   L  =         .00000   -.34339
  -.20000000E+01  .11330005E+01
  -.19600000E+01  .11221303E+01
  -.19200000E+01  .11112243E+01
  -.18800000E+01  .11002823E+01
  -.18400000E+01  .10893039E+01
  -.18000000E+01  .10782890E+01
  -.17600000E+01  .10672373E+01
  -.17200000E+01  .10561486E+01
  -.16800000E+01  .10450225E+01
  -.16400000E+01  .10338589E+01
  -.16000000E+01  .10226574E+01
  -.15600000E+01  .10114178E+01
  -.15200000E+01  .10001399E+01
  -.14800000E+01  .98882328E+00
  -.14400000E+01  .97746779E+00
  -.14000000E+01  .96607311E+00
  -.13600000E+01  .95463897E+00
  -.13200000E+01  .94316509E+00
  -.12800000E+01  .93165118E+00
  -.12400000E+01  .92009696E+00
  -.12000000E+01  .90850214E+00
  -.11600000E+01  .89686642E+00
  -.11200000E+01  .88518952E+00
  -.10800000E+01  .87347112E+00
  -.10400000E+01  .86171095E+00
  -.10000000E+01  .84990868E+00
  -.96000000E+00  .83806401E+00
  -.92000000E+00  .82617664E+00
  -.88000000E+00  .81424624E+00
  -.84000000E+00  .80227251E+00
  -.80000000E+00  .79025513E+00
  -.76000000E+00  .77819376E+00
  -.72000000E+00  .76608809E+00
  -.68000000E+00  .75393779E+00
  -.64000000E+00  .74174252E+00
  -.60000000E+00  .72950195E+00
  -.56000000E+00  .71721573E+00
  -.52000000E+00  .70488353E+00
  -.48000000E+00  .69250500E+00
  -.44000000E+00  .68007978E+00
  -.40000000E+00  .66760753E+00
  -.36000000E+00  .65508788E+00
  -.32000000E+00  .64252048E+00
  -.28000000E+00  .62990496E+00
  -.24000000E+00  .61724094E+00
  -.20000000E+00  .60452807E+00
  -.16000000E+00  .59176595E+00
  -.12000000E+00  .57895421E+00
  -.80000000E-01  .56609247E+00
  -.40000000E-01  .55318033E+00
   .12351231E-14  .54021740E+00
   .40000000E-01  .52720329E+00
   .80000000E-01  .51413759E+00
   .12000000E+00  .50101989E+00
   .16000000E+00  .48784979E+00
   .20000000E+00  .47462687E+00
   .24000000E+00  .46135071E+00
   .28000000E+00  .44802089E+00
   .32000000E+00  .43463697E+00
   .36000000E+00  .42119853E+00
   .40000000E+00  .40770512E+00
   .44000000E+00  .39415631E+00
   .48000000E+00  .38055163E+00
   .52000000E+00  .36689065E+00
   .56000000E+00  .35317290E+00
   .60000000E+00  .33939792E+00
   .64000000E+00  .32556524E+00
   .68000000E+00  .31167439E+00
   .72000000E+00  .29772489E+00
   .76000000E+00  .28371624E+00
   .80000000E+00  .26964797E+00
   .84000000E+00  .25551958E+00
   .88000000E+00  .24133057E+00
   .92000000E+00  .22708042E+00
   .96000000E+00  .21276862E+00
   .10000000E+01  .19839467E+00
   .10400000E+01  .18395802E+00
   .10800000E+01  .16945816E+00
   .11200000E+01  .15489454E+00
   .11600000E+01  .14026662E+00
   .12000000E+01  .12557386E+00
   .12400000E+01  .11081568E+00
   .12800000E+01  .95991543E-01
   .13200000E+01  .81100864E-01
   .13600000E+01  .66143072E-01
   .14000000E+01  .51117583E-01
   .14400000E+01  .36023808E-01
   .14800000E+01  .20861150E-01
   .15200000E+01  .56290039E-02
   .15600000E+01 -.96732425E-02
   .16000000E+01 -.25046205E-01
   .16400000E+01 -.40490511E-01
   .16800000E+01 -.56006795E-01
   .17200000E+01 -.71595698E-01
   .17600000E+01 -.87257869E-01
   .18000000E+01 -.10299397E+00
   .18400000E+01 -.11880465E+00
   .18800000E+01 -.13469061E+00
   .19200000E+01 -.15065251E+00
   .19600000E+01 -.16669105E+00
   .20000000E+01 -.18280692E+00
Potential  L  =         .00000   -.34339
  -.20000000E+01  .11411126E+01
  -.19600000E+01  .11306877E+01
  -.19200000E+01  .11202314E+01
  -.18800000E+01  .11097434E+01
  -.18400000E+01  .10992236E+01
  -.18000000E+01  .10886716E+01
  -.17600000E+01  .10780874E+01
  -.17200000E+01  .10674708E+01
  -.16800000E+01  .10568214E+01
  -.16400000E+01  .10461392E+01
  -.16000000E+01  .10354239E+01
  -.15600000E+01  .10246752E+01
  -.15200000E+01  .10138930E+01
  -.14800000E+01  .10030771E+01
  -.14400000E+01  .99222722E+00
  -.14000000E+01  .98134316E+00
  -.13600000E+01  .97042468E+00
  -.13200000E+01  .95947158E+00
  -.12800000E+01  .94848363E+00
  -.12400000E+01  .93746059E+00
  -.12000000E+01  .92640223E+00
  -.11600000E+01  .91530833E+00
  -.11200000E+01  .90417865E+00
  -.10800000E+01  .89301294E+00
  -.10400000E+01  .88181098E+00
  -.10000000E+01  .87057253E+00
  -.96000000E+00  .85929733E+00
  -.92000000E+00  .84798514E+00
  -.88000000E+00  .83663571E+00
  -.84000000E+00  .82524880E+00
  -.80000000E+00  .81382415E+00
  -.76000000E+00  .80236151E+00
  -.72000000E+00  .79086062E+00
  -.68000000E+00  .77932122E+00
  -.64000000E+00  .76774304E+00
  -.60000000E+00  .75612583E+00
  -.56000000E+00  .74446931E+00
  -.52000000E+00  .73277321E+00
  -.48000000E+00  .72103727E+00
  -.44000000E+00  .70926121E+00
  -.40000000E+00  .69744475E+00
  -.36000000E+00  .68558761E+00
  -.32000000E+00  .67368951E+00
  -.28000000E+00  .66175016E+00
  -.24000000E+00  .64976927E+00
  -.20000000E+00  .63774656E+00
  -.16000000E+00  .62568172E+00
  -.12000000E+00  .61357447E+00
  -.80000000E-01  .60142450E+00
  -.40000000E-01  .58923151E+00
   .12351231E-14  .57699520E+00
   .40000000E-01  .56471525E+00
   .80000000E-01  .55239136E+00
   .12000000E+00  .54002320E+00
   .16000000E+00  .52761047E+00
   .20000000E+00  .51515283E+00
   .24000000E+00  .50264998E+00
   .28000000E+00  .49010157E+00
   .32000000E+00  .47750728E+00
   .36000000E+00  .46486678E+00
   .40000000E+00  .45217973E+00
   .44000000E+00  .43944578E+00
   .48000000E+00  .42666459E+00
   .52000000E+00  .41383582E+00
   .56000000E+00  .40095911E+00
   .60000000E+00  .38803412E+00
   .64000000E+00  .37506047E+00
   .68000000E+00  .36203781E+00
   .72000000E+00  .34896578E+00
   .76000000E+00  .33584400E+00
   .80000000E+00  .32267210E+00
   .84000000E+00  .30944971E+00
   .88000000E+00  .29617643E+00
   .92000000E+00  .28285190E+00
   .96000000E+00  .26947571E+00
   .10000000E+01  .25604748E+00
   .10400000E+01  .24256680E+00
   .10800000E+01  .22903329E+00
   .11200000E+01  .21544652E+00
   .11600000E+01  .20180610E+00
   .12000000E+01  .18811160E+00
   .12400000E+01  .17436262E+00
   .12800000E+01  .16055871E+00
   .13200000E+01  .14669947E+00
   .13600000E+01  .13278445E+00
   .14000000E+01  .11881322E+00
   .14400000E+01  .10478534E+00
   .14800000E+01  .90700362E-01
   .15200000E+01  .76557833E-01
   .15600000E+01  .62357298E-01
   .16000000E+01  .48098297E-01
   .16400000E+01  .33780363E-01
   .16800000E+01  .19403026E-01
   .17200000E+01  .49658086E-02
   .17600000E+01 -.95317696E-02
   .18000000E+01 -.24090196E-01
   .18400000E+01 -.38709962E-01
   .18800000E+01 -.53391566E-01
   .19200000E+01 -.68135511E-01
   .19600000E+01 -.82942306E-01
   .20000000E+01 -.97812465E-01
Core Pot   L  =        1.00000   -.30000
  -.20000000E+01  .27803276E+01
  -.19600000E+01  .27745555E+01
  -.19200000E+01  .27687765E+01
  -.18800000E+01  .27629907E+01
  -.18400000E+01  .27571979E+01
  -.18000000E+01  .27513982E+01
  -.17600000E+01  .27455916E+01
  -.17200000E+01  .27397781E+01
  -.16800000E+01  .27339575E+01
  -.16400000E+01  .27281300E+01
  -.16000000E+01  .27222955E+01
  -.15600000E+01  .27164539E+01
  -.15200000E+01  .27106053E+01
  -.14800000E+01  .27047496E+01
  -.14400000E+01  .26988868E+01
  -.14000000E+01  .26930170E+01
  -.13600000E+01  .26871399E+01
  -.13200000E+01  .26812558E+01
  -.12800000E+01  .26753644E+01
  -.12400000E+01  .26694659E+01
  -.12000000E+01  .26635602E+01
  -.11600000E+01  .26576472E+01
  -.11200000E+01  .26517270E+01
  -.10800000E+01  .26457995E+01
  -.10400000E+01  .26398647E+01
  -.10000000E+01  .26339226E+01
  -.96000000E+00  .26279732E+01
  -.92000000E+00  .26220164E+01
  -.88000000E+00  .26160522E+01
  -.84000000E+00  .26100807E+01
  -.80000000E+00  .26041017E+01
  -.76000000E+00  .25981153E+01
  -.72000000E+00  .25921214E+01
  -.68000000E+00  .25861200E+01
  -.64000000E+00  .25801112E+01
  -.60000000E+00  .25740948E+01
  -.56000000E+00  .25680708E+01
  -.52000000E+00  .25620393E+01
  -.48000000E+00  .25560002E+01
  -.44000000E+00  .25499535E+01
  -.40000000E+00  .25438992E+01
  -.36000000E+00  .25378372E+01
  -.32000000E+00  .25317675E+01
  -.28000000E+00  .25256901E+01
  -.24000000E+00  .25196050E+01
  -.20000000E+00  .25135122E+01
  -.16000000E+00  .25074116E+01
  -.12000000E+00  .25013032E+01
  -.80000000E-01  .24951870E+01
  -.40000000E-01  .24890629E+01
   .12351231E-14  .24829310E+01
   .40000000E-01  .24767912E+01
   .80000000E-01  .24706435E+01
   .12000000E+00  .24644879E+01
   .16000000E+00  .24583243E+01
   .20000000E+00  .24521527E+01
   .24000000E+00  .24459732E+01
   .28000000E+00  .24397856E+01
   .32000000E+00  .24335900E+01
   .36000000E+00  .24273863E+01
   .40000000E+00  .24211745E+01
   .44000000E+00  .24149546E+01
   .48000000E+00  .24087265E+01
   .52000000E+00  .24024903E+01
   .56000000E+00  .23962459E+01
   .60000000E+00  .23899933E+01
   .64000000E+00  .23837324E+01
   .68000000E+00  .23774633E+01
   .72000000E+00  .23711859E+01
   .76000000E+00  .23649001E+01
   .80000000E+00  .23586061E+01
   .84000000E+00  .23523036E+01
   .88000000E+00  .23459928E+01
   .92000000E+00  .23396736E+01
   .96000000E+00  .23333459E+01
   .10000000E+01  .23270097E+01
   .10400000E+01  .23206651E+01
   .10800000E+01  .23143119E+01
   .11200000E+01  .23079502E+01
   .11600000E+01  .23015800E+01
   .12000000E+01  .22952011E+01
   .12400000E+01  .22888136E+01
   .12800000E+01  .22824175E+01
   .13200000E+01  .22760127E+01
   .13600000E+01  .22695992E+01
   .14000000E+01  .22631770E+01
   .14400000E+01  .22567460E+01
   .14800000E+01  .22503062E+01
   .15200000E+01  .22438576E+01
   .15600000E+01  .22374002E+01
   .16000000E+01  .22309340E+01
   .16400000E+01  .22244588E+01
   .16800000E+01  .22179747E+01
   .17200000E+01  .22114817E+01
   .17600000E+01  .22049797E+01
   .18000000E+01  .21984687E+01
   .18400000E+01  .21919487E+01
   .18800000E+01  .21854196E+01
   .19200000E+01  .21788815E+01
   .19600000E+01  .21723342E+01
   .20000000E+01  .21657778E+01
Potential  L  =        1.00000   -.30000
  -.20000000E+01  .27454662E+01
  -.19600000E+01  .27396679E+01
  -.19200000E+01  .27338627E+01
  -.18800000E+01  .27280507E+01
  -.18400000E+01  .27222317E+01
  -.18000000E+01  .27164058E+01
  -.17600000E+01  .27105729E+01
  -.17200000E+01  .27047330E+01
  -.16800000E+01  .26988861E+01
  -.16400000E+01  .26930323E+01
  -.16000000E+01  .26871713E+01
  -.15600000E+01  .26813034E+01
  -.15200000E+01  .26754283E+01
  -.14800000E+01  .26695462E+01
  -.14400000E+01  .26636569E+01
  -.14000000E+01  .26577605E+01
  -.13600000E+01  .26518569E+01
  -.13200000E+01  .26459462E+01
  -.12800000E+01  .26400283E+01
  -.12400000E+01  .26341031E+01
  -.12000000E+01  .26281707E+01
  -.11600000E+01  .26222311E+01
  -.11200000E+01  .26162842E+01
  -.10800000E+01  .26103300E+01
  -.10400000E+01  .26043685E+01
  -.10000000E+01  .25983996E+01
  -.96000000E+00  .25924234E+01
  -.92000000E+00  .25864397E+01
  -.88000000E+00  .25804487E+01
  -.84000000E+00  .25744503E+01
  -.80000000E+00  .25684444E+01
  -.76000000E+00  .25624311E+01
  -.72000000E+00  .25564103E+01
  -.68000000E+00  .25503819E+01
  -.64000000E+00  .25443461E+01
  -.60000000E+00  .25383026E+01
  -.56000000E+00  .25322517E+01
  -.52000000E+00  .25261931E+01
  -.48000000E+00  .25201269E+01
  -.44000000E+00  .25140530E+01
  -.40000000E+00  .25079715E+01
  -.36000000E+00  .25018824E+01
  -.32000000E+00  .24957855E+01
  -.28000000E+00  .24896809E+01
  -.24000000E+00  .24835685E+01
  -.20000000E+00  .24774484E+01
  -.16000000E+00  .24713205E+01
  -.12000000E+00  .24651848E+01
  -.80000000E-01  .24590412E+01
  -.40000000E-01  .24528898E+01
   .12351231E-14  .24467304E+01
   .40000000E-01  .24405632E+01
   .80000000E-01  .24343881E+01
   .12000000E+00  .24282050E+01
   .16000000E+00  .24220139E+01
   .20000000E+00  .24158148E+01
   .24000000E+00  .24096077E+01
   .28000000E+00  .24033925E+01
   .32000000E+00  .23971693E+01
   .36000000E+00  .23909380E+01
   .40000000E+00  .23846985E+01
   .44000000E+00  .23784510E+01
   .48000000E+00  .23721952E+01
   .52000000E+00  .23659313E+01
   .56000000E+00  .23596591E+01
   .60000000E+00  .23533787E+01
   .64000000E+00  .23470901E+01
   .68000000E+00  .23407931E+01
   .72000000E+00  .23344878E+01
   .76000000E+00  .23281742E+01
   .80000000E+00  .23218523E+01
   .84000000E+00  .23155219E+01
   .88000000E+00  .23091832E+01
   .92000000E+00  .23028360E+01
   .96000000E+00  .22964803E+01
   .10000000E+01  .22901161E+01
   .10400000E+01  .22837435E+01
   .10800000E+01  .22773622E+01
   .11200000E+01  .22709725E+01
   .11600000E+01  .22645741E+01
   .12000000E+01  .22581671E+01
   .12400000E+01  .22517515E+01
   .12800000E+01  .22453272E+01
   .13200000E+01  .22388942E+01
   .13600000E+01  .22324524E+01
   .14000000E+01  .22260020E+01
   .14400000E+01  .22195427E+01
   .14800000E+01  .22130747E+01
   .15200000E+01  .22065978E+01
   .15600000E+01  .22001120E+01
   .16000000E+01  .21936174E+01
   .16400000E+01  .21871139E+01
   .16800000E+01  .21806014E+01
   .17200000E+01  .21740799E+01
   .17600000E+01  .21675495E+01
   .18000000E+01  .21610100E+01
   .18400000E+01  .21544615E+01
   .18800000E+01  .21479039E+01
   .19200000E+01  .21413372E+01
   .19600000E+01  .21347614E+01
   .20000000E+01  .21281764E+01
Core Pot   L  =        2.00000    .00000
  -.20000000E+01  .42487395E+01
  -.19600000E+01  .42446927E+01
  -.19200000E+01  .42406433E+01
  -.18800000E+01  .42365913E+01
  -.18400000E+01  .42325367E+01
  -.18000000E+01  .42284795E+01
  -.17600000E+01  .42244197E+01
  -.17200000E+01  .42203573E+01
  -.16800000E+01  .42162923E+01
  -.16400000E+01  .42122247E+01
  -.16000000E+01  .42081545E+01
  -.15600000E+01  .42040816E+01
  -.15200000E+01  .42000061E+01
  -.14800000E+01  .41959280E+01
  -.14400000E+01  .41918473E+01
  -.14000000E+01  .41877639E+01
  -.13600000E+01  .41836778E+01
  -.13200000E+01  .41795891E+01
  -.12800000E+01  .41754978E+01
  -.12400000E+01  .41714038E+01
  -.12000000E+01  .41673071E+01
  -.11600000E+01  .41632078E+01
  -.11200000E+01  .41591058E+01
  -.10800000E+01  .41550012E+01
  -.10400000E+01  .41508938E+01
  -.10000000E+01  .41467838E+01
  -.96000000E+00  .41426711E+01
  -.92000000E+00  .41385557E+01
  -.88000000E+00  .41344376E+01
  -.84000000E+00  .41303168E+01
  -.80000000E+00  .41261933E+01
  -.76000000E+00  .41220671E+01
  -.72000000E+00  .41179382E+01
  -.68000000E+00  .41138066E+01
  -.64000000E+00  .41096722E+01
  -.60000000E+00  .41055352E+01
  -.56000000E+00  .41013954E+01
  -.52000000E+00  .40972528E+01
  -.48000000E+00  .40931075E+01
  -.44000000E+00  .40889595E+01
  -.40000000E+00  .40848087E+01
  -.36000000E+00  .40806552E+01
  -.32000000E+00  .40764990E+01
  -.28000000E+00  .40723399E+01
  -.24000000E+00  .40681781E+01
  -.20000000E+00  .40640136E+01
  -.16000000E+00  .40598462E+01
  -.12000000E+00  .40556761E+01
  -.80000000E-01  .40515032E+01
  -.40000000E-01  .40473275E+01
   .12351231E-14  .40431490E+01
   .40000000E-01  .40389677E+01
   .80000000E-01  .40347836E+01
   .12000000E+00  .40305968E+01
   .16000000E+00  .40264071E+01
   .20000000E+00  .40222146E+01
   .24000000E+00  .40180192E+01
   .28000000E+00  .40138211E+01
   .32000000E+00  .40096201E+01
   .36000000E+00  .40054163E+01
   .40000000E+00  .40012096E+01
   .44000000E+00  .39970001E+01
   .48000000E+00  .39927878E+01
   .52000000E+00  .39885726E+01
   .56000000E+00  .39843545E+01
   .60000000E+00  .39801336E+01
   .64000000E+00  .39759099E+01
   .68000000E+00  .39716832E+01
   .72000000E+00  .39674537E+01
   .76000000E+00  .39632213E+01
   .80000000E+00  .39589860E+01
   .84000000E+00  .39547478E+01
   .88000000E+00  .39505068E+01
   .92000000E+00  .39462628E+01
   .96000000E+00  .39420159E+01
   .10000000E+01  .39377661E+01
   .10400000E+01  .39335134E+01
   .10800000E+01  .39292578E+01
   .11200000E+01  .39249993E+01
   .11600000E+01  .39207378E+01
   .12000000E+01  .39164734E+01
   .12400000E+01  .39122061E+01
   .12800000E+01  .39079358E+01
   .13200000E+01  .39036626E+01
   .13600000E+01  .38993864E+01
   .14000000E+01  .38951073E+01
   .14400000E+01  .38908252E+01
   .14800000E+01  .38865401E+01
   .15200000E+01  .38822521E+01
   .15600000E+01  .38779611E+01
   .16000000E+01  .38736671E+01
   .16400000E+01  .38693701E+01
   .16800000E+01  .38650701E+01
   .17200000E+01  .38607672E+01
   .17600000E+01  .38564612E+01
   .18000000E+01  .38521522E+01
   .18400000E+01  .38478402E+01
   .18800000E+01  .38435252E+01
   .19200000E+01  .38392072E+01
   .19600000E+01  .38348861E+01
   .20000000E+01  .38305621E+01
Potential  L  =        2.00000    .00000
  -.20000000E+01  .42601253E+01
  -.19600000E+01  .42560957E+01
  -.19200000E+01  .42520635E+01
  -.18800000E+01  .42480288E+01
  -.18400000E+01  .42439916E+01
  -.18000000E+01  .42399518E+01
  -.17600000E+01  .42359094E+01
  -.17200000E+01  .42318645E+01
  -.16800000E+01  .42278170E+01
  -.16400000E+01  .42237669E+01
  -.16000000E+01  .42197143E+01
  -.15600000E+01  .42156590E+01
  -.15200000E+01  .42116012E+01
  -.14800000E+01  .42075408E+01
  -.14400000E+01  .42034778E+01
  -.14000000E+01  .41994122E+01
  -.13600000E+01  .41953440E+01
  -.13200000E+01  .41912732E+01
  -.12800000E+01  .41871998E+01
  -.12400000E+01  .41831238E+01
  -.12000000E+01  .41790451E+01
  -.11600000E+01  .41749639E+01
  -.11200000E+01  .41708800E+01
  -.10800000E+01  .41667935E+01
  -.10400000E+01  .41627043E+01
  -.10000000E+01  .41586126E+01
  -.96000000E+00  .41545181E+01
  -.92000000E+00  .41504210E+01
  -.88000000E+00  .41463213E+01
  -.84000000E+00  .41422189E+01
  -.80000000E+00  .41381139E+01
  -.76000000E+00  .41340062E+01
  -.72000000E+00  .41298958E+01
  -.68000000E+00  .41257828E+01
  -.64000000E+00  .41216671E+01
  -.60000000E+00  .41175487E+01
  -.56000000E+00  .41134276E+01
  -.52000000E+00  .41093038E+01
  -.48000000E+00  .41051774E+01
  -.44000000E+00  .41010482E+01
  -.40000000E+00  .40969164E+01
  -.36000000E+00  .40927818E+01
  -.32000000E+00  .40886445E+01
  -.28000000E+00  .40845045E+01
  -.24000000E+00  .40803618E+01
  -.20000000E+00  .40762164E+01
  -.16000000E+00  .40720682E+01
  -.12000000E+00  .40679173E+01
  -.80000000E-01  .40637637E+01
  -.40000000E-01  .40596074E+01
   .12351231E-14  .40554482E+01
   .40000000E-01  .40512864E+01
   .80000000E-01  .40471218E+01
   .12000000E+00  .40429544E+01
   .16000000E+00  .40387843E+01
   .20000000E+00  .40346114E+01
   .24000000E+00  .40304357E+01
   .28000000E+00  .40262573E+01
   .32000000E+00  .40220760E+01
   .36000000E+00  .40178920E+01
   .40000000E+00  .40137052E+01
   .44000000E+00  .40095156E+01
   .48000000E+00  .40053232E+01
   .52000000E+00  .40011280E+01
   .56000000E+00  .39969300E+01
   .60000000E+00  .39927292E+01
   .64000000E+00  .39885256E+01
   .68000000E+00  .39843191E+01
   .72000000E+00  .39801098E+01
   .76000000E+00  .39758977E+01
   .80000000E+00  .39716828E+01
   .84000000E+00  .39674650E+01
   .88000000E+00  .39632444E+01
   .92000000E+00  .39590209E+01
   .96000000E+00  .39547946E+01
   .10000000E+01  .39505654E+01
   .10400000E+01  .39463333E+01
   .10800000E+01  .39420984E+01
   .11200000E+01  .39378606E+01
   .11600000E+01  .39336199E+01
   .12000000E+01  .39293764E+01
   .12400000E+01  .39251300E+01
   .12800000E+01  .39208806E+01
   .13200000E+01  .39166284E+01
   .13600000E+01  .39123733E+01
   .14000000E+01  .39081153E+01
   .14400000E+01  .39038543E+01
   .14800000E+01  .38995905E+01
   .15200000E+01  .38953237E+01
   .15600000E+01  .38910540E+01
   .16000000E+01  .38867814E+01
   .16400000E+01  .38825058E+01
   .16800000E+01  .38782273E+01
   .17200000E+01  .38739459E+01
   .17600000E+01  .38696615E+01
   .18000000E+01  .38653741E+01
   .18400000E+01  .38610838E+01
   .18800000E+01  .38567905E+01
   .19200000E+01  .38524943E+01
   .19600000E+01  .38481951E+01
   .20000000E+01  .38438929E+01
Core Pot   L  =        3.00000    .00000
  -.20000000E+01  .56907026E+01
  -.19600000E+01  .56875727E+01
  -.19200000E+01  .56844416E+01
  -.18800000E+01  .56813092E+01
  -.18400000E+01  .56781755E+01
  -.18000000E+01  .56750406E+01
  -.17600000E+01  .56719044E+01
  -.17200000E+01  .56687669E+01
  -.16800000E+01  .56656282E+01
  -.16400000E+01  .56624882E+01
  -.16000000E+01  .56593470E+01
  -.15600000E+01  .56562044E+01
  -.15200000E+01  .56530606E+01
  -.14800000E+01  .56499156E+01
  -.14400000E+01  .56467692E+01
  -.14000000E+01  .56436216E+01
  -.13600000E+01  .56404727E+01
  -.13200000E+01  .56373225E+01
  -.12800000E+01  .56341710E+01
  -.12400000E+01  .56310182E+01
  -.12000000E+01  .56278642E+01
  -.11600000E+01  .56247089E+01
  -.11200000E+01  .56215523E+01
  -.10800000E+01  .56183944E+01
  -.10400000E+01  .56152352E+01
  -.10000000E+01  .56120747E+01
  -.96000000E+00  .56089130E+01
  -.92000000E+00  .56057499E+01
  -.88000000E+00  .56025856E+01
  -.84000000E+00  .55994199E+01
  -.80000000E+00  .55962530E+01
  -.76000000E+00  .55930847E+01
  -.72000000E+00  .55899152E+01
  -.68000000E+00  .55867444E+01
  -.64000000E+00  .55835722E+01
  -.60000000E+00  .55803988E+01
  -.56000000E+00  .55772240E+01
  -.52000000E+00  .55740480E+01
  -.48000000E+00  .55708706E+01
  -.44000000E+00  .55676919E+01
  -.40000000E+00  .55645120E+01
  -.36000000E+00  .55613307E+01
  -.32000000E+00  .55581481E+01
  -.28000000E+00  .55549642E+01
  -.24000000E+00  .55517789E+01
  -.20000000E+00  .55485924E+01
  -.16000000E+00  .55454045E+01
  -.12000000E+00  .55422153E+01
  -.80000000E-01  .55390248E+01
  -.40000000E-01  .55358330E+01
   .12351231E-14  .55326398E+01
   .40000000E-01  .55294453E+01
   .80000000E-01  .55262495E+01
   .12000000E+00  .55230524E+01
   .16000000E+00  .55198539E+01
   .20000000E+00  .55166541E+01
   .24000000E+00  .55134530E+01
   .28000000E+00  .55102505E+01
   .32000000E+00  .55070467E+01
   .36000000E+00  .55038416E+01
   .40000000E+00  .55006351E+01
   .44000000E+00  .54974273E+01
   .48000000E+00  .54942181E+01
   .52000000E+00  .54910076E+01
   .56000000E+00  .54877958E+01
   .60000000E+00  .54845826E+01
   .64000000E+00  .54813681E+01
   .68000000E+00  .54781522E+01
   .72000000E+00  .54749350E+01
   .76000000E+00  .54717164E+01
   .80000000E+00  .54684965E+01
   .84000000E+00  .54652752E+01
   .88000000E+00  .54620526E+01
   .92000000E+00  .54588286E+01
   .96000000E+00  .54556032E+01
   .10000000E+01  .54523765E+01
   .10400000E+01  .54491484E+01
   .10800000E+01  .54459190E+01
   .11200000E+01  .54426882E+01
   .11600000E+01  .54394561E+01
   .12000000E+01  .54362225E+01
   .12400000E+01  .54329876E+01
   .12800000E+01  .54297514E+01
   .13200000E+01  .54265137E+01
   .13600000E+01  .54232747E+01
   .14000000E+01  .54200343E+01
   .14400000E+01  .54167926E+01
   .14800000E+01  .54135495E+01
   .15200000E+01  .54103049E+01
   .15600000E+01  .54070591E+01
   .16000000E+01  .54038118E+01
   .16400000E+01  .54005631E+01
   .16800000E+01  .53973131E+01
   .17200000E+01  .53940617E+01
   .17600000E+01  .53908089E+01
   .18000000E+01  .53875547E+01
   .18400000E+01  .53842991E+01
   .18800000E+01  .53810421E+01
   .19200000E+01  .53777837E+01
   .19600000E+01  .53745240E+01
   .20000000E+01  .53712628E+01
Potential  L  =        3.00000    .00000
  -.20000000E+01  .56959981E+01
  -.19600000E+01  .56928735E+01
  -.19200000E+01  .56897476E+01
  -.18800000E+01  .56866205E+01
  -.18400000E+01  .56834922E+01
  -.18000000E+01  .56803626E+01
  -.17600000E+01  .56772317E+01
  -.17200000E+01  .56740996E+01
  -.16800000E+01  .56709663E+01
  -.16400000E+01  .56678316E+01
  -.16000000E+01  .56646957E+01
  -.15600000E+01  .56615586E+01
  -.15200000E+01  .56584202E+01
  -.14800000E+01  .56552805E+01
  -.14400000E+01  .56521396E+01
  -.14000000E+01  .56489974E+01
  -.13600000E+01  .56458539E+01
  -.13200000E+01  .56427092E+01
  -.12800000E+01  .56395632E+01
  -.12400000E+01  .56364159E+01
  -.12000000E+01  .56332673E+01
  -.11600000E+01  .56301175E+01
  -.11200000E+01  .56269664E+01
  -.10800000E+01  .56238141E+01
  -.10400000E+01  .56206604E+01
  -.10000000E+01  .56175055E+01
  -.96000000E+00  .56143493E+01
  -.92000000E+00  .56111918E+01
  -.88000000E+00  .56080330E+01
  -.84000000E+00  .56048730E+01
  -.80000000E+00  .56017116E+01
  -.76000000E+00  .55985490E+01
  -.72000000E+00  .55953851E+01
  -.68000000E+00  .55922199E+01
  -.64000000E+00  .55890534E+01
  -.60000000E+00  .55858856E+01
  -.56000000E+00  .55827165E+01
  -.52000000E+00  .55795461E+01
  -.48000000E+00  .55763745E+01
  -.44000000E+00  .55732015E+01
  -.40000000E+00  .55700272E+01
  -.36000000E+00  .55668517E+01
  -.32000000E+00  .55636748E+01
  -.28000000E+00  .55604966E+01
  -.24000000E+00  .55573172E+01
  -.20000000E+00  .55541364E+01
  -.16000000E+00  .55509543E+01
  -.12000000E+00  .55477709E+01
  -.80000000E-01  .55445862E+01
  -.40000000E-01  .55414002E+01
   .12351231E-14  .55382129E+01
   .40000000E-01  .55350242E+01
   .80000000E-01  .55318343E+01
   .12000000E+00  .55286430E+01
   .16000000E+00  .55254504E+01
   .20000000E+00  .55222565E+01
   .24000000E+00  .55190613E+01
   .28000000E+00  .55158648E+01
   .32000000E+00  .55126669E+01
   .36000000E+00  .55094677E+01
   .40000000E+00  .55062672E+01
   .44000000E+00  .55030654E+01
   .48000000E+00  .54998622E+01
   .52000000E+00  .54966577E+01
   .56000000E+00  .54934518E+01
   .60000000E+00  .54902447E+01
   .64000000E+00  .54870362E+01
   .68000000E+00  .54838263E+01
   .72000000E+00  .54806152E+01
   .76000000E+00  .54774027E+01
   .80000000E+00  .54741888E+01
   .84000000E+00  .54709736E+01
   .88000000E+00  .54677571E+01
   .92000000E+00  .54645392E+01
   .96000000E+00  .54613200E+01
   .10000000E+01  .54580994E+01
   .10400000E+01  .54548775E+01
   .10800000E+01  .54516542E+01
   .11200000E+01  .54484296E+01
   .11600000E+01  .54452036E+01
   .12000000E+01  .54419763E+01
   .12400000E+01  .54387476E+01
   .12800000E+01  .54355176E+01
   .13200000E+01  .54322862E+01
   .13600000E+01  .54290534E+01
   .14000000E+01  .54258193E+01
   .14400000E+01  .54225838E+01
   .14800000E+01  .54193470E+01
   .15200000E+01  .54161088E+01
   .15600000E+01  .54128692E+01
   .16000000E+01  .54096283E+01
   .16400000E+01  .54063860E+01
   .16800000E+01  .54031423E+01
   .17200000E+01  .53998972E+01
   .17600000E+01  .53966508E+01
   .18000000E+01  .53934030E+01
   .18400000E+01  .53901538E+01
   .18800000E+01  .53869032E+01
   .19200000E+01  .53836513E+01
   .19600000E+01  .53803980E+01
   .20000000E+01  .53771433E+01
Core Pot   L  =        4.00000    .00000
  -.20000000E+01  .71247897E+01
  -.19600000E+01  .71222339E+01
  -.19200000E+01  .71196791E+01
  -.18800000E+01  .71171227E+01
  -.18400000E+01  .71145656E+01
  -.18000000E+01  .71120078E+01
  -.17600000E+01  .71094492E+01
  -.17200000E+01  .71068899E+01
  -.16800000E+01  .71043299E+01
  -.16400000E+01  .71017692E+01
  -.16000000E+01  .70992078E+01
  -.15600000E+01  .70966457E+01
  -.15200000E+01  .70940836E+01
  -.14800000E+01  .70915200E+01
  -.14400000E+01  .70889558E+01
  -.14000000E+01  .70863908E+01
  -.13600000E+01  .70838233E+01
  -.13200000E+01  .70812569E+01
  -.12800000E+01  .70786898E+01
  -.12400000E+01  .70761219E+01
  -.12000000E+01  .70735534E+01
  -.11600000E+01  .70709804E+01
  -.11200000E+01  .70684110E+01
  -.10800000E+01  .70658403E+01
  -.10400000E+01  .70632694E+01
  -.10000000E+01  .70606972E+01
  -.96000000E+00  .70581288E+01
  -.92000000E+00  .70555552E+01
  -.88000000E+00  .70529806E+01
  -.84000000E+00  .70504054E+01
  -.80000000E+00  .70478296E+01
  -.76000000E+00  .70452533E+01
  -.72000000E+00  .70426761E+01
  -.68000000E+00  .70400982E+01
  -.64000000E+00  .70375195E+01
  -.60000000E+00  .70349400E+01
  -.56000000E+00  .70323598E+01
  -.52000000E+00  .70297789E+01
  -.48000000E+00  .70271968E+01
  -.44000000E+00  .70246144E+01
  -.40000000E+00  .70220314E+01
  -.36000000E+00  .70194476E+01
  -.32000000E+00  .70168631E+01
  -.28000000E+00  .70142774E+01
  -.24000000E+00  .70116915E+01
  -.20000000E+00  .70091052E+01
  -.16000000E+00  .70065178E+01
  -.12000000E+00  .70039296E+01
  -.80000000E-01  .70013407E+01
  -.40000000E-01  .69987512E+01
   .12351231E-14  .69961607E+01
   .40000000E-01  .69935696E+01
   .80000000E-01  .69909773E+01
   .12000000E+00  .69883849E+01
   .16000000E+00  .69857923E+01
   .20000000E+00  .69831982E+01
   .24000000E+00  .69806035E+01
   .28000000E+00  .69780079E+01
   .32000000E+00  .69754117E+01
   .36000000E+00  .69728146E+01
   .40000000E+00  .69702169E+01
   .44000000E+00  .69676184E+01
   .48000000E+00  .69650192E+01
   .52000000E+00  .69624192E+01
   .56000000E+00  .69598145E+01
   .60000000E+00  .69572176E+01
   .64000000E+00  .69546154E+01
   .68000000E+00  .69520125E+01
   .72000000E+00  .69494088E+01
   .76000000E+00  .69468044E+01
   .80000000E+00  .69441992E+01
   .84000000E+00  .69415933E+01
   .88000000E+00  .69389863E+01
   .92000000E+00  .69363789E+01
   .96000000E+00  .69337707E+01
   .10000000E+01  .69311615E+01
   .10400000E+01  .69285518E+01
   .10800000E+01  .69259414E+01
   .11200000E+01  .69233302E+01
   .11600000E+01  .69207183E+01
   .12000000E+01  .69181060E+01
   .12400000E+01  .69154926E+01
   .12800000E+01  .69128785E+01
   .13200000E+01  .69102636E+01
   .13600000E+01  .69076479E+01
   .14000000E+01  .69050309E+01
   .14400000E+01  .69024137E+01
   .14800000E+01  .68997956E+01
   .15200000E+01  .68971769E+01
   .15600000E+01  .68945575E+01
   .16000000E+01  .68919373E+01
   .16400000E+01  .68893169E+01
   .16800000E+01  .68866947E+01
   .17200000E+01  .68840723E+01
   .17600000E+01  .68814487E+01
   .18000000E+01  .68788247E+01
   .18400000E+01  .68762000E+01
   .18800000E+01  .68735745E+01
   .19200000E+01  .68709493E+01
   .19600000E+01  .68683223E+01
   .20000000E+01  .68656945E+01
Potential  L  =        4.00000    .00000
  -.20000000E+01  .71276836E+01
  -.19600000E+01  .71251307E+01
  -.19200000E+01  .71225770E+01
  -.18800000E+01  .71200226E+01
  -.18400000E+01  .71174676E+01
  -.18000000E+01  .71149122E+01
  -.17600000E+01  .71123557E+01
  -.17200000E+01  .71097985E+01
  -.16800000E+01  .71072406E+01
  -.16400000E+01  .71046820E+01
  -.16000000E+01  .71021214E+01
  -.15600000E+01  .70995609E+01
  -.15200000E+01  .70970001E+01
  -.14800000E+01  .70944386E+01
  -.14400000E+01  .70918763E+01
  -.14000000E+01  .70893144E+01
  -.13600000E+01  .70867508E+01
  -.13200000E+01  .70841869E+01
  -.12800000E+01  .70816219E+01
  -.12400000E+01  .70790562E+01
  -.12000000E+01  .70764895E+01
  -.11600000E+01  .70739222E+01
  -.11200000E+01  .70713544E+01
  -.10800000E+01  .70687858E+01
  -.10400000E+01  .70662172E+01
  -.10000000E+01  .70636472E+01
  -.96000000E+00  .70610765E+01
  -.92000000E+00  .70585052E+01
  -.88000000E+00  .70559331E+01
  -.84000000E+00  .70533601E+01
  -.80000000E+00  .70507865E+01
  -.76000000E+00  .70482122E+01
  -.72000000E+00  .70456372E+01
  -.68000000E+00  .70430609E+01
  -.64000000E+00  .70404844E+01
  -.60000000E+00  .70379036E+01
  -.56000000E+00  .70353253E+01
  -.52000000E+00  .70327473E+01
  -.48000000E+00  .70301717E+01
  -.44000000E+00  .70275916E+01
  -.40000000E+00  .70250111E+01
  -.36000000E+00  .70224294E+01
  -.32000000E+00  .70198470E+01
  -.28000000E+00  .70172641E+01
  -.24000000E+00  .70146806E+01
  -.20000000E+00  .70120962E+01
  -.16000000E+00  .70095110E+01
  -.12000000E+00  .70069251E+01
  -.80000000E-01  .70043385E+01
  -.40000000E-01  .70017512E+01
   .12351231E-14  .69991631E+01
   .40000000E-01  .69965737E+01
   .80000000E-01  .69939841E+01
   .12000000E+00  .69913938E+01
   .16000000E+00  .69888028E+01
   .20000000E+00  .69862111E+01
   .24000000E+00  .69836186E+01
   .28000000E+00  .69810254E+01
   .32000000E+00  .69784315E+01
   .36000000E+00  .69758368E+01
   .40000000E+00  .69732414E+01
   .44000000E+00  .69706453E+01
   .48000000E+00  .69680484E+01
   .52000000E+00  .69654508E+01
   .56000000E+00  .69628529E+01
   .60000000E+00  .69602538E+01
   .64000000E+00  .69576532E+01
   .68000000E+00  .69550526E+01
   .72000000E+00  .69524514E+01
   .76000000E+00  .69498505E+01
   .80000000E+00  .69472477E+01
   .84000000E+00  .69446442E+01
   .88000000E+00  .69420399E+01
   .92000000E+00  .69394343E+01
   .96000000E+00  .69368286E+01
   .10000000E+01  .69342221E+01
   .10400000E+01  .69316151E+01
   .10800000E+01  .69290038E+01
   .11200000E+01  .69263951E+01
   .11600000E+01  .69237856E+01
   .12000000E+01  .69211752E+01
   .12400000E+01  .69185643E+01
   .12800000E+01  .69159559E+01
   .13200000E+01  .69133434E+01
   .13600000E+01  .69107302E+01
   .14000000E+01  .69081170E+01
   .14400000E+01  .69055023E+01
   .14800000E+01  .69028869E+01
   .15200000E+01  .69002707E+01
   .15600000E+01  .68976538E+01
   .16000000E+01  .68950354E+01
   .16400000E+01  .68924169E+01
   .16800000E+01  .68897978E+01
   .17200000E+01  .68871778E+01
   .17600000E+01  .68845570E+01
   .18000000E+01  .68819363E+01
   .18400000E+01  .68793141E+01
   .18800000E+01  .68766911E+01
   .19200000E+01  .68740673E+01
   .19600000E+01  .68714428E+01
   .20000000E+01  .68688168E+01
KBPotential  L  =       .00000   -.68679
  -.20000000E+01  .11423607E+01
  -.19600000E+01  .11320109E+01
  -.19200000E+01  .11216250E+01
  -.18800000E+01  .11112028E+01
  -.18400000E+01  .11007438E+01
  -.18000000E+01  .10902480E+01
  -.17600000E+01  .10797151E+01
  -.17200000E+01  .10691447E+01
  -.16800000E+01  .10585367E+01
  -.16400000E+01  .10478908E+01
  -.16000000E+01  .10372067E+01
  -.15600000E+01  .10264841E+01
  -.15200000E+01  .10157229E+01
  -.14800000E+01  .10049227E+01
  -.14400000E+01  .99408325E+00
  -.14000000E+01  .98320429E+00
  -.13600000E+01  .97228553E+00
  -.13200000E+01  .96132672E+00
  -.12800000E+01  .95032753E+00
  -.12400000E+01  .93928770E+00
  -.12000000E+01  .92820695E+00
  -.11600000E+01  .91708498E+00
  -.11200000E+01  .90592149E+00
  -.10800000E+01  .89471620E+00
  -.10400000E+01  .88346880E+00
  -.10000000E+01  .87217899E+00
  -.96000000E+00  .86084647E+00
  -.92000000E+00  .84947092E+00
  -.88000000E+00  .83805204E+00
  -.84000000E+00  .82658951E+00
  -.80000000E+00  .81508301E+00
  -.76000000E+00  .80353223E+00
  -.72000000E+00  .79193683E+00
  -.68000000E+00  .78029650E+00
  -.64000000E+00  .76861089E+00
  -.60000000E+00  .75687968E+00
  -.56000000E+00  .74510253E+00
  -.52000000E+00  .73327909E+00
  -.48000000E+00  .72140902E+00
  -.44000000E+00  .70949198E+00
  -.40000000E+00  .69752761E+00
  -.36000000E+00  .68551555E+00
  -.32000000E+00  .67345547E+00
  -.28000000E+00  .66134696E+00
  -.24000000E+00  .64918969E+00
  -.20000000E+00  .63698326E+00
  -.16000000E+00  .62472732E+00
  -.12000000E+00  .61242148E+00
  -.80000000E-01  .60006536E+00
  -.40000000E-01  .58765858E+00
   .12351231E-14  .57520073E+00
   .40000000E-01  .56269144E+00
   .80000000E-01  .55013029E+00
   .12000000E+00  .53751689E+00
   .16000000E+00  .52485082E+00
   .20000000E+00  .51213168E+00
   .24000000E+00  .49935905E+00
   .28000000E+00  .48653251E+00
   .32000000E+00  .47365162E+00
   .36000000E+00  .46071597E+00
   .40000000E+00  .44772511E+00
   .44000000E+00  .43467860E+00
   .48000000E+00  .42157601E+00
   .52000000E+00  .40841688E+00
   .56000000E+00  .39520075E+00
   .60000000E+00  .38192717E+00
   .64000000E+00  .36859567E+00
   .68000000E+00  .35520578E+00
   .72000000E+00  .34175703E+00
   .76000000E+00  .32824893E+00
   .80000000E+00  .31468100E+00
   .84000000E+00  .30105275E+00
   .88000000E+00  .28736368E+00
   .92000000E+00  .27361328E+00
   .96000000E+00  .25980105E+00
   .10000000E+01  .24592648E+00
   .10400000E+01  .23198904E+00
   .10800000E+01  .21798820E+00
   .11200000E+01  .20392344E+00
   .11600000E+01  .18979422E+00
   .12000000E+01  .17559999E+00
   .12400000E+01  .16134019E+00
   .12800000E+01  .14701428E+00
   .13200000E+01  .13262169E+00
   .13600000E+01  .11816185E+00
   .14000000E+01  .10363417E+00
   .14400000E+01  .89038082E-01
   .14800000E+01  .74372987E-01
   .15200000E+01  .59638288E-01
   .15600000E+01  .44833380E-01
   .16000000E+01  .29957649E-01
   .16400000E+01  .15010477E-01
   .16800000E+01 -.87654891E-05
   .17200000E+01 -.15100712E-01
   .17600000E+01 -.30266006E-01
   .18000000E+01 -.45505299E-01
   .18400000E+01 -.60819247E-01
   .18800000E+01 -.76208518E-01
   .19200000E+01 -.91673787E-01
   .19600000E+01 -.10721574E+00
   .20000000E+01 -.12283506E+00
KBPotential  L  =      1.00000   -.60000
  -.20000000E+01  .27409119E+01
  -.19600000E+01  .27351406E+01
  -.19200000E+01  .27293662E+01
  -.18800000E+01  .27235886E+01
  -.18400000E+01  .27178079E+01
  -.18000000E+01  .27120240E+01
  -.17600000E+01  .27062369E+01
  -.17200000E+01  .27004466E+01
  -.16800000E+01  .26946530E+01
  -.16400000E+01  .26888563E+01
  -.16000000E+01  .26830563E+01
  -.15600000E+01  .26772531E+01
  -.15200000E+01  .26714467E+01
  -.14800000E+01  .26656370E+01
  -.14400000E+01  .26598240E+01
  -.14000000E+01  .26540077E+01
  -.13600000E+01  .26481882E+01
  -.13200000E+01  .26423653E+01
  -.12800000E+01  .26365392E+01
  -.12400000E+01  .26307097E+01
  -.12000000E+01  .26248769E+01
  -.11600000E+01  .26190407E+01
  -.11200000E+01  .26132012E+01
  -.10800000E+01  .26073583E+01
  -.10400000E+01  .26015121E+01
  -.10000000E+01  .25956624E+01
  -.96000000E+00  .25898094E+01
  -.92000000E+00  .25839529E+01
  -.88000000E+00  .25780931E+01
  -.84000000E+00  .25722298E+01
  -.80000000E+00  .25663630E+01
  -.76000000E+00  .25604929E+01
  -.72000000E+00  .25546192E+01
  -.68000000E+00  .25487421E+01
  -.64000000E+00  .25428615E+01
  -.60000000E+00  .25369774E+01
  -.56000000E+00  .25310898E+01
  -.52000000E+00  .25251987E+01
  -.48000000E+00  .25193040E+01
  -.44000000E+00  .25134059E+01
  -.40000000E+00  .25075041E+01
  -.36000000E+00  .25015988E+01
  -.32000000E+00  .24956900E+01
  -.28000000E+00  .24897775E+01
  -.24000000E+00  .24838615E+01
  -.20000000E+00  .24779418E+01
  -.16000000E+00  .24720186E+01
  -.12000000E+00  .24660917E+01
  -.80000000E-01  .24601612E+01
  -.40000000E-01  .24542270E+01
   .12351231E-14  .24482891E+01
   .40000000E-01  .24423476E+01
   .80000000E-01  .24364024E+01
   .12000000E+00  .24304535E+01
   .16000000E+00  .24245009E+01
   .20000000E+00  .24185446E+01
   .24000000E+00  .24125845E+01
   .28000000E+00  .24066207E+01
   .32000000E+00  .24006531E+01
   .36000000E+00  .23946818E+01
   .40000000E+00  .23887067E+01
   .44000000E+00  .23827278E+01
   .48000000E+00  .23767451E+01
   .52000000E+00  .23707586E+01
   .56000000E+00  .23647682E+01
   .60000000E+00  .23587740E+01
   .64000000E+00  .23527760E+01
   .68000000E+00  .23467741E+01
   .72000000E+00  .23407683E+01
   .76000000E+00  .23347587E+01
   .80000000E+00  .23287451E+01
   .84000000E+00  .23227277E+01
   .88000000E+00  .23167063E+01
   .92000000E+00  .23106809E+01
   .96000000E+00  .23046517E+01
   .10000000E+01  .22986184E+01
   .10400000E+01  .22925812E+01
   .10800000E+01  .22865400E+01
   .11200000E+01  .22804948E+01
   .11600000E+01  .22744456E+01
   .12000000E+01  .22683924E+01
   .12400000E+01  .22623351E+01
   .12800000E+01  .22562738E+01
   .13200000E+01  .22502084E+01
   .13600000E+01  .22441390E+01
   .14000000E+01  .22380654E+01
   .14400000E+01  .22319878E+01
   .14800000E+01  .22259061E+01
   .15200000E+01  .22198202E+01
   .15600000E+01  .22137302E+01
   .16000000E+01  .22076360E+01
   .16400000E+01  .22015377E+01
   .16800000E+01  .21954352E+01
   .17200000E+01  .21893285E+01
   .17600000E+01  .21832176E+01
   .18000000E+01  .21771025E+01
   .18400000E+01  .21709832E+01
   .18800000E+01  .21648596E+01
   .19200000E+01  .21587317E+01
   .19600000E+01  .21525996E+01
   .20000000E+01  .21464632E+01
KBPotential  L  =      2.00000    .00000
  -.20000000E+01  .42601253E+01
  -.19600000E+01  .42560957E+01
  -.19200000E+01  .42520635E+01
  -.18800000E+01  .42480288E+01
  -.18400000E+01  .42439916E+01
  -.18000000E+01  .42399518E+01
  -.17600000E+01  .42359094E+01
  -.17200000E+01  .42318645E+01
  -.16800000E+01  .42278170E+01
  -.16400000E+01  .42237669E+01
  -.16000000E+01  .42197143E+01
  -.15600000E+01  .42156590E+01
  -.15200000E+01  .42116012E+01
  -.14800000E+01  .42075408E+01
  -.14400000E+01  .42034778E+01
  -.14000000E+01  .41994122E+01
  -.13600000E+01  .41953440E+01
  -.13200000E+01  .41912732E+01
  -.12800000E+01  .41871998E+01
  -.12400000E+01  .41831238E+01
  -.12000000E+01  .41790451E+01
  -.11600000E+01  .41749639E+01
  -.11200000E+01  .41708800E+01
  -.10800000E+01  .41667935E+01
  -.10400000E+01  .41627043E+01
  -.10000000E+01  .41586126E+01
  -.96000000E+00  .41545181E+01
  -.92000000E+00  .41504210E+01
  -.88000000E+00  .41463213E+01
  -.84000000E+00  .41422189E+01
  -.80000000E+00  .41381139E+01
  -.76000000E+00  .41340062E+01
  -.72000000E+00  .41298958E+01
  -.68000000E+00  .41257828E+01
  -.64000000E+00  .41216671E+01
  -.60000000E+00  .41175487E+01
  -.56000000E+00  .41134276E+01
  -.52000000E+00  .41093038E+01
  -.48000000E+00  .41051774E+01
  -.44000000E+00  .41010482E+01
  -.40000000E+00  .40969164E+01
  -.36000000E+00  .40927818E+01
  -.32000000E+00  .40886445E+01
  -.28000000E+00  .40845045E+01
  -.24000000E+00  .40803618E+01
  -.20000000E+00  .40762164E+01
  -.16000000E+00  .40720682E+01
  -.12000000E+00  .40679173E+01
  -.80000000E-01  .40637637E+01
  -.40000000E-01  .40596074E+01
   .12351231E-14  .40554482E+01
   .40000000E-01  .40512864E+01
   .80000000E-01  .40471218E+01
   .12000000E+00  .40429544E+01
   .16000000E+00  .40387843E+01
   .20000000E+00  .40346114E+01
   .24000000E+00  .40304357E+01
   .28000000E+00  .40262573E+01
   .32000000E+00  .40220760E+01
   .36000000E+00  .40178920E+01
   .40000000E+00  .40137052E+01
   .44000000E+00  .40095156E+01
   .48000000E+00  .40053232E+01
   .52000000E+00  .40011280E+01
   .56000000E+00  .39969300E+01
   .60000000E+00  .39927292E+01
   .64000000E+00  .39885256E+01
   .68000000E+00  .39843191E+01
   .72000000E+00  .39801098E+01
   .76000000E+00  .39758977E+01
   .80000000E+00  .39716828E+01
   .84000000E+00  .39674650E+01
   .88000000E+00  .39632444E+01
   .92000000E+00  .39590209E+01
   .96000000E+00  .39547946E+01
   .10000000E+01  .39505654E+01
   .10400000E+01  .39463333E+01
   .10800000E+01  .39420984E+01
   .11200000E+01  .39378606E+01
   .11600000E+01  .39336199E+01
   .12000000E+01  .39293764E+01
   .12400000E+01  .39251300E+01
   .12800000E+01  .39208806E+01
   .13200000E+01  .39166284E+01
   .13600000E+01  .39123733E+01
   .14000000E+01  .39081153E+01
   .14400000E+01  .39038543E+01
   .14800000E+01  .38995905E+01
   .15200000E+01  .38953237E+01
   .15600000E+01  .38910540E+01
   .16000000E+01  .38867814E+01
   .16400000E+01  .38825058E+01
   .16800000E+01  .38782273E+01
   .17200000E+01  .38739459E+01
   .17600000E+01  .38696615E+01
   .18000000E+01  .38653741E+01
   .18400000E+01  .38610838E+01
   .18800000E+01  .38567905E+01
   .19200000E+01  .38524943E+01
   .19600000E+01  .38481951E+01
   .20000000E+01  .38438929E+01
KBPotential  L  =      3.00000    .00000
  -.20000000E+01  .56959981E+01
  -.19600000E+01  .56928735E+01
  -.19200000E+01  .56897476E+01
  -.18800000E+01  .56866205E+01
  -.18400000E+01  .56834922E+01
  -.18000000E+01  .56803626E+01
  -.17600000E+01  .56772317E+01
  -.17200000E+01  .56740996E+01
  -.16800000E+01  .56709663E+01
  -.16400000E+01  .56678316E+01
  -.16000000E+01  .56646957E+01
  -.15600000E+01  .56615586E+01
  -.15200000E+01  .56584202E+01
  -.14800000E+01  .56552805E+01
  -.14400000E+01  .56521396E+01
  -.14000000E+01  .56489974E+01
  -.13600000E+01  .56458539E+01
  -.13200000E+01  .56427092E+01
  -.12800000E+01  .56395632E+01
  -.12400000E+01  .56364159E+01
  -.12000000E+01  .56332673E+01
  -.11600000E+01  .56301175E+01
  -.11200000E+01  .56269664E+01
  -.10800000E+01  .56238141E+01
  -.10400000E+01  .56206604E+01
  -.10000000E+01  .56175055E+01
  -.96000000E+00  .56143493E+01
  -.92000000E+00  .56111918E+01
  -.88000000E+00  .56080330E+01
  -.84000000E+00  .56048730E+01
  -.80000000E+00  .56017116E+01
  -.76000000E+00  .55985490E+01
  -.72000000E+00  .55953851E+01
  -.68000000E+00  .55922199E+01
  -.64000000E+00  .55890534E+01
  -.60000000E+00  .55858856E+01
  -.56000000E+00  .55827165E+01
  -.52000000E+00  .55795461E+01
  -.48000000E+00  .55763745E+01
  -.44000000E+00  .55732015E+01
  -.40000000E+00  .55700272E+01
  -.36000000E+00  .55668517E+01
  -.32000000E+00  .55636748E+01
  -.28000000E+00  .55604966E+01
  -.24000000E+00  .55573172E+01
  -.20000000E+00  .55541364E+01
  -.16000000E+00  .55509543E+01
  -.12000000E+00  .55477709E+01
  -.80000000E-01  .55445862E+01
  -.40000000E-01  .55414002E+01
   .12351231E-14  .55382129E+01
   .40000000E-01  .55350242E+01
   .80000000E-01  .55318343E+01
   .12000000E+00  .55286430E+01
   .16000000E+00  .55254504E+01
   .20000000E+00  .55222565E+01
   .24000000E+00  .55190613E+01
   .28000000E+00  .55158648E+01
   .32000000E+00  .55126669E+01
   .36000000E+00  .55094677E+01
   .40000000E+00  .55062672E+01
   .44000000E+00  .55030654E+01
   .48000000E+00  .54998622E+01
   .52000000E+00  .54966577E+01
   .56000000E+00  .54934518E+01
   .60000000E+00  .54902447E+01
   .64000000E+00  .54870362E+01
   .68000000E+00  .54838263E+01
   .72000000E+00  .54806152E+01
   .76000000E+00  .54774027E+01
   .80000000E+00  .54741888E+01
   .84000000E+00  .54709736E+01
   .88000000E+00  .54677571E+01
   .92000000E+00  .54645392E+01
   .96000000E+00  .54613200E+01
   .10000000E+01  .54580994E+01
   .10400000E+01  .54548775E+01
   .10800000E+01  .54516542E+01
   .11200000E+01  .54484296E+01
   .11600000E+01  .54452036E+01
   .12000000E+01  .54419763E+01
   .12400000E+01  .54387476E+01
   .12800000E+01  .54355176E+01
   .13200000E+01  .54322862E+01
   .13600000E+01  .54290534E+01
   .14000000E+01  .54258193E+01
   .14400000E+01  .54225838E+01
   .14800000E+01  .54193470E+01
   .15200000E+01  .54161088E+01
   .15600000E+01  .54128692E+01
   .16000000E+01  .54096283E+01
   .16400000E+01  .54063860E+01
   .16800000E+01  .54031423E+01
   .17200000E+01  .53998972E+01
   .17600000E+01  .53966508E+01
   .18000000E+01  .53934030E+01
   .18400000E+01  .53901538E+01
   .18800000E+01  .53869032E+01
   .19200000E+01  .53836513E+01
   .19600000E+01  .53803980E+01
   .20000000E+01  .53771433E+01
KBPotential  L  =      4.00000    .00000
  -.20000000E+01  .71276836E+01
  -.19600000E+01  .71251307E+01
  -.19200000E+01  .71225770E+01
  -.18800000E+01  .71200226E+01
  -.18400000E+01  .71174676E+01
  -.18000000E+01  .71149122E+01
  -.17600000E+01  .71123557E+01
  -.17200000E+01  .71097985E+01
  -.16800000E+01  .71072406E+01
  -.16400000E+01  .71046820E+01
  -.16000000E+01  .71021214E+01
  -.15600000E+01  .70995609E+01
  -.15200000E+01  .70970001E+01
  -.14800000E+01  .70944386E+01
  -.14400000E+01  .70918763E+01
  -.14000000E+01  .70893144E+01
  -.13600000E+01  .70867508E+01
  -.13200000E+01  .70841869E+01
  -.12800000E+01  .70816219E+01
  -.12400000E+01  .70790562E+01
  -.12000000E+01  .70764895E+01
  -.11600000E+01  .70739222E+01
  -.11200000E+01  .70713544E+01
  -.10800000E+01  .70687858E+01
  -.10400000E+01  .70662172E+01
  -.10000000E+01  .70636472E+01
  -.96000000E+00  .70610765E+01
  -.92000000E+00  .70585052E+01
  -.88000000E+00  .70559331E+01
  -.84000000E+00  .70533601E+01
  -.80000000E+00  .70507865E+01
  -.76000000E+00  .70482122E+01
  -.72000000E+00  .70456372E+01
  -.68000000E+00  .70430609E+01
  -.64000000E+00  .70404844E+01
  -.60000000E+00  .70379036E+01
  -.56000000E+00  .70353253E+01
  -.52000000E+00  .70327473E+01
  -.48000000E+00  .70301717E+01
  -.44000000E+00  .70275916E+01
  -.40000000E+00  .70250111E+01
  -.36000000E+00  .70224294E+01
  -.32000000E+00  .70198470E+01
  -.28000000E+00  .70172641E+01
  -.24000000E+00  .70146806E+01
  -.20000000E+00  .70120962E+01
  -.16000000E+00  .70095110E+01
  -.12000000E+00  .70069251E+01
  -.80000000E-01  .70043385E+01
  -.40000000E-01  .70017512E+01
   .12351231E-14  .69991631E+01
   .40000000E-01  .69965737E+01
   .80000000E-01  .69939841E+01
   .12000000E+00  .69913938E+01
   .16000000E+00  .69888028E+01
   .20000000E+00  .69862111E+01
   .24000000E+00  .69836186E+01
   .28000000E+00  .69810254E+01
   .32000000E+00  .69784315E+01
   .36000000E+00  .69758368E+01
   .40000000E+00  .69732414E+01
   .44000000E+00  .69706453E+01
   .48000000E+00  .69680484E+01
   .52000000E+00  .69654508E+01
   .56000000E+00  .69628529E+01
   .60000000E+00  .69602538E+01
   .64000000E+00  .69576532E+01
   .68000000E+00  .69550526E+01
   .72000000E+00  .69524514E+01
   .76000000E+00  .69498505E+01
   .80000000E+00  .69472477E+01
   .84000000E+00  .69446442E+01
   .88000000E+00  .69420399E+01
   .92000000E+00  .69394343E+01
   .96000000E+00  .69368286E+01
   .10000000E+01  .69342221E+01
   .10400000E+01  .69316151E+01
   .10800000E+01  .69290038E+01
   .11200000E+01  .69263951E+01
   .11600000E+01  .69237856E+01
   .12000000E+01  .69211752E+01
   .12400000E+01  .69185643E+01
   .12800000E+01  .69159559E+01
   .13200000E+01  .69133434E+01
   .13600000E+01  .69107302E+01
   .14000000E+01  .69081170E+01
   .14400000E+01  .69055023E+01
   .14800000E+01  .69028869E+01
   .15200000E+01  .69002707E+01
   .15600000E+01  .68976538E+01
   .16000000E+01  .68950354E+01
   .16400000E+01  .68924169E+01
   .16800000E+01  .68897978E+01
   .17200000E+01  .68871778E+01
   .17600000E+01  .68845570E+01
   .18000000E+01  .68819363E+01
   .18400000E+01  .68793141E+01
   .18800000E+01  .68766911E+01
   .19200000E+01  .68740673E+01
   .19600000E+01  .68714428E+01
   .20000000E+01  .68688168E+01
