  PAW C_s                                
 100
Core Pot   L  =         .00000  -1.01057
  -.20000000E+01  .52544081E+00
  -.19600000E+01  .49470123E+00
  -.19200000E+01  .46318553E+00
  -.18800000E+01  .43085425E+00
  -.18400000E+01  .39766512E+00
  -.18000000E+01  .36357284E+00
  -.17600000E+01  .32852879E+00
  -.17200000E+01  .29248069E+00
  -.16800000E+01  .25537229E+00
  -.16400000E+01  .21714293E+00
  -.16000000E+01  .17772718E+00
  -.15600000E+01  .13705425E+00
  -.15200000E+01  .95047561E-01
  -.14800000E+01  .51624011E-01
  -.14400000E+01  .66933476E-02
  -.14000000E+01 -.39842650E-01
  -.13600000E+01 -.88091068E-01
  -.13200000E+01 -.13816888E+00
  -.12800000E+01 -.19020414E+00
  -.12400000E+01 -.24433727E+00
  -.12000000E+01 -.30072267E+00
  -.11600000E+01 -.35953045E+00
  -.11200000E+01 -.42094849E+00
  -.10800000E+01 -.48518484E+00
  -.10400000E+01 -.55247052E+00
  -.10000000E+01 -.62306272E+00
  -.96000000E+00 -.69724870E+00
  -.92000000E+00 -.77535025E+00
  -.88000000E+00 -.85772909E+00
  -.84000000E+00 -.94479324E+00
  -.80000000E+00 -.10370047E+01
  -.76000000E+00 -.11348887E+01
  -.72000000E+00 -.12390447E+01
  -.68000000E+00 -.13501605E+01
  -.64000000E+00 -.14690286E+01
  -.60000000E+00 -.15965671E+01
  -.56000000E+00 -.17338458E+01
  -.52000000E+00 -.18821186E+01
  -.48000000E+00 -.20428651E+01
  -.44000000E+00 -.22178438E+01
  -.40000000E+00 -.24091607E+01
  -.36000000E+00 -.26193603E+01
  -.32000000E+00 -.28515455E+01
  -.28000000E+00 -.31095397E+01
  -.24000000E+00 -.33981091E+01
  -.20000000E+00 -.37232719E+01
  -.16000000E+00 -.40927394E+01
  -.12000000E+00 -.45165552E+01
  -.80000000E-01 -.50080499E+01
  -.40000000E-01 -.55853054E+01
   .12351231E-14 -.62734790E+01
   .40000000E-01 -.71086394E+01
   .80000000E-01 -.81444020E+01
   .12000000E+00 -.94640764E+01
   .16000000E+00 -.11204528E+02
   .20000000E+00 -.13607454E+02
   .24000000E+00 -.17143524E+02
   .28000000E+00 -.22867682E+02
   .32000000E+00 -.33733730E+02
   .36000000E+00 -.62362122E+02
   .40000000E+00 -.34849768E+03
   .44000000E+00  .10115606E+03
   .48000000E+00  .44924660E+02
   .52000000E+00  .29172446E+02
   .56000000E+00  .21753782E+02
   .60000000E+00  .17435896E+02
   .64000000E+00  .14608733E+02
   .68000000E+00  .12612438E+02
   .72000000E+00  .11126513E+02
   .76000000E+00  .99765100E+01
   .80000000E+00  .90593459E+01
   .84000000E+00  .83101953E+01
   .88000000E+00  .76862490E+01
   .92000000E+00  .71580988E+01
   .96000000E+00  .67048741E+01
   .10000000E+01  .63113534E+01
   .10400000E+01  .59661743E+01
   .10800000E+01  .56606827E+01
   .11200000E+01  .53881720E+01
   .11600000E+01  .51433639E+01
   .12000000E+01  .49220475E+01
   .12400000E+01  .47208225E+01
   .12800000E+01  .45369129E+01
   .13200000E+01  .43680303E+01
   .13600000E+01  .42122710E+01
   .14000000E+01  .40680385E+01
   .14400000E+01  .39339841E+01
   .14800000E+01  .38089602E+01
   .15200000E+01  .36919846E+01
   .15600000E+01  .35822115E+01
   .16000000E+01  .34789084E+01
   .16400000E+01  .33814381E+01
   .16800000E+01  .32892434E+01
   .17200000E+01  .32018352E+01
   .17600000E+01  .31187820E+01
   .18000000E+01  .30397020E+01
   .18400000E+01  .29642559E+01
   .18800000E+01  .28921411E+01
   .19200000E+01  .28230873E+01
   .19600000E+01  .27568517E+01
   .20000000E+01  .26932159E+01
Potential  L  =         .00000  -1.01057
  -.20000000E+01  .60101879E+00
  -.19600000E+01  .57070632E+00
  -.19200000E+01  .53953898E+00
  -.18800000E+01  .50746590E+00
  -.18400000E+01  .47443203E+00
  -.18000000E+01  .44037752E+00
  -.17600000E+01  .40523740E+00
  -.17200000E+01  .36894082E+00
  -.16800000E+01  .33141046E+00
  -.16400000E+01  .29256175E+00
  -.16000000E+01  .25230198E+00
  -.15600000E+01  .21052933E+00
  -.15200000E+01  .16713167E+00
  -.14800000E+01  .12198526E+00
  -.14400000E+01  .74953192E-01
  -.14000000E+01  .25883565E-01
  -.13600000E+01 -.25392611E-01
  -.13200000E+01 -.79063898E-01
  -.12800000E+01 -.13534136E+00
  -.12400000E+01 -.19446201E+00
  -.12000000E+01 -.25669297E+00
  -.11600000E+01 -.32233639E+00
  -.11200000E+01 -.39173539E+00
  -.10800000E+01 -.46528127E+00
  -.10400000E+01 -.54342229E+00
  -.10000000E+01 -.62667442E+00
  -.96000000E+00 -.71563467E+00
  -.92000000E+00 -.81099762E+00
  -.88000000E+00 -.91357627E+00
  -.84000000E+00 -.10243284E+01
  -.80000000E+00 -.11443903E+01
  -.76000000E+00 -.12751203E+01
  -.72000000E+00 -.14181564E+01
  -.68000000E+00 -.15754912E+01
  -.64000000E+00 -.17495741E+01
  -.60000000E+00 -.19434502E+01
  -.56000000E+00 -.21609528E+01
  -.52000000E+00 -.24069763E+01
  -.48000000E+00 -.26878709E+01
  -.44000000E+00 -.30120271E+01
  -.40000000E+00 -.33907669E+01
  -.36000000E+00 -.38397469E+01
  -.32000000E+00 -.43812525E+01
  -.28000000E+00 -.50481207E+01
  -.24000000E+00 -.58908248E+01
  -.20000000E+00 -.69911508E+01
  -.16000000E+00 -.84909378E+01
  -.12000000E+00 -.10659590E+02
  -.80000000E-01 -.14079088E+02
  -.40000000E-01 -.20282539E+02
   .12351231E-14 -.35039503E+02
   .40000000E-01 -.11568684E+03
   .80000000E-01  .95574438E+02
   .12000000E+00  .34656334E+02
   .16000000E+00  .21460741E+02
   .20000000E+00  .15686681E+02
   .24000000E+00  .12443433E+02
   .28000000E+00  .10363556E+02
   .32000000E+00  .89143728E+01
   .36000000E+00  .78453258E+01
   .40000000E+00  .70230440E+01
   .44000000E+00  .63700034E+01
   .48000000E+00  .58380657E+01
   .52000000E+00  .53957599E+01
   .56000000E+00  .50216432E+01
   .60000000E+00  .47006015E+01
   .64000000E+00  .44216744E+01
   .68000000E+00  .41767203E+01
   .72000000E+00  .39595648E+01
   .76000000E+00  .37654402E+01
   .80000000E+00  .35906063E+01
   .84000000E+00  .34320880E+01
   .88000000E+00  .32874888E+01
   .92000000E+00  .31548567E+01
   .96000000E+00  .30325858E+01
   .10000000E+01  .29193424E+01
   .10400000E+01  .28140101E+01
   .10800000E+01  .27156467E+01
   .11200000E+01  .26234520E+01
   .11600000E+01  .25367414E+01
   .12000000E+01  .24549265E+01
   .12400000E+01  .23774974E+01
   .12800000E+01  .23040115E+01
   .13200000E+01  .22340817E+01
   .13600000E+01  .21673680E+01
   .14000000E+01  .21035714E+01
   .14400000E+01  .20424268E+01
   .14800000E+01  .19836989E+01
   .15200000E+01  .19271758E+01
   .15600000E+01  .18726728E+01
   .16000000E+01  .18200196E+01
   .16400000E+01  .17690648E+01
   .16800000E+01  .17196711E+01
   .17200000E+01  .16717145E+01
   .17600000E+01  .16250823E+01
   .18000000E+01  .15796719E+01
   .18400000E+01  .15353896E+01
   .18800000E+01  .14921498E+01
   .19200000E+01  .14498738E+01
   .19600000E+01  .14084894E+01
   .20000000E+01  .13679301E+01
Core Pot   L  =        1.00000   -.38886
  -.20000000E+01  .10329203E+01
  -.19600000E+01  .10125586E+01
  -.19200000E+01  .99184671E+00
  -.18800000E+01  .97077052E+00
  -.18400000E+01  .94931499E+00
  -.18000000E+01  .92746421E+00
  -.17600000E+01  .90520129E+00
  -.17200000E+01  .88250834E+00
  -.16800000E+01  .85936634E+00
  -.16400000E+01  .83575507E+00
  -.16000000E+01  .81165302E+00
  -.15600000E+01  .78703727E+00
  -.15200000E+01  .76188338E+00
  -.14800000E+01  .73616526E+00
  -.14400000E+01  .70985502E+00
  -.14000000E+01  .68292283E+00
  -.13600000E+01  .65533670E+00
  -.13200000E+01  .62706237E+00
  -.12800000E+01  .59806298E+00
  -.12400000E+01  .56829894E+00
  -.12000000E+01  .53772757E+00
  -.11600000E+01  .50630288E+00
  -.11200000E+01  .47397515E+00
  -.10800000E+01  .44069063E+00
  -.10400000E+01  .40639105E+00
  -.10000000E+01  .37101318E+00
  -.96000000E+00  .33448826E+00
  -.92000000E+00  .29674138E+00
  -.88000000E+00  .25769082E+00
  -.84000000E+00  .21724718E+00
  -.80000000E+00  .17531251E+00
  -.76000000E+00  .13177924E+00
  -.72000000E+00  .86528957E-01
  -.68000000E+00  .39431029E-01
  -.64000000E+00 -.96590554E-02
  -.60000000E+00 -.60901558E-01
  -.56000000E+00 -.11447471E+00
  -.52000000E+00 -.17057732E+00
  -.48000000E+00 -.22943182E+00
  -.44000000E+00 -.29128787E+00
  -.40000000E+00 -.35642674E+00
  -.36000000E+00 -.42516638E+00
  -.32000000E+00 -.49786769E+00
  -.28000000E+00 -.57494199E+00
  -.24000000E+00 -.65686019E+00
  -.20000000E+00 -.74416394E+00
  -.16000000E+00 -.83747951E+00
  -.12000000E+00 -.93753496E+00
  -.80000000E-01 -.10451817E+01
  -.40000000E-01 -.11614219E+01
   .12351231E-14 -.12874431E+01
   .40000000E-01 -.14246637E+01
   .80000000E-01 -.15747914E+01
   .12000000E+00 -.17399013E+01
   .16000000E+00 -.19225403E+01
   .20000000E+00 -.21258691E+01
   .24000000E+00 -.23538592E+01
   .28000000E+00 -.26115708E+01
   .32000000E+00 -.29055531E+01
   .36000000E+00 -.32444360E+01
   .40000000E+00 -.36398269E+01
   .44000000E+00 -.41077173E+01
   .48000000E+00 -.46707678E+01
   .52000000E+00 -.53621898E+01
   .56000000E+00 -.62326947E+01
   .60000000E+00 -.73637709E+01
   .64000000E+00 -.88952065E+01
   .68000000E+00 -.11088586E+02
   .72000000E+00 -.14496883E+02
   .76000000E+00 -.20526789E+02
   .80000000E+00 -.34121905E+02
   .84000000E+00 -.93692168E+02
   .88000000E+00  .13788431E+03
   .92000000E+00  .40761918E+02
   .96000000E+00  .24257775E+02
   .10000000E+01  .17428487E+02
   .10400000E+01  .13691170E+02
   .10800000E+01  .11330922E+02
   .11200000E+01  .97031279E+01
   .11600000E+01  .85111839E+01
   .12000000E+01  .75995723E+01
   .12400000E+01  .68788887E+01
   .12800000E+01  .62940843E+01
   .13200000E+01  .58094100E+01
   .13600000E+01  .54006399E+01
   .14000000E+01  .50507745E+01
   .14400000E+01  .47475330E+01
   .14800000E+01  .44818223E+01
   .15200000E+01  .42467657E+01
   .15600000E+01  .40370663E+01
   .16000000E+01  .38485776E+01
   .16400000E+01  .36780079E+01
   .16800000E+01  .35227099E+01
   .17200000E+01  .33805311E+01
   .17600000E+01  .32497027E+01
   .18000000E+01  .31287580E+01
   .18400000E+01  .30164707E+01
   .18800000E+01  .29118070E+01
   .19200000E+01  .28138896E+01
   .19600000E+01  .27219690E+01
   .20000000E+01  .26354011E+01
Potential  L  =        1.00000   -.38886
  -.20000000E+01  .94426970E+00
  -.19600000E+01  .92321736E+00
  -.19200000E+01  .90183477E+00
  -.18800000E+01  .88011053E+00
  -.18400000E+01  .85803266E+00
  -.18000000E+01  .83558859E+00
  -.17600000E+01  .81276512E+00
  -.17200000E+01  .78954840E+00
  -.16800000E+01  .76592381E+00
  -.16400000E+01  .74187604E+00
  -.16000000E+01  .71738892E+00
  -.15600000E+01  .69244543E+00
  -.15200000E+01  .66702763E+00
  -.14800000E+01  .64111656E+00
  -.14400000E+01  .61469225E+00
  -.14000000E+01  .58773354E+00
  -.13600000E+01  .56021810E+00
  -.13200000E+01  .53212225E+00
  -.12800000E+01  .50342094E+00
  -.12400000E+01  .47408759E+00
  -.12000000E+01  .44409400E+00
  -.11600000E+01  .41341020E+00
  -.11200000E+01  .38200435E+00
  -.10800000E+01  .34984254E+00
  -.10400000E+01  .31688866E+00
  -.10000000E+01  .28310419E+00
  -.96000000E+00  .24844803E+00
  -.92000000E+00  .21287623E+00
  -.88000000E+00  .17634175E+00
  -.84000000E+00  .13879425E+00
  -.80000000E+00  .10017968E+00
  -.76000000E+00  .60440038E-01
  -.72000000E+00  .19512924E-01
  -.68000000E+00 -.22668840E-01
  -.64000000E+00 -.66177697E-01
  -.60000000E+00 -.11109188E+00
  -.56000000E+00 -.15749600E+00
  -.52000000E+00 -.20548171E+00
  -.48000000E+00 -.25514847E+00
  -.44000000E+00 -.30660437E+00
  -.40000000E+00 -.35996712E+00
  -.36000000E+00 -.41536511E+00
  -.32000000E+00 -.47293869E+00
  -.28000000E+00 -.53284157E+00
  -.24000000E+00 -.59524247E+00
  -.20000000E+00 -.66032698E+00
  -.16000000E+00 -.72829975E+00
  -.12000000E+00 -.79938698E+00
  -.80000000E-01 -.87383935E+00
  -.40000000E-01 -.95193540E+00
   .12351231E-14 -.10339856E+01
   .40000000E-01 -.11203369E+01
   .80000000E-01 -.12113785E+01
   .12000000E+00 -.13075482E+01
   .16000000E+00 -.14093405E+01
   .20000000E+00 -.15173158E+01
   .24000000E+00 -.16321121E+01
   .28000000E+00 -.17544587E+01
   .32000000E+00 -.18851932E+01
   .36000000E+00 -.20252824E+01
   .40000000E+00 -.21758481E+01
   .44000000E+00 -.23381996E+01
   .48000000E+00 -.25138746E+01
   .52000000E+00 -.27046914E+01
   .56000000E+00 -.29128155E+01
   .60000000E+00 -.31408473E+01
   .64000000E+00 -.33919363E+01
   .68000000E+00 -.36699350E+01
   .72000000E+00 -.39796059E+01
   .76000000E+00 -.43269076E+01
   .80000000E+00 -.47193953E+01
   .84000000E+00 -.51667936E+01
   .88000000E+00 -.56818363E+01
   .92000000E+00 -.62815269E+01
   .96000000E+00 -.69890930E+01
   .10000000E+01 -.78371205E+01
   .10400000E+01 -.88727946E+01
   .10800000E+01 -.10167108E+02
   .11200000E+01 -.11832042E+02
   .11600000E+01 -.14055140E+02
   .12000000E+01 -.17176178E+02
   .12400000E+01 -.21880941E+02
   .12800000E+01 -.29792121E+02
   .13200000E+01 -.45899192E+02
   .13600000E+01 -.96700702E+02
   .14000000E+01  .12610495E+04
   .14400000E+01  .85940461E+02
   .14800000E+01  .45031664E+02
   .15200000E+01  .30747855E+02
   .15600000E+01  .23473967E+02
   .16000000E+01  .19063809E+02
   .16400000E+01  .16102498E+02
   .16800000E+01  .13975411E+02
   .17200000E+01  .12372490E+02
   .17600000E+01  .11120386E+02
   .18000000E+01  .10114592E+02
   .18400000E+01  .92883566E+01
   .18800000E+01  .85970450E+01
   .19200000E+01  .80096809E+01
   .19600000E+01  .75040924E+01
   .20000000E+01  .70639919E+01
Core Pot   L  =        2.00000    .00000
  -.20000000E+01  .17033764E+01
  -.19600000E+01  .16924799E+01
  -.19200000E+01  .16815285E+01
  -.18800000E+01  .16705216E+01
  -.18400000E+01  .16594584E+01
  -.18000000E+01  .16483382E+01
  -.17600000E+01  .16371604E+01
  -.17200000E+01  .16259240E+01
  -.16800000E+01  .16146284E+01
  -.16400000E+01  .16032727E+01
  -.16000000E+01  .15918561E+01
  -.15600000E+01  .15803778E+01
  -.15200000E+01  .15688370E+01
  -.14800000E+01  .15572328E+01
  -.14400000E+01  .15455643E+01
  -.14000000E+01  .15338306E+01
  -.13600000E+01  .15220308E+01
  -.13200000E+01  .15101641E+01
  -.12800000E+01  .14982293E+01
  -.12400000E+01  .14862256E+01
  -.12000000E+01  .14741520E+01
  -.11600000E+01  .14620074E+01
  -.11200000E+01  .14497909E+01
  -.10800000E+01  .14375013E+01
  -.10400000E+01  .14251376E+01
  -.10000000E+01  .14126987E+01
  -.96000000E+00  .14001834E+01
  -.92000000E+00  .13875906E+01
  -.88000000E+00  .13749191E+01
  -.84000000E+00  .13621677E+01
  -.80000000E+00  .13493352E+01
  -.76000000E+00  .13364204E+01
  -.72000000E+00  .13234218E+01
  -.68000000E+00  .13103383E+01
  -.64000000E+00  .12971684E+01
  -.60000000E+00  .12839107E+01
  -.56000000E+00  .12705640E+01
  -.52000000E+00  .12571267E+01
  -.48000000E+00  .12435973E+01
  -.44000000E+00  .12299743E+01
  -.40000000E+00  .12162562E+01
  -.36000000E+00  .12024413E+01
  -.32000000E+00  .11885281E+01
  -.28000000E+00  .11745149E+01
  -.24000000E+00  .11603999E+01
  -.20000000E+00  .11461815E+01
  -.16000000E+00  .11318578E+01
  -.12000000E+00  .11174269E+01
  -.80000000E-01  .11028870E+01
  -.40000000E-01  .10882362E+01
   .12351231E-14  .10734724E+01
   .40000000E-01  .10585937E+01
   .80000000E-01  .10435978E+01
   .12000000E+00  .10284828E+01
   .16000000E+00  .10132463E+01
   .20000000E+00  .99788610E+00
   .24000000E+00  .98239990E+00
   .28000000E+00  .96678529E+00
   .32000000E+00  .95103983E+00
   .36000000E+00  .93516099E+00
   .40000000E+00  .91914617E+00
   .44000000E+00  .90299273E+00
   .48000000E+00  .88669791E+00
   .52000000E+00  .87025890E+00
   .56000000E+00  .85367280E+00
   .60000000E+00  .83693664E+00
   .64000000E+00  .82004735E+00
   .68000000E+00  .80300177E+00
   .72000000E+00  .78579666E+00
   .76000000E+00  .76842865E+00
   .80000000E+00  .75089432E+00
   .84000000E+00  .73319010E+00
   .88000000E+00  .71531235E+00
   .92000000E+00  .69725728E+00
   .96000000E+00  .67902100E+00
   .10000000E+01  .66059952E+00
   .10400000E+01  .64198869E+00
   .10800000E+01  .62318424E+00
   .11200000E+01  .60418177E+00
   .11600000E+01  .58497673E+00
   .12000000E+01  .56556442E+00
   .12400000E+01  .54594000E+00
   .12800000E+01  .52609846E+00
   .13200000E+01  .50603461E+00
   .13600000E+01  .48574311E+00
   .14000000E+01  .46521841E+00
   .14400000E+01  .44445479E+00
   .14800000E+01  .42344633E+00
   .15200000E+01  .40218689E+00
   .15600000E+01  .38067012E+00
   .16000000E+01  .35888945E+00
   .16400000E+01  .33683806E+00
   .16800000E+01  .31450890E+00
   .17200000E+01  .29189465E+00
   .17600000E+01  .26898770E+00
   .18000000E+01  .24578019E+00
   .18400000E+01  .22226395E+00
   .18800000E+01  .19843050E+00
   .19200000E+01  .17427101E+00
   .19600000E+01  .14977633E+00
   .20000000E+01  .12493695E+00
Potential  L  =        2.00000    .00000
  -.20000000E+01  .17042591E+01
  -.19600000E+01  .16933809E+01
  -.19200000E+01  .16824483E+01
  -.18800000E+01  .16714607E+01
  -.18400000E+01  .16604173E+01
  -.18000000E+01  .16493174E+01
  -.17600000E+01  .16381604E+01
  -.17200000E+01  .16269453E+01
  -.16800000E+01  .16156715E+01
  -.16400000E+01  .16043382E+01
  -.16000000E+01  .15929446E+01
  -.15600000E+01  .15814899E+01
  -.15200000E+01  .15699733E+01
  -.14800000E+01  .15583939E+01
  -.14400000E+01  .15467508E+01
  -.14000000E+01  .15350433E+01
  -.13600000E+01  .15232703E+01
  -.13200000E+01  .15114310E+01
  -.12800000E+01  .14995244E+01
  -.12400000E+01  .14875497E+01
  -.12000000E+01  .14755057E+01
  -.11600000E+01  .14633916E+01
  -.11200000E+01  .14512063E+01
  -.10800000E+01  .14389488E+01
  -.10400000E+01  .14266181E+01
  -.10000000E+01  .14142130E+01
  -.96000000E+00  .14017324E+01
  -.92000000E+00  .13891753E+01
  -.88000000E+00  .13765404E+01
  -.84000000E+00  .13638267E+01
  -.80000000E+00  .13510328E+01
  -.76000000E+00  .13381576E+01
  -.72000000E+00  .13251998E+01
  -.68000000E+00  .13121581E+01
  -.64000000E+00  .12990313E+01
  -.60000000E+00  .12858179E+01
  -.56000000E+00  .12725166E+01
  -.52000000E+00  .12591259E+01
  -.48000000E+00  .12456445E+01
  -.44000000E+00  .12320709E+01
  -.40000000E+00  .12184035E+01
  -.36000000E+00  .12046409E+01
  -.32000000E+00  .11907813E+01
  -.28000000E+00  .11768233E+01
  -.24000000E+00  .11627651E+01
  -.20000000E+00  .11486050E+01
  -.16000000E+00  .11343413E+01
  -.12000000E+00  .11199723E+01
  -.80000000E-01  .11054960E+01
  -.40000000E-01  .10909106E+01
   .12351231E-14  .10762142E+01
   .40000000E-01  .10614048E+01
   .80000000E-01  .10464803E+01
   .12000000E+00  .10314388E+01
   .16000000E+00  .10162780E+01
   .20000000E+00  .10009958E+01
   .24000000E+00  .98558995E+00
   .28000000E+00  .97005810E+00
   .32000000E+00  .95439791E+00
   .36000000E+00  .93860693E+00
   .40000000E+00  .92268268E+00
   .44000000E+00  .90662259E+00
   .48000000E+00  .89042402E+00
   .52000000E+00  .87408425E+00
   .56000000E+00  .85760051E+00
   .60000000E+00  .84096991E+00
   .64000000E+00  .82418952E+00
   .68000000E+00  .80725630E+00
   .72000000E+00  .79016713E+00
   .76000000E+00  .77291880E+00
   .80000000E+00  .75550800E+00
   .84000000E+00  .73793132E+00
   .88000000E+00  .72018526E+00
   .92000000E+00  .70226621E+00
   .96000000E+00  .68417044E+00
   .10000000E+01  .66589412E+00
   .10400000E+01  .64743329E+00
   .10800000E+01  .62878388E+00
   .11200000E+01  .60994168E+00
   .11600000E+01  .59090235E+00
   .12000000E+01  .57166141E+00
   .12400000E+01  .55221421E+00
   .12800000E+01  .53255604E+00
   .13200000E+01  .51268194E+00
   .13600000E+01  .49258682E+00
   .14000000E+01  .47226546E+00
   .14400000E+01  .45171235E+00
   .14800000E+01  .43092189E+00
   .15200000E+01  .40988828E+00
   .15600000E+01  .38860550E+00
   .16000000E+01  .36706731E+00
   .16400000E+01  .34526729E+00
   .16800000E+01  .32319876E+00
   .17200000E+01  .30085480E+00
   .17600000E+01  .27822824E+00
   .18000000E+01  .25531167E+00
   .18400000E+01  .23209739E+00
   .18800000E+01  .20857741E+00
   .19200000E+01  .18474345E+00
   .19600000E+01  .16058691E+00
   .20000000E+01  .13609885E+00
Core Pot   L  =        3.00000    .00000
  -.20000000E+01  .22334730E+01
  -.19600000E+01  .22251954E+01
  -.19200000E+01  .22168934E+01
  -.18800000E+01  .22085669E+01
  -.18400000E+01  .22002156E+01
  -.18000000E+01  .21918394E+01
  -.17600000E+01  .21834381E+01
  -.17200000E+01  .21750115E+01
  -.16800000E+01  .21665593E+01
  -.16400000E+01  .21580814E+01
  -.16000000E+01  .21495776E+01
  -.15600000E+01  .21410477E+01
  -.15200000E+01  .21324914E+01
  -.14800000E+01  .21239086E+01
  -.14400000E+01  .21152990E+01
  -.14000000E+01  .21066624E+01
  -.13600000E+01  .20979987E+01
  -.13200000E+01  .20893075E+01
  -.12800000E+01  .20805887E+01
  -.12400000E+01  .20718420E+01
  -.12000000E+01  .20630672E+01
  -.11600000E+01  .20542641E+01
  -.11200000E+01  .20454325E+01
  -.10800000E+01  .20365720E+01
  -.10400000E+01  .20276825E+01
  -.10000000E+01  .20187637E+01
  -.96000000E+00  .20098153E+01
  -.92000000E+00  .20008372E+01
  -.88000000E+00  .19918290E+01
  -.84000000E+00  .19827906E+01
  -.80000000E+00  .19737216E+01
  -.76000000E+00  .19646217E+01
  -.72000000E+00  .19554908E+01
  -.68000000E+00  .19463285E+01
  -.64000000E+00  .19371346E+01
  -.60000000E+00  .19279088E+01
  -.56000000E+00  .19186508E+01
  -.52000000E+00  .19093604E+01
  -.48000000E+00  .19000371E+01
  -.44000000E+00  .18906809E+01
  -.40000000E+00  .18812912E+01
  -.36000000E+00  .18718680E+01
  -.32000000E+00  .18624107E+01
  -.28000000E+00  .18529192E+01
  -.24000000E+00  .18433932E+01
  -.20000000E+00  .18338322E+01
  -.16000000E+00  .18242360E+01
  -.12000000E+00  .18146043E+01
  -.80000000E-01  .18049367E+01
  -.40000000E-01  .17952330E+01
   .12351231E-14  .17854926E+01
   .40000000E-01  .17757154E+01
   .80000000E-01  .17659010E+01
   .12000000E+00  .17560490E+01
   .16000000E+00  .17461590E+01
   .20000000E+00  .17362307E+01
   .24000000E+00  .17262638E+01
   .28000000E+00  .17162578E+01
   .32000000E+00  .17062123E+01
   .36000000E+00  .16961270E+01
   .40000000E+00  .16860016E+01
   .44000000E+00  .16758355E+01
   .48000000E+00  .16656284E+01
   .52000000E+00  .16553799E+01
   .56000000E+00  .16450896E+01
   .60000000E+00  .16347571E+01
   .64000000E+00  .16243818E+01
   .68000000E+00  .16139635E+01
   .72000000E+00  .16035016E+01
   .76000000E+00  .15929957E+01
   .80000000E+00  .15824454E+01
   .84000000E+00  .15718502E+01
   .88000000E+00  .15612096E+01
   .92000000E+00  .15505231E+01
   .96000000E+00  .15397904E+01
   .10000000E+01  .15290108E+01
   .10400000E+01  .15181839E+01
   .10800000E+01  .15073093E+01
   .11200000E+01  .14963863E+01
   .11600000E+01  .14854144E+01
   .12000000E+01  .14743932E+01
   .12400000E+01  .14633221E+01
   .12800000E+01  .14522005E+01
   .13200000E+01  .14410280E+01
   .13600000E+01  .14298038E+01
   .14000000E+01  .14185276E+01
   .14400000E+01  .14071986E+01
   .14800000E+01  .13958163E+01
   .15200000E+01  .13843802E+01
   .15600000E+01  .13728895E+01
   .16000000E+01  .13613436E+01
   .16400000E+01  .13497421E+01
   .16800000E+01  .13380841E+01
   .17200000E+01  .13263690E+01
   .17600000E+01  .13145963E+01
   .18000000E+01  .13027651E+01
   .18400000E+01  .12908749E+01
   .18800000E+01  .12789250E+01
   .19200000E+01  .12669145E+01
   .19600000E+01  .12548429E+01
   .20000000E+01  .12427093E+01
Potential  L  =        3.00000    .00000
  -.20000000E+01  .22335305E+01
  -.19600000E+01  .22252535E+01
  -.19200000E+01  .22169521E+01
  -.18800000E+01  .22086263E+01
  -.18400000E+01  .22002757E+01
  -.18000000E+01  .21919002E+01
  -.17600000E+01  .21834995E+01
  -.17200000E+01  .21750736E+01
  -.16800000E+01  .21666222E+01
  -.16400000E+01  .21581451E+01
  -.16000000E+01  .21496421E+01
  -.15600000E+01  .21411130E+01
  -.15200000E+01  .21325576E+01
  -.14800000E+01  .21239756E+01
  -.14400000E+01  .21153669E+01
  -.14000000E+01  .21067313E+01
  -.13600000E+01  .20980685E+01
  -.13200000E+01  .20893783E+01
  -.12800000E+01  .20806605E+01
  -.12400000E+01  .20719148E+01
  -.12000000E+01  .20631411E+01
  -.11600000E+01  .20543390E+01
  -.11200000E+01  .20455085E+01
  -.10800000E+01  .20366491E+01
  -.10400000E+01  .20277608E+01
  -.10000000E+01  .20188432E+01
  -.96000000E+00  .20098961E+01
  -.92000000E+00  .20009192E+01
  -.88000000E+00  .19919123E+01
  -.84000000E+00  .19828752E+01
  -.80000000E+00  .19738075E+01
  -.76000000E+00  .19647091E+01
  -.72000000E+00  .19555796E+01
  -.68000000E+00  .19464188E+01
  -.64000000E+00  .19372264E+01
  -.60000000E+00  .19280021E+01
  -.56000000E+00  .19187456E+01
  -.52000000E+00  .19094568E+01
  -.48000000E+00  .19001352E+01
  -.44000000E+00  .18907806E+01
  -.40000000E+00  .18813926E+01
  -.36000000E+00  .18719711E+01
  -.32000000E+00  .18625157E+01
  -.28000000E+00  .18530260E+01
  -.24000000E+00  .18435018E+01
  -.20000000E+00  .18339427E+01
  -.16000000E+00  .18243485E+01
  -.12000000E+00  .18147188E+01
  -.80000000E-01  .18050533E+01
  -.40000000E-01  .17953516E+01
   .12351231E-14  .17856134E+01
   .40000000E-01  .17758384E+01
   .80000000E-01  .17660262E+01
   .12000000E+00  .17561764E+01
   .16000000E+00  .17462888E+01
   .20000000E+00  .17363629E+01
   .24000000E+00  .17263983E+01
   .28000000E+00  .17163948E+01
   .32000000E+00  .17063519E+01
   .36000000E+00  .16962692E+01
   .40000000E+00  .16861464E+01
   .44000000E+00  .16759830E+01
   .48000000E+00  .16657787E+01
   .52000000E+00  .16555330E+01
   .56000000E+00  .16452456E+01
   .60000000E+00  .16349159E+01
   .64000000E+00  .16245437E+01
   .68000000E+00  .16141284E+01
   .72000000E+00  .16036696E+01
   .76000000E+00  .15931669E+01
   .80000000E+00  .15826199E+01
   .84000000E+00  .15720280E+01
   .88000000E+00  .15613908E+01
   .92000000E+00  .15507078E+01
   .96000000E+00  .15399786E+01
   .10000000E+01  .15292026E+01
   .10400000E+01  .15183795E+01
   .10800000E+01  .15075085E+01
   .11200000E+01  .14965894E+01
   .11600000E+01  .14856215E+01
   .12000000E+01  .14746043E+01
   .12400000E+01  .14635372E+01
   .12800000E+01  .14524199E+01
   .13200000E+01  .14412516E+01
   .13600000E+01  .14300318E+01
   .14000000E+01  .14187600E+01
   .14400000E+01  .14074355E+01
   .14800000E+01  .13960579E+01
   .15200000E+01  .13846264E+01
   .15600000E+01  .13731406E+01
   .16000000E+01  .13615997E+01
   .16400000E+01  .13500032E+01
   .16800000E+01  .13383503E+01
   .17200000E+01  .13266405E+01
   .17600000E+01  .13148731E+01
   .18000000E+01  .13030475E+01
   .18400000E+01  .12911629E+01
   .18800000E+01  .12792186E+01
   .19200000E+01  .12672140E+01
   .19600000E+01  .12551483E+01
   .20000000E+01  .12430208E+01
Core Pot   L  =        4.00000    .00000
  -.20000000E+01  .27521277E+01
  -.19600000E+01  .27453703E+01
  -.19200000E+01  .27385991E+01
  -.18800000E+01  .27318147E+01
  -.18400000E+01  .27250186E+01
  -.18000000E+01  .27182051E+01
  -.17600000E+01  .27113797E+01
  -.17200000E+01  .27045409E+01
  -.16800000E+01  .26976876E+01
  -.16400000E+01  .26908205E+01
  -.16000000E+01  .26839398E+01
  -.15600000E+01  .26770455E+01
  -.15200000E+01  .26701347E+01
  -.14800000E+01  .26632112E+01
  -.14400000E+01  .26562724E+01
  -.14000000E+01  .26493203E+01
  -.13600000E+01  .26423544E+01
  -.13200000E+01  .26353727E+01
  -.12800000E+01  .26283749E+01
  -.12400000E+01  .26213643E+01
  -.12000000E+01  .26143379E+01
  -.11600000E+01  .26072974E+01
  -.11200000E+01  .26002416E+01
  -.10800000E+01  .25931703E+01
  -.10400000E+01  .25860844E+01
  -.10000000E+01  .25789829E+01
  -.96000000E+00  .25718665E+01
  -.92000000E+00  .25647342E+01
  -.88000000E+00  .25575878E+01
  -.84000000E+00  .25504232E+01
  -.80000000E+00  .25432441E+01
  -.76000000E+00  .25360498E+01
  -.72000000E+00  .25288390E+01
  -.68000000E+00  .25216122E+01
  -.64000000E+00  .25143695E+01
  -.60000000E+00  .25071111E+01
  -.56000000E+00  .24998357E+01
  -.52000000E+00  .24925445E+01
  -.48000000E+00  .24852367E+01
  -.44000000E+00  .24779119E+01
  -.40000000E+00  .24705711E+01
  -.36000000E+00  .24632136E+01
  -.32000000E+00  .24558391E+01
  -.28000000E+00  .24484473E+01
  -.24000000E+00  .24410389E+01
  -.20000000E+00  .24336132E+01
  -.16000000E+00  .24261703E+01
  -.12000000E+00  .24187103E+01
  -.80000000E-01  .24112329E+01
  -.40000000E-01  .24037388E+01
   .12351231E-14  .23962246E+01
   .40000000E-01  .23886940E+01
   .80000000E-01  .23811458E+01
   .12000000E+00  .23735791E+01
   .16000000E+00  .23659944E+01
   .20000000E+00  .23583918E+01
   .24000000E+00  .23507707E+01
   .28000000E+00  .23431314E+01
   .32000000E+00  .23354734E+01
   .36000000E+00  .23277966E+01
   .40000000E+00  .23201014E+01
   .44000000E+00  .23123872E+01
   .48000000E+00  .23046535E+01
   .52000000E+00  .22969012E+01
   .56000000E+00  .22891294E+01
   .60000000E+00  .22813384E+01
   .64000000E+00  .22735278E+01
   .68000000E+00  .22656976E+01
   .72000000E+00  .22578478E+01
   .76000000E+00  .22499778E+01
   .80000000E+00  .22420881E+01
   .84000000E+00  .22341781E+01
   .88000000E+00  .22262481E+01
   .92000000E+00  .22182974E+01
   .96000000E+00  .22103263E+01
   .10000000E+01  .22023346E+01
   .10400000E+01  .21943221E+01
   .10800000E+01  .21862885E+01
   .11200000E+01  .21782339E+01
   .11600000E+01  .21701582E+01
   .12000000E+01  .21620611E+01
   .12400000E+01  .21539425E+01
   .12800000E+01  .21458021E+01
   .13200000E+01  .21376401E+01
   .13600000E+01  .21294561E+01
   .14000000E+01  .21212501E+01
   .14400000E+01  .21130218E+01
   .14800000E+01  .21047710E+01
   .15200000E+01  .20964978E+01
   .15600000E+01  .20882019E+01
   .16000000E+01  .20798832E+01
   .16400000E+01  .20715414E+01
   .16800000E+01  .20631765E+01
   .17200000E+01  .20547883E+01
   .17600000E+01  .20463765E+01
   .18000000E+01  .20379411E+01
   .18400000E+01  .20294818E+01
   .18800000E+01  .20209986E+01
   .19200000E+01  .20124912E+01
   .19600000E+01  .20039595E+01
   .20000000E+01  .19954033E+01
Potential  L  =        4.00000    .00000
  -.20000000E+01  .27521413E+01
  -.19600000E+01  .27453842E+01
  -.19200000E+01  .27386131E+01
  -.18800000E+01  .27318302E+01
  -.18400000E+01  .27250309E+01
  -.18000000E+01  .27182188E+01
  -.17600000E+01  .27113935E+01
  -.17200000E+01  .27045544E+01
  -.16800000E+01  .26977013E+01
  -.16400000E+01  .26908346E+01
  -.16000000E+01  .26839547E+01
  -.15600000E+01  .26770580E+01
  -.15200000E+01  .26701488E+01
  -.14800000E+01  .26632249E+01
  -.14400000E+01  .26562863E+01
  -.14000000E+01  .26493341E+01
  -.13600000E+01  .26423671E+01
  -.13200000E+01  .26353866E+01
  -.12800000E+01  .26283892E+01
  -.12400000E+01  .26213779E+01
  -.12000000E+01  .26143526E+01
  -.11600000E+01  .26073114E+01
  -.11200000E+01  .26002559E+01
  -.10800000E+01  .25931862E+01
  -.10400000E+01  .25860989E+01
  -.10000000E+01  .25789978E+01
  -.96000000E+00  .25718814E+01
  -.92000000E+00  .25647490E+01
  -.88000000E+00  .25576030E+01
  -.84000000E+00  .25504381E+01
  -.80000000E+00  .25432598E+01
  -.76000000E+00  .25360651E+01
  -.72000000E+00  .25288549E+01
  -.68000000E+00  .25216286E+01
  -.64000000E+00  .25143861E+01
  -.60000000E+00  .25071271E+01
  -.56000000E+00  .24998528E+01
  -.52000000E+00  .24925615E+01
  -.48000000E+00  .24852539E+01
  -.44000000E+00  .24779311E+01
  -.40000000E+00  .24705889E+01
  -.36000000E+00  .24632314E+01
  -.32000000E+00  .24558574E+01
  -.28000000E+00  .24484661E+01
  -.24000000E+00  .24410580E+01
  -.20000000E+00  .24336325E+01
  -.16000000E+00  .24261900E+01
  -.12000000E+00  .24187303E+01
  -.80000000E-01  .24112532E+01
  -.40000000E-01  .24037580E+01
   .12351231E-14  .23962456E+01
   .40000000E-01  .23887154E+01
   .80000000E-01  .23811675E+01
   .12000000E+00  .23736015E+01
   .16000000E+00  .23660170E+01
   .20000000E+00  .23584149E+01
   .24000000E+00  .23507944E+01
   .28000000E+00  .23431555E+01
   .32000000E+00  .23354978E+01
   .36000000E+00  .23278216E+01
   .40000000E+00  .23201267E+01
   .44000000E+00  .23124131E+01
   .48000000E+00  .23046801E+01
   .52000000E+00  .22969280E+01
   .56000000E+00  .22891569E+01
   .60000000E+00  .22813664E+01
   .64000000E+00  .22735563E+01
   .68000000E+00  .22657268E+01
   .72000000E+00  .22578774E+01
   .76000000E+00  .22500082E+01
   .80000000E+00  .22421190E+01
   .84000000E+00  .22342098E+01
   .88000000E+00  .22262803E+01
   .92000000E+00  .22183303E+01
   .96000000E+00  .22103599E+01
   .10000000E+01  .22023688E+01
   .10400000E+01  .21943570E+01
   .10800000E+01  .21863241E+01
   .11200000E+01  .21782703E+01
   .11600000E+01  .21701953E+01
   .12000000E+01  .21620989E+01
   .12400000E+01  .21539811E+01
   .12800000E+01  .21458416E+01
   .13200000E+01  .21376803E+01
   .13600000E+01  .21294971E+01
   .14000000E+01  .21212919E+01
   .14400000E+01  .21130645E+01
   .14800000E+01  .21048147E+01
   .15200000E+01  .20965423E+01
   .15600000E+01  .20882473E+01
   .16000000E+01  .20799295E+01
   .16400000E+01  .20715886E+01
   .16800000E+01  .20632246E+01
   .17200000E+01  .20548373E+01
   .17600000E+01  .20464265E+01
   .18000000E+01  .20379921E+01
   .18400000E+01  .20295339E+01
   .18800000E+01  .20210517E+01
   .19200000E+01  .20125454E+01
   .19600000E+01  .20040146E+01
   .20000000E+01  .19954595E+01
KBPotential  L  =       .00000  -2.02114
  -.20000000E+01  .52537589E+00
  -.19600000E+01  .49463696E+00
  -.19200000E+01  .46312181E+00
  -.18800000E+01  .43079100E+00
  -.18400000E+01  .39760227E+00
  -.18000000E+01  .36351033E+00
  -.17600000E+01  .32846654E+00
  -.17200000E+01  .29241863E+00
  -.16800000E+01  .25531033E+00
  -.16400000E+01  .21708099E+00
  -.16000000E+01  .17766518E+00
  -.15600000E+01  .13699211E+00
  -.15200000E+01  .94985184E-01
  -.14800000E+01  .51561311E-01
  -.14400000E+01  .66302280E-02
  -.14000000E+01 -.39906279E-01
  -.13600000E+01 -.88155329E-01
  -.13200000E+01 -.13823386E+00
  -.12800000E+01 -.19026992E+00
  -.12400000E+01 -.24440400E+00
  -.12000000E+01 -.30079046E+00
  -.11600000E+01 -.35959944E+00
  -.11200000E+01 -.42101882E+00
  -.10800000E+01 -.48525668E+00
  -.10400000E+01 -.55254402E+00
  -.10000000E+01 -.62313809E+00
  -.96000000E+00 -.69732615E+00
  -.92000000E+00 -.77543002E+00
  -.88000000E+00 -.85781146E+00
  -.84000000E+00 -.94487854E+00
  -.80000000E+00 -.10370933E+01
  -.76000000E+00 -.11349810E+01
  -.72000000E+00 -.12391414E+01
  -.68000000E+00 -.13502622E+01
  -.64000000E+00 -.14691360E+01
  -.60000000E+00 -.15966813E+01
  -.56000000E+00 -.17339679E+01
  -.52000000E+00 -.18822501E+01
  -.48000000E+00 -.20430080E+01
  -.44000000E+00 -.22180003E+01
  -.40000000E+00 -.24093339E+01
  -.36000000E+00 -.26195542E+01
  -.32000000E+00 -.28517652E+01
  -.28000000E+00 -.31097918E+01
  -.24000000E+00 -.33984024E+01
  -.20000000E+00 -.37236186E+01
  -.16000000E+00 -.40931556E+01
  -.12000000E+00 -.45170634E+01
  -.80000000E-01 -.50086820E+01
  -.40000000E-01 -.55861074E+01
   .12351231E-14 -.62745190E+01
   .40000000E-01 -.71100215E+01
   .80000000E-01 -.81462915E+01
   .12000000E+00 -.94667485E+01
   .16000000E+00 -.11208469E+02
   .20000000E+00 -.13613596E+02
   .24000000E+00 -.17153862E+02
   .28000000E+00 -.22887248E+02
   .32000000E+00 -.33779140E+02
   .36000000E+00 -.62528094E+02
   .40000000E+00 -.35411694E+03
   .44000000E+00  .10065945E+03
   .48000000E+00  .44819371E+02
   .52000000E+00  .29124777E+02
   .56000000E+00  .21725319E+02
   .60000000E+00  .17416257E+02
   .64000000E+00  .14593924E+02
   .68000000E+00  .12600581E+02
   .72000000E+00  .11116601E+02
   .76000000E+00  .99679510E+01
   .80000000E+00  .90517673E+01
   .84000000E+00  .83033491E+01
   .88000000E+00  .76799631E+01
   .92000000E+00  .71522492E+01
   .96000000E+00  .66993690E+01
   .10000000E+01  .63061231E+01
   .10400000E+01  .59611643E+01
   .10800000E+01  .56558501E+01
   .11200000E+01  .53834820E+01
   .11600000E+01  .51387878E+01
   .12000000E+01  .49175619E+01
   .12400000E+01  .47164071E+01
   .12800000E+01  .45325505E+01
   .13200000E+01  .43637061E+01
   .13600000E+01  .42079720E+01
   .14000000E+01  .40637533E+01
   .14400000E+01  .39297024E+01
   .14800000E+01  .38046728E+01
   .15200000E+01  .36876831E+01
   .15600000E+01  .35778881E+01
   .16000000E+01  .34745560E+01
   .16400000E+01  .33770500E+01
   .16800000E+01  .32848134E+01
   .17200000E+01  .31973573E+01
   .17600000E+01  .31142505E+01
   .18000000E+01  .30351113E+01
   .18400000E+01  .29596008E+01
   .18800000E+01  .28874166E+01
   .19200000E+01  .28182883E+01
   .19600000E+01  .27519732E+01
   .20000000E+01  .26882531E+01
KBPotential  L  =      1.00000   -.77772
  -.20000000E+01  .10324842E+01
  -.19600000E+01  .10121438E+01
  -.19200000E+01  .99145291E+00
  -.18800000E+01  .97039737E+00
  -.18400000E+01  .94896213E+00
  -.18000000E+01  .92713126E+00
  -.17600000E+01  .90488785E+00
  -.17200000E+01  .88221398E+00
  -.16800000E+01  .85909063E+00
  -.16400000E+01  .83549755E+00
  -.16000000E+01  .81141320E+00
  -.15600000E+01  .78681466E+00
  -.15200000E+01  .76167745E+00
  -.14800000E+01  .73597547E+00
  -.14400000E+01  .70968081E+00
  -.14000000E+01  .68276362E+00
  -.13600000E+01  .65519190E+00
  -.13200000E+01  .62693136E+00
  -.12800000E+01  .59794514E+00
  -.12400000E+01  .56819362E+00
  -.12000000E+01  .53763412E+00
  -.11600000E+01  .50622063E+00
  -.11200000E+01  .47390343E+00
  -.10800000E+01  .44062869E+00
  -.10400000E+01  .40633827E+00
  -.10000000E+01  .37096885E+00
  -.96000000E+00  .33445170E+00
  -.92000000E+00  .29671191E+00
  -.88000000E+00  .25766774E+00
  -.84000000E+00  .21722990E+00
  -.80000000E+00  .17530030E+00
  -.76000000E+00  .13177145E+00
  -.72000000E+00  .86524986E-01
  -.68000000E+00  .39430281E-01
  -.64000000E+00 -.96571345E-02
  -.60000000E+00 -.60897485E-01
  -.56000000E+00 -.11446896E+00
  -.52000000E+00 -.17057032E+00
  -.48000000E+00 -.22942392E+00
  -.44000000E+00 -.29127940E+00
  -.40000000E+00 -.35641794E+00
  -.36000000E+00 -.42515744E+00
  -.32000000E+00 -.49785874E+00
  -.28000000E+00 -.57493311E+00
  -.24000000E+00 -.65685140E+00
  -.20000000E+00 -.74415527E+00
  -.16000000E+00 -.83747099E+00
  -.12000000E+00 -.93752671E+00
  -.80000000E-01 -.10451740E+01
  -.40000000E-01 -.11614152E+01
   .12351231E-14 -.12874386E+01
   .40000000E-01 -.14246630E+01
   .80000000E-01 -.15747973E+01
   .12000000E+00 -.17399184E+01
   .16000000E+00 -.19225755E+01
   .20000000E+00 -.21259332E+01
   .24000000E+00 -.23539685E+01
   .28000000E+00 -.26117499E+01
   .32000000E+00 -.29058397E+01
   .36000000E+00 -.32448874E+01
   .40000000E+00 -.36405321E+01
   .44000000E+00 -.41088161E+01
   .48000000E+00 -.46724846E+01
   .52000000E+00 -.53648957E+01
   .56000000E+00 -.62370277E+01
   .60000000E+00 -.73708832E+01
   .64000000E+00 -.89073267E+01
   .68000000E+00 -.11110449E+02
   .72000000E+00 -.14540031E+02
   .76000000E+00 -.20626260E+02
   .80000000E+00 -.34437293E+02
   .84000000E+00 -.96451472E+02
   .88000000E+00  .13160491E+03
   .92000000E+00  .40122774E+02
   .96000000E+00  .24001639E+02
   .10000000E+01  .17279787E+02
   .10400000E+01  .13588351E+02
   .10800000E+01  .11252248E+02
   .11200000E+01  .96388426E+01
   .11600000E+01  .84561980E+01
   .12000000E+01  .75509406E+01
   .12400000E+01  .68347713E+01
   .12800000E+01  .62532619E+01
   .13200000E+01  .57710355E+01
   .13600000E+01  .53641011E+01
   .14000000E+01  .50156141E+01
   .14400000E+01  .47133998E+01
   .14800000E+01  .44484391E+01
   .15200000E+01  .42139091E+01
   .15600000E+01  .40045520E+01
   .16000000E+01  .38162512E+01
   .16400000E+01  .36457370E+01
   .16800000E+01  .34903796E+01
   .17200000E+01  .33480399E+01
   .17600000E+01  .32169595E+01
   .18000000E+01  .30956801E+01
   .18400000E+01  .29829817E+01
   .18800000E+01  .28778359E+01
   .19200000E+01  .27793695E+01
   .19600000E+01  .26868360E+01
   .20000000E+01  .25995940E+01
KBPotential  L  =      2.00000    .00000
  -.20000000E+01  .17042591E+01
  -.19600000E+01  .16933809E+01
  -.19200000E+01  .16824483E+01
  -.18800000E+01  .16714607E+01
  -.18400000E+01  .16604173E+01
  -.18000000E+01  .16493174E+01
  -.17600000E+01  .16381604E+01
  -.17200000E+01  .16269453E+01
  -.16800000E+01  .16156715E+01
  -.16400000E+01  .16043382E+01
  -.16000000E+01  .15929446E+01
  -.15600000E+01  .15814899E+01
  -.15200000E+01  .15699733E+01
  -.14800000E+01  .15583939E+01
  -.14400000E+01  .15467508E+01
  -.14000000E+01  .15350433E+01
  -.13600000E+01  .15232703E+01
  -.13200000E+01  .15114310E+01
  -.12800000E+01  .14995244E+01
  -.12400000E+01  .14875497E+01
  -.12000000E+01  .14755057E+01
  -.11600000E+01  .14633916E+01
  -.11200000E+01  .14512063E+01
  -.10800000E+01  .14389488E+01
  -.10400000E+01  .14266181E+01
  -.10000000E+01  .14142130E+01
  -.96000000E+00  .14017324E+01
  -.92000000E+00  .13891753E+01
  -.88000000E+00  .13765404E+01
  -.84000000E+00  .13638267E+01
  -.80000000E+00  .13510328E+01
  -.76000000E+00  .13381576E+01
  -.72000000E+00  .13251998E+01
  -.68000000E+00  .13121581E+01
  -.64000000E+00  .12990313E+01
  -.60000000E+00  .12858179E+01
  -.56000000E+00  .12725166E+01
  -.52000000E+00  .12591259E+01
  -.48000000E+00  .12456445E+01
  -.44000000E+00  .12320709E+01
  -.40000000E+00  .12184035E+01
  -.36000000E+00  .12046409E+01
  -.32000000E+00  .11907813E+01
  -.28000000E+00  .11768233E+01
  -.24000000E+00  .11627651E+01
  -.20000000E+00  .11486050E+01
  -.16000000E+00  .11343413E+01
  -.12000000E+00  .11199723E+01
  -.80000000E-01  .11054960E+01
  -.40000000E-01  .10909106E+01
   .12351231E-14  .10762142E+01
   .40000000E-01  .10614048E+01
   .80000000E-01  .10464803E+01
   .12000000E+00  .10314388E+01
   .16000000E+00  .10162780E+01
   .20000000E+00  .10009958E+01
   .24000000E+00  .98558995E+00
   .28000000E+00  .97005810E+00
   .32000000E+00  .95439791E+00
   .36000000E+00  .93860693E+00
   .40000000E+00  .92268268E+00
   .44000000E+00  .90662259E+00
   .48000000E+00  .89042402E+00
   .52000000E+00  .87408425E+00
   .56000000E+00  .85760051E+00
   .60000000E+00  .84096991E+00
   .64000000E+00  .82418952E+00
   .68000000E+00  .80725630E+00
   .72000000E+00  .79016713E+00
   .76000000E+00  .77291880E+00
   .80000000E+00  .75550800E+00
   .84000000E+00  .73793132E+00
   .88000000E+00  .72018526E+00
   .92000000E+00  .70226621E+00
   .96000000E+00  .68417044E+00
   .10000000E+01  .66589412E+00
   .10400000E+01  .64743329E+00
   .10800000E+01  .62878388E+00
   .11200000E+01  .60994168E+00
   .11600000E+01  .59090235E+00
   .12000000E+01  .57166141E+00
   .12400000E+01  .55221421E+00
   .12800000E+01  .53255604E+00
   .13200000E+01  .51268194E+00
   .13600000E+01  .49258682E+00
   .14000000E+01  .47226546E+00
   .14400000E+01  .45171235E+00
   .14800000E+01  .43092189E+00
   .15200000E+01  .40988828E+00
   .15600000E+01  .38860550E+00
   .16000000E+01  .36706731E+00
   .16400000E+01  .34526729E+00
   .16800000E+01  .32319876E+00
   .17200000E+01  .30085480E+00
   .17600000E+01  .27822824E+00
   .18000000E+01  .25531167E+00
   .18400000E+01  .23209739E+00
   .18800000E+01  .20857741E+00
   .19200000E+01  .18474345E+00
   .19600000E+01  .16058691E+00
   .20000000E+01  .13609885E+00
KBPotential  L  =      3.00000    .00000
  -.20000000E+01  .22335305E+01
  -.19600000E+01  .22252535E+01
  -.19200000E+01  .22169521E+01
  -.18800000E+01  .22086263E+01
  -.18400000E+01  .22002757E+01
  -.18000000E+01  .21919002E+01
  -.17600000E+01  .21834995E+01
  -.17200000E+01  .21750736E+01
  -.16800000E+01  .21666222E+01
  -.16400000E+01  .21581451E+01
  -.16000000E+01  .21496421E+01
  -.15600000E+01  .21411130E+01
  -.15200000E+01  .21325576E+01
  -.14800000E+01  .21239756E+01
  -.14400000E+01  .21153669E+01
  -.14000000E+01  .21067313E+01
  -.13600000E+01  .20980685E+01
  -.13200000E+01  .20893783E+01
  -.12800000E+01  .20806605E+01
  -.12400000E+01  .20719148E+01
  -.12000000E+01  .20631411E+01
  -.11600000E+01  .20543390E+01
  -.11200000E+01  .20455085E+01
  -.10800000E+01  .20366491E+01
  -.10400000E+01  .20277608E+01
  -.10000000E+01  .20188432E+01
  -.96000000E+00  .20098961E+01
  -.92000000E+00  .20009192E+01
  -.88000000E+00  .19919123E+01
  -.84000000E+00  .19828752E+01
  -.80000000E+00  .19738075E+01
  -.76000000E+00  .19647091E+01
  -.72000000E+00  .19555796E+01
  -.68000000E+00  .19464188E+01
  -.64000000E+00  .19372264E+01
  -.60000000E+00  .19280021E+01
  -.56000000E+00  .19187456E+01
  -.52000000E+00  .19094568E+01
  -.48000000E+00  .19001352E+01
  -.44000000E+00  .18907806E+01
  -.40000000E+00  .18813926E+01
  -.36000000E+00  .18719711E+01
  -.32000000E+00  .18625157E+01
  -.28000000E+00  .18530260E+01
  -.24000000E+00  .18435018E+01
  -.20000000E+00  .18339427E+01
  -.16000000E+00  .18243485E+01
  -.12000000E+00  .18147188E+01
  -.80000000E-01  .18050533E+01
  -.40000000E-01  .17953516E+01
   .12351231E-14  .17856134E+01
   .40000000E-01  .17758384E+01
   .80000000E-01  .17660262E+01
   .12000000E+00  .17561764E+01
   .16000000E+00  .17462888E+01
   .20000000E+00  .17363629E+01
   .24000000E+00  .17263983E+01
   .28000000E+00  .17163948E+01
   .32000000E+00  .17063519E+01
   .36000000E+00  .16962692E+01
   .40000000E+00  .16861464E+01
   .44000000E+00  .16759830E+01
   .48000000E+00  .16657787E+01
   .52000000E+00  .16555330E+01
   .56000000E+00  .16452456E+01
   .60000000E+00  .16349159E+01
   .64000000E+00  .16245437E+01
   .68000000E+00  .16141284E+01
   .72000000E+00  .16036696E+01
   .76000000E+00  .15931669E+01
   .80000000E+00  .15826199E+01
   .84000000E+00  .15720280E+01
   .88000000E+00  .15613908E+01
   .92000000E+00  .15507078E+01
   .96000000E+00  .15399786E+01
   .10000000E+01  .15292026E+01
   .10400000E+01  .15183795E+01
   .10800000E+01  .15075085E+01
   .11200000E+01  .14965894E+01
   .11600000E+01  .14856215E+01
   .12000000E+01  .14746043E+01
   .12400000E+01  .14635372E+01
   .12800000E+01  .14524199E+01
   .13200000E+01  .14412516E+01
   .13600000E+01  .14300318E+01
   .14000000E+01  .14187600E+01
   .14400000E+01  .14074355E+01
   .14800000E+01  .13960579E+01
   .15200000E+01  .13846264E+01
   .15600000E+01  .13731406E+01
   .16000000E+01  .13615997E+01
   .16400000E+01  .13500032E+01
   .16800000E+01  .13383503E+01
   .17200000E+01  .13266405E+01
   .17600000E+01  .13148731E+01
   .18000000E+01  .13030475E+01
   .18400000E+01  .12911629E+01
   .18800000E+01  .12792186E+01
   .19200000E+01  .12672140E+01
   .19600000E+01  .12551483E+01
   .20000000E+01  .12430208E+01
KBPotential  L  =      4.00000    .00000
  -.20000000E+01  .27521413E+01
  -.19600000E+01  .27453842E+01
  -.19200000E+01  .27386131E+01
  -.18800000E+01  .27318302E+01
  -.18400000E+01  .27250309E+01
  -.18000000E+01  .27182188E+01
  -.17600000E+01  .27113935E+01
  -.17200000E+01  .27045544E+01
  -.16800000E+01  .26977013E+01
  -.16400000E+01  .26908346E+01
  -.16000000E+01  .26839547E+01
  -.15600000E+01  .26770580E+01
  -.15200000E+01  .26701488E+01
  -.14800000E+01  .26632249E+01
  -.14400000E+01  .26562863E+01
  -.14000000E+01  .26493341E+01
  -.13600000E+01  .26423671E+01
  -.13200000E+01  .26353866E+01
  -.12800000E+01  .26283892E+01
  -.12400000E+01  .26213779E+01
  -.12000000E+01  .26143526E+01
  -.11600000E+01  .26073114E+01
  -.11200000E+01  .26002559E+01
  -.10800000E+01  .25931862E+01
  -.10400000E+01  .25860989E+01
  -.10000000E+01  .25789978E+01
  -.96000000E+00  .25718814E+01
  -.92000000E+00  .25647490E+01
  -.88000000E+00  .25576030E+01
  -.84000000E+00  .25504381E+01
  -.80000000E+00  .25432598E+01
  -.76000000E+00  .25360651E+01
  -.72000000E+00  .25288549E+01
  -.68000000E+00  .25216286E+01
  -.64000000E+00  .25143861E+01
  -.60000000E+00  .25071271E+01
  -.56000000E+00  .24998528E+01
  -.52000000E+00  .24925615E+01
  -.48000000E+00  .24852539E+01
  -.44000000E+00  .24779311E+01
  -.40000000E+00  .24705889E+01
  -.36000000E+00  .24632314E+01
  -.32000000E+00  .24558574E+01
  -.28000000E+00  .24484661E+01
  -.24000000E+00  .24410580E+01
  -.20000000E+00  .24336325E+01
  -.16000000E+00  .24261900E+01
  -.12000000E+00  .24187303E+01
  -.80000000E-01  .24112532E+01
  -.40000000E-01  .24037580E+01
   .12351231E-14  .23962456E+01
   .40000000E-01  .23887154E+01
   .80000000E-01  .23811675E+01
   .12000000E+00  .23736015E+01
   .16000000E+00  .23660170E+01
   .20000000E+00  .23584149E+01
   .24000000E+00  .23507944E+01
   .28000000E+00  .23431555E+01
   .32000000E+00  .23354978E+01
   .36000000E+00  .23278216E+01
   .40000000E+00  .23201267E+01
   .44000000E+00  .23124131E+01
   .48000000E+00  .23046801E+01
   .52000000E+00  .22969280E+01
   .56000000E+00  .22891569E+01
   .60000000E+00  .22813664E+01
   .64000000E+00  .22735563E+01
   .68000000E+00  .22657268E+01
   .72000000E+00  .22578774E+01
   .76000000E+00  .22500082E+01
   .80000000E+00  .22421190E+01
   .84000000E+00  .22342098E+01
   .88000000E+00  .22262803E+01
   .92000000E+00  .22183303E+01
   .96000000E+00  .22103599E+01
   .10000000E+01  .22023688E+01
   .10400000E+01  .21943570E+01
   .10800000E+01  .21863241E+01
   .11200000E+01  .21782703E+01
   .11600000E+01  .21701953E+01
   .12000000E+01  .21620989E+01
   .12400000E+01  .21539811E+01
   .12800000E+01  .21458416E+01
   .13200000E+01  .21376803E+01
   .13600000E+01  .21294971E+01
   .14000000E+01  .21212919E+01
   .14400000E+01  .21130645E+01
   .14800000E+01  .21048147E+01
   .15200000E+01  .20965423E+01
   .15600000E+01  .20882473E+01
   .16000000E+01  .20799295E+01
   .16400000E+01  .20715886E+01
   .16800000E+01  .20632246E+01
   .17200000E+01  .20548373E+01
   .17600000E+01  .20464265E+01
   .18000000E+01  .20379921E+01
   .18400000E+01  .20295339E+01
   .18800000E+01  .20210517E+01
   .19200000E+01  .20125454E+01
   .19600000E+01  .20040146E+01
   .20000000E+01  .19954595E+01
