  PAW As                                 
 100
Core Pot   L  =         .00000  -1.06340
  -.20000000E+01  .52408692E+00
  -.19600000E+01  .49262162E+00
  -.19200000E+01  .46029566E+00
  -.18800000E+01  .42706099E+00
  -.18400000E+01  .39286585E+00
  -.18000000E+01  .35765433E+00
  -.17600000E+01  .32136601E+00
  -.17200000E+01  .28393541E+00
  -.16800000E+01  .24529153E+00
  -.16400000E+01  .20535720E+00
  -.16000000E+01  .16404842E+00
  -.15600000E+01  .12127358E+00
  -.15200000E+01  .76932547E-01
  -.14800000E+01  .30915707E-01
  -.14400000E+01 -.16897258E-01
  -.14000000E+01 -.66638655E-01
  -.13600000E+01 -.11845434E+00
  -.13200000E+01 -.17250550E+00
  -.12800000E+01 -.22897074E+00
  -.12400000E+01 -.28804844E+00
  -.12000000E+01 -.34995969E+00
  -.11600000E+01 -.41495152E+00
  -.11200000E+01 -.48330091E+00
  -.10800000E+01 -.55531942E+00
  -.10400000E+01 -.63135883E+00
  -.10000000E+01 -.71181777E+00
  -.96000000E+00 -.79714988E+00
  -.92000000E+00 -.88787356E+00
  -.88000000E+00 -.98458407E+00
  -.84000000E+00 -.10879682E+01
  -.80000000E+00 -.11988228E+01
  -.76000000E+00 -.13180773E+01
  -.72000000E+00 -.14468231E+01
  -.68000000E+00 -.15863502E+01
  -.64000000E+00 -.17381942E+01
  -.60000000E+00 -.19041983E+01
  -.56000000E+00 -.20865941E+01
  -.52000000E+00 -.22881093E+01
  -.48000000E+00 -.25121146E+01
  -.44000000E+00 -.27628239E+01
  -.40000000E+00 -.30455765E+01
  -.36000000E+00 -.33672396E+01
  -.32000000E+00 -.37367963E+01
  -.28000000E+00 -.41662295E+01
  -.24000000E+00 -.46718877E+01
  -.20000000E+00 -.52766725E+01
  -.16000000E+00 -.60136881E+01
  -.12000000E+00 -.69326345E+01
  -.80000000E-01 -.81116979E+01
  -.40000000E-01 -.96813742E+01
   .12351231E-14 -.11877002E+02
   .40000000E-01 -.15170516E+02
   .80000000E-01 -.20667596E+02
   .12000000E+00 -.31709069E+02
   .16000000E+00 -.65289737E+02
   .20000000E+00  .30548510E+04
   .24000000E+00  .64763174E+02
   .28000000E+00  .33259411E+02
   .32000000E+00  .22602140E+02
   .36000000E+00  .17239218E+02
   .40000000E+00  .14007466E+02
   .44000000E+00  .11845036E+02
   .48000000E+00  .10295011E+02
   .52000000E+00  .91283231E+01
   .56000000E+00  .82174746E+01
   .60000000E+00  .74858568E+01
   .64000000E+00  .68846650E+01
   .68000000E+00  .63813335E+01
   .72000000E+00  .59533003E+01
   .76000000E+00  .55844397E+01
   .80000000E+00  .52629197E+01
   .84000000E+00  .49798623E+01
   .88000000E+00  .47284755E+01
   .92000000E+00  .45034749E+01
   .96000000E+00  .43006868E+01
   .10000000E+01  .41167715E+01
   .10400000E+01  .39490244E+01
   .10800000E+01  .37952320E+01
   .11200000E+01  .36535654E+01
   .11600000E+01  .35224998E+01
   .12000000E+01  .34007543E+01
   .12400000E+01  .32872445E+01
   .12800000E+01  .31810464E+01
   .13200000E+01  .30813679E+01
   .13600000E+01  .29875257E+01
   .14000000E+01  .28989275E+01
   .14400000E+01  .28150572E+01
   .14800000E+01  .27354630E+01
   .15200000E+01  .26597477E+01
   .15600000E+01  .25875606E+01
   .16000000E+01  .25185910E+01
   .16400000E+01  .24525624E+01
   .16800000E+01  .23892282E+01
   .17200000E+01  .23283675E+01
   .17600000E+01  .22697818E+01
   .18000000E+01  .22132925E+01
   .18400000E+01  .21587381E+01
   .18800000E+01  .21059723E+01
   .19200000E+01  .20548624E+01
   .19600000E+01  .20052876E+01
   .20000000E+01  .19571375E+01
Potential  L  =         .00000  -1.06340
  -.20000000E+01  .66961271E+00
  -.19600000E+01  .63962806E+00
  -.19200000E+01  .60865549E+00
  -.18800000E+01  .57662156E+00
  -.18400000E+01  .54344507E+00
  -.18000000E+01  .50903567E+00
  -.17600000E+01  .47329306E+00
  -.17200000E+01  .43610516E+00
  -.16800000E+01  .39734647E+00
  -.16400000E+01  .35687591E+00
  -.16000000E+01  .31453435E+00
  -.15600000E+01  .27014176E+00
  -.15200000E+01  .22349332E+00
  -.14800000E+01  .17435523E+00
  -.14400000E+01  .12245931E+00
  -.14000000E+01  .67496409E-01
  -.13600000E+01  .91082513E-02
  -.13200000E+01 -.53122788E-01
  -.12800000E+01 -.11968650E+00
  -.12400000E+01 -.19116121E+00
  -.12000000E+01 -.26823472E+00
  -.11600000E+01 -.35173163E+00
  -.11200000E+01 -.44264912E+00
  -.10800000E+01 -.54220470E+00
  -.10400000E+01 -.65190067E+00
  -.10000000E+01 -.77361273E+00
  -.96000000E+00 -.90971367E+00
  -.92000000E+00 -.10632500E+01
  -.88000000E+00 -.12381993E+01
  -.84000000E+00 -.14398558E+01
  -.80000000E+00 -.16754243E+01
  -.76000000E+00 -.19549681E+01
  -.72000000E+00 -.22929825E+01
  -.68000000E+00 -.27111381E+01
  -.64000000E+00 -.32433472E+01
  -.60000000E+00 -.39458310E+01
  -.56000000E+00 -.49190768E+01
  -.52000000E+00 -.63620830E+01
  -.48000000E+00 -.87322731E+01
  -.44000000E+00 -.13366666E+02
  -.40000000E+00 -.26553538E+02
  -.36000000E+00 -.36843228E+03
  -.32000000E+00  .32985084E+02
  -.28000000E+00  .16211436E+02
  -.24000000E+00  .10916036E+02
  -.20000000E+00  .83140823E+01
  -.16000000E+00  .67630937E+01
  -.12000000E+00  .57303991E+01
  -.80000000E-01  .49912343E+01
  -.40000000E-01  .44343533E+01
   .12351231E-14  .39983933E+01
   .40000000E-01  .36467369E+01
   .80000000E-01  .33561765E+01
   .12000000E+00  .31112917E+01
   .16000000E+00  .29014349E+01
   .20000000E+00  .27190174E+01
   .24000000E+00  .25584837E+01
   .28000000E+00  .24156732E+01
   .32000000E+00  .22874078E+01
   .36000000E+00  .21712179E+01
   .40000000E+00  .20651549E+01
   .44000000E+00  .19676605E+01
   .48000000E+00  .18774736E+01
   .52000000E+00  .17935619E+01
   .56000000E+00  .17150726E+01
   .60000000E+00  .16412943E+01
   .64000000E+00  .15716290E+01
   .68000000E+00  .15055700E+01
   .72000000E+00  .14426847E+01
   .76000000E+00  .13826018E+01
   .80000000E+00  .13250001E+01
   .84000000E+00  .12696005E+01
   .88000000E+00  .12161589E+01
   .92000000E+00  .11644608E+01
   .96000000E+00  .11143168E+01
   .10000000E+01  .10655586E+01
   .10400000E+01  .10180362E+01
   .10800000E+01  .97161529E+00
   .11200000E+01  .92617482E+00
   .11600000E+01  .88160548E+00
   .12000000E+01  .83780799E+00
   .12400000E+01  .79469183E+00
   .12800000E+01  .75217412E+00
   .13200000E+01  .71017860E+00
   .13600000E+01  .66863486E+00
   .14000000E+01  .62747753E+00
   .14400000E+01  .58664557E+00
   .14800000E+01  .54608234E+00
   .15200000E+01  .50573409E+00
   .15600000E+01  .46555022E+00
   .16000000E+01  .42548271E+00
   .16400000E+01  .38548582E+00
   .16800000E+01  .34551569E+00
   .17200000E+01  .30553021E+00
   .17600000E+01  .26548859E+00
   .18000000E+01  .22535127E+00
   .18400000E+01  .18507982E+00
   .18800000E+01  .14463596E+00
   .19200000E+01  .10398267E+00
   .19600000E+01  .63083060E-01
   .20000000E+01  .21900441E-01
Core Pot   L  =        1.00000   -.38234
  -.20000000E+01  .97120096E+00
  -.19600000E+01  .95178152E+00
  -.19200000E+01  .93208745E+00
  -.18800000E+01  .91210977E+00
  -.18400000E+01  .89183911E+00
  -.18000000E+01  .87126561E+00
  -.17600000E+01  .85037899E+00
  -.17200000E+01  .82916844E+00
  -.16800000E+01  .80762261E+00
  -.16400000E+01  .78572961E+00
  -.16000000E+01  .76347692E+00
  -.15600000E+01  .74085141E+00
  -.15200000E+01  .71783924E+00
  -.14800000E+01  .69442586E+00
  -.14400000E+01  .67059592E+00
  -.14000000E+01  .64633326E+00
  -.13600000E+01  .62162083E+00
  -.13200000E+01  .59644062E+00
  -.12800000E+01  .57077360E+00
  -.12400000E+01  .54459966E+00
  -.12000000E+01  .51789751E+00
  -.11600000E+01  .49064459E+00
  -.11200000E+01  .46281702E+00
  -.10800000E+01  .43438942E+00
  -.10400000E+01  .40533484E+00
  -.10000000E+01  .37562466E+00
  -.96000000E+00  .34522841E+00
  -.92000000E+00  .31411364E+00
  -.88000000E+00  .28224574E+00
  -.84000000E+00  .24958777E+00
  -.80000000E+00  .21610025E+00
  -.76000000E+00  .18174098E+00
  -.72000000E+00  .14646471E+00
  -.68000000E+00  .11022294E+00
  -.64000000E+00  .72963605E-01
  -.60000000E+00  .34630701E-01
  -.56000000E+00 -.48360551E-02
  -.52000000E+00 -.45501661E-01
  -.48000000E+00 -.87436296E-01
  -.44000000E+00 -.13071585E+00
  -.40000000E+00 -.17542252E+00
  -.36000000E+00 -.22164551E+00
  -.32000000E+00 -.26948169E+00
  -.28000000E+00 -.31903659E+00
  -.24000000E+00 -.37042531E+00
  -.20000000E+00 -.42377360E+00
  -.16000000E+00 -.47921921E+00
  -.12000000E+00 -.53691329E+00
  -.80000000E-01 -.59702210E+00
  -.40000000E-01 -.65972893E+00
   .12351231E-14 -.72523636E+00
   .40000000E-01 -.79376883E+00
   .80000000E-01 -.86557576E+00
   .12000000E+00 -.94093502E+00
   .16000000E+00 -.10201572E+01
   .20000000E+00 -.11035905E+01
   .24000000E+00 -.11916267E+01
   .28000000E+00 -.12847081E+01
   .32000000E+00 -.13833361E+01
   .36000000E+00 -.14880812E+01
   .40000000E+00 -.15995955E+01
   .44000000E+00 -.17186277E+01
   .48000000E+00 -.18460419E+01
   .52000000E+00 -.19828407E+01
   .56000000E+00 -.21301938E+01
   .60000000E+00 -.22894747E+01
   .64000000E+00 -.24623070E+01
   .68000000E+00 -.26506239E+01
   .72000000E+00 -.28567462E+01
   .76000000E+00 -.30834840E+01
   .80000000E+00 -.33342730E+01
   .84000000E+00 -.36133592E+01
   .88000000E+00 -.39260527E+01
   .92000000E+00 -.42790829E+01
   .96000000E+00 -.46811072E+01
   .10000000E+01 -.51434547E+01
   .10400000E+01 -.56812427E+01
   .10800000E+01 -.63151052E+01
   .11200000E+01 -.70739618E+01
   .11600000E+01 -.79996402E+01
   .12000000E+01 -.91549839E+01
   .12400000E+01 -.10638947E+02
   .12800000E+01 -.12616880E+02
   .13200000E+01 -.15387449E+02
   .13600000E+01 -.19550910E+02
   .14000000E+01 -.26518334E+02
   .14400000E+01 -.40578728E+02
   .14800000E+01 -.83869123E+02
   .15200000E+01  .21053006E+04
   .15600000E+01  .79527425E+02
   .16000000E+01  .40990736E+02
   .16400000E+01  .27809219E+02
   .16800000E+01  .21149004E+02
   .17200000E+01  .17127380E+02
   .17600000E+01  .14433492E+02
   .18000000E+01  .12501416E+02
   .18400000E+01  .11046827E+02
   .18800000E+01  .99112219E+01
   .19200000E+01  .89992562E+01
   .19600000E+01  .82501325E+01
   .20000000E+01  .76232541E+01
Potential  L  =        1.00000   -.38234
  -.20000000E+01  .10131434E+01
  -.19600000E+01  .99404854E+00
  -.19200000E+01  .97466849E+00
  -.18800000E+01  .95499293E+00
  -.18400000E+01  .93501096E+00
  -.18000000E+01  .91471110E+00
  -.17600000E+01  .89408125E+00
  -.17200000E+01  .87310863E+00
  -.16800000E+01  .85177976E+00
  -.16400000E+01  .83008035E+00
  -.16000000E+01  .80799530E+00
  -.15600000E+01  .78550864E+00
  -.15200000E+01  .76260345E+00
  -.14800000E+01  .73926174E+00
  -.14400000E+01  .71546444E+00
  -.14000000E+01  .69119128E+00
  -.13600000E+01  .66642069E+00
  -.13200000E+01  .64112970E+00
  -.12800000E+01  .61529382E+00
  -.12400000E+01  .58888690E+00
  -.12000000E+01  .56188104E+00
  -.11600000E+01  .53424634E+00
  -.11200000E+01  .50595085E+00
  -.10800000E+01  .47696019E+00
  -.10400000E+01  .44723753E+00
  -.10000000E+01  .41674328E+00
  -.96000000E+00  .38543479E+00
  -.92000000E+00  .35326603E+00
  -.88000000E+00  .32018738E+00
  -.84000000E+00  .28614512E+00
  -.80000000E+00  .25108103E+00
  -.76000000E+00  .21493199E+00
  -.72000000E+00  .17762934E+00
  -.68000000E+00  .13909833E+00
  -.64000000E+00  .99257406E-01
  -.60000000E+00  .58017384E-01
  -.56000000E+00  .15280568E-01
  -.52000000E+00 -.29060305E-01
  -.48000000E+00 -.75123275E-01
  -.44000000E+00 -.12303855E+00
  -.40000000E+00 -.17295012E+00
  -.36000000E+00 -.22501765E+00
  -.32000000E+00 -.27941866E+00
  -.28000000E+00 -.33635110E+00
  -.24000000E+00 -.39603640E+00
  -.20000000E+00 -.45872307E+00
  -.16000000E+00 -.52469096E+00
  -.12000000E+00 -.59425639E+00
  -.80000000E-01 -.66777828E+00
  -.40000000E-01 -.74566560E+00
   .12351231E-14 -.82838645E+00
   .40000000E-01 -.91647911E+00
   .80000000E-01 -.10105657E+01
   .12000000E+00 -.11113695E+01
   .16000000E+00 -.12197356E+01
   .20000000E+00 -.13366588E+01
   .24000000E+00 -.14633174E+01
   .28000000E+00 -.16011181E+01
   .32000000E+00 -.17517540E+01
   .36000000E+00 -.19172814E+01
   .40000000E+00 -.21002231E+01
   .44000000E+00 -.23037080E+01
   .48000000E+00 -.25316657E+01
   .52000000E+00 -.27890993E+01
   .56000000E+00 -.30824797E+01
   .60000000E+00 -.34203264E+01
   .64000000E+00 -.38140874E+01
   .68000000E+00 -.42795168E+01
   .72000000E+00 -.48389095E+01
   .76000000E+00 -.55248885E+01
   .80000000E+00 -.63871707E+01
   .84000000E+00 -.75054492E+01
   .88000000E+00 -.90159980E+01
   .92000000E+00 -.11172722E+02
   .96000000E+00 -.14509011E+02
   .10000000E+01 -.20368292E+02
   .10400000E+01 -.33382885E+02
   .10800000E+01 -.87415995E+02
   .11200000E+01  .15365156E+03
   .11600000E+01  .41771819E+02
   .12000000E+01  .24448647E+02
   .12400000E+01  .17409597E+02
   .12800000E+01  .13588270E+02
   .13200000E+01  .11185696E+02
   .13600000E+01  .95332470E+01
   .14000000E+01  .83253771E+01
   .14400000E+01  .74026277E+01
   .14800000E+01  .66736397E+01
   .15200000E+01  .60823062E+01
   .15600000E+01  .55922652E+01
   .16000000E+01  .51789158E+01
   .16400000E+01  .48250190E+01
   .16800000E+01  .45181347E+01
   .17200000E+01  .42490609E+01
   .17600000E+01  .40108441E+01
   .18000000E+01  .37981323E+01
   .18400000E+01  .36067382E+01
   .18800000E+01  .34333391E+01
   .19200000E+01  .32752644E+01
   .19600000E+01  .31303431E+01
   .20000000E+01  .29967920E+01
Core Pot   L  =        2.00000   -.40000
  -.20000000E+01  .15280906E+01
  -.19600000E+01  .15121026E+01
  -.19200000E+01  .14962595E+01
  -.18800000E+01  .14805337E+01
  -.18400000E+01  .14649012E+01
  -.18000000E+01  .14493410E+01
  -.17600000E+01  .14338346E+01
  -.17200000E+01  .14183657E+01
  -.16800000E+01  .14029197E+01
  -.16400000E+01  .13874833E+01
  -.16000000E+01  .13720448E+01
  -.15600000E+01  .13565932E+01
  -.15200000E+01  .13411188E+01
  -.14800000E+01  .13256123E+01
  -.14400000E+01  .13100654E+01
  -.14000000E+01  .12944701E+01
  -.13600000E+01  .12788190E+01
  -.13200000E+01  .12631052E+01
  -.12800000E+01  .12473220E+01
  -.12400000E+01  .12314632E+01
  -.12000000E+01  .12155227E+01
  -.11600000E+01  .11994947E+01
  -.11200000E+01  .11833734E+01
  -.10800000E+01  .11671535E+01
  -.10400000E+01  .11508296E+01
  -.10000000E+01  .11343963E+01
  -.96000000E+00  .11178486E+01
  -.92000000E+00  .11011811E+01
  -.88000000E+00  .10843889E+01
  -.84000000E+00  .10674669E+01
  -.80000000E+00  .10504099E+01
  -.76000000E+00  .10332128E+01
  -.72000000E+00  .10158706E+01
  -.68000000E+00  .99837790E+00
  -.64000000E+00  .98072960E+00
  -.60000000E+00  .96292035E+00
  -.56000000E+00  .94494474E+00
  -.52000000E+00  .92679727E+00
  -.48000000E+00  .90847234E+00
  -.44000000E+00  .88996422E+00
  -.40000000E+00  .87126704E+00
  -.36000000E+00  .85237480E+00
  -.32000000E+00  .83328132E+00
  -.28000000E+00  .81398027E+00
  -.24000000E+00  .79446512E+00
  -.20000000E+00  .77472915E+00
  -.16000000E+00  .75476542E+00
  -.12000000E+00  .73456677E+00
  -.80000000E-01  .71412580E+00
  -.40000000E-01  .69343486E+00
   .12351231E-14  .67248600E+00
   .40000000E-01  .65127101E+00
   .80000000E-01  .62978136E+00
   .12000000E+00  .60800818E+00
   .16000000E+00  .58594228E+00
   .20000000E+00  .56357408E+00
   .24000000E+00  .54089361E+00
   .28000000E+00  .51789051E+00
   .32000000E+00  .49455395E+00
   .36000000E+00  .47087264E+00
   .40000000E+00  .44683482E+00
   .44000000E+00  .42242817E+00
   .48000000E+00  .39763984E+00
   .52000000E+00  .37245637E+00
   .56000000E+00  .34686367E+00
   .60000000E+00  .32084699E+00
   .64000000E+00  .29439087E+00
   .68000000E+00  .26747906E+00
   .72000000E+00  .24009454E+00
   .76000000E+00  .21221941E+00
   .80000000E+00  .18383484E+00
   .84000000E+00  .15492104E+00
   .88000000E+00  .12545715E+00
   .92000000E+00  .95421190E-01
   .96000000E+00  .64789996E-01
   .10000000E+01  .33539101E-01
   .10400000E+01  .16426637E-02
   .10800000E+01 -.30926638E-01
   .11200000E+01 -.64197715E-01
   .11600000E+01 -.98201188E-01
   .12000000E+01 -.13296952E+00
   .12400000E+01 -.16853714E+00
   .12800000E+01 -.20494065E+00
   .13200000E+01 -.24221892E+00
   .13600000E+01 -.28041334E+00
   .14000000E+01 -.31956800E+00
   .14400000E+01 -.35972990E+00
   .14800000E+01 -.40094924E+00
   .15200000E+01 -.44327966E+00
   .15600000E+01 -.48677855E+00
   .16000000E+01 -.53150740E+00
   .16400000E+01 -.57753218E+00
   .16800000E+01 -.62492372E+00
   .17200000E+01 -.67375821E+00
   .17600000E+01 -.72411771E+00
   .18000000E+01 -.77609071E+00
   .18400000E+01 -.82977278E+00
   .18800000E+01 -.88526732E+00
   .19200000E+01 -.94268636E+00
   .19600000E+01 -.10021515E+01
   .20000000E+01 -.10637949E+01
Potential  L  =        2.00000   -.40000
  -.20000000E+01  .14637504E+01
  -.19600000E+01  .14510974E+01
  -.19200000E+01  .14383586E+01
  -.18800000E+01  .14255326E+01
  -.18400000E+01  .14126179E+01
  -.18000000E+01  .13996127E+01
  -.17600000E+01  .13865156E+01
  -.17200000E+01  .13733249E+01
  -.16800000E+01  .13600389E+01
  -.16400000E+01  .13466557E+01
  -.16000000E+01  .13331737E+01
  -.15600000E+01  .13195910E+01
  -.15200000E+01  .13059057E+01
  -.14800000E+01  .12921158E+01
  -.14400000E+01  .12782193E+01
  -.14000000E+01  .12642142E+01
  -.13600000E+01  .12500983E+01
  -.13200000E+01  .12358694E+01
  -.12800000E+01  .12215254E+01
  -.12400000E+01  .12070638E+01
  -.12000000E+01  .11924824E+01
  -.11600000E+01  .11777786E+01
  -.11200000E+01  .11629499E+01
  -.10800000E+01  .11479937E+01
  -.10400000E+01  .11329074E+01
  -.10000000E+01  .11176881E+01
  -.96000000E+00  .11023330E+01
  -.92000000E+00  .10868392E+01
  -.88000000E+00  .10712035E+01
  -.84000000E+00  .10554229E+01
  -.80000000E+00  .10394942E+01
  -.76000000E+00  .10234139E+01
  -.72000000E+00  .10071786E+01
  -.68000000E+00  .99078474E+00
  -.64000000E+00  .97422864E+00
  -.60000000E+00  .95750645E+00
  -.56000000E+00  .94061424E+00
  -.52000000E+00  .92354790E+00
  -.48000000E+00  .90630320E+00
  -.44000000E+00  .88887576E+00
  -.40000000E+00  .87126104E+00
  -.36000000E+00  .85345434E+00
  -.32000000E+00  .83545077E+00
  -.28000000E+00  .81724530E+00
  -.24000000E+00  .79883266E+00
  -.20000000E+00  .78020743E+00
  -.16000000E+00  .76136396E+00
  -.12000000E+00  .74229639E+00
  -.80000000E-01  .72299862E+00
  -.40000000E-01  .70346433E+00
   .12351231E-14  .68368694E+00
   .40000000E-01  .66365961E+00
   .80000000E-01  .64337521E+00
   .12000000E+00  .62282635E+00
   .16000000E+00  .60200530E+00
   .20000000E+00  .58090403E+00
   .24000000E+00  .55951416E+00
   .28000000E+00  .53782695E+00
   .32000000E+00  .51583328E+00
   .36000000E+00  .49352365E+00
   .40000000E+00  .47088811E+00
   .44000000E+00  .44791630E+00
   .48000000E+00  .42459733E+00
   .52000000E+00  .40091992E+00
   .56000000E+00  .37687214E+00
   .60000000E+00  .35244156E+00
   .64000000E+00  .32761516E+00
   .68000000E+00  .30237929E+00
   .72000000E+00  .27671962E+00
   .76000000E+00  .25062113E+00
   .80000000E+00  .22406801E+00
   .84000000E+00  .19704370E+00
   .88000000E+00  .16953075E+00
   .92000000E+00  .14151080E+00
   .96000000E+00  .11296453E+00
   .10000000E+01  .83871589E-01
   .10400000E+01  .54210509E-01
   .10800000E+01  .23958622E-01
   .11200000E+01 -.69079831E-02
   .11600000E+01 -.38414588E-01
   .12000000E+01 -.70587930E-01
   .12400000E+01 -.10345631E+00
   .12800000E+01 -.13704972E+00
   .13200000E+01 -.17139994E+00
   .13600000E+01 -.20654074E+00
   .14000000E+01 -.24250796E+00
   .14400000E+01 -.27933971E+00
   .14800000E+01 -.31707657E+00
   .15200000E+01 -.35576175E+00
   .15600000E+01 -.39544137E+00
   .16000000E+01 -.43616465E+00
   .16400000E+01 -.47798420E+00
   .16800000E+01 -.52095632E+00
   .17200000E+01 -.56514135E+00
   .17600000E+01 -.61060400E+00
   .18000000E+01 -.65741376E+00
   .18400000E+01 -.70564541E+00
   .18800000E+01 -.75537945E+00
   .19200000E+01 -.80670273E+00
   .19600000E+01 -.85970904E+00
   .20000000E+01 -.91449985E+00
Core Pot   L  =        3.00000   -.10000
  -.20000000E+01  .18357812E+01
  -.19600000E+01  .18254355E+01
  -.19200000E+01  .18150401E+01
  -.18800000E+01  .18045944E+01
  -.18400000E+01  .17940978E+01
  -.18000000E+01  .17835495E+01
  -.17600000E+01  .17729490E+01
  -.17200000E+01  .17622955E+01
  -.16800000E+01  .17515884E+01
  -.16400000E+01  .17408268E+01
  -.16000000E+01  .17300100E+01
  -.15600000E+01  .17191373E+01
  -.15200000E+01  .17082080E+01
  -.14800000E+01  .16972212E+01
  -.14400000E+01  .16861761E+01
  -.14000000E+01  .16750720E+01
  -.13600000E+01  .16639079E+01
  -.13200000E+01  .16526830E+01
  -.12800000E+01  .16413964E+01
  -.12400000E+01  .16300474E+01
  -.12000000E+01  .16186348E+01
  -.11600000E+01  .16071578E+01
  -.11200000E+01  .15956155E+01
  -.10800000E+01  .15840069E+01
  -.10400000E+01  .15723309E+01
  -.10000000E+01  .15605865E+01
  -.96000000E+00  .15487728E+01
  -.92000000E+00  .15368886E+01
  -.88000000E+00  .15249328E+01
  -.84000000E+00  .15129043E+01
  -.80000000E+00  .15008020E+01
  -.76000000E+00  .14886247E+01
  -.72000000E+00  .14763711E+01
  -.68000000E+00  .14640401E+01
  -.64000000E+00  .14516304E+01
  -.60000000E+00  .14391407E+01
  -.56000000E+00  .14265697E+01
  -.52000000E+00  .14139159E+01
  -.48000000E+00  .14011781E+01
  -.44000000E+00  .13883548E+01
  -.40000000E+00  .13754445E+01
  -.36000000E+00  .13624457E+01
  -.32000000E+00  .13493569E+01
  -.28000000E+00  .13361765E+01
  -.24000000E+00  .13229028E+01
  -.20000000E+00  .13095343E+01
  -.16000000E+00  .12960691E+01
  -.12000000E+00  .12825056E+01
  -.80000000E-01  .12688419E+01
  -.40000000E-01  .12550762E+01
   .12351231E-14  .12412065E+01
   .40000000E-01  .12272310E+01
   .80000000E-01  .12131475E+01
   .12000000E+00  .11989541E+01
   .16000000E+00  .11846485E+01
   .20000000E+00  .11702287E+01
   .24000000E+00  .11556923E+01
   .28000000E+00  .11410370E+01
   .32000000E+00  .11262604E+01
   .36000000E+00  .11113601E+01
   .40000000E+00  .10963336E+01
   .44000000E+00  .10811781E+01
   .48000000E+00  .10658911E+01
   .52000000E+00  .10504697E+01
   .56000000E+00  .10349112E+01
   .60000000E+00  .10192124E+01
   .64000000E+00  .10033705E+01
   .68000000E+00  .98738219E+00
   .72000000E+00  .97124431E+00
   .76000000E+00  .95495349E+00
   .80000000E+00  .93850627E+00
   .84000000E+00  .92189909E+00
   .88000000E+00  .90512824E+00
   .92000000E+00  .88818991E+00
   .96000000E+00  .87108016E+00
   .10000000E+01  .85379490E+00
   .10400000E+01  .83632991E+00
   .10800000E+01  .81868080E+00
   .11200000E+01  .80084307E+00
   .11600000E+01  .78281201E+00
   .12000000E+01  .76458277E+00
   .12400000E+01  .74615031E+00
   .12800000E+01  .72750942E+00
   .13200000E+01  .70865466E+00
   .13600000E+01  .68958043E+00
   .14000000E+01  .67028090E+00
   .14400000E+01  .65074999E+00
   .14800000E+01  .63098143E+00
   .15200000E+01  .61096867E+00
   .15600000E+01  .59070491E+00
   .16000000E+01  .57018308E+00
   .16400000E+01  .54939584E+00
   .16800000E+01  .52833550E+00
   .17200000E+01  .50699411E+00
   .17600000E+01  .48536335E+00
   .18000000E+01  .46343456E+00
   .18400000E+01  .44119871E+00
   .18800000E+01  .41864636E+00
   .19200000E+01  .39576769E+00
   .19600000E+01  .37255242E+00
   .20000000E+01  .34898981E+00
Potential  L  =        3.00000   -.10000
  -.20000000E+01  .18363887E+01
  -.19600000E+01  .18260273E+01
  -.19200000E+01  .18156161E+01
  -.18800000E+01  .18051546E+01
  -.18400000E+01  .17946420E+01
  -.18000000E+01  .17840778E+01
  -.17600000E+01  .17734612E+01
  -.17200000E+01  .17627915E+01
  -.16800000E+01  .17520682E+01
  -.16400000E+01  .17412904E+01
  -.16000000E+01  .17304574E+01
  -.15600000E+01  .17195685E+01
  -.15200000E+01  .17086228E+01
  -.14800000E+01  .16976198E+01
  -.14400000E+01  .16865585E+01
  -.14000000E+01  .16754381E+01
  -.13600000E+01  .16642578E+01
  -.13200000E+01  .16530168E+01
  -.12800000E+01  .16417143E+01
  -.12400000E+01  .16303492E+01
  -.12000000E+01  .16189208E+01
  -.11600000E+01  .16074282E+01
  -.11200000E+01  .15958703E+01
  -.10800000E+01  .15842462E+01
  -.10400000E+01  .15725550E+01
  -.10000000E+01  .15607957E+01
  -.96000000E+00  .15489672E+01
  -.92000000E+00  .15370685E+01
  -.88000000E+00  .15250985E+01
  -.84000000E+00  .15130561E+01
  -.80000000E+00  .15009402E+01
  -.76000000E+00  .14887497E+01
  -.72000000E+00  .14764834E+01
  -.68000000E+00  .14641402E+01
  -.64000000E+00  .14517186E+01
  -.60000000E+00  .14392176E+01
  -.56000000E+00  .14266359E+01
  -.52000000E+00  .14139720E+01
  -.48000000E+00  .14012248E+01
  -.44000000E+00  .13883927E+01
  -.40000000E+00  .13754744E+01
  -.36000000E+00  .13624684E+01
  -.32000000E+00  .13493733E+01
  -.28000000E+00  .13361875E+01
  -.24000000E+00  .13229095E+01
  -.20000000E+00  .13095376E+01
  -.16000000E+00  .12960702E+01
  -.12000000E+00  .12825057E+01
  -.80000000E-01  .12688423E+01
  -.40000000E-01  .12550783E+01
   .12351231E-14  .12412117E+01
   .40000000E-01  .12272408E+01
   .80000000E-01  .12131637E+01
   .12000000E+00  .11989783E+01
   .16000000E+00  .11846827E+01
   .20000000E+00  .11702747E+01
   .24000000E+00  .11557522E+01
   .28000000E+00  .11411131E+01
   .32000000E+00  .11263551E+01
   .36000000E+00  .11114758E+01
   .40000000E+00  .10964729E+01
   .44000000E+00  .10813439E+01
   .48000000E+00  .10660863E+01
   .52000000E+00  .10506975E+01
   .56000000E+00  .10351748E+01
   .60000000E+00  .10195154E+01
   .64000000E+00  .10037166E+01
   .68000000E+00  .98777536E+00
   .72000000E+00  .97168872E+00
   .76000000E+00  .95545356E+00
   .80000000E+00  .93906668E+00
   .84000000E+00  .92252477E+00
   .88000000E+00  .90582445E+00
   .92000000E+00  .88896219E+00
   .96000000E+00  .87193437E+00
   .10000000E+01  .85473725E+00
   .10400000E+01  .83736696E+00
   .10800000E+01  .81981952E+00
   .11200000E+01  .80209080E+00
   .11600000E+01  .78417655E+00
   .12000000E+01  .76607236E+00
   .12400000E+01  .74777367E+00
   .12800000E+01  .72927578E+00
   .13200000E+01  .71057382E+00
   .13600000E+01  .69166274E+00
   .14000000E+01  .67253732E+00
   .14400000E+01  .65319214E+00
   .14800000E+01  .63362161E+00
   .15200000E+01  .61381992E+00
   .15600000E+01  .59378106E+00
   .16000000E+01  .57349877E+00
   .16400000E+01  .55296657E+00
   .16800000E+01  .53217776E+00
   .17200000E+01  .51112534E+00
   .17600000E+01  .48980208E+00
   .18000000E+01  .46820043E+00
   .18400000E+01  .44631258E+00
   .18800000E+01  .42413032E+00
   .19200000E+01  .40164535E+00
   .19600000E+01  .37884870E+00
   .20000000E+01  .35573124E+00
Core Pot   L  =        4.00000    .00000
  -.20000000E+01  .22677119E+01
  -.19600000E+01  .22594046E+01
  -.19200000E+01  .22510717E+01
  -.18800000E+01  .22427131E+01
  -.18400000E+01  .22343286E+01
  -.18000000E+01  .22259179E+01
  -.17600000E+01  .22174808E+01
  -.17200000E+01  .22090172E+01
  -.16800000E+01  .22005267E+01
  -.16400000E+01  .21920092E+01
  -.16000000E+01  .21834645E+01
  -.15600000E+01  .21748922E+01
  -.15200000E+01  .21662922E+01
  -.14800000E+01  .21576642E+01
  -.14400000E+01  .21490079E+01
  -.14000000E+01  .21403232E+01
  -.13600000E+01  .21316098E+01
  -.13200000E+01  .21228674E+01
  -.12800000E+01  .21140958E+01
  -.12400000E+01  .21052947E+01
  -.12000000E+01  .20964638E+01
  -.11600000E+01  .20876029E+01
  -.11200000E+01  .20787117E+01
  -.10800000E+01  .20697900E+01
  -.10400000E+01  .20608374E+01
  -.10000000E+01  .20518536E+01
  -.96000000E+00  .20428385E+01
  -.92000000E+00  .20337917E+01
  -.88000000E+00  .20247129E+01
  -.84000000E+00  .20156017E+01
  -.80000000E+00  .20064580E+01
  -.76000000E+00  .19972814E+01
  -.72000000E+00  .19880716E+01
  -.68000000E+00  .19788282E+01
  -.64000000E+00  .19695510E+01
  -.60000000E+00  .19602396E+01
  -.56000000E+00  .19508937E+01
  -.52000000E+00  .19415130E+01
  -.48000000E+00  .19320971E+01
  -.44000000E+00  .19226457E+01
  -.40000000E+00  .19131584E+01
  -.36000000E+00  .19036349E+01
  -.32000000E+00  .18940748E+01
  -.28000000E+00  .18844777E+01
  -.24000000E+00  .18748433E+01
  -.20000000E+00  .18651712E+01
  -.16000000E+00  .18554611E+01
  -.12000000E+00  .18457125E+01
  -.80000000E-01  .18359250E+01
  -.40000000E-01  .18260982E+01
   .12351231E-14  .18162318E+01
   .40000000E-01  .18063253E+01
   .80000000E-01  .17963782E+01
   .12000000E+00  .17863903E+01
   .16000000E+00  .17763610E+01
   .20000000E+00  .17662899E+01
   .24000000E+00  .17561765E+01
   .28000000E+00  .17460204E+01
   .32000000E+00  .17358212E+01
   .36000000E+00  .17255783E+01
   .40000000E+00  .17152914E+01
   .44000000E+00  .17049598E+01
   .48000000E+00  .16945831E+01
   .52000000E+00  .16841609E+01
   .56000000E+00  .16736925E+01
   .60000000E+00  .16631776E+01
   .64000000E+00  .16526155E+01
   .68000000E+00  .16420057E+01
   .72000000E+00  .16313477E+01
   .76000000E+00  .16206409E+01
   .80000000E+00  .16098848E+01
   .84000000E+00  .15990787E+01
   .88000000E+00  .15882222E+01
   .92000000E+00  .15773146E+01
   .96000000E+00  .15663553E+01
   .10000000E+01  .15553437E+01
   .10400000E+01  .15442791E+01
   .10800000E+01  .15331610E+01
   .11200000E+01  .15219887E+01
   .11600000E+01  .15107615E+01
   .12000000E+01  .14994788E+01
   .12400000E+01  .14881398E+01
   .12800000E+01  .14767439E+01
   .13200000E+01  .14652904E+01
   .13600000E+01  .14537785E+01
   .14000000E+01  .14422075E+01
   .14400000E+01  .14305767E+01
   .14800000E+01  .14188853E+01
   .15200000E+01  .14071325E+01
   .15600000E+01  .13953176E+01
   .16000000E+01  .13834396E+01
   .16400000E+01  .13714979E+01
   .16800000E+01  .13594915E+01
   .17200000E+01  .13474196E+01
   .17600000E+01  .13352813E+01
   .18000000E+01  .13230758E+01
   .18400000E+01  .13108021E+01
   .18800000E+01  .12984593E+01
   .19200000E+01  .12860465E+01
   .19600000E+01  .12735627E+01
   .20000000E+01  .12610069E+01
Potential  L  =        4.00000    .00000
  -.20000000E+01  .22690431E+01
  -.19600000E+01  .22607266E+01
  -.19200000E+01  .22523845E+01
  -.18800000E+01  .22440164E+01
  -.18400000E+01  .22356222E+01
  -.18000000E+01  .22272014E+01
  -.17600000E+01  .22187541E+01
  -.17200000E+01  .22102802E+01
  -.16800000E+01  .22017790E+01
  -.16400000E+01  .21932507E+01
  -.16000000E+01  .21846946E+01
  -.15600000E+01  .21761110E+01
  -.15200000E+01  .21674993E+01
  -.14800000E+01  .21588594E+01
  -.14400000E+01  .21501908E+01
  -.14000000E+01  .21414938E+01
  -.13600000E+01  .21327678E+01
  -.13200000E+01  .21240122E+01
  -.12800000E+01  .21152274E+01
  -.12400000E+01  .21064127E+01
  -.12000000E+01  .20975678E+01
  -.11600000E+01  .20886928E+01
  -.11200000E+01  .20797871E+01
  -.10800000E+01  .20708506E+01
  -.10400000E+01  .20618827E+01
  -.10000000E+01  .20528836E+01
  -.96000000E+00  .20438526E+01
  -.92000000E+00  .20347898E+01
  -.88000000E+00  .20256943E+01
  -.84000000E+00  .20165664E+01
  -.80000000E+00  .20074055E+01
  -.76000000E+00  .19982114E+01
  -.72000000E+00  .19889837E+01
  -.68000000E+00  .19797219E+01
  -.64000000E+00  .19704261E+01
  -.60000000E+00  .19610954E+01
  -.56000000E+00  .19517302E+01
  -.52000000E+00  .19423294E+01
  -.48000000E+00  .19328933E+01
  -.44000000E+00  .19234211E+01
  -.40000000E+00  .19139126E+01
  -.36000000E+00  .19043675E+01
  -.32000000E+00  .18947852E+01
  -.28000000E+00  .18851656E+01
  -.24000000E+00  .18755083E+01
  -.20000000E+00  .18658126E+01
  -.16000000E+00  .18560785E+01
  -.12000000E+00  .18463052E+01
  -.80000000E-01  .18364927E+01
  -.40000000E-01  .18266405E+01
   .12351231E-14  .18167480E+01
   .40000000E-01  .18068148E+01
   .80000000E-01  .17968407E+01
   .12000000E+00  .17868251E+01
   .16000000E+00  .17767674E+01
   .20000000E+00  .17666674E+01
   .24000000E+00  .17565246E+01
   .28000000E+00  .17463384E+01
   .32000000E+00  .17361085E+01
   .36000000E+00  .17258342E+01
   .40000000E+00  .17155153E+01
   .44000000E+00  .17051510E+01
   .48000000E+00  .16947410E+01
   .52000000E+00  .16842847E+01
   .56000000E+00  .16737816E+01
   .60000000E+00  .16632312E+01
   .64000000E+00  .16526329E+01
   .68000000E+00  .16419861E+01
   .72000000E+00  .16312904E+01
   .76000000E+00  .16205451E+01
   .80000000E+00  .16097497E+01
   .84000000E+00  .15989036E+01
   .88000000E+00  .15880062E+01
   .92000000E+00  .15770568E+01
   .96000000E+00  .15660548E+01
   .10000000E+01  .15549997E+01
   .10400000E+01  .15438907E+01
   .10800000E+01  .15327272E+01
   .11200000E+01  .15215086E+01
   .11600000E+01  .15102341E+01
   .12000000E+01  .14989031E+01
   .12400000E+01  .14875149E+01
   .12800000E+01  .14760687E+01
   .13200000E+01  .14645639E+01
   .13600000E+01  .14529996E+01
   .14000000E+01  .14413751E+01
   .14400000E+01  .14296896E+01
   .14800000E+01  .14179425E+01
   .15200000E+01  .14061328E+01
   .15600000E+01  .13942596E+01
   .16000000E+01  .13823223E+01
   .16400000E+01  .13703200E+01
   .16800000E+01  .13582517E+01
   .17200000E+01  .13461166E+01
   .17600000E+01  .13339138E+01
   .18000000E+01  .13216423E+01
   .18400000E+01  .13093013E+01
   .18800000E+01  .12968898E+01
   .19200000E+01  .12844068E+01
   .19600000E+01  .12718513E+01
   .20000000E+01  .12592223E+01
KBPotential  L  =       .00000  -2.12679
  -.20000000E+01  .52404357E+00
  -.19600000E+01  .49258026E+00
  -.19200000E+01  .46025613E+00
  -.18800000E+01  .42702315E+00
  -.18400000E+01  .39282955E+00
  -.18000000E+01  .35761943E+00
  -.17600000E+01  .32133234E+00
  -.17200000E+01  .28390283E+00
  -.16800000E+01  .24525988E+00
  -.16400000E+01  .20532633E+00
  -.16000000E+01  .16401818E+00
  -.15600000E+01  .12124380E+00
  -.15200000E+01  .76903089E-01
  -.14800000E+01  .30886405E-01
  -.14400000E+01 -.16926553E-01
  -.14000000E+01 -.66668071E-01
  -.13600000E+01 -.11848405E+00
  -.13200000E+01 -.17253566E+00
  -.12800000E+01 -.22900147E+00
  -.12400000E+01 -.28807991E+00
  -.12000000E+01 -.34999203E+00
  -.11600000E+01 -.41498488E+00
  -.11200000E+01 -.48333544E+00
  -.10800000E+01 -.55535528E+00
  -.10400000E+01 -.63139617E+00
  -.10000000E+01 -.71185677E+00
  -.96000000E+00 -.79719072E+00
  -.92000000E+00 -.88791648E+00
  -.88000000E+00 -.98462931E+00
  -.84000000E+00 -.10880161E+01
  -.80000000E+00 -.11988738E+01
  -.76000000E+00 -.13181319E+01
  -.72000000E+00 -.14468819E+01
  -.68000000E+00 -.15864142E+01
  -.64000000E+00 -.17382646E+01
  -.60000000E+00 -.19042767E+01
  -.56000000E+00 -.20866827E+01
  -.52000000E+00 -.22882113E+01
  -.48000000E+00 -.25122342E+01
  -.44000000E+00 -.27629671E+01
  -.40000000E+00 -.30457517E+01
  -.36000000E+00 -.33674588E+01
  -.32000000E+00 -.37370769E+01
  -.28000000E+00 -.41665972E+01
  -.24000000E+00 -.46723811E+01
  -.20000000E+00 -.52773509E+01
  -.16000000E+00 -.60146456E+01
  -.12000000E+00 -.69340263E+01
  -.80000000E-01 -.81137925E+01
  -.40000000E-01 -.96846656E+01
   .12351231E-14 -.11882480E+02
   .40000000E-01 -.15180415E+02
   .80000000E-01 -.20687966E+02
   .12000000E+00 -.31762258E+02
   .16000000E+00 -.65540208E+02
   .20000000E+00  .25497919E+04
   .24000000E+00  .64463535E+02
   .28000000E+00  .33171847E+02
   .32000000E+00  .22557439E+02
   .36000000E+00  .17210514E+02
   .40000000E+00  .13986577E+02
   .44000000E+00  .11828591E+02
   .48000000E+00  .10281351E+02
   .52000000E+00  .91165294E+01
   .56000000E+00  .82069913E+01
   .60000000E+00  .74763252E+01
   .64000000E+00  .68758420E+01
   .68000000E+00  .63730476E+01
   .72000000E+00  .59454244E+01
   .76000000E+00  .55768789E+01
   .80000000E+00  .52556003E+01
   .84000000E+00  .49727258E+01
   .88000000E+00  .47214747E+01
   .92000000E+00  .44965707E+01
   .96000000E+00  .42938465E+01
   .10000000E+01  .41099672E+01
   .10400000E+01  .39422320E+01
   .10800000E+01  .37884302E+01
   .11200000E+01  .36467352E+01
   .11600000E+01  .35156242E+01
   .12000000E+01  .33938176E+01
   .12400000E+01  .32802323E+01
   .12800000E+01  .31739453E+01
   .13200000E+01  .30741651E+01
   .13600000E+01  .29802092E+01
   .14000000E+01  .28914856E+01
   .14400000E+01  .28074787E+01
   .14800000E+01  .27277370E+01
   .15200000E+01  .26518635E+01
   .15600000E+01  .25795076E+01
   .16000000E+01  .25103587E+01
   .16400000E+01  .24441404E+01
   .16800000E+01  .23806059E+01
   .17200000E+01  .23195344E+01
   .17600000E+01  .22607274E+01
   .18000000E+01  .22040060E+01
   .18400000E+01  .21492086E+01
   .18800000E+01  .20961889E+01
   .19200000E+01  .20448138E+01
   .19600000E+01  .19949623E+01
   .20000000E+01  .19465239E+01
KBPotential  L  =      1.00000   -.76468
  -.20000000E+01  .97109492E+00
  -.19600000E+01  .95168056E+00
  -.19200000E+01  .93199140E+00
  -.18800000E+01  .91201847E+00
  -.18400000E+01  .89175246E+00
  -.18000000E+01  .87118340E+00
  -.17600000E+01  .85030106E+00
  -.17200000E+01  .82909462E+00
  -.16800000E+01  .80755274E+00
  -.16400000E+01  .78566354E+00
  -.16000000E+01  .76341449E+00
  -.15600000E+01  .74079241E+00
  -.15200000E+01  .71778355E+00
  -.14800000E+01  .69437331E+00
  -.14400000E+01  .67054635E+00
  -.14000000E+01  .64628652E+00
  -.13600000E+01  .62157675E+00
  -.13200000E+01  .59639903E+00
  -.12800000E+01  .57073436E+00
  -.12400000E+01  .54456259E+00
  -.12000000E+01  .51786246E+00
  -.11600000E+01  .49061141E+00
  -.11200000E+01  .46278554E+00
  -.10800000E+01  .43435948E+00
  -.10400000E+01  .40530630E+00
  -.10000000E+01  .37559737E+00
  -.96000000E+00  .34520222E+00
  -.92000000E+00  .31408841E+00
  -.88000000E+00  .28222131E+00
  -.84000000E+00  .24956402E+00
  -.80000000E+00  .21607704E+00
  -.76000000E+00  .18171818E+00
  -.72000000E+00  .14644219E+00
  -.68000000E+00  .11020059E+00
  -.64000000E+00  .72941297E-01
  -.60000000E+00  .34608329E-01
  -.56000000E+00 -.48585957E-02
  -.52000000E+00 -.45524467E-01
  -.48000000E+00 -.87459459E-01
  -.44000000E+00 -.13073946E+00
  -.40000000E+00 -.17544665E+00
  -.36000000E+00 -.22167022E+00
  -.32000000E+00 -.26950706E+00
  -.28000000E+00 -.31906268E+00
  -.24000000E+00 -.37045216E+00
  -.20000000E+00 -.42380128E+00
  -.16000000E+00 -.47924776E+00
  -.12000000E+00 -.53694275E+00
  -.80000000E-01 -.59705252E+00
  -.40000000E-01 -.65976037E+00
   .12351231E-14 -.72526887E+00
   .40000000E-01 -.79380252E+00
   .80000000E-01 -.86561071E+00
   .12000000E+00 -.94097138E+00
   .16000000E+00 -.10201952E+01
   .20000000E+00 -.11036303E+01
   .24000000E+00 -.11916687E+01
   .28000000E+00 -.12847527E+01
   .32000000E+00 -.13833843E+01
   .36000000E+00 -.14881333E+01
   .40000000E+00 -.15996527E+01
   .44000000E+00 -.17186915E+01
   .48000000E+00 -.18461141E+01
   .52000000E+00 -.19829236E+01
   .56000000E+00 -.21302906E+01
   .60000000E+00 -.22895893E+01
   .64000000E+00 -.24624450E+01
   .68000000E+00 -.26507924E+01
   .72000000E+00 -.28569545E+01
   .76000000E+00 -.30837444E+01
   .80000000E+00 -.33346022E+01
   .84000000E+00 -.36137794E+01
   .88000000E+00 -.39265940E+01
   .92000000E+00 -.42797867E+01
   .96000000E+00 -.46820308E+01
   .10000000E+01 -.51446789E+01
   .10400000E+01 -.56828835E+01
   .10800000E+01 -.63173327E+01
   .11200000E+01 -.70770319E+01
   .11600000E+01 -.80039506E+01
   .12000000E+01 -.91611773E+01
   .12400000E+01 -.10648115E+02
   .12800000E+01 -.12631001E+02
   .13200000E+01 -.15410429E+02
   .13600000E+01 -.19591461E+02
   .14000000E+01 -.26599826E+02
   .14400000E+01 -.40787146E+02
   .14800000E+01 -.84844748E+02
   .15200000E+01  .16022924E+04
   .15600000E+01  .78515868E+02
   .16000000E+01  .40697435E+02
   .16400000E+01  .27662580E+02
   .16800000E+01  .21057056E+02
   .17200000E+01  .17062089E+02
   .17600000E+01  .14383343E+02
   .18000000E+01  .12460766E+02
   .18400000E+01  .11012561E+02
   .18800000E+01  .98814698E+01
   .19200000E+01  .89728183E+01
   .19600000E+01  .82262008E+01
   .20000000E+01  .76012613E+01
KBPotential  L  =      2.00000   -.80000
  -.20000000E+01  .14814410E+01
  -.19600000E+01  .14686849E+01
  -.19200000E+01  .14558342E+01
  -.18800000E+01  .14428871E+01
  -.18400000E+01  .14298416E+01
  -.18000000E+01  .14166957E+01
  -.17600000E+01  .14034474E+01
  -.17200000E+01  .13900944E+01
  -.16800000E+01  .13766346E+01
  -.16400000E+01  .13630656E+01
  -.16000000E+01  .13493852E+01
  -.15600000E+01  .13355909E+01
  -.15200000E+01  .13216801E+01
  -.14800000E+01  .13076503E+01
  -.14400000E+01  .12934988E+01
  -.14000000E+01  .12792228E+01
  -.13600000E+01  .12648195E+01
  -.13200000E+01  .12502858E+01
  -.12800000E+01  .12356188E+01
  -.12400000E+01  .12208151E+01
  -.12000000E+01  .12058715E+01
  -.11600000E+01  .11907847E+01
  -.11200000E+01  .11755510E+01
  -.10800000E+01  .11601667E+01
  -.10400000E+01  .11446282E+01
  -.10000000E+01  .11289313E+01
  -.96000000E+00  .11130720E+01
  -.92000000E+00  .10970461E+01
  -.88000000E+00  .10808491E+01
  -.84000000E+00  .10644764E+01
  -.80000000E+00  .10479233E+01
  -.76000000E+00  .10311847E+01
  -.72000000E+00  .10142554E+01
  -.68000000E+00  .99713017E+00
  -.64000000E+00  .97980325E+00
  -.60000000E+00  .96226883E+00
  -.56000000E+00  .94452081E+00
  -.52000000E+00  .92655282E+00
  -.48000000E+00  .90835820E+00
  -.44000000E+00  .88993003E+00
  -.40000000E+00  .87126105E+00
  -.36000000E+00  .85234369E+00
  -.32000000E+00  .83317002E+00
  -.28000000E+00  .81373175E+00
  -.24000000E+00  .79402020E+00
  -.20000000E+00  .77402627E+00
  -.16000000E+00  .75374046E+00
  -.12000000E+00  .73315272E+00
  -.80000000E-01  .71225257E+00
  -.40000000E-01  .69102902E+00
   .12351231E-14  .66947046E+00
   .40000000E-01  .64756473E+00
   .80000000E-01  .62529902E+00
   .12000000E+00  .60265984E+00
   .16000000E+00  .57963297E+00
   .20000000E+00  .55620342E+00
   .24000000E+00  .53235537E+00
   .28000000E+00  .50807212E+00
   .32000000E+00  .48333601E+00
   .36000000E+00  .45812835E+00
   .40000000E+00  .43242937E+00
   .44000000E+00  .40621811E+00
   .48000000E+00  .37947236E+00
   .52000000E+00  .35216851E+00
   .56000000E+00  .32428149E+00
   .60000000E+00  .29578464E+00
   .64000000E+00  .26664956E+00
   .68000000E+00  .23684602E+00
   .72000000E+00  .20634171E+00
   .76000000E+00  .17510217E+00
   .80000000E+00  .14309053E+00
   .84000000E+00  .11026732E+00
   .88000000E+00  .76590233E-01
   .92000000E+00  .42013866E-01
   .96000000E+00  .64894282E-02
   .10000000E+01 -.30035583E-01
   .10400000E+01 -.67617746E-01
   .10800000E+01 -.10631811E+00
   .11200000E+01 -.14620268E+00
   .11600000E+01 -.18734286E+00
   .12000000E+01 -.22981613E+00
   .12400000E+01 -.27370659E+00
   .12800000E+01 -.31910578E+00
   .13200000E+01 -.36611346E+00
   .13600000E+01 -.41483859E+00
   .14000000E+01 -.46540042E+00
   .14400000E+01 -.51792972E+00
   .14800000E+01 -.57257022E+00
   .15200000E+01 -.62948026E+00
   .15600000E+01 -.68883470E+00
   .16000000E+01 -.75082714E+00
   .16400000E+01 -.81567247E+00
   .16800000E+01 -.88360996E+00
   .17200000E+01 -.95490675E+00
   .17600000E+01 -.10298621E+01
   .18000000E+01 -.11088122E+01
   .18400000E+01 -.11921365E+01
   .18800000E+01 -.12802642E+01
   .19200000E+01 -.13736835E+01
   .19600000E+01 -.14729513E+01
   .20000000E+01 -.15787066E+01
KBPotential  L  =      3.00000    .00000
  -.20000000E+01  .18363887E+01
  -.19600000E+01  .18260273E+01
  -.19200000E+01  .18156161E+01
  -.18800000E+01  .18051546E+01
  -.18400000E+01  .17946420E+01
  -.18000000E+01  .17840778E+01
  -.17600000E+01  .17734612E+01
  -.17200000E+01  .17627915E+01
  -.16800000E+01  .17520682E+01
  -.16400000E+01  .17412904E+01
  -.16000000E+01  .17304574E+01
  -.15600000E+01  .17195685E+01
  -.15200000E+01  .17086228E+01
  -.14800000E+01  .16976198E+01
  -.14400000E+01  .16865585E+01
  -.14000000E+01  .16754381E+01
  -.13600000E+01  .16642578E+01
  -.13200000E+01  .16530168E+01
  -.12800000E+01  .16417143E+01
  -.12400000E+01  .16303492E+01
  -.12000000E+01  .16189208E+01
  -.11600000E+01  .16074282E+01
  -.11200000E+01  .15958703E+01
  -.10800000E+01  .15842462E+01
  -.10400000E+01  .15725550E+01
  -.10000000E+01  .15607957E+01
  -.96000000E+00  .15489672E+01
  -.92000000E+00  .15370685E+01
  -.88000000E+00  .15250985E+01
  -.84000000E+00  .15130561E+01
  -.80000000E+00  .15009402E+01
  -.76000000E+00  .14887497E+01
  -.72000000E+00  .14764834E+01
  -.68000000E+00  .14641402E+01
  -.64000000E+00  .14517186E+01
  -.60000000E+00  .14392176E+01
  -.56000000E+00  .14266359E+01
  -.52000000E+00  .14139720E+01
  -.48000000E+00  .14012248E+01
  -.44000000E+00  .13883927E+01
  -.40000000E+00  .13754744E+01
  -.36000000E+00  .13624684E+01
  -.32000000E+00  .13493733E+01
  -.28000000E+00  .13361875E+01
  -.24000000E+00  .13229095E+01
  -.20000000E+00  .13095376E+01
  -.16000000E+00  .12960702E+01
  -.12000000E+00  .12825057E+01
  -.80000000E-01  .12688423E+01
  -.40000000E-01  .12550783E+01
   .12351231E-14  .12412117E+01
   .40000000E-01  .12272408E+01
   .80000000E-01  .12131637E+01
   .12000000E+00  .11989783E+01
   .16000000E+00  .11846827E+01
   .20000000E+00  .11702747E+01
   .24000000E+00  .11557522E+01
   .28000000E+00  .11411131E+01
   .32000000E+00  .11263551E+01
   .36000000E+00  .11114758E+01
   .40000000E+00  .10964729E+01
   .44000000E+00  .10813439E+01
   .48000000E+00  .10660863E+01
   .52000000E+00  .10506975E+01
   .56000000E+00  .10351748E+01
   .60000000E+00  .10195154E+01
   .64000000E+00  .10037166E+01
   .68000000E+00  .98777536E+00
   .72000000E+00  .97168872E+00
   .76000000E+00  .95545356E+00
   .80000000E+00  .93906668E+00
   .84000000E+00  .92252477E+00
   .88000000E+00  .90582445E+00
   .92000000E+00  .88896219E+00
   .96000000E+00  .87193437E+00
   .10000000E+01  .85473725E+00
   .10400000E+01  .83736696E+00
   .10800000E+01  .81981952E+00
   .11200000E+01  .80209080E+00
   .11600000E+01  .78417655E+00
   .12000000E+01  .76607236E+00
   .12400000E+01  .74777367E+00
   .12800000E+01  .72927578E+00
   .13200000E+01  .71057382E+00
   .13600000E+01  .69166274E+00
   .14000000E+01  .67253732E+00
   .14400000E+01  .65319214E+00
   .14800000E+01  .63362161E+00
   .15200000E+01  .61381992E+00
   .15600000E+01  .59378106E+00
   .16000000E+01  .57349877E+00
   .16400000E+01  .55296657E+00
   .16800000E+01  .53217776E+00
   .17200000E+01  .51112534E+00
   .17600000E+01  .48980208E+00
   .18000000E+01  .46820043E+00
   .18400000E+01  .44631258E+00
   .18800000E+01  .42413032E+00
   .19200000E+01  .40164535E+00
   .19600000E+01  .37884870E+00
   .20000000E+01  .35573124E+00
KBPotential  L  =      4.00000    .00000
  -.20000000E+01  .22690431E+01
  -.19600000E+01  .22607266E+01
  -.19200000E+01  .22523845E+01
  -.18800000E+01  .22440164E+01
  -.18400000E+01  .22356222E+01
  -.18000000E+01  .22272014E+01
  -.17600000E+01  .22187541E+01
  -.17200000E+01  .22102802E+01
  -.16800000E+01  .22017790E+01
  -.16400000E+01  .21932507E+01
  -.16000000E+01  .21846946E+01
  -.15600000E+01  .21761110E+01
  -.15200000E+01  .21674993E+01
  -.14800000E+01  .21588594E+01
  -.14400000E+01  .21501908E+01
  -.14000000E+01  .21414938E+01
  -.13600000E+01  .21327678E+01
  -.13200000E+01  .21240122E+01
  -.12800000E+01  .21152274E+01
  -.12400000E+01  .21064127E+01
  -.12000000E+01  .20975678E+01
  -.11600000E+01  .20886928E+01
  -.11200000E+01  .20797871E+01
  -.10800000E+01  .20708506E+01
  -.10400000E+01  .20618827E+01
  -.10000000E+01  .20528836E+01
  -.96000000E+00  .20438526E+01
  -.92000000E+00  .20347898E+01
  -.88000000E+00  .20256943E+01
  -.84000000E+00  .20165664E+01
  -.80000000E+00  .20074055E+01
  -.76000000E+00  .19982114E+01
  -.72000000E+00  .19889837E+01
  -.68000000E+00  .19797219E+01
  -.64000000E+00  .19704261E+01
  -.60000000E+00  .19610954E+01
  -.56000000E+00  .19517302E+01
  -.52000000E+00  .19423294E+01
  -.48000000E+00  .19328933E+01
  -.44000000E+00  .19234211E+01
  -.40000000E+00  .19139126E+01
  -.36000000E+00  .19043675E+01
  -.32000000E+00  .18947852E+01
  -.28000000E+00  .18851656E+01
  -.24000000E+00  .18755083E+01
  -.20000000E+00  .18658126E+01
  -.16000000E+00  .18560785E+01
  -.12000000E+00  .18463052E+01
  -.80000000E-01  .18364927E+01
  -.40000000E-01  .18266405E+01
   .12351231E-14  .18167480E+01
   .40000000E-01  .18068148E+01
   .80000000E-01  .17968407E+01
   .12000000E+00  .17868251E+01
   .16000000E+00  .17767674E+01
   .20000000E+00  .17666674E+01
   .24000000E+00  .17565246E+01
   .28000000E+00  .17463384E+01
   .32000000E+00  .17361085E+01
   .36000000E+00  .17258342E+01
   .40000000E+00  .17155153E+01
   .44000000E+00  .17051510E+01
   .48000000E+00  .16947410E+01
   .52000000E+00  .16842847E+01
   .56000000E+00  .16737816E+01
   .60000000E+00  .16632312E+01
   .64000000E+00  .16526329E+01
   .68000000E+00  .16419861E+01
   .72000000E+00  .16312904E+01
   .76000000E+00  .16205451E+01
   .80000000E+00  .16097497E+01
   .84000000E+00  .15989036E+01
   .88000000E+00  .15880062E+01
   .92000000E+00  .15770568E+01
   .96000000E+00  .15660548E+01
   .10000000E+01  .15549997E+01
   .10400000E+01  .15438907E+01
   .10800000E+01  .15327272E+01
   .11200000E+01  .15215086E+01
   .11600000E+01  .15102341E+01
   .12000000E+01  .14989031E+01
   .12400000E+01  .14875149E+01
   .12800000E+01  .14760687E+01
   .13200000E+01  .14645639E+01
   .13600000E+01  .14529996E+01
   .14000000E+01  .14413751E+01
   .14400000E+01  .14296896E+01
   .14800000E+01  .14179425E+01
   .15200000E+01  .14061328E+01
   .15600000E+01  .13942596E+01
   .16000000E+01  .13823223E+01
   .16400000E+01  .13703200E+01
   .16800000E+01  .13582517E+01
   .17200000E+01  .13461166E+01
   .17600000E+01  .13339138E+01
   .18000000E+01  .13216423E+01
   .18400000E+01  .13093013E+01
   .18800000E+01  .12968898E+01
   .19200000E+01  .12844068E+01
   .19600000E+01  .12718513E+01
   .20000000E+01  .12592223E+01
