  PAW_PBE Na_pv 05Jan2001                
 100
Core Pot   L  =         .00000   -.20167
  -.30000000E+01  .16816984E+01
  -.29500000E+01  .16601367E+01
  -.29000000E+01  .16389768E+01
  -.28500000E+01  .16181552E+01
  -.28000000E+01  .15976178E+01
  -.27500000E+01  .15773179E+01
  -.27000000E+01  .15572148E+01
  -.26500000E+01  .15372732E+01
  -.26000000E+01  .15174617E+01
  -.25500000E+01  .14977526E+01
  -.25000000E+01  .14781213E+01
  -.24500000E+01  .14585455E+01
  -.24000000E+01  .14390052E+01
  -.23500000E+01  .14194821E+01
  -.23000000E+01  .13999597E+01
  -.22500000E+01  .13804225E+01
  -.22000000E+01  .13608564E+01
  -.21500000E+01  .13412483E+01
  -.21000000E+01  .13215856E+01
  -.20500000E+01  .13018569E+01
  -.20000000E+01  .12820510E+01
  -.19500000E+01  .12621576E+01
  -.19000000E+01  .12421665E+01
  -.18500000E+01  .12220681E+01
  -.18000000E+01  .12018530E+01
  -.17500000E+01  .11815122E+01
  -.17000000E+01  .11610367E+01
  -.16500000E+01  .11404179E+01
  -.16000000E+01  .11196472E+01
  -.15500000E+01  .10987160E+01
  -.15000000E+01  .10776160E+01
  -.14500000E+01  .10563386E+01
  -.14000000E+01  .10348755E+01
  -.13500000E+01  .10132181E+01
  -.13000000E+01  .99135798E+00
  -.12500000E+01  .96928642E+00
  -.12000000E+01  .94699468E+00
  -.11500000E+01  .92447387E+00
  -.11000000E+01  .90171492E+00
  -.10500000E+01  .87870858E+00
  -.10000000E+01  .85544538E+00
  -.95000000E+00  .83191560E+00
  -.90000000E+00  .80810927E+00
  -.85000000E+00  .78401613E+00
  -.80000000E+00  .75962559E+00
  -.75000000E+00  .73492674E+00
  -.70000000E+00  .70990827E+00
  -.65000000E+00  .68455851E+00
  -.60000000E+00  .65886532E+00
  -.55000000E+00  .63281614E+00
  -.50000000E+00  .60639788E+00
  -.45000000E+00  .57959695E+00
  -.40000000E+00  .55239918E+00
  -.35000000E+00  .52478980E+00
  -.30000000E+00  .49675339E+00
  -.25000000E+00  .46827386E+00
  -.20000000E+00  .43933435E+00
  -.15000000E+00  .40991723E+00
  -.10000000E+00  .38000404E+00
  -.50000000E-01  .34957538E+00
  -.22898350E-14  .31861094E+00
   .50000000E-01  .28708933E+00
   .10000000E+00  .25498809E+00
   .15000000E+00  .22228356E+00
   .20000000E+00  .18895082E+00
   .25000000E+00  .15496359E+00
   .30000000E+00  .12029413E+00
   .35000000E+00  .84913137E-01
   .40000000E+00  .48789621E-01
   .45000000E+00  .11890782E-01
   .50000000E+00 -.25818135E-01
   .55000000E+00 -.64373988E-01
   .60000000E+00 -.10381591E+00
   .65000000E+00 -.14418547E+00
   .70000000E+00 -.18552693E+00
   .75000000E+00 -.22788739E+00
   .80000000E+00 -.27131708E+00
   .85000000E+00 -.31586961E+00
   .90000000E+00 -.36160228E+00
   .95000000E+00 -.40857639E+00
   .10000000E+01 -.45685760E+00
   .10500000E+01 -.50651633E+00
   .11000000E+01 -.55762823E+00
   .11500000E+01 -.61027464E+00
   .12000000E+01 -.66454316E+00
   .12500000E+01 -.72052829E+00
   .13000000E+01 -.77833207E+00
   .13500000E+01 -.83806492E+00
   .14000000E+01 -.89984647E+00
   .14500000E+01 -.96380660E+00
   .15000000E+01 -.10300865E+01
   .15500000E+01 -.10988400E+01
   .16000000E+01 -.11702349E+01
   .16500000E+01 -.12444549E+01
   .17000000E+01 -.13217011E+01
   .17500000E+01 -.14021945E+01
   .18000000E+01 -.14861783E+01
   .18500000E+01 -.15739208E+01
   .19000000E+01 -.16657189E+01
   .19500000E+01 -.17619017E+01
   .20000000E+01 -.18628354E+01
Potential  L  =         .00000   -.20167
  -.30000000E+01  .15595538E+01
  -.29500000E+01  .15446180E+01
  -.29000000E+01  .15295677E+01
  -.28500000E+01  .15144006E+01
  -.28000000E+01  .14991142E+01
  -.27500000E+01  .14837062E+01
  -.27000000E+01  .14681741E+01
  -.26500000E+01  .14525151E+01
  -.26000000E+01  .14367268E+01
  -.25500000E+01  .14208063E+01
  -.25000000E+01  .14047507E+01
  -.24500000E+01  .13885573E+01
  -.24000000E+01  .13722228E+01
  -.23500000E+01  .13557441E+01
  -.23000000E+01  .13391182E+01
  -.22500000E+01  .13223415E+01
  -.22000000E+01  .13054106E+01
  -.21500000E+01  .12883219E+01
  -.21000000E+01  .12710718E+01
  -.20500000E+01  .12536564E+01
  -.20000000E+01  .12360717E+01
  -.19500000E+01  .12183137E+01
  -.19000000E+01  .12003779E+01
  -.18500000E+01  .11822601E+01
  -.18000000E+01  .11639556E+01
  -.17500000E+01  .11454597E+01
  -.17000000E+01  .11267674E+01
  -.16500000E+01  .11078736E+01
  -.16000000E+01  .10887730E+01
  -.15500000E+01  .10694601E+01
  -.15000000E+01  .10499291E+01
  -.14500000E+01  .10301739E+01
  -.14000000E+01  .10101885E+01
  -.13500000E+01  .98996628E+00
  -.13000000E+01  .96950050E+00
  -.12500000E+01  .94878415E+00
  -.12000000E+01  .92780990E+00
  -.11500000E+01  .90657009E+00
  -.11000000E+01  .88505675E+00
  -.10500000E+01  .86326155E+00
  -.10000000E+01  .84117579E+00
  -.95000000E+00  .81879038E+00
  -.90000000E+00  .79609581E+00
  -.85000000E+00  .77308213E+00
  -.80000000E+00  .74973893E+00
  -.75000000E+00  .72605529E+00
  -.70000000E+00  .70201978E+00
  -.65000000E+00  .67762042E+00
  -.60000000E+00  .65284462E+00
  -.55000000E+00  .62767917E+00
  -.50000000E+00  .60211017E+00
  -.45000000E+00  .57612304E+00
  -.40000000E+00  .54970241E+00
  -.35000000E+00  .52283210E+00
  -.30000000E+00  .49549507E+00
  -.25000000E+00  .46767333E+00
  -.20000000E+00  .43934795E+00
  -.15000000E+00  .41049889E+00
  -.10000000E+00  .38110495E+00
  -.50000000E-01  .35114372E+00
  -.22898350E-14  .32059151E+00
   .50000000E-01  .28942317E+00
   .10000000E+00  .25761203E+00
   .15000000E+00  .22512980E+00
   .20000000E+00  .19194638E+00
   .25000000E+00  .15802978E+00
   .30000000E+00  .12334592E+00
   .35000000E+00  .87858466E-01
   .40000000E+00  .51528658E-01
   .45000000E+00  .14315077E-01
   .50000000E+00 -.23826576E-01
   .55000000E+00 -.62943740E-01
   .60000000E+00 -.10308728E+00
   .65000000E+00 -.14431181E+00
   .70000000E+00 -.18667604E+00
   .75000000E+00 -.23024316E+00
   .80000000E+00 -.27508132E+00
   .85000000E+00 -.32126407E+00
   .90000000E+00 -.36887098E+00
   .95000000E+00 -.41798819E+00
   .10000000E+01 -.46870918E+00
   .10500000E+01 -.52113555E+00
   .11000000E+01 -.57537791E+00
   .11500000E+01 -.63155690E+00
   .12000000E+01 -.68980440E+00
   .12500000E+01 -.75026487E+00
   .13000000E+01 -.81309684E+00
   .13500000E+01 -.87847472E+00
   .14000000E+01 -.94659086E+00
   .14500000E+01 -.10176579E+01
   .15000000E+01 -.10919115E+01
   .15500000E+01 -.11696136E+01
   .16000000E+01 -.12510562E+01
   .16500000E+01 -.13365658E+01
   .17000000E+01 -.14265086E+01
   .17500000E+01 -.15212968E+01
   .18000000E+01 -.16213963E+01
   .18500000E+01 -.17273352E+01
   .19000000E+01 -.18397150E+01
   .19500000E+01 -.19592238E+01
   .20000000E+01 -.20866523E+01
Core Pot   L  =        1.00000  -2.10734
  -.30000000E+01  .14473914E+01
  -.29500000E+01  .14199308E+01
  -.29000000E+01  .13908287E+01
  -.28500000E+01  .13598042E+01
  -.28000000E+01  .13265050E+01
  -.27500000E+01  .12904831E+01
  -.27000000E+01  .12511594E+01
  -.26500000E+01  .12077726E+01
  -.26000000E+01  .11593005E+01
  -.25500000E+01  .11043378E+01
  -.25000000E+01  .10408979E+01
  -.24500000E+01  .96607651E+00
  -.24000000E+01  .87545320E+00
  -.23500000E+01  .76195165E+00
  -.23000000E+01  .61349193E+00
  -.22500000E+01  .40761642E+00
  -.22000000E+01  .97294610E-01
  -.21500000E+01 -.43534744E+00
  -.21000000E+01 -.15930118E+01
  -.20500000E+01 -.62363682E+01
  -.20000000E+01  .15973584E+02
  -.19500000E+01  .51256550E+01
  -.19000000E+01  .35173046E+01
  -.18500000E+01  .28609577E+01
  -.18000000E+01  .24991583E+01
  -.17500000E+01  .22664948E+01
  -.17000000E+01  .21018380E+01
  -.16500000E+01  .19773486E+01
  -.16000000E+01  .18785303E+01
  -.15500000E+01  .17970908E+01
  -.15000000E+01  .17279426E+01
  -.14500000E+01  .16677909E+01
  -.14000000E+01  .16144071E+01
  -.13500000E+01  .15662295E+01
  -.13000000E+01  .15221308E+01
  -.12500000E+01  .14812762E+01
  -.12000000E+01  .14430343E+01
  -.11500000E+01  .14069182E+01
  -.11000000E+01  .13725460E+01
  -.10500000E+01  .13396138E+01
  -.10000000E+01  .13078764E+01
  -.95000000E+00  .12771334E+01
  -.90000000E+00  .12472192E+01
  -.85000000E+00  .12179958E+01
  -.80000000E+00  .11893465E+01
  -.75000000E+00  .11611721E+01
  -.70000000E+00  .11333874E+01
  -.65000000E+00  .11059186E+01
  -.60000000E+00  .10787012E+01
  -.55000000E+00  .10516783E+01
  -.50000000E+00  .10247995E+01
  -.45000000E+00  .99801963E+00
  -.40000000E+00  .97129800E+00
  -.35000000E+00  .94459757E+00
  -.30000000E+00  .91788440E+00
  -.25000000E+00  .89112718E+00
  -.20000000E+00  .86429677E+00
  -.15000000E+00  .83736585E+00
  -.10000000E+00  .81030863E+00
  -.50000000E-01  .78310056E+00
  -.22898350E-14  .75571811E+00
   .50000000E-01  .72813858E+00
   .10000000E+00  .70033993E+00
   .15000000E+00  .67230057E+00
   .20000000E+00  .64399928E+00
   .25000000E+00  .61541505E+00
   .30000000E+00  .58652695E+00
   .35000000E+00  .55731405E+00
   .40000000E+00  .52775528E+00
   .45000000E+00  .49782934E+00
   .50000000E+00  .46751463E+00
   .55000000E+00  .43678912E+00
   .60000000E+00  .40563027E+00
   .65000000E+00  .37401495E+00
   .70000000E+00  .34191931E+00
   .75000000E+00  .30931873E+00
   .80000000E+00  .27618770E+00
   .85000000E+00  .24249969E+00
   .90000000E+00  .20822710E+00
   .95000000E+00  .17334110E+00
   .10000000E+01  .13781156E+00
   .10500000E+01  .10160685E+00
   .11000000E+01  .64693793E-01
   .11500000E+01  .27037451E-01
   .12000000E+01 -.11398992E-01
   .12500000E+01 -.50654412E-01
   .13000000E+01 -.90769925E-01
   .13500000E+01 -.13178909E+00
   .14000000E+01 -.17375810E+00
   .14500000E+01 -.21672608E+00
   .15000000E+01 -.26074527E+00
   .15500000E+01 -.30587136E+00
   .16000000E+01 -.35216381E+00
   .16500000E+01 -.39968616E+00
   .17000000E+01 -.44850645E+00
   .17500000E+01 -.49869763E+00
   .18000000E+01 -.55033804E+00
   .18500000E+01 -.60351197E+00
   .19000000E+01 -.65831018E+00
   .19500000E+01 -.71483065E+00
   .20000000E+01 -.77317927E+00
Potential  L  =        1.00000  -2.10734
  -.30000000E+01  .95810329E+00
  -.29500000E+01  .90838967E+00
  -.29000000E+01  .85546256E+00
  -.28500000E+01  .79890865E+00
  -.28000000E+01  .73823943E+00
  -.27500000E+01  .67287315E+00
  -.27000000E+01  .60211154E+00
  -.26500000E+01  .52510923E+00
  -.26000000E+01  .44083212E+00
  -.25500000E+01  .34800252E+00
  -.25000000E+01  .24502217E+00
  -.24500000E+01  .12986546E+00
  -.24000000E+01 -.74421788E-04
  -.23500000E+01 -.14820955E+00
  -.23000000E+01 -.31909452E+00
  -.22500000E+01 -.51894850E+00
  -.22000000E+01 -.75649226E+00
  -.21500000E+01 -.10443469E+01
  -.21000000E+01 -.14014889E+01
  -.20500000E+01 -.18578276E+01
  -.20000000E+01 -.24634028E+01
  -.19500000E+01 -.33087493E+01
  -.19000000E+01 -.45762491E+01
  -.18500000E+01 -.66961880E+01
  -.18000000E+01 -.10984770E+02
  -.17500000E+01 -.24342585E+02
  -.17000000E+01  .42866664E+03
  -.16500000E+01  .24673097E+02
  -.16000000E+01  .13421676E+02
  -.15500000E+01  .95216639E+01
  -.15000000E+01  .75372081E+01
  -.14500000E+01  .63319277E+01
  -.14000000E+01  .55198708E+01
  -.13500000E+01  .49338401E+01
  -.13000000E+01  .44896447E+01
  -.12500000E+01  .41402697E+01
  -.12000000E+01  .38574038E+01
  -.11500000E+01  .36229741E+01
  -.11000000E+01  .34249035E+01
  -.10500000E+01  .32548142E+01
  -.10000000E+01  .31067116E+01
  -.95000000E+00  .29761933E+01
  -.90000000E+00  .28599530E+01
  -.85000000E+00  .27554593E+01
  -.80000000E+00  .26607411E+01
  -.75000000E+00  .25742406E+01
  -.70000000E+00  .24947104E+01
  -.65000000E+00  .24211394E+01
  -.60000000E+00  .23526995E+01
  -.55000000E+00  .22887061E+01
  -.50000000E+00  .22285876E+01
  -.45000000E+00  .21718637E+01
  -.40000000E+00  .21181271E+01
  -.35000000E+00  .20670305E+01
  -.30000000E+00  .20182756E+01
  -.25000000E+00  .19716049E+01
  -.20000000E+00  .19267946E+01
  -.15000000E+00  .18836496E+01
  -.10000000E+00  .18419986E+01
  -.50000000E-01  .18016905E+01
  -.22898350E-14  .17625917E+01
   .50000000E-01  .17245834E+01
   .10000000E+00  .16875597E+01
   .15000000E+00  .16514256E+01
   .20000000E+00  .16160957E+01
   .25000000E+00  .15814928E+01
   .30000000E+00  .15475472E+01
   .35000000E+00  .15141956E+01
   .40000000E+00  .14813799E+01
   .45000000E+00  .14490475E+01
   .50000000E+00  .14171498E+01
   .55000000E+00  .13856420E+01
   .60000000E+00  .13544830E+01
   .65000000E+00  .13236346E+01
   .70000000E+00  .12930612E+01
   .75000000E+00  .12627298E+01
   .80000000E+00  .12326093E+01
   .85000000E+00  .12026709E+01
   .90000000E+00  .11728872E+01
   .95000000E+00  .11432324E+01
   .10000000E+01  .11136822E+01
   .10500000E+01  .10842132E+01
   .11000000E+01  .10548036E+01
   .11500000E+01  .10254320E+01
   .12000000E+01  .99607835E+00
   .12500000E+01  .96672305E+00
   .13000000E+01  .93734729E+00
   .13500000E+01  .90793283E+00
   .14000000E+01  .87846195E+00
   .14500000E+01  .84891736E+00
   .15000000E+01  .81928216E+00
   .15500000E+01  .78953975E+00
   .16000000E+01  .75967380E+00
   .16500000E+01  .72966817E+00
   .17000000E+01  .69950688E+00
   .17500000E+01  .66917405E+00
   .18000000E+01  .63865384E+00
   .18500000E+01  .60793044E+00
   .19000000E+01  .57698799E+00
   .19500000E+01  .54581054E+00
   .20000000E+01  .51438195E+00
Core Pot   L  =        2.00000   -.10000
  -.30000000E+01  .18989337E+01
  -.29500000E+01  .18861696E+01
  -.29000000E+01  .18733284E+01
  -.28500000E+01  .18604089E+01
  -.28000000E+01  .18474095E+01
  -.27500000E+01  .18343292E+01
  -.27000000E+01  .18211663E+01
  -.26500000E+01  .18079196E+01
  -.26000000E+01  .17945876E+01
  -.25500000E+01  .17811687E+01
  -.25000000E+01  .17676613E+01
  -.24500000E+01  .17540641E+01
  -.24000000E+01  .17403752E+01
  -.23500000E+01  .17265930E+01
  -.23000000E+01  .17127158E+01
  -.22500000E+01  .16987418E+01
  -.22000000E+01  .16846693E+01
  -.21500000E+01  .16704962E+01
  -.21000000E+01  .16562207E+01
  -.20500000E+01  .16418409E+01
  -.20000000E+01  .16273545E+01
  -.19500000E+01  .16127597E+01
  -.19000000E+01  .15980541E+01
  -.18500000E+01  .15832355E+01
  -.18000000E+01  .15683016E+01
  -.17500000E+01  .15532501E+01
  -.17000000E+01  .15380784E+01
  -.16500000E+01  .15227841E+01
  -.16000000E+01  .15073646E+01
  -.15500000E+01  .14918170E+01
  -.15000000E+01  .14761387E+01
  -.14500000E+01  .14603267E+01
  -.14000000E+01  .14443782E+01
  -.13500000E+01  .14282899E+01
  -.13000000E+01  .14120587E+01
  -.12500000E+01  .13956813E+01
  -.12000000E+01  .13791543E+01
  -.11500000E+01  .13624742E+01
  -.11000000E+01  .13456373E+01
  -.10500000E+01  .13286399E+01
  -.10000000E+01  .13114779E+01
  -.95000000E+00  .12941474E+01
  -.90000000E+00  .12766441E+01
  -.85000000E+00  .12589637E+01
  -.80000000E+00  .12411015E+01
  -.75000000E+00  .12230529E+01
  -.70000000E+00  .12048130E+01
  -.65000000E+00  .11863766E+01
  -.60000000E+00  .11677386E+01
  -.55000000E+00  .11488933E+01
  -.50000000E+00  .11298350E+01
  -.45000000E+00  .11105578E+01
  -.40000000E+00  .10910555E+01
  -.35000000E+00  .10713215E+01
  -.30000000E+00  .10513492E+01
  -.25000000E+00  .10311314E+01
  -.20000000E+00  .10106609E+01
  -.15000000E+00  .98992987E+00
  -.10000000E+00  .96893040E+00
  -.50000000E-01  .94765407E+00
  -.22898350E-14  .92609211E+00
   .50000000E-01  .90423535E+00
   .10000000E+00  .88207417E+00
   .15000000E+00  .85959852E+00
   .20000000E+00  .83679784E+00
   .25000000E+00  .81366107E+00
   .30000000E+00  .79017658E+00
   .35000000E+00  .76633217E+00
   .40000000E+00  .74211501E+00
   .45000000E+00  .71751162E+00
   .50000000E+00  .69250780E+00
   .55000000E+00  .66708860E+00
   .60000000E+00  .64123824E+00
   .65000000E+00  .61494012E+00
   .70000000E+00  .58817667E+00
   .75000000E+00  .56092935E+00
   .80000000E+00  .53317856E+00
   .85000000E+00  .50490355E+00
   .90000000E+00  .47608233E+00
   .95000000E+00  .44669162E+00
   .10000000E+01  .41670670E+00
   .10500000E+01  .38610129E+00
   .11000000E+01  .35484749E+00
   .11500000E+01  .32291559E+00
   .12000000E+01  .29027393E+00
   .12500000E+01  .25688876E+00
   .13000000E+01  .22272405E+00
   .13500000E+01  .18774126E+00
   .14000000E+01  .15189918E+00
   .14500000E+01  .11515363E+00
   .15000000E+01  .77457239E-01
   .15500000E+01  .38759087E-01
   .16000000E+01 -.99557589E-03
   .16500000E+01 -.41865735E-01
   .17000000E+01 -.83915021E-01
   .17500000E+01 -.12721218E+00
   .18000000E+01 -.17183161E+00
   .18500000E+01 -.21785393E+00
   .19000000E+01 -.26536670E+00
   .19500000E+01 -.31446514E+00
   .20000000E+01 -.36525302E+00
Potential  L  =        2.00000   -.10000
  -.30000000E+01  .18997647E+01
  -.29500000E+01  .18869855E+01
  -.29000000E+01  .18741289E+01
  -.28500000E+01  .18611937E+01
  -.28000000E+01  .18481784E+01
  -.27500000E+01  .18350818E+01
  -.27000000E+01  .18219024E+01
  -.26500000E+01  .18086389E+01
  -.26000000E+01  .17952897E+01
  -.25500000E+01  .17818534E+01
  -.25000000E+01  .17683285E+01
  -.24500000E+01  .17547133E+01
  -.24000000E+01  .17410062E+01
  -.23500000E+01  .17272056E+01
  -.23000000E+01  .17133097E+01
  -.22500000E+01  .16993168E+01
  -.22000000E+01  .16852251E+01
  -.21500000E+01  .16710326E+01
  -.21000000E+01  .16567376E+01
  -.20500000E+01  .16423379E+01
  -.20000000E+01  .16278316E+01
  -.19500000E+01  .16132165E+01
  -.19000000E+01  .15984906E+01
  -.18500000E+01  .15836515E+01
  -.18000000E+01  .15686970E+01
  -.17500000E+01  .15536248E+01
  -.17000000E+01  .15384324E+01
  -.16500000E+01  .15231173E+01
  -.16000000E+01  .15076768E+01
  -.15500000E+01  .14921084E+01
  -.15000000E+01  .14764093E+01
  -.14500000E+01  .14605767E+01
  -.14000000E+01  .14446075E+01
  -.13500000E+01  .14284987E+01
  -.13000000E+01  .14122473E+01
  -.12500000E+01  .13958500E+01
  -.12000000E+01  .13793034E+01
  -.11500000E+01  .13626040E+01
  -.11000000E+01  .13457483E+01
  -.10500000E+01  .13287325E+01
  -.10000000E+01  .13115529E+01
  -.95000000E+00  .12942053E+01
  -.90000000E+00  .12766858E+01
  -.85000000E+00  .12589899E+01
  -.80000000E+00  .12411133E+01
  -.75000000E+00  .12230514E+01
  -.70000000E+00  .12047993E+01
  -.65000000E+00  .11863522E+01
  -.60000000E+00  .11677049E+01
  -.55000000E+00  .11488519E+01
  -.50000000E+00  .11297879E+01
  -.45000000E+00  .11105069E+01
  -.40000000E+00  .10910029E+01
  -.35000000E+00  .10712698E+01
  -.30000000E+00  .10513009E+01
  -.25000000E+00  .10310895E+01
  -.20000000E+00  .10106286E+01
  -.15000000E+00  .98991063E+00
  -.10000000E+00  .96892801E+00
  -.50000000E-01  .94767269E+00
  -.22898350E-14  .92613626E+00
   .50000000E-01  .90430997E+00
   .10000000E+00  .88218466E+00
   .15000000E+00  .85975073E+00
   .20000000E+00  .83699816E+00
   .25000000E+00  .81391645E+00
   .30000000E+00  .79049460E+00
   .35000000E+00  .76672107E+00
   .40000000E+00  .74258376E+00
   .45000000E+00  .71806999E+00
   .50000000E+00  .69316641E+00
   .55000000E+00  .66785901E+00
   .60000000E+00  .64213306E+00
   .65000000E+00  .61597303E+00
   .70000000E+00  .58936261E+00
   .75000000E+00  .56228458E+00
   .80000000E+00  .53472079E+00
   .85000000E+00  .50665207E+00
   .90000000E+00  .47805818E+00
   .95000000E+00  .44891774E+00
   .10000000E+01  .41920812E+00
   .10500000E+01  .38890533E+00
   .11000000E+01  .35798399E+00
   .11500000E+01  .32641715E+00
   .12000000E+01  .29417620E+00
   .12500000E+01  .26123073E+00
   .13000000E+01  .22754841E+00
   .13500000E+01  .19309479E+00
   .14000000E+01  .15783315E+00
   .14500000E+01  .12172433E+00
   .15000000E+01  .84726455E-01
   .15500000E+01  .46794759E-01
   .16000000E+01  .78813014E-02
   .16500000E+01 -.32065315E-01
   .17000000E+01 -.73100270E-01
   .17500000E+01 -.11528288E+00
   .18000000E+01 -.15867698E+00
   .18500000E+01 -.20335140E+00
   .19000000E+01 -.24938044E+00
   .19500000E+01 -.29684441E+00
   .20000000E+01 -.34583030E+00
Core Pot   L  =        3.00000    .00000
  -.30000000E+01  .22642330E+01
  -.29500000E+01  .22537295E+01
  -.29000000E+01  .22431841E+01
  -.28500000E+01  .22325965E+01
  -.28000000E+01  .22219661E+01
  -.27500000E+01  .22112926E+01
  -.27000000E+01  .22005753E+01
  -.26500000E+01  .21898139E+01
  -.26000000E+01  .21790078E+01
  -.25500000E+01  .21681566E+01
  -.25000000E+01  .21572597E+01
  -.24500000E+01  .21463167E+01
  -.24000000E+01  .21353269E+01
  -.23500000E+01  .21242899E+01
  -.23000000E+01  .21132051E+01
  -.22500000E+01  .21020719E+01
  -.22000000E+01  .20908899E+01
  -.21500000E+01  .20796583E+01
  -.21000000E+01  .20683767E+01
  -.20500000E+01  .20570444E+01
  -.20000000E+01  .20456609E+01
  -.19500000E+01  .20342255E+01
  -.19000000E+01  .20227375E+01
  -.18500000E+01  .20111964E+01
  -.18000000E+01  .19996015E+01
  -.17500000E+01  .19879520E+01
  -.17000000E+01  .19762475E+01
  -.16500000E+01  .19644871E+01
  -.16000000E+01  .19526701E+01
  -.15500000E+01  .19407958E+01
  -.15000000E+01  .19288636E+01
  -.14500000E+01  .19168726E+01
  -.14000000E+01  .19048221E+01
  -.13500000E+01  .18927113E+01
  -.13000000E+01  .18805394E+01
  -.12500000E+01  .18683057E+01
  -.12000000E+01  .18560092E+01
  -.11500000E+01  .18436492E+01
  -.11000000E+01  .18312248E+01
  -.10500000E+01  .18187351E+01
  -.10000000E+01  .18061793E+01
  -.95000000E+00  .17935563E+01
  -.90000000E+00  .17808653E+01
  -.85000000E+00  .17681054E+01
  -.80000000E+00  .17552755E+01
  -.75000000E+00  .17423748E+01
  -.70000000E+00  .17294020E+01
  -.65000000E+00  .17163563E+01
  -.60000000E+00  .17032366E+01
  -.55000000E+00  .16900418E+01
  -.50000000E+00  .16767708E+01
  -.45000000E+00  .16634224E+01
  -.40000000E+00  .16499956E+01
  -.35000000E+00  .16364891E+01
  -.30000000E+00  .16229017E+01
  -.25000000E+00  .16092322E+01
  -.20000000E+00  .15954793E+01
  -.15000000E+00  .15816418E+01
  -.10000000E+00  .15677184E+01
  -.50000000E-01  .15537076E+01
  -.22898350E-14  .15396081E+01
   .50000000E-01  .15254184E+01
   .10000000E+00  .15111373E+01
   .15000000E+00  .14967630E+01
   .20000000E+00  .14822942E+01
   .25000000E+00  .14677293E+01
   .30000000E+00  .14530667E+01
   .35000000E+00  .14383047E+01
   .40000000E+00  .14234416E+01
   .45000000E+00  .14084759E+01
   .50000000E+00  .13934056E+01
   .55000000E+00  .13782290E+01
   .60000000E+00  .13629443E+01
   .65000000E+00  .13475495E+01
   .70000000E+00  .13320427E+01
   .75000000E+00  .13164219E+01
   .80000000E+00  .13006851E+01
   .85000000E+00  .12848301E+01
   .90000000E+00  .12688547E+01
   .95000000E+00  .12527569E+01
   .10000000E+01  .12365342E+01
   .10500000E+01  .12201843E+01
   .11000000E+01  .12037048E+01
   .11500000E+01  .11870933E+01
   .12000000E+01  .11703472E+01
   .12500000E+01  .11534639E+01
   .13000000E+01  .11364406E+01
   .13500000E+01  .11192747E+01
   .14000000E+01  .11019632E+01
   .14500000E+01  .10845033E+01
   .15000000E+01  .10668918E+01
   .15500000E+01  .10491258E+01
   .16000000E+01  .10312019E+01
   .16500000E+01  .10131170E+01
   .17000000E+01  .99486750E+00
   .17500000E+01  .97645002E+00
   .18000000E+01  .95786090E+00
   .18500000E+01  .93909642E+00
   .19000000E+01  .92015273E+00
   .19500000E+01  .90102586E+00
   .20000000E+01  .88171171E+00
Potential  L  =        3.00000    .00000
  -.30000000E+01  .22655341E+01
  -.29500000E+01  .22550248E+01
  -.29000000E+01  .22444733E+01
  -.28500000E+01  .22338794E+01
  -.28000000E+01  .22232425E+01
  -.27500000E+01  .22125622E+01
  -.27000000E+01  .22018379E+01
  -.26500000E+01  .21910691E+01
  -.26000000E+01  .21802555E+01
  -.25500000E+01  .21693964E+01
  -.25000000E+01  .21584914E+01
  -.24500000E+01  .21475399E+01
  -.24000000E+01  .21365413E+01
  -.23500000E+01  .21254953E+01
  -.23000000E+01  .21144011E+01
  -.22500000E+01  .21032583E+01
  -.22000000E+01  .20920662E+01
  -.21500000E+01  .20808242E+01
  -.21000000E+01  .20695319E+01
  -.20500000E+01  .20581885E+01
  -.20000000E+01  .20467935E+01
  -.19500000E+01  .20353462E+01
  -.19000000E+01  .20238460E+01
  -.18500000E+01  .20122922E+01
  -.18000000E+01  .20006842E+01
  -.17500000E+01  .19890213E+01
  -.17000000E+01  .19773028E+01
  -.16500000E+01  .19655279E+01
  -.16000000E+01  .19536961E+01
  -.15500000E+01  .19418065E+01
  -.15000000E+01  .19298584E+01
  -.14500000E+01  .19178510E+01
  -.14000000E+01  .19057836E+01
  -.13500000E+01  .18936554E+01
  -.13000000E+01  .18814656E+01
  -.12500000E+01  .18692133E+01
  -.12000000E+01  .18568977E+01
  -.11500000E+01  .18445179E+01
  -.11000000E+01  .18320732E+01
  -.10500000E+01  .18195625E+01
  -.10000000E+01  .18069850E+01
  -.95000000E+00  .17943397E+01
  -.90000000E+00  .17816257E+01
  -.85000000E+00  .17688421E+01
  -.80000000E+00  .17559877E+01
  -.75000000E+00  .17430617E+01
  -.70000000E+00  .17300630E+01
  -.65000000E+00  .17169905E+01
  -.60000000E+00  .17038432E+01
  -.55000000E+00  .16906199E+01
  -.50000000E+00  .16773195E+01
  -.45000000E+00  .16639409E+01
  -.40000000E+00  .16504829E+01
  -.35000000E+00  .16369442E+01
  -.30000000E+00  .16233237E+01
  -.25000000E+00  .16096201E+01
  -.20000000E+00  .15958321E+01
  -.15000000E+00  .15819583E+01
  -.10000000E+00  .15679975E+01
  -.50000000E-01  .15539482E+01
  -.22898350E-14  .15398090E+01
   .50000000E-01  .15255785E+01
   .10000000E+00  .15112552E+01
   .15000000E+00  .14968375E+01
   .20000000E+00  .14823240E+01
   .25000000E+00  .14677129E+01
   .30000000E+00  .14530027E+01
   .35000000E+00  .14381917E+01
   .40000000E+00  .14232782E+01
   .45000000E+00  .14082603E+01
   .50000000E+00  .13931364E+01
   .55000000E+00  .13779045E+01
   .60000000E+00  .13625627E+01
   .65000000E+00  .13471091E+01
   .70000000E+00  .13315417E+01
   .75000000E+00  .13158583E+01
   .80000000E+00  .13000570E+01
   .85000000E+00  .12841356E+01
   .90000000E+00  .12680917E+01
   .95000000E+00  .12519231E+01
   .10000000E+01  .12356275E+01
   .10500000E+01  .12192025E+01
   .11000000E+01  .12026455E+01
   .11500000E+01  .11859540E+01
   .12000000E+01  .11691253E+01
   .12500000E+01  .11521568E+01
   .13000000E+01  .11350457E+01
   .13500000E+01  .11177891E+01
   .14000000E+01  .11003841E+01
   .14500000E+01  .10828276E+01
   .15000000E+01  .10651165E+01
   .15500000E+01  .10472476E+01
   .16000000E+01  .10292175E+01
   .16500000E+01  .10110229E+01
   .17000000E+01  .99266017E+00
   .17500000E+01  .97412573E+00
   .18000000E+01  .95541582E+00
   .18500000E+01  .93652657E+00
   .19000000E+01  .91745397E+00
   .19500000E+01  .89819390E+00
   .20000000E+01  .87874212E+00
Core Pot   L  =        4.00000    .00000
  -.30000000E+01  .26516854E+01
  -.29500000E+01  .26427498E+01
  -.29000000E+01  .26337892E+01
  -.28500000E+01  .26248028E+01
  -.28000000E+01  .26157892E+01
  -.27500000E+01  .26067497E+01
  -.27000000E+01  .25976838E+01
  -.26500000E+01  .25885912E+01
  -.26000000E+01  .25794715E+01
  -.25500000E+01  .25703251E+01
  -.25000000E+01  .25611509E+01
  -.24500000E+01  .25519489E+01
  -.24000000E+01  .25427197E+01
  -.23500000E+01  .25334610E+01
  -.23000000E+01  .25241764E+01
  -.22500000E+01  .25148619E+01
  -.22000000E+01  .25055186E+01
  -.21500000E+01  .24961467E+01
  -.21000000E+01  .24867457E+01
  -.20500000E+01  .24773151E+01
  -.20000000E+01  .24678544E+01
  -.19500000E+01  .24583638E+01
  -.19000000E+01  .24488435E+01
  -.18500000E+01  .24392925E+01
  -.18000000E+01  .24297104E+01
  -.17500000E+01  .24200975E+01
  -.17000000E+01  .24104540E+01
  -.16500000E+01  .24007780E+01
  -.16000000E+01  .23910703E+01
  -.15500000E+01  .23813307E+01
  -.15000000E+01  .23715588E+01
  -.14500000E+01  .23617546E+01
  -.14000000E+01  .23519153E+01
  -.13500000E+01  .23420462E+01
  -.13000000E+01  .23321414E+01
  -.12500000E+01  .23222035E+01
  -.12000000E+01  .23122305E+01
  -.11500000E+01  .23022240E+01
  -.11000000E+01  .22921826E+01
  -.10500000E+01  .22821054E+01
  -.10000000E+01  .22719934E+01
  -.95000000E+00  .22618455E+01
  -.90000000E+00  .22516614E+01
  -.85000000E+00  .22414407E+01
  -.80000000E+00  .22311834E+01
  -.75000000E+00  .22208890E+01
  -.70000000E+00  .22105572E+01
  -.65000000E+00  .22001863E+01
  -.60000000E+00  .21897794E+01
  -.55000000E+00  .21793330E+01
  -.50000000E+00  .21688466E+01
  -.45000000E+00  .21583229E+01
  -.40000000E+00  .21477585E+01
  -.35000000E+00  .21371527E+01
  -.30000000E+00  .21265086E+01
  -.25000000E+00  .21158225E+01
  -.20000000E+00  .21050954E+01
  -.15000000E+00  .20943265E+01
  -.10000000E+00  .20835151E+01
  -.50000000E-01  .20726603E+01
  -.22898350E-14  .20617647E+01
   .50000000E-01  .20508244E+01
   .10000000E+00  .20398405E+01
   .15000000E+00  .20288118E+01
   .20000000E+00  .20177386E+01
   .25000000E+00  .20066201E+01
   .30000000E+00  .19954557E+01
   .35000000E+00  .19842451E+01
   .40000000E+00  .19729878E+01
   .45000000E+00  .19616833E+01
   .50000000E+00  .19503309E+01
   .55000000E+00  .19389303E+01
   .60000000E+00  .19274808E+01
   .65000000E+00  .19159821E+01
   .70000000E+00  .19044334E+01
   .75000000E+00  .18928344E+01
   .80000000E+00  .18811843E+01
   .85000000E+00  .18694827E+01
   .90000000E+00  .18577290E+01
   .95000000E+00  .18459225E+01
   .10000000E+01  .18340626E+01
   .10500000E+01  .18221488E+01
   .11000000E+01  .18101805E+01
   .11500000E+01  .17981570E+01
   .12000000E+01  .17860776E+01
   .12500000E+01  .17739417E+01
   .13000000E+01  .17617488E+01
   .13500000E+01  .17494979E+01
   .14000000E+01  .17371885E+01
   .14500000E+01  .17248199E+01
   .15000000E+01  .17123914E+01
   .15500000E+01  .16999022E+01
   .16000000E+01  .16873516E+01
   .16500000E+01  .16747389E+01
   .17000000E+01  .16620632E+01
   .17500000E+01  .16493238E+01
   .18000000E+01  .16365199E+01
   .18500000E+01  .16236507E+01
   .19000000E+01  .16107154E+01
   .19500000E+01  .15977130E+01
   .20000000E+01  .15846429E+01
Potential  L  =        4.00000    .00000
  -.30000000E+01  .26531931E+01
  -.29500000E+01  .26442604E+01
  -.29000000E+01  .26353021E+01
  -.28500000E+01  .26263176E+01
  -.28000000E+01  .26173071E+01
  -.27500000E+01  .26082705E+01
  -.27000000E+01  .25992073E+01
  -.26500000E+01  .25901172E+01
  -.26000000E+01  .25810001E+01
  -.25500000E+01  .25718559E+01
  -.25000000E+01  .25626842E+01
  -.24500000E+01  .25534851E+01
  -.24000000E+01  .25442580E+01
  -.23500000E+01  .25350030E+01
  -.23000000E+01  .25257194E+01
  -.22500000E+01  .25164072E+01
  -.22000000E+01  .25070665E+01
  -.21500000E+01  .24976967E+01
  -.21000000E+01  .24882977E+01
  -.20500000E+01  .24788690E+01
  -.20000000E+01  .24694105E+01
  -.19500000E+01  .24599222E+01
  -.19000000E+01  .24504036E+01
  -.18500000E+01  .24408544E+01
  -.18000000E+01  .24312744E+01
  -.17500000E+01  .24216633E+01
  -.17000000E+01  .24120211E+01
  -.16500000E+01  .24023471E+01
  -.16000000E+01  .23926411E+01
  -.15500000E+01  .23829031E+01
  -.15000000E+01  .23731326E+01
  -.14500000E+01  .23633294E+01
  -.14000000E+01  .23534932E+01
  -.13500000E+01  .23436237E+01
  -.13000000E+01  .23337204E+01
  -.12500000E+01  .23237833E+01
  -.12000000E+01  .23138118E+01
  -.11500000E+01  .23038061E+01
  -.11000000E+01  .22937652E+01
  -.10500000E+01  .22836893E+01
  -.10000000E+01  .22735777E+01
  -.95000000E+00  .22634303E+01
  -.90000000E+00  .22532469E+01
  -.85000000E+00  .22430267E+01
  -.80000000E+00  .22327697E+01
  -.75000000E+00  .22224755E+01
  -.70000000E+00  .22121439E+01
  -.65000000E+00  .22017741E+01
  -.60000000E+00  .21913660E+01
  -.55000000E+00  .21809192E+01
  -.50000000E+00  .21704335E+01
  -.45000000E+00  .21599081E+01
  -.40000000E+00  .21493433E+01
  -.35000000E+00  .21387377E+01
  -.30000000E+00  .21280917E+01
  -.25000000E+00  .21174048E+01
  -.20000000E+00  .21066764E+01
  -.15000000E+00  .20959060E+01
  -.10000000E+00  .20850933E+01
  -.50000000E-01  .20742381E+01
  -.22898350E-14  .20633394E+01
   .50000000E-01  .20523972E+01
   .10000000E+00  .20414111E+01
   .15000000E+00  .20303802E+01
   .20000000E+00  .20193045E+01
   .25000000E+00  .20081832E+01
   .30000000E+00  .19970159E+01
   .35000000E+00  .19858023E+01
   .40000000E+00  .19745417E+01
   .45000000E+00  .19632336E+01
   .50000000E+00  .19518775E+01
   .55000000E+00  .19404730E+01
   .60000000E+00  .19290193E+01
   .65000000E+00  .19175162E+01
   .70000000E+00  .19059629E+01
   .75000000E+00  .18943590E+01
   .80000000E+00  .18827038E+01
   .85000000E+00  .18709967E+01
   .90000000E+00  .18592373E+01
   .95000000E+00  .18474249E+01
   .10000000E+01  .18355588E+01
   .10500000E+01  .18236385E+01
   .11000000E+01  .18116633E+01
   .11500000E+01  .17996326E+01
   .12000000E+01  .17875458E+01
   .12500000E+01  .17754021E+01
   .13000000E+01  .17632010E+01
   .13500000E+01  .17509416E+01
   .14000000E+01  .17386234E+01
   .14500000E+01  .17262456E+01
   .15000000E+01  .17138075E+01
   .15500000E+01  .17013083E+01
   .16000000E+01  .16887473E+01
   .16500000E+01  .16761237E+01
   .17000000E+01  .16634367E+01
   .17500000E+01  .16506857E+01
   .18000000E+01  .16378696E+01
   .18500000E+01  .16249878E+01
   .19000000E+01  .16120394E+01
   .19500000E+01  .15990234E+01
   .20000000E+01  .15859392E+01
KBPotential  L  =      1.00000  -4.21468
  -.30000000E+01  .14560536E+01
  -.29500000E+01  .14284223E+01
  -.29000000E+01  .13991395E+01
  -.28500000E+01  .13679232E+01
  -.28000000E+01  .13344194E+01
  -.27500000E+01  .12981780E+01
  -.27000000E+01  .12586176E+01
  -.26500000E+01  .12149735E+01
  -.26000000E+01  .11662194E+01
  -.25500000E+01  .11109445E+01
  -.25000000E+01  .10471544E+01
  -.24500000E+01  .97193449E+00
  -.24000000E+01  .88084921E+00
  -.23500000E+01  .76680030E+00
  -.23000000E+01  .61767479E+00
  -.22500000E+01  .41096502E+00
  -.22000000E+01  .99569794E-01
  -.21500000E+01 -.43442669E+00
  -.21000000E+01 -.15929990E+01
  -.20500000E+01 -.62128011E+01
  -.20000000E+01  .16282265E+02
  -.19500000E+01  .51683591E+01
  -.19000000E+01  .35413034E+01
  -.18500000E+01  .28788035E+01
  -.18000000E+01  .25139554E+01
  -.17500000E+01  .22794449E+01
  -.17000000E+01  .21135238E+01
  -.16500000E+01  .19880943E+01
  -.16000000E+01  .18885340E+01
  -.15500000E+01  .18064815E+01
  -.15000000E+01  .17368087E+01
  -.14500000E+01  .16761954E+01
  -.14000000E+01  .16223962E+01
  -.13500000E+01  .15738381E+01
  -.13000000E+01  .15293855E+01
  -.12500000E+01  .14881979E+01
  -.12000000E+01  .14496397E+01
  -.11500000E+01  .14132206E+01
  -.11000000E+01  .13785563E+01
  -.10500000E+01  .13453410E+01
  -.10000000E+01  .13133281E+01
  -.95000000E+00  .12823160E+01
  -.90000000E+00  .12521383E+01
  -.85000000E+00  .12226563E+01
  -.80000000E+00  .11937529E+01
  -.75000000E+00  .11653284E+01
  -.70000000E+00  .11372975E+01
  -.65000000E+00  .11095863E+01
  -.60000000E+00  .10821301E+01
  -.55000000E+00  .10548722E+01
  -.50000000E+00  .10277623E+01
  -.45000000E+00  .10007554E+01
  -.40000000E+00  .97381114E+00
  -.35000000E+00  .94689274E+00
  -.30000000E+00  .91996670E+00
  -.25000000E+00  .89300219E+00
  -.20000000E+00  .86597060E+00
  -.15000000E+00  .83884524E+00
  -.10000000E+00  .81160097E+00
  -.50000000E-01  .78421403E+00
  -.22898350E-14  .75666174E+00
   .50000000E-01  .72892232E+00
   .10000000E+00  .70097474E+00
   .15000000E+00  .67279856E+00
   .20000000E+00  .64437378E+00
   .25000000E+00  .61568072E+00
   .30000000E+00  .58669992E+00
   .35000000E+00  .55741205E+00
   .40000000E+00  .52779777E+00
   .45000000E+00  .49783767E+00
   .50000000E+00  .46751226E+00
   .55000000E+00  .43680170E+00
   .60000000E+00  .40568591E+00
   .65000000E+00  .37414443E+00
   .70000000E+00  .34215630E+00
   .75000000E+00  .30970007E+00
   .80000000E+00  .27675363E+00
   .85000000E+00  .24329424E+00
   .90000000E+00  .20929835E+00
   .95000000E+00  .17474160E+00
   .10000000E+01  .13959870E+00
   .10500000E+01  .10384333E+00
   .11000000E+01  .67448094E-01
   .11500000E+01  .30384383E-01
   .12000000E+01 -.73777001E-02
   .12500000E+01 -.45869458E-01
   .13000000E+01 -.85123717E-01
   .13500000E+01 -.12517493E+00
   .14000000E+01 -.16605936E+00
   .14500000E+01 -.20781514E+00
   .15000000E+01 -.25048251E+00
   .15500000E+01 -.29410391E+00
   .16000000E+01 -.33872423E+00
   .16500000E+01 -.38439093E+00
   .17000000E+01 -.43115434E+00
   .17500000E+01 -.47906780E+00
   .18000000E+01 -.52818799E+00
   .18500000E+01 -.57857518E+00
   .19000000E+01 -.63029350E+00
   .19500000E+01 -.68341136E+00
   .20000000E+01 -.73800173E+00
KBPotential  L  =       .00000   -.40335
  -.30000000E+01  .15897105E+01
  -.29500000E+01  .15744065E+01
  -.29000000E+01  .15589813E+01
  -.28500000E+01  .15434323E+01
  -.28000000E+01  .15277574E+01
  -.27500000E+01  .15119538E+01
  -.27000000E+01  .14960190E+01
  -.26500000E+01  .14799504E+01
  -.26000000E+01  .14637452E+01
  -.25500000E+01  .14474005E+01
  -.25000000E+01  .14309136E+01
  -.24500000E+01  .14142814E+01
  -.24000000E+01  .13975008E+01
  -.23500000E+01  .13805686E+01
  -.23000000E+01  .13634815E+01
  -.22500000E+01  .13462362E+01
  -.22000000E+01  .13288292E+01
  -.21500000E+01  .13112569E+01
  -.21000000E+01  .12935155E+01
  -.20500000E+01  .12756012E+01
  -.20000000E+01  .12575100E+01
  -.19500000E+01  .12392379E+01
  -.19000000E+01  .12207806E+01
  -.18500000E+01  .12021336E+01
  -.18000000E+01  .11832926E+01
  -.17500000E+01  .11642528E+01
  -.17000000E+01  .11450093E+01
  -.16500000E+01  .11255571E+01
  -.16000000E+01  .11058911E+01
  -.15500000E+01  .10860059E+01
  -.15000000E+01  .10658958E+01
  -.14500000E+01  .10455551E+01
  -.14000000E+01  .10249778E+01
  -.13500000E+01  .10041576E+01
  -.13000000E+01  .98308815E+00
  -.12500000E+01  .96176269E+00
  -.12000000E+01  .94017426E+00
  -.11500000E+01  .91831564E+00
  -.11000000E+01  .89617926E+00
  -.10500000E+01  .87375732E+00
  -.10000000E+01  .85104165E+00
  -.95000000E+00  .82802378E+00
  -.90000000E+00  .80469484E+00
  -.85000000E+00  .78104562E+00
  -.80000000E+00  .75706649E+00
  -.75000000E+00  .73274736E+00
  -.70000000E+00  .70807771E+00
  -.65000000E+00  .68304651E+00
  -.60000000E+00  .65764217E+00
  -.55000000E+00  .63185251E+00
  -.50000000E+00  .60566465E+00
  -.45000000E+00  .57906494E+00
  -.40000000E+00  .55203881E+00
  -.35000000E+00  .52457051E+00
  -.30000000E+00  .49664278E+00
  -.25000000E+00  .46823615E+00
  -.20000000E+00  .43932764E+00
  -.15000000E+00  .40988793E+00
  -.10000000E+00  .37987426E+00
  -.50000000E-01  .34920920E+00
  -.22898350E-14  .31769450E+00
   .50000000E-01  .28439070E+00
   .10000000E+00  .35565903E+00
   .15000000E+00  .22642446E+00
   .20000000E+00  .19144018E+00
   .25000000E+00  .15685994E+00
   .30000000E+00  .12186043E+00
   .35000000E+00  .86249975E-01
   .40000000E+00  .49943830E-01
   .45000000E+00  .12886936E-01
   .50000000E+00 -.24965695E-01
   .55000000E+00 -.63655725E-01
   .60000000E+00 -.10322424E+00
   .65000000E+00 -.14371310E+00
   .70000000E+00 -.18516577E+00
   .75000000E+00 -.22762776E+00
   .80000000E+00 -.27114708E+00
   .85000000E+00 -.31577455E+00
   .90000000E+00 -.36156413E+00
   .95000000E+00 -.40857325E+00
   .10000000E+01 -.45686307E+00
   .10500000E+01 -.50649896E+00
   .11000000E+01 -.55755081E+00
   .11500000E+01 -.61009345E+00
   .12000000E+01 -.66420714E+00
   .12500000E+01 -.71997806E+00
   .13000000E+01 -.77749882E+00
   .13500000E+01 -.83686932E+00
   .14000000E+01 -.89819714E+00
   .14500000E+01 -.96159854E+00
   .15000000E+01 -.10271993E+01
   .15500000E+01 -.10951356E+01
   .16000000E+01 -.11655555E+01
   .16500000E+01 -.12386196E+01
   .17000000E+01 -.13145032E+01
   .17500000E+01 -.13933975E+01
   .18000000E+01 -.14755113E+01
   .18500000E+01 -.15610737E+01
   .19000000E+01 -.16503362E+01
   .19500000E+01 -.17435752E+01
   .20000000E+01 -.18410964E+01
KBPotential  L  =      2.00000    .00000
  -.30000000E+01  .18997647E+01
  -.29500000E+01  .18869855E+01
  -.29000000E+01  .18741289E+01
  -.28500000E+01  .18611937E+01
  -.28000000E+01  .18481784E+01
  -.27500000E+01  .18350818E+01
  -.27000000E+01  .18219024E+01
  -.26500000E+01  .18086389E+01
  -.26000000E+01  .17952897E+01
  -.25500000E+01  .17818534E+01
  -.25000000E+01  .17683285E+01
  -.24500000E+01  .17547133E+01
  -.24000000E+01  .17410062E+01
  -.23500000E+01  .17272056E+01
  -.23000000E+01  .17133097E+01
  -.22500000E+01  .16993168E+01
  -.22000000E+01  .16852251E+01
  -.21500000E+01  .16710326E+01
  -.21000000E+01  .16567376E+01
  -.20500000E+01  .16423379E+01
  -.20000000E+01  .16278316E+01
  -.19500000E+01  .16132165E+01
  -.19000000E+01  .15984906E+01
  -.18500000E+01  .15836515E+01
  -.18000000E+01  .15686970E+01
  -.17500000E+01  .15536248E+01
  -.17000000E+01  .15384324E+01
  -.16500000E+01  .15231173E+01
  -.16000000E+01  .15076768E+01
  -.15500000E+01  .14921084E+01
  -.15000000E+01  .14764093E+01
  -.14500000E+01  .14605767E+01
  -.14000000E+01  .14446075E+01
  -.13500000E+01  .14284987E+01
  -.13000000E+01  .14122473E+01
  -.12500000E+01  .13958500E+01
  -.12000000E+01  .13793034E+01
  -.11500000E+01  .13626040E+01
  -.11000000E+01  .13457483E+01
  -.10500000E+01  .13287325E+01
  -.10000000E+01  .13115529E+01
  -.95000000E+00  .12942053E+01
  -.90000000E+00  .12766858E+01
  -.85000000E+00  .12589899E+01
  -.80000000E+00  .12411133E+01
  -.75000000E+00  .12230514E+01
  -.70000000E+00  .12047993E+01
  -.65000000E+00  .11863522E+01
  -.60000000E+00  .11677049E+01
  -.55000000E+00  .11488519E+01
  -.50000000E+00  .11297879E+01
  -.45000000E+00  .11105069E+01
  -.40000000E+00  .10910029E+01
  -.35000000E+00  .10712698E+01
  -.30000000E+00  .10513009E+01
  -.25000000E+00  .10310895E+01
  -.20000000E+00  .10106286E+01
  -.15000000E+00  .98991063E+00
  -.10000000E+00  .96892801E+00
  -.50000000E-01  .94767269E+00
  -.22898350E-14  .92613626E+00
   .50000000E-01  .90430997E+00
   .10000000E+00  .88218466E+00
   .15000000E+00  .85975073E+00
   .20000000E+00  .83699816E+00
   .25000000E+00  .81391645E+00
   .30000000E+00  .79049460E+00
   .35000000E+00  .76672107E+00
   .40000000E+00  .74258376E+00
   .45000000E+00  .71806999E+00
   .50000000E+00  .69316641E+00
   .55000000E+00  .66785901E+00
   .60000000E+00  .64213306E+00
   .65000000E+00  .61597303E+00
   .70000000E+00  .58936261E+00
   .75000000E+00  .56228458E+00
   .80000000E+00  .53472079E+00
   .85000000E+00  .50665207E+00
   .90000000E+00  .47805818E+00
   .95000000E+00  .44891774E+00
   .10000000E+01  .41920812E+00
   .10500000E+01  .38890533E+00
   .11000000E+01  .35798399E+00
   .11500000E+01  .32641715E+00
   .12000000E+01  .29417620E+00
   .12500000E+01  .26123073E+00
   .13000000E+01  .22754841E+00
   .13500000E+01  .19309479E+00
   .14000000E+01  .15783315E+00
   .14500000E+01  .12172433E+00
   .15000000E+01  .84726455E-01
   .15500000E+01  .46794759E-01
   .16000000E+01  .78813014E-02
   .16500000E+01 -.32065315E-01
   .17000000E+01 -.73100270E-01
   .17500000E+01 -.11528288E+00
   .18000000E+01 -.15867698E+00
   .18500000E+01 -.20335140E+00
   .19000000E+01 -.24938044E+00
   .19500000E+01 -.29684441E+00
   .20000000E+01 -.34583030E+00
KBPotential  L  =      3.00000    .00000
  -.30000000E+01  .22655341E+01
  -.29500000E+01  .22550248E+01
  -.29000000E+01  .22444733E+01
  -.28500000E+01  .22338794E+01
  -.28000000E+01  .22232425E+01
  -.27500000E+01  .22125622E+01
  -.27000000E+01  .22018379E+01
  -.26500000E+01  .21910691E+01
  -.26000000E+01  .21802555E+01
  -.25500000E+01  .21693964E+01
  -.25000000E+01  .21584914E+01
  -.24500000E+01  .21475399E+01
  -.24000000E+01  .21365413E+01
  -.23500000E+01  .21254953E+01
  -.23000000E+01  .21144011E+01
  -.22500000E+01  .21032583E+01
  -.22000000E+01  .20920662E+01
  -.21500000E+01  .20808242E+01
  -.21000000E+01  .20695319E+01
  -.20500000E+01  .20581885E+01
  -.20000000E+01  .20467935E+01
  -.19500000E+01  .20353462E+01
  -.19000000E+01  .20238460E+01
  -.18500000E+01  .20122922E+01
  -.18000000E+01  .20006842E+01
  -.17500000E+01  .19890213E+01
  -.17000000E+01  .19773028E+01
  -.16500000E+01  .19655279E+01
  -.16000000E+01  .19536961E+01
  -.15500000E+01  .19418065E+01
  -.15000000E+01  .19298584E+01
  -.14500000E+01  .19178510E+01
  -.14000000E+01  .19057836E+01
  -.13500000E+01  .18936554E+01
  -.13000000E+01  .18814656E+01
  -.12500000E+01  .18692133E+01
  -.12000000E+01  .18568977E+01
  -.11500000E+01  .18445179E+01
  -.11000000E+01  .18320732E+01
  -.10500000E+01  .18195625E+01
  -.10000000E+01  .18069850E+01
  -.95000000E+00  .17943397E+01
  -.90000000E+00  .17816257E+01
  -.85000000E+00  .17688421E+01
  -.80000000E+00  .17559877E+01
  -.75000000E+00  .17430617E+01
  -.70000000E+00  .17300630E+01
  -.65000000E+00  .17169905E+01
  -.60000000E+00  .17038432E+01
  -.55000000E+00  .16906199E+01
  -.50000000E+00  .16773195E+01
  -.45000000E+00  .16639409E+01
  -.40000000E+00  .16504829E+01
  -.35000000E+00  .16369442E+01
  -.30000000E+00  .16233237E+01
  -.25000000E+00  .16096201E+01
  -.20000000E+00  .15958321E+01
  -.15000000E+00  .15819583E+01
  -.10000000E+00  .15679975E+01
  -.50000000E-01  .15539482E+01
  -.22898350E-14  .15398090E+01
   .50000000E-01  .15255785E+01
   .10000000E+00  .15112552E+01
   .15000000E+00  .14968375E+01
   .20000000E+00  .14823240E+01
   .25000000E+00  .14677129E+01
   .30000000E+00  .14530027E+01
   .35000000E+00  .14381917E+01
   .40000000E+00  .14232782E+01
   .45000000E+00  .14082603E+01
   .50000000E+00  .13931364E+01
   .55000000E+00  .13779045E+01
   .60000000E+00  .13625627E+01
   .65000000E+00  .13471091E+01
   .70000000E+00  .13315417E+01
   .75000000E+00  .13158583E+01
   .80000000E+00  .13000570E+01
   .85000000E+00  .12841356E+01
   .90000000E+00  .12680917E+01
   .95000000E+00  .12519231E+01
   .10000000E+01  .12356275E+01
   .10500000E+01  .12192025E+01
   .11000000E+01  .12026455E+01
   .11500000E+01  .11859540E+01
   .12000000E+01  .11691253E+01
   .12500000E+01  .11521568E+01
   .13000000E+01  .11350457E+01
   .13500000E+01  .11177891E+01
   .14000000E+01  .11003841E+01
   .14500000E+01  .10828276E+01
   .15000000E+01  .10651165E+01
   .15500000E+01  .10472476E+01
   .16000000E+01  .10292175E+01
   .16500000E+01  .10110229E+01
   .17000000E+01  .99266017E+00
   .17500000E+01  .97412573E+00
   .18000000E+01  .95541582E+00
   .18500000E+01  .93652657E+00
   .19000000E+01  .91745397E+00
   .19500000E+01  .89819390E+00
   .20000000E+01  .87874212E+00
KBPotential  L  =      4.00000    .00000
  -.30000000E+01  .26531931E+01
  -.29500000E+01  .26442604E+01
  -.29000000E+01  .26353021E+01
  -.28500000E+01  .26263176E+01
  -.28000000E+01  .26173071E+01
  -.27500000E+01  .26082705E+01
  -.27000000E+01  .25992073E+01
  -.26500000E+01  .25901172E+01
  -.26000000E+01  .25810001E+01
  -.25500000E+01  .25718559E+01
  -.25000000E+01  .25626842E+01
  -.24500000E+01  .25534851E+01
  -.24000000E+01  .25442580E+01
  -.23500000E+01  .25350030E+01
  -.23000000E+01  .25257194E+01
  -.22500000E+01  .25164072E+01
  -.22000000E+01  .25070665E+01
  -.21500000E+01  .24976967E+01
  -.21000000E+01  .24882977E+01
  -.20500000E+01  .24788690E+01
  -.20000000E+01  .24694105E+01
  -.19500000E+01  .24599222E+01
  -.19000000E+01  .24504036E+01
  -.18500000E+01  .24408544E+01
  -.18000000E+01  .24312744E+01
  -.17500000E+01  .24216633E+01
  -.17000000E+01  .24120211E+01
  -.16500000E+01  .24023471E+01
  -.16000000E+01  .23926411E+01
  -.15500000E+01  .23829031E+01
  -.15000000E+01  .23731326E+01
  -.14500000E+01  .23633294E+01
  -.14000000E+01  .23534932E+01
  -.13500000E+01  .23436237E+01
  -.13000000E+01  .23337204E+01
  -.12500000E+01  .23237833E+01
  -.12000000E+01  .23138118E+01
  -.11500000E+01  .23038061E+01
  -.11000000E+01  .22937652E+01
  -.10500000E+01  .22836893E+01
  -.10000000E+01  .22735777E+01
  -.95000000E+00  .22634303E+01
  -.90000000E+00  .22532469E+01
  -.85000000E+00  .22430267E+01
  -.80000000E+00  .22327697E+01
  -.75000000E+00  .22224755E+01
  -.70000000E+00  .22121439E+01
  -.65000000E+00  .22017741E+01
  -.60000000E+00  .21913660E+01
  -.55000000E+00  .21809192E+01
  -.50000000E+00  .21704335E+01
  -.45000000E+00  .21599081E+01
  -.40000000E+00  .21493433E+01
  -.35000000E+00  .21387377E+01
  -.30000000E+00  .21280917E+01
  -.25000000E+00  .21174048E+01
  -.20000000E+00  .21066764E+01
  -.15000000E+00  .20959060E+01
  -.10000000E+00  .20850933E+01
  -.50000000E-01  .20742381E+01
  -.22898350E-14  .20633394E+01
   .50000000E-01  .20523972E+01
   .10000000E+00  .20414111E+01
   .15000000E+00  .20303802E+01
   .20000000E+00  .20193045E+01
   .25000000E+00  .20081832E+01
   .30000000E+00  .19970159E+01
   .35000000E+00  .19858023E+01
   .40000000E+00  .19745417E+01
   .45000000E+00  .19632336E+01
   .50000000E+00  .19518775E+01
   .55000000E+00  .19404730E+01
   .60000000E+00  .19290193E+01
   .65000000E+00  .19175162E+01
   .70000000E+00  .19059629E+01
   .75000000E+00  .18943590E+01
   .80000000E+00  .18827038E+01
   .85000000E+00  .18709967E+01
   .90000000E+00  .18592373E+01
   .95000000E+00  .18474249E+01
   .10000000E+01  .18355588E+01
   .10500000E+01  .18236385E+01
   .11000000E+01  .18116633E+01
   .11500000E+01  .17996326E+01
   .12000000E+01  .17875458E+01
   .12500000E+01  .17754021E+01
   .13000000E+01  .17632010E+01
   .13500000E+01  .17509416E+01
   .14000000E+01  .17386234E+01
   .14500000E+01  .17262456E+01
   .15000000E+01  .17138075E+01
   .15500000E+01  .17013083E+01
   .16000000E+01  .16887473E+01
   .16500000E+01  .16761237E+01
   .17000000E+01  .16634367E+01
   .17500000E+01  .16506857E+01
   .18000000E+01  .16378696E+01
   .18500000E+01  .16249878E+01
   .19000000E+01  .16120394E+01
   .19500000E+01  .15990234E+01
   .20000000E+01  .15859392E+01
