  PAW_GGA Pr 07Jan2002                   
 100
Core Pot   L  =         .00000  -3.09859
  -.30000000E+01 -.12355460E+02
  -.29500000E+01  .18216881E+02
  -.29000000E+01  .66726181E+01
  -.28500000E+01  .45297111E+01
  -.28000000E+01  .36189520E+01
  -.27500000E+01  .31100631E+01
  -.27000000E+01  .27818601E+01
  -.26500000E+01  .25502713E+01
  -.26000000E+01  .23763476E+01
  -.25500000E+01  .22395703E+01
  -.25000000E+01  .21281019E+01
  -.24500000E+01  .20346341E+01
  -.24000000E+01  .19544095E+01
  -.23500000E+01  .18841981E+01
  -.23000000E+01  .18217289E+01
  -.22500000E+01  .17653586E+01
  -.22000000E+01  .17138680E+01
  -.21500000E+01  .16663335E+01
  -.21000000E+01  .16220420E+01
  -.20500000E+01  .15804341E+01
  -.20000000E+01  .15410644E+01
  -.19500000E+01  .15035737E+01
  -.19000000E+01  .14676685E+01
  -.18500000E+01  .14331071E+01
  -.18000000E+01  .13996876E+01
  -.17500000E+01  .13672403E+01
  -.17000000E+01  .13356213E+01
  -.16500000E+01  .13047074E+01
  -.16000000E+01  .12743922E+01
  -.15500000E+01  .12445834E+01
  -.15000000E+01  .12152002E+01
  -.14500000E+01  .11861713E+01
  -.14000000E+01  .11574334E+01
  -.13500000E+01  .11289300E+01
  -.13000000E+01  .11006102E+01
  -.12500000E+01  .10724279E+01
  -.12000000E+01  .10443411E+01
  -.11500000E+01  .10163110E+01
  -.11000000E+01  .98830213E+00
  -.10500000E+01  .96028111E+00
  -.10000000E+01  .93221686E+00
  -.95000000E+00  .90407999E+00
  -.90000000E+00  .87584264E+00
  -.85000000E+00  .84747815E+00
  -.80000000E+00  .81896087E+00
  -.75000000E+00  .79026599E+00
  -.70000000E+00  .76136932E+00
  -.65000000E+00  .73224717E+00
  -.60000000E+00  .70287618E+00
  -.55000000E+00  .67323319E+00
  -.50000000E+00  .64329512E+00
  -.45000000E+00  .61303886E+00
  -.40000000E+00  .58244113E+00
  -.35000000E+00  .55147840E+00
  -.30000000E+00  .52012678E+00
  -.25000000E+00  .48836190E+00
  -.20000000E+00  .45615880E+00
  -.15000000E+00  .42349187E+00
  -.10000000E+00  .39033469E+00
  -.50000000E-01  .35665996E+00
  -.22898350E-14  .32243935E+00
   .50000000E-01  .28764342E+00
   .10000000E+00  .25224145E+00
   .15000000E+00  .21620138E+00
   .20000000E+00  .17948957E+00
   .25000000E+00  .14207075E+00
   .30000000E+00  .10390780E+00
   .35000000E+00  .64961571E-01
   .40000000E+00  .25190752E-01
   .45000000E+00 -.15448390E-01
   .50000000E+00 -.57002206E-01
   .55000000E+00 -.99519913E-01
   .60000000E+00 -.14305386E+00
   .65000000E+00 -.18765983E+00
   .70000000E+00 -.23339734E+00
   .75000000E+00 -.28033002E+00
   .80000000E+00 -.32852602E+00
   .85000000E+00 -.37805842E+00
   .90000000E+00 -.42900572E+00
   .95000000E+00 -.48145244E+00
   .10000000E+01 -.53548965E+00
   .10500000E+01 -.59121573E+00
   .11000000E+01 -.64873710E+00
   .11500000E+01 -.70816912E+00
   .12000000E+01 -.76963703E+00
   .12500000E+01 -.83327711E+00
   .13000000E+01 -.89923793E+00
   .13500000E+01 -.96768181E+00
   .14000000E+01 -.10387864E+01
   .14500000E+01 -.11127468E+01
   .15000000E+01 -.11897773E+01
   .15500000E+01 -.12701145E+01
   .16000000E+01 -.13540197E+01
   .16500000E+01 -.14417824E+01
   .17000000E+01 -.15337248E+01
   .17500000E+01 -.16302055E+01
   .18000000E+01 -.17316259E+01
   .18500000E+01 -.18384361E+01
   .19000000E+01 -.19511428E+01
   .19500000E+01 -.20703186E+01
   .20000000E+01 -.21966129E+01
Potential  L  =         .00000  -3.09859
  -.30000000E+01  .37191956E+02
  -.29500000E+01  .60348964E+01
  -.29000000E+01  .38546806E+01
  -.28500000E+01  .30477613E+01
  -.28000000E+01  .26210771E+01
  -.27500000E+01  .23529784E+01
  -.27000000E+01  .21659913E+01
  -.26500000E+01  .20259847E+01
  -.26000000E+01  .19155769E+01
  -.25500000E+01  .18249818E+01
  -.25000000E+01  .17482673E+01
  -.24500000E+01  .16816263E+01
  -.24000000E+01  .16225023E+01
  -.23500000E+01  .15691134E+01
  -.23000000E+01  .15201786E+01
  -.22500000E+01  .14747523E+01
  -.22000000E+01  .14321202E+01
  -.21500000E+01  .13917318E+01
  -.21000000E+01  .13531547E+01
  -.20500000E+01  .13160443E+01
  -.20000000E+01  .12801210E+01
  -.19500000E+01  .12451552E+01
  -.19000000E+01  .12109556E+01
  -.18500000E+01  .11773605E+01
  -.18000000E+01  .11442320E+01
  -.17500000E+01  .11114503E+01
  -.17000000E+01  .10789106E+01
  -.16500000E+01  .10465196E+01
  -.16000000E+01  .10141936E+01
  -.15500000E+01  .98185605E+00
  -.15000000E+01  .94943646E+00
  -.14500000E+01  .91686887E+00
  -.14000000E+01  .88409078E+00
  -.13500000E+01  .85104225E+00
  -.13000000E+01  .81766509E+00
  -.12500000E+01  .78390210E+00
  -.12000000E+01  .74969647E+00
  -.11500000E+01  .71499111E+00
  -.11000000E+01  .67972813E+00
  -.10500000E+01  .64384823E+00
  -.10000000E+01  .60729018E+00
  -.95000000E+00  .56999023E+00
  -.90000000E+00  .53188152E+00
  -.85000000E+00  .49289349E+00
  -.80000000E+00  .45295117E+00
  -.75000000E+00  .41197447E+00
  -.70000000E+00  .36987702E+00
  -.65000000E+00  .32656698E+00
  -.60000000E+00  .28194291E+00
  -.55000000E+00  .23589532E+00
  -.50000000E+00  .18830443E+00
  -.45000000E+00  .13903864E+00
  -.40000000E+00  .87952852E-01
  -.35000000E+00  .34886477E-01
  -.30000000E+00 -.20338944E-01
  -.25000000E+00 -.77922507E-01
  -.20000000E+00 -.13808723E+00
  -.15000000E+00 -.20108399E+00
  -.10000000E+00 -.26719618E+00
  -.50000000E-01 -.33674539E+00
  -.22898350E-14 -.41009825E+00
   .50000000E-01 -.48767479E+00
   .10000000E+00 -.56995877E+00
   .15000000E+00 -.65751034E+00
   .20000000E+00 -.75098206E+00
   .25000000E+00 -.85113895E+00
   .30000000E+00 -.95888393E+00
   .35000000E+00 -.10752907E+01
   .40000000E+00 -.12016462E+01
   .45000000E+00 -.13395068E+01
   .50000000E+00 -.14907727E+01
   .55000000E+00 -.16577889E+01
   .60000000E+00 -.18434836E+01
   .65000000E+00 -.20515619E+01
   .70000000E+00 -.22867823E+01
   .75000000E+00 -.25553599E+01
   .80000000E+00 -.28655707E+01
   .85000000E+00 -.32286832E+01
   .90000000E+00 -.36604467E+01
   .95000000E+00 -.41835647E+01
   .10000000E+01 -.48320119E+01
   .10500000E+01 -.56590157E+01
   .11000000E+01 -.67529585E+01
   .11500000E+01 -.82721321E+01
   .12000000E+01 -.10530906E+02
   .12500000E+01 -.14255043E+02
   .13000000E+01 -.21581858E+02
   .13500000E+01 -.42739827E+02
   .14000000E+01 -.81058636E+03
   .14500000E+01  .49383547E+02
   .15000000E+01  .24308358E+02
   .15500000E+01  .16257451E+02
   .16000000E+01  .12279154E+02
   .16500000E+01  .99017945E+01
   .17000000E+01  .83171810E+01
   .17500000E+01  .71827070E+01
   .18000000E+01  .63282880E+01
   .18500000E+01  .56599068E+01
   .19000000E+01  .51213666E+01
   .19500000E+01  .46770086E+01
   .20000000E+01  .43031152E+01
Core Pot   L  =        1.00000  -1.76142
  -.30000000E+01  .12079079E+01
  -.29500000E+01  .11788310E+01
  -.29000000E+01  .11485922E+01
  -.28500000E+01  .11170738E+01
  -.28000000E+01  .10841404E+01
  -.27500000E+01  .10496360E+01
  -.27000000E+01  .10133794E+01
  -.26500000E+01  .97515937E+00
  -.26000000E+01  .93472749E+00
  -.25500000E+01  .89179006E+00
  -.25000000E+01  .84599697E+00
  -.24500000E+01  .79692754E+00
  -.24000000E+01  .74407166E+00
  -.23500000E+01  .68680462E+00
  -.23000000E+01  .62435294E+00
  -.22500000E+01  .55574717E+00
  -.22000000E+01  .47975543E+00
  -.21500000E+01  .39478811E+00
  -.21000000E+01  .29875758E+00
  -.20500000E+01  .18886636E+00
  -.20000000E+01  .61277113E-01
  -.19500000E+01 -.89420419E-01
  -.19000000E+01 -.27110781E+00
  -.18500000E+01 -.49573157E+00
  -.18000000E+01 -.78231261E+00
  -.17500000E+01 -.11630940E+01
  -.17000000E+01 -.16974484E+01
  -.16500000E+01 -.25080168E+01
  -.16000000E+01 -.38955916E+01
  -.15500000E+01 -.68470855E+01
  -.15000000E+01 -.17587994E+02
  -.14500000E+01  .58707163E+02
  -.14000000E+01  .12553156E+02
  -.13500000E+01  .74748150E+01
  -.13000000E+01  .55143018E+01
  -.12500000E+01  .44688359E+01
  -.12000000E+01  .38150850E+01
  -.11500000E+01  .33648386E+01
  -.11000000E+01  .30337759E+01
  -.10500000E+01  .27784744E+01
  -.10000000E+01  .25742946E+01
  -.95000000E+00  .24062142E+01
  -.90000000E+00  .22645521E+01
  -.85000000E+00  .21427882E+01
  -.80000000E+00  .20363694E+01
  -.75000000E+00  .19420199E+01
  -.70000000E+00  .18573219E+01
  -.65000000E+00  .17804516E+01
  -.60000000E+00  .17100068E+01
  -.55000000E+00  .16448916E+01
  -.50000000E+00  .15842364E+01
  -.45000000E+00  .15273423E+01
  -.40000000E+00  .14736405E+01
  -.35000000E+00  .14226636E+01
  -.30000000E+00  .13740229E+01
  -.25000000E+00  .13273930E+01
  -.20000000E+00  .12824985E+01
  -.15000000E+00  .12391048E+01
  -.10000000E+00  .11970104E+01
  -.50000000E-01  .11560411E+01
  -.22898350E-14  .11160451E+01
   .50000000E-01  .10768893E+01
   .10000000E+00  .10384565E+01
   .15000000E+00  .10006423E+01
   .20000000E+00  .96335360E+00
   .25000000E+00  .92650676E+00
   .30000000E+00  .89002605E+00
   .35000000E+00  .85384257E+00
   .40000000E+00  .81789324E+00
   .45000000E+00  .78211999E+00
   .50000000E+00  .74646894E+00
   .55000000E+00  .71088990E+00
   .60000000E+00  .67533571E+00
   .65000000E+00  .63976190E+00
   .70000000E+00  .60412615E+00
   .75000000E+00  .56838804E+00
   .80000000E+00  .53250867E+00
   .85000000E+00  .49645035E+00
   .90000000E+00  .46017642E+00
   .95000000E+00  .42365094E+00
   .10000000E+01  .38683848E+00
   .10500000E+01  .34970394E+00
   .11000000E+01  .31221235E+00
   .11500000E+01  .27432868E+00
   .12000000E+01  .23601767E+00
   .12500000E+01  .19724363E+00
   .13000000E+01  .15797034E+00
   .13500000E+01  .11816080E+00
   .14000000E+01  .77777116E-01
   .14500000E+01  .36780303E-01
   .15000000E+01 -.48698775E-02
   .15500000E+01 -.47215109E-01
   .16000000E+01 -.90298708E-01
   .16500000E+01 -.13416582E+00
   .17000000E+01 -.17886365E+00
   .17500000E+01 -.22444166E+00
   .18000000E+01 -.27095184E+00
   .18500000E+01 -.31844895E+00
   .19000000E+01 -.36699082E+00
   .19500000E+01 -.41663863E+00
   .20000000E+01 -.46745730E+00
Potential  L  =        1.00000  -1.76142
  -.30000000E+01  .12326657E+01
  -.29500000E+01  .12048019E+01
  -.29000000E+01  .11758580E+01
  -.28500000E+01  .11457227E+01
  -.28000000E+01  .11142678E+01
  -.27500000E+01  .10813447E+01
  -.27000000E+01  .10467802E+01
  -.26500000E+01  .10103712E+01
  -.26000000E+01  .97187766E+00
  -.25500000E+01  .93101402E+00
  -.25000000E+01  .88743764E+00
  -.24500000E+01  .84073373E+00
  -.24000000E+01  .79039520E+00
  -.23500000E+01  .73579534E+00
  -.23000000E+01  .67615025E+00
  -.22500000E+01  .61046567E+00
  -.22000000E+01  .53746257E+00
  -.21500000E+01  .45546470E+00
  -.21000000E+01  .36223308E+00
  -.20500000E+01  .25470709E+00
  -.20000000E+01  .12858903E+00
  -.19500000E+01 -.22351392E-01
  -.19000000E+01 -.20750339E+00
  -.18500000E+01 -.44170596E+00
  -.18000000E+01 -.74987784E+00
  -.17500000E+01 -.11773279E+01
  -.17000000E+01 -.18159790E+01
  -.16500000E+01 -.28850795E+01
  -.16000000E+01 -.50684533E+01
  -.15500000E+01 -.12131251E+02
  -.15000000E+01  .10626626E+03
  -.14500000E+01  .11744198E+02
  -.14000000E+01  .67012678E+01
  -.13500000E+01  .48869182E+01
  -.13000000E+01  .39456942E+01
  -.12500000E+01  .33651058E+01
  -.12000000E+01  .29680420E+01
  -.11500000E+01  .26769965E+01
  -.11000000E+01  .24526756E+01
  -.10500000E+01  .22730354E+01
  -.10000000E+01  .21247434E+01
  -.95000000E+00  .19992670E+01
  -.90000000E+00  .18908881E+01
  -.85000000E+00  .17956307E+01
  -.80000000E+00  .17106432E+01
  -.75000000E+00  .16338265E+01
  -.70000000E+00  .15636001E+01
  -.65000000E+00  .14987509E+01
  -.60000000E+00  .14383311E+01
  -.55000000E+00  .13815891E+01
  -.50000000E+00  .13279205E+01
  -.45000000E+00  .12768329E+01
  -.40000000E+00  .12279206E+01
  -.35000000E+00  .11808457E+01
  -.30000000E+00  .11353240E+01
  -.25000000E+00  .10911139E+01
  -.20000000E+00  .10480082E+01
  -.15000000E+00  .10058278E+01
  -.10000000E+00  .96441618E+00
  -.50000000E-01  .92363564E+00
  -.22898350E-14  .88336383E+00
   .50000000E-01  .84349116E+00
   .10000000E+00  .80391858E+00
   .15000000E+00  .76455580E+00
   .20000000E+00  .72531976E+00
   .25000000E+00  .68613340E+00
   .30000000E+00  .64692453E+00
   .35000000E+00  .60762495E+00
   .40000000E+00  .56816962E+00
   .45000000E+00  .52849596E+00
   .50000000E+00  .48854338E+00
   .55000000E+00  .44825212E+00
   .60000000E+00  .40756359E+00
   .65000000E+00  .36641932E+00
   .70000000E+00  .32476064E+00
   .75000000E+00  .28252826E+00
   .80000000E+00  .23966180E+00
   .85000000E+00  .19609940E+00
   .90000000E+00  .15177732E+00
   .95000000E+00  .10662932E+00
   .10000000E+01  .60586195E-01
   .10500000E+01  .13576103E-01
   .11000000E+01 -.34477344E-01
   .11500000E+01 -.83654739E-01
   .12000000E+01 -.13404163E+00
   .12500000E+01 -.18572938E+00
   .13000000E+01 -.23881561E+00
   .13500000E+01 -.29340529E+00
   .14000000E+01 -.34961158E+00
   .14500000E+01 -.40755680E+00
   .15000000E+01 -.46737370E+00
   .15500000E+01 -.52920671E+00
   .16000000E+01 -.59321353E+00
   .16500000E+01 -.65956682E+00
   .17000000E+01 -.72845628E+00
   .17500000E+01 -.80009088E+00
   .18000000E+01 -.87470162E+00
   .18500000E+01 -.95254466E+00
   .19000000E+01 -.10339050E+01
   .19500000E+01 -.11191008E+01
   .20000000E+01 -.12084887E+01
Core Pot   L  =        2.00000   -.22055
  -.30000000E+01  .15679182E+01
  -.29500000E+01  .15511689E+01
  -.29000000E+01  .15342246E+01
  -.28500000E+01  .15170788E+01
  -.28000000E+01  .14997248E+01
  -.27500000E+01  .14821552E+01
  -.27000000E+01  .14643624E+01
  -.26500000E+01  .14463384E+01
  -.26000000E+01  .14280747E+01
  -.25500000E+01  .14095625E+01
  -.25000000E+01  .13907921E+01
  -.24500000E+01  .13717535E+01
  -.24000000E+01  .13524362E+01
  -.23500000E+01  .13328288E+01
  -.23000000E+01  .13129194E+01
  -.22500000E+01  .12926953E+01
  -.22000000E+01  .12721430E+01
  -.21500000E+01  .12512480E+01
  -.21000000E+01  .12299949E+01
  -.20500000E+01  .12083674E+01
  -.20000000E+01  .11863480E+01
  -.19500000E+01  .11639178E+01
  -.19000000E+01  .11410567E+01
  -.18500000E+01  .11177432E+01
  -.18000000E+01  .10939541E+01
  -.17500000E+01  .10696643E+01
  -.17000000E+01  .10448471E+01
  -.16500000E+01  .10194732E+01
  -.16000000E+01  .99351132E+00
  -.15500000E+01  .96692742E+00
  -.15000000E+01  .93968454E+00
  -.14500000E+01  .91174254E+00
  -.14000000E+01  .88305769E+00
  -.13500000E+01  .85358225E+00
  -.13000000E+01  .82326402E+00
  -.12500000E+01  .79204579E+00
  -.12000000E+01  .75986469E+00
  -.11500000E+01  .72665150E+00
  -.11000000E+01  .69232981E+00
  -.10500000E+01  .65681503E+00
  -.10000000E+01  .62001324E+00
  -.95000000E+00  .58181994E+00
  -.90000000E+00  .54211840E+00
  -.85000000E+00  .50077786E+00
  -.80000000E+00  .45765132E+00
  -.75000000E+00  .41257292E+00
  -.70000000E+00  .36535481E+00
  -.65000000E+00  .31578334E+00
  -.60000000E+00  .26361448E+00
  -.55000000E+00  .20856810E+00
  -.50000000E+00  .15032116E+00
  -.45000000E+00  .88498964E-01
  -.40000000E+00  .22664500E-01
  -.35000000E+00 -.47695201E-01
  -.30000000E+00 -.12318634E+00
  -.25000000E+00 -.20453062E+00
  -.20000000E+00 -.29259414E+00
  -.15000000E+00 -.38842557E+00
  -.10000000E+00 -.49330698E+00
  -.50000000E-01 -.60882267E+00
  -.22898350E-14 -.73695400E+00
   .50000000E-01 -.88021220E+00
   .10000000E+00 -.10418284E+01
   .15000000E+00 -.12260315E+01
   .20000000E+00 -.14384663E+01
   .25000000E+00 -.16868399E+01
   .30000000E+00 -.19819592E+01
   .35000000E+00 -.23394633E+01
   .40000000E+00 -.27828659E+01
   .45000000E+00 -.33492253E+01
   .50000000E+00 -.41005398E+01
   .55000000E+00 -.51489734E+01
   .60000000E+00 -.67204667E+01
   .65000000E+00 -.93480200E+01
   .70000000E+00 -.14661769E+02
   .75000000E+00 -.31204798E+02
   .80000000E+00  .53446962E+03
   .85000000E+00  .29532519E+02
   .90000000E+00  .15578489E+02
   .95000000E+00  .10742085E+02
   .10000000E+01  .82806449E+01
   .10500000E+01  .67850797E+01
   .11000000E+01  .57768865E+01
   .11500000E+01  .50487909E+01
   .12000000E+01  .44964232E+01
   .12500000E+01  .40615078E+01
   .13000000E+01  .37089456E+01
   .13500000E+01  .34163338E+01
   .14000000E+01  .31687003E+01
   .14500000E+01  .29556582E+01
   .15000000E+01  .27697747E+01
   .15500000E+01  .26055902E+01
   .16000000E+01  .24590037E+01
   .16500000E+01  .23268743E+01
   .17000000E+01  .22067557E+01
   .17500000E+01  .20967136E+01
   .18000000E+01  .19951979E+01
   .18500000E+01  .19009518E+01
   .19000000E+01  .18129449E+01
   .19500000E+01  .17303243E+01
   .20000000E+01  .16523772E+01
Potential  L  =        2.00000   -.22055
  -.30000000E+01  .15747282E+01
  -.29500000E+01  .15580796E+01
  -.29000000E+01  .15412380E+01
  -.28500000E+01  .15241969E+01
  -.28000000E+01  .15069495E+01
  -.27500000E+01  .14894886E+01
  -.27000000E+01  .14718066E+01
  -.26500000E+01  .14538955E+01
  -.26000000E+01  .14357469E+01
  -.25500000E+01  .14173518E+01
  -.25000000E+01  .13987007E+01
  -.24500000E+01  .13797837E+01
  -.24000000E+01  .13605901E+01
  -.23500000E+01  .13411085E+01
  -.23000000E+01  .13213272E+01
  -.22500000E+01  .13012332E+01
  -.22000000E+01  .12808131E+01
  -.21500000E+01  .12600523E+01
  -.21000000E+01  .12389354E+01
  -.20500000E+01  .12174460E+01
  -.20000000E+01  .11955664E+01
  -.19500000E+01  .11732776E+01
  -.19000000E+01  .11505593E+01
  -.18500000E+01  .11273898E+01
  -.18000000E+01  .11037456E+01
  -.17500000E+01  .10796014E+01
  -.17000000E+01  .10549299E+01
  -.16500000E+01  .10297017E+01
  -.16000000E+01  .10038846E+01
  -.15500000E+01  .97744422E+00
  -.15000000E+01  .95034271E+00
  -.14500000E+01  .92253908E+00
  -.14000000E+01  .89398858E+00
  -.13500000E+01  .86464225E+00
  -.13000000E+01  .83444644E+00
  -.12500000E+01  .80334222E+00
  -.12000000E+01  .77126473E+00
  -.11500000E+01  .73814234E+00
  -.11000000E+01  .70389581E+00
  -.10500000E+01  .66843718E+00
  -.10000000E+01  .63166855E+00
  -.95000000E+00  .59348062E+00
  -.90000000E+00  .55375095E+00
  -.85000000E+00  .51234193E+00
  -.80000000E+00  .46909831E+00
  -.75000000E+00  .42384427E+00
  -.70000000E+00  .37637996E+00
  -.65000000E+00  .32647679E+00
  -.60000000E+00  .27387291E+00
  -.55000000E+00  .21826601E+00
  -.50000000E+00  .15930561E+00
  -.45000000E+00  .96582923E-01
  -.40000000E+00  .29618189E-01
  -.35000000E+00 -.42155526E-01
  -.30000000E+00 -.11941311E+00
  -.25000000E+00 -.20296449E+00
  -.20000000E+00 -.29379020E+00
  -.15000000E+00 -.39308899E+00
  -.10000000E+00 -.50234216E+00
  -.50000000E-01 -.62340214E+00
  -.22898350E-14 -.75861674E+00
   .50000000E-01 -.91100667E+00
   .10000000E+00 -.10845256E+01
   .15000000E+00 -.12844505E+01
   .20000000E+00 -.15179867E+01
   .25000000E+00 -.17952370E+01
   .30000000E+00 -.21308224E+01
   .35000000E+00 -.25467256E+01
   .40000000E+00 -.30775932E+01
   .45000000E+00 -.37813910E+01
   .50000000E+00 -.47629938E+01
   .55000000E+00 -.62336752E+01
   .60000000E+00 -.86919006E+01
   .65000000E+00 -.13662529E+02
   .70000000E+00 -.29141444E+02
   .75000000E+00  .49383868E+03
   .80000000E+00  .27625371E+02
   .85000000E+00  .14594427E+02
   .90000000E+00  .10075012E+02
   .95000000E+00  .77736881E+01
   .10000000E+01  .63745949E+01
   .10500000E+01  .54307939E+01
   .11000000E+01  .47486590E+01
   .11500000E+01  .42306848E+01
   .12000000E+01  .38224246E+01
   .12500000E+01  .34910834E+01
   .13000000E+01  .32157293E+01
   .13500000E+01  .29823698E+01
   .14000000E+01  .27812993E+01
   .14500000E+01  .26055710E+01
   .15000000E+01  .24500819E+01
   .15500000E+01  .23109985E+01
   .16000000E+01  .21853844E+01
   .16500000E+01  .20709519E+01
   .17000000E+01  .19658920E+01
   .17500000E+01  .18687545E+01
   .18000000E+01  .17783631E+01
   .18500000E+01  .16937531E+01
   .19000000E+01  .16141252E+01
   .19500000E+01  .15388117E+01
   .20000000E+01  .14672494E+01
Core Pot   L  =        3.00000   -.45797
  -.30000000E+01  .18521760E+01
  -.29500000E+01  .18384470E+01
  -.29000000E+01  .18246029E+01
  -.28500000E+01  .18106404E+01
  -.28000000E+01  .17965556E+01
  -.27500000E+01  .17823447E+01
  -.27000000E+01  .17680033E+01
  -.26500000E+01  .17535269E+01
  -.26000000E+01  .17389107E+01
  -.25500000E+01  .17241496E+01
  -.25000000E+01  .17092379E+01
  -.24500000E+01  .16941696E+01
  -.24000000E+01  .16789384E+01
  -.23500000E+01  .16635372E+01
  -.23000000E+01  .16479583E+01
  -.22500000E+01  .16321937E+01
  -.22000000E+01  .16162342E+01
  -.21500000E+01  .16000699E+01
  -.21000000E+01  .15836900E+01
  -.20500000E+01  .15670824E+01
  -.20000000E+01  .15502341E+01
  -.19500000E+01  .15331300E+01
  -.19000000E+01  .15157538E+01
  -.18500000E+01  .14980870E+01
  -.18000000E+01  .14801087E+01
  -.17500000E+01  .14617952E+01
  -.17000000E+01  .14431195E+01
  -.16500000E+01  .14240507E+01
  -.16000000E+01  .14045532E+01
  -.15500000E+01  .13845853E+01
  -.15000000E+01  .13640985E+01
  -.14500000E+01  .13430355E+01
  -.14000000E+01  .13213279E+01
  -.13500000E+01  .12988938E+01
  -.13000000E+01  .12756335E+01
  -.12500000E+01  .12514248E+01
  -.12000000E+01  .12261156E+01
  -.11500000E+01  .11995140E+01
  -.11000000E+01  .11713748E+01
  -.10500000E+01  .11413780E+01
  -.10000000E+01  .11090984E+01
  -.95000000E+00  .10739577E+01
  -.90000000E+00  .10351477E+01
  -.85000000E+00  .99150310E+00
  -.80000000E+00  .94127773E+00
  -.75000000E+00  .88172979E+00
  -.70000000E+00  .80829139E+00
  -.65000000E+00  .71274049E+00
  -.60000000E+00  .57862652E+00
  -.55000000E+00  .36752895E+00
  -.50000000E+00 -.36034340E-01
  -.45000000E+00 -.12122669E+01
  -.40000000E+00  .37848381E+03
  -.35000000E+00  .33303328E+01
  -.30000000E+00  .21741761E+01
  -.25000000E+00  .17731503E+01
  -.20000000E+00  .15615441E+01
  -.15000000E+00  .14256582E+01
  -.10000000E+00  .13275090E+01
  -.50000000E-01  .12507925E+01
  -.22898350E-14  .11873443E+01
   .50000000E-01  .11326203E+01
   .10000000E+00  .10838875E+01
   .15000000E+00  .10394006E+01
   .20000000E+00  .99799038E+00
   .25000000E+00  .95884210E+00
   .30000000E+00  .92136836E+00
   .35000000E+00  .88513308E+00
   .40000000E+00  .84980386E+00
   .45000000E+00  .81512111E+00
   .50000000E+00  .78087745E+00
   .55000000E+00  .74690356E+00
   .60000000E+00  .71305825E+00
   .65000000E+00  .67922130E+00
   .70000000E+00  .64528828E+00
   .75000000E+00  .61116656E+00
   .80000000E+00  .57677238E+00
   .85000000E+00  .54202852E+00
   .90000000E+00  .50686243E+00
   .95000000E+00  .47120476E+00
   .10000000E+01  .43498808E+00
   .10500000E+01  .39814588E+00
   .11000000E+01  .36061158E+00
   .11500000E+01  .32231772E+00
   .12000000E+01  .28319515E+00
   .12500000E+01  .24317231E+00
   .13000000E+01  .20217446E+00
   .13500000E+01  .16012296E+00
   .14000000E+01  .11693442E+00
   .14500000E+01  .72519962E-01
   .15000000E+01  .26784223E-01
   .15500000E+01 -.20375561E-01
   .16000000E+01 -.69070679E-01
   .16500000E+01 -.11942218E+00
   .17000000E+01 -.17156223E+00
   .17500000E+01 -.22563574E+00
   .18000000E+01 -.28180219E+00
   .18500000E+01 -.34023771E+00
   .19000000E+01 -.40113757E+00
   .19500000E+01 -.46471903E+00
   .20000000E+01 -.53122478E+00
Potential  L  =        3.00000   -.45797
  -.30000000E+01  .15795908E+01
  -.29500000E+01  .15602694E+01
  -.29000000E+01  .15406383E+01
  -.28500000E+01  .15206844E+01
  -.28000000E+01  .15003937E+01
  -.27500000E+01  .14797514E+01
  -.27000000E+01  .14587417E+01
  -.26500000E+01  .14373478E+01
  -.26000000E+01  .14155517E+01
  -.25500000E+01  .13933343E+01
  -.25000000E+01  .13706751E+01
  -.24500000E+01  .13475519E+01
  -.24000000E+01  .13239413E+01
  -.23500000E+01  .12998179E+01
  -.23000000E+01  .12751545E+01
  -.22500000E+01  .12499216E+01
  -.22000000E+01  .12240877E+01
  -.21500000E+01  .11976185E+01
  -.21000000E+01  .11704770E+01
  -.20500000E+01  .11426230E+01
  -.20000000E+01  .11140130E+01
  -.19500000E+01  .10845996E+01
  -.19000000E+01  .10543311E+01
  -.18500000E+01  .10231510E+01
  -.18000000E+01  .99099772E+00
  -.17500000E+01  .95780339E+00
  -.17000000E+01  .92349362E+00
  -.16500000E+01  .88798639E+00
  -.16000000E+01  .85119109E+00
  -.15500000E+01  .81300742E+00
  -.15000000E+01  .77332396E+00
  -.14500000E+01  .73201663E+00
  -.14000000E+01  .68894684E+00
  -.13500000E+01  .64395923E+00
  -.13000000E+01  .59687914E+00
  -.12500000E+01  .54750941E+00
  -.12000000E+01  .49562667E+00
  -.11500000E+01  .44097683E+00
  -.11000000E+01  .38326956E+00
  -.10500000E+01  .32217157E+00
  -.10000000E+01  .25729839E+00
  -.95000000E+00  .18820405E+00
  -.90000000E+00  .11436832E+00
  -.85000000E+00  .35180501E-01
  -.80000000E+00 -.50081154E-01
  -.75000000E+00 -.14227592E+00
  -.70000000E+00 -.24243502E+00
  -.65000000E+00 -.35180701E+00
  -.60000000E+00 -.47191822E+00
  -.55000000E+00 -.60465462E+00
  -.50000000E+00 -.75237450E+00
  -.45000000E+00 -.91806626E+00
  -.40000000E+00 -.11055740E+01
  -.35000000E+00 -.13199277E+01
  -.30000000E+00 -.15678388E+01
  -.25000000E+00 -.18584667E+01
  -.20000000E+00 -.22046479E+01
  -.15000000E+00 -.26249470E+01
  -.10000000E+00 -.31472530E+01
  -.50000000E-01 -.38154755E+01
  -.22898350E-14 -.47029777E+01
   .50000000E-01 -.59422496E+01
   .10000000E+00 -.77995059E+01
   .15000000E+00 -.10900344E+02
   .20000000E+00 -.17145133E+02
   .25000000E+00 -.36327708E+02
   .30000000E+00  .98074478E+03
   .35000000E+00  .36207520E+02
   .40000000E+00  .19038642E+02
   .45000000E+00  .13165807E+02
   .50000000E+00  .10194529E+02
   .55000000E+00  .83965853E+01
   .60000000E+00  .71888425E+01
   .65000000E+00  .63196322E+01
   .70000000E+00  .56625398E+01
   .75000000E+00  .51471041E+01
   .80000000E+00  .47309433E+01
   .85000000E+00  .43870346E+01
   .90000000E+00  .40973341E+01
   .95000000E+00  .38493335E+01
   .10000000E+01  .36340877E+01
   .10500000E+01  .34450305E+01
   .11000000E+01  .32772325E+01
   .11500000E+01  .31269210E+01
   .12000000E+01  .29911591E+01
   .12500000E+01  .28676263E+01
   .13000000E+01  .27544646E+01
   .13500000E+01  .26501685E+01
   .14000000E+01  .25535051E+01
   .14500000E+01  .24634547E+01
   .15000000E+01  .23791668E+01
   .15500000E+01  .22999259E+01
   .16000000E+01  .22251257E+01
   .16500000E+01  .21542490E+01
   .17000000E+01  .20868516E+01
   .17500000E+01  .20225496E+01
   .18000000E+01  .19610098E+01
   .18500000E+01  .19019410E+01
   .19000000E+01  .18450876E+01
   .19500000E+01  .17902243E+01
   .20000000E+01  .17371514E+01
Core Pot   L  =        4.00000    .00000
  -.30000000E+01  .21608274E+01
  -.29500000E+01  .21495486E+01
  -.29000000E+01  .21382154E+01
  -.28500000E+01  .21268271E+01
  -.28000000E+01  .21153829E+01
  -.27500000E+01  .21038820E+01
  -.27000000E+01  .20923237E+01
  -.26500000E+01  .20807070E+01
  -.26000000E+01  .20690313E+01
  -.25500000E+01  .20572956E+01
  -.25000000E+01  .20454990E+01
  -.24500000E+01  .20336407E+01
  -.24000000E+01  .20217198E+01
  -.23500000E+01  .20097353E+01
  -.23000000E+01  .19976863E+01
  -.22500000E+01  .19855719E+01
  -.22000000E+01  .19733909E+01
  -.21500000E+01  .19611424E+01
  -.21000000E+01  .19488254E+01
  -.20500000E+01  .19364387E+01
  -.20000000E+01  .19239813E+01
  -.19500000E+01  .19114521E+01
  -.19000000E+01  .18988498E+01
  -.18500000E+01  .18861734E+01
  -.18000000E+01  .18734215E+01
  -.17500000E+01  .18605930E+01
  -.17000000E+01  .18476866E+01
  -.16500000E+01  .18347009E+01
  -.16000000E+01  .18216346E+01
  -.15500000E+01  .18084864E+01
  -.15000000E+01  .17952547E+01
  -.14500000E+01  .17819382E+01
  -.14000000E+01  .17685354E+01
  -.13500000E+01  .17550446E+01
  -.13000000E+01  .17414644E+01
  -.12500000E+01  .17277931E+01
  -.12000000E+01  .17140291E+01
  -.11500000E+01  .17001705E+01
  -.11000000E+01  .16862157E+01
  -.10500000E+01  .16721628E+01
  -.10000000E+01  .16580099E+01
  -.95000000E+00  .16437551E+01
  -.90000000E+00  .16293965E+01
  -.85000000E+00  .16149319E+01
  -.80000000E+00  .16003592E+01
  -.75000000E+00  .15856764E+01
  -.70000000E+00  .15708811E+01
  -.65000000E+00  .15559709E+01
  -.60000000E+00  .15409436E+01
  -.55000000E+00  .15257967E+01
  -.50000000E+00  .15105275E+01
  -.45000000E+00  .14951336E+01
  -.40000000E+00  .14796120E+01
  -.35000000E+00  .14639602E+01
  -.30000000E+00  .14481750E+01
  -.25000000E+00  .14322536E+01
  -.20000000E+00  .14161928E+01
  -.15000000E+00  .13999894E+01
  -.10000000E+00  .13836401E+01
  -.50000000E-01  .13671414E+01
  -.22898350E-14  .13504898E+01
   .50000000E-01  .13336815E+01
   .10000000E+00  .13167127E+01
   .15000000E+00  .12995795E+01
   .20000000E+00  .12822776E+01
   .25000000E+00  .12648028E+01
   .30000000E+00  .12471506E+01
   .35000000E+00  .12293165E+01
   .40000000E+00  .12112955E+01
   .45000000E+00  .11930827E+01
   .50000000E+00  .11746728E+01
   .55000000E+00  .11560605E+01
   .60000000E+00  .11372400E+01
   .65000000E+00  .11182056E+01
   .70000000E+00  .10989509E+01
   .75000000E+00  .10794698E+01
   .80000000E+00  .10597554E+01
   .85000000E+00  .10398008E+01
   .90000000E+00  .10195987E+01
   .95000000E+00  .99914143E+00
   .10000000E+01  .97842110E+00
   .10500000E+01  .95742934E+00
   .11000000E+01  .93615740E+00
   .11500000E+01  .91459614E+00
   .12000000E+01  .89273596E+00
   .12500000E+01  .87056679E+00
   .13000000E+01  .84807806E+00
   .13500000E+01  .82525867E+00
   .14000000E+01  .80209693E+00
   .14500000E+01  .77858057E+00
   .15000000E+01  .75469666E+00
   .15500000E+01  .73043156E+00
   .16000000E+01  .70577092E+00
   .16500000E+01  .68069957E+00
   .17000000E+01  .65520149E+00
   .17500000E+01  .62925978E+00
   .18000000E+01  .60285651E+00
   .18500000E+01  .57597272E+00
   .19000000E+01  .54858833E+00
   .19500000E+01  .52068202E+00
   .20000000E+01  .49223115E+00
Potential  L  =        4.00000    .00000
  -.30000000E+01  .21616312E+01
  -.29500000E+01  .21503739E+01
  -.29000000E+01  .21390630E+01
  -.28500000E+01  .21276979E+01
  -.28000000E+01  .21162761E+01
  -.27500000E+01  .21048007E+01
  -.27000000E+01  .20932668E+01
  -.26500000E+01  .20816772E+01
  -.26000000E+01  .20700289E+01
  -.25500000E+01  .20583203E+01
  -.25000000E+01  .20465537E+01
  -.24500000E+01  .20347253E+01
  -.24000000E+01  .20228354E+01
  -.23500000E+01  .20108834E+01
  -.23000000E+01  .19988673E+01
  -.22500000E+01  .19867871E+01
  -.22000000E+01  .19746419E+01
  -.21500000E+01  .19624305E+01
  -.21000000E+01  .19501515E+01
  -.20500000E+01  .19378044E+01
  -.20000000E+01  .19253876E+01
  -.19500000E+01  .19129005E+01
  -.19000000E+01  .19003426E+01
  -.18500000E+01  .18877114E+01
  -.18000000E+01  .18750065E+01
  -.17500000E+01  .18622268E+01
  -.17000000E+01  .18493712E+01
  -.16500000E+01  .18364378E+01
  -.16000000E+01  .18234258E+01
  -.15500000E+01  .18103337E+01
  -.15000000E+01  .17971609E+01
  -.14500000E+01  .17839049E+01
  -.14000000E+01  .17705647E+01
  -.13500000E+01  .17571392E+01
  -.13000000E+01  .17436267E+01
  -.12500000E+01  .17300254E+01
  -.12000000E+01  .17163347E+01
  -.11500000E+01  .17025514E+01
  -.11000000E+01  .16886756E+01
  -.10500000E+01  .16747044E+01
  -.10000000E+01  .16606362E+01
  -.95000000E+00  .16464696E+01
  -.90000000E+00  .16322026E+01
  -.85000000E+00  .16178333E+01
  -.80000000E+00  .16033597E+01
  -.75000000E+00  .15887799E+01
  -.70000000E+00  .15740918E+01
  -.65000000E+00  .15592932E+01
  -.60000000E+00  .15443819E+01
  -.55000000E+00  .15293558E+01
  -.50000000E+00  .15142125E+01
  -.45000000E+00  .14989495E+01
  -.40000000E+00  .14835644E+01
  -.35000000E+00  .14680548E+01
  -.30000000E+00  .14524178E+01
  -.25000000E+00  .14366509E+01
  -.20000000E+00  .14207512E+01
  -.15000000E+00  .14047159E+01
  -.10000000E+00  .13885419E+01
  -.50000000E-01  .13722261E+01
  -.22898350E-14  .13557654E+01
   .50000000E-01  .13391565E+01
   .10000000E+00  .13223960E+01
   .15000000E+00  .13054803E+01
   .20000000E+00  .12884058E+01
   .25000000E+00  .12711687E+01
   .30000000E+00  .12537651E+01
   .35000000E+00  .12361909E+01
   .40000000E+00  .12184420E+01
   .45000000E+00  .12005140E+01
   .50000000E+00  .11824023E+01
   .55000000E+00  .11641023E+01
   .60000000E+00  .11456090E+01
   .65000000E+00  .11269175E+01
   .70000000E+00  .11080226E+01
   .75000000E+00  .10889186E+01
   .80000000E+00  .10696000E+01
   .85000000E+00  .10500609E+01
   .90000000E+00  .10302950E+01
   .95000000E+00  .10102961E+01
   .10000000E+01  .99005744E+00
   .10500000E+01  .96957210E+00
   .11000000E+01  .94883282E+00
   .11500000E+01  .92783209E+00
   .12000000E+01  .90656198E+00
   .12500000E+01  .88501428E+00
   .13000000E+01  .86318041E+00
   .13500000E+01  .84105136E+00
   .14000000E+01  .81861775E+00
   .14500000E+01  .79586975E+00
   .15000000E+01  .77279704E+00
   .15500000E+01  .74938886E+00
   .16000000E+01  .72563388E+00
   .16500000E+01  .70152024E+00
   .17000000E+01  .67703549E+00
   .17500000E+01  .65216656E+00
   .18000000E+01  .62689970E+00
   .18500000E+01  .60122044E+00
   .19000000E+01  .57511359E+00
   .19500000E+01  .54856335E+00
   .20000000E+01  .52155237E+00
KBPotential  L  =       .00000  -6.19719
  -.30000000E+01 -.12427753E+02
  -.29500000E+01  .18092319E+02
  -.29000000E+01  .66582563E+01
  -.28500000E+01  .45238022E+01
  -.28000000E+01  .36154867E+01
  -.27500000E+01  .31076624E+01
  -.27000000E+01  .27800303E+01
  -.26500000E+01  .25487891E+01
  -.26000000E+01  .23750960E+01
  -.25500000E+01  .22384814E+01
  -.25000000E+01  .21271336E+01
  -.24500000E+01  .20337583E+01
  -.24000000E+01  .19536072E+01
  -.23500000E+01  .18834556E+01
  -.23000000E+01  .18210361E+01
  -.22500000E+01  .17647074E+01
  -.22000000E+01  .17132532E+01
  -.21500000E+01  .16657506E+01
  -.21000000E+01  .16214875E+01
  -.20500000E+01  .15799052E+01
  -.20000000E+01  .15405596E+01
  -.19500000E+01  .15030903E+01
  -.19000000E+01  .14672047E+01
  -.18500000E+01  .14326621E+01
  -.18000000E+01  .13992605E+01
  -.17500000E+01  .13668304E+01
  -.17000000E+01  .13352279E+01
  -.16500000E+01  .13043299E+01
  -.16000000E+01  .12740303E+01
  -.15500000E+01  .12442368E+01
  -.15000000E+01  .12148688E+01
  -.14500000E+01  .11858547E+01
  -.14000000E+01  .11571315E+01
  -.13500000E+01  .11286426E+01
  -.13000000E+01  .11003372E+01
  -.12500000E+01  .10721692E+01
  -.12000000E+01  .10440966E+01
  -.11500000E+01  .10160807E+01
  -.11000000E+01  .98808586E+00
  -.10500000E+01  .96007885E+00
  -.10000000E+01  .93202838E+00
  -.95000000E+00  .90390513E+00
  -.90000000E+00  .87568118E+00
  -.85000000E+00  .84732942E+00
  -.80000000E+00  .81882488E+00
  -.75000000E+00  .79014228E+00
  -.70000000E+00  .76125746E+00
  -.65000000E+00  .73214651E+00
  -.60000000E+00  .70278595E+00
  -.55000000E+00  .67315256E+00
  -.50000000E+00  .64322302E+00
  -.45000000E+00  .61297405E+00
  -.40000000E+00  .58238212E+00
  -.35000000E+00  .55142365E+00
  -.30000000E+00  .52007431E+00
  -.25000000E+00  .48830946E+00
  -.20000000E+00  .45610392E+00
  -.15000000E+00  .42343146E+00
  -.10000000E+00  .39026545E+00
  -.50000000E-01  .35657875E+00
  -.22898350E-14  .32234112E+00
   .50000000E-01  .28752333E+00
   .10000000E+00  .25209371E+00
   .15000000E+00  .21601936E+00
   .20000000E+00  .17926606E+00
   .25000000E+00  .14179752E+00
   .30000000E+00  .10357560E+00
   .35000000E+00  .64559775E-01
   .40000000E+00  .24707538E-01
   .45000000E+00 -.16026559E-01
   .50000000E+00 -.57690836E-01
   .55000000E+00 -.10033592E+00
   .60000000E+00 -.14401604E+00
   .65000000E+00 -.18879140E+00
   .70000000E+00 -.23472238E+00
   .75000000E+00 -.28187652E+00
   .80000000E+00 -.33032553E+00
   .85000000E+00 -.38014678E+00
   .90000000E+00 -.43142317E+00
   .95000000E+00 -.48424490E+00
   .10000000E+01 -.53870904E+00
   .10500000E+01 -.59492098E+00
   .11000000E+01 -.65299485E+00
   .11500000E+01 -.71305525E+00
   .12000000E+01 -.77523770E+00
   .12500000E+01 -.83969076E+00
   .13000000E+01 -.90657659E+00
   .13500000E+01 -.97607330E+00
   .14000000E+01 -.10483771E+01
   .14500000E+01 -.11237041E+01
   .15000000E+01 -.12022944E+01
   .15500000E+01 -.12844128E+01
   .16000000E+01 -.13703550E+01
   .16500000E+01 -.14604495E+01
   .17000000E+01 -.15550664E+01
   .17500000E+01 -.16546188E+01
   .18000000E+01 -.17595736E+01
   .18500000E+01 -.18704591E+01
   .19000000E+01 -.19878758E+01
   .19500000E+01 -.21125080E+01
   .20000000E+01 -.22451400E+01
KBPotential  L  =      1.00000  -3.52283
  -.30000000E+01  .12000322E+01
  -.29500000E+01  .11710605E+01
  -.29000000E+01  .11409359E+01
  -.28500000E+01  .11095413E+01
  -.28000000E+01  .10767423E+01
  -.27500000E+01  .10423837E+01
  -.27000000E+01  .10062856E+01
  -.26500000E+01  .96823759E+00
  -.26000000E+01  .92799281E+00
  -.25500000E+01  .88525894E+00
  -.25000000E+01  .83968765E+00
  -.24500000E+01  .79086040E+00
  -.24000000E+01  .73826868E+00
  -.23500000E+01  .68129045E+00
  -.23000000E+01  .61915499E+00
  -.22500000E+01  .55089582E+00
  -.22000000E+01  .47528434E+00
  -.21500000E+01  .39073424E+00
  -.21000000E+01  .29516108E+00
  -.20500000E+01  .18576969E+00
  -.20000000E+01  .58722364E-01
  -.19500000E+01 -.91395388E-01
  -.19000000E+01 -.27248133E+00
  -.18500000E+01 -.49652309E+00
  -.18000000E+01 -.78263999E+00
  -.17500000E+01 -.11633146E+01
  -.17000000E+01 -.16985421E+01
  -.16500000E+01 -.25127872E+01
  -.16000000E+01 -.39133953E+01
  -.15500000E+01 -.69215277E+01
  -.15000000E+01 -.18213747E+02
  -.14500000E+01  .51686812E+02
  -.14000000E+01  .12148569E+02
  -.13500000E+01  .73122476E+01
  -.13000000E+01  .54163239E+01
  -.12500000E+01  .43985789E+01
  -.12000000E+01  .37597446E+01
  -.11500000E+01  .33186704E+01
  -.11000000E+01  .29937678E+01
  -.10500000E+01  .27428720E+01
  -.10000000E+01  .25419954E+01
  -.95000000E+00  .23764847E+01
  -.90000000E+00  .22368822E+01
  -.85000000E+00  .21168101E+01
  -.80000000E+00  .20118107E+01
  -.75000000E+00  .19186735E+01
  -.70000000E+00  .18350277E+01
  -.65000000E+00  .17590833E+01
  -.60000000E+00  .16894638E+01
  -.55000000E+00  .16250927E+01
  -.50000000E+00  .15651155E+01
  -.45000000E+00  .15088451E+01
  -.40000000E+00  .14557223E+01
  -.35000000E+00  .14052870E+01
  -.30000000E+00  .13571572E+01
  -.25000000E+00  .13110123E+01
  -.20000000E+00  .12665813E+01
  -.15000000E+00  .12236333E+01
  -.10000000E+00  .11819698E+01
  -.50000000E-01  .11414192E+01
  -.22898350E-14  .11018319E+01
   .50000000E-01  .10630770E+01
   .10000000E+00  .10250385E+01
   .15000000E+00  .98761393E+00
   .20000000E+00  .95071128E+00
   .25000000E+00  .91424799E+00
   .30000000E+00  .87814934E+00
   .35000000E+00  .84234732E+00
   .40000000E+00  .80677954E+00
   .45000000E+00  .77138861E+00
   .50000000E+00  .73612114E+00
   .55000000E+00  .70092738E+00
   .60000000E+00  .66576062E+00
   .65000000E+00  .63057663E+00
   .70000000E+00  .59533332E+00
   .75000000E+00  .55999036E+00
   .80000000E+00  .52450883E+00
   .85000000E+00  .48885113E+00
   .90000000E+00  .45298038E+00
   .95000000E+00  .41686036E+00
   .10000000E+01  .38045533E+00
   .10500000E+01  .34372970E+00
   .11000000E+01  .30664789E+00
   .11500000E+01  .26917415E+00
   .12000000E+01  .23127227E+00
   .12500000E+01  .19290552E+00
   .13000000E+01  .15403656E+00
   .13500000E+01  .11462662E+00
   .14000000E+01  .74636240E-01
   .14500000E+01  .34024453E-01
   .15000000E+01 -.72512867E-02
   .15500000E+01 -.49235292E-01
   .16000000E+01 -.91973875E-01
   .16500000E+01 -.13551565E+00
   .17000000E+01 -.17991173E+00
   .17500000E+01 -.22521609E+00
   .18000000E+01 -.27148582E+00
   .18500000E+01 -.31878152E+00
   .19000000E+01 -.36716766E+00
   .19500000E+01 -.41671296E+00
   .20000000E+01 -.46749097E+00
KBPotential  L  =      2.00000   -.44111
  -.30000000E+01  .15668369E+01
  -.29500000E+01  .15501176E+01
  -.29000000E+01  .15332037E+01
  -.28500000E+01  .15160883E+01
  -.28000000E+01  .14987645E+01
  -.27500000E+01  .14812251E+01
  -.27000000E+01  .14634630E+01
  -.26500000E+01  .14454690E+01
  -.26000000E+01  .14272352E+01
  -.25500000E+01  .14087528E+01
  -.25000000E+01  .13900120E+01
  -.24500000E+01  .13710030E+01
  -.24000000E+01  .13517151E+01
  -.23500000E+01  .13321369E+01
  -.23000000E+01  .13122565E+01
  -.22500000E+01  .12920611E+01
  -.22000000E+01  .12715372E+01
  -.21500000E+01  .12506704E+01
  -.21000000E+01  .12294452E+01
  -.20500000E+01  .12078453E+01
  -.20000000E+01  .11858528E+01
  -.19500000E+01  .11634491E+01
  -.19000000E+01  .11406144E+01
  -.18500000E+01  .11173268E+01
  -.18000000E+01  .10935627E+01
  -.17500000E+01  .10692980E+01
  -.17000000E+01  .10445051E+01
  -.16500000E+01  .10191549E+01
  -.16000000E+01  .99321528E+00
  -.15500000E+01  .96665655E+00
  -.15000000E+01  .93943580E+00
  -.14500000E+01  .91151527E+00
  -.14000000E+01  .88285117E+00
  -.13500000E+01  .85339573E+00
  -.13000000E+01  .82309672E+00
  -.12500000E+01  .79189691E+00
  -.12000000E+01  .75973334E+00
  -.11500000E+01  .72653684E+00
  -.11000000E+01  .69223099E+00
  -.10500000E+01  .65673286E+00
  -.10000000E+01  .61994498E+00
  -.95000000E+00  .58176458E+00
  -.90000000E+00  .54207493E+00
  -.85000000E+00  .50074520E+00
  -.80000000E+00  .45762838E+00
  -.75000000E+00  .41255867E+00
  -.70000000E+00  .36534812E+00
  -.65000000E+00  .31578319E+00
  -.60000000E+00  .26361973E+00
  -.55000000E+00  .20857768E+00
  -.50000000E+00  .15033406E+00
  -.45000000E+00  .88514212E-01
  -.40000000E+00  .22681159E-01
  -.35000000E+00 -.47681772E-01
  -.30000000E+00 -.12317334E+00
  -.25000000E+00 -.20451875E+00
  -.20000000E+00 -.29258400E+00
  -.15000000E+00 -.38841765E+00
  -.10000000E+00 -.49330165E+00
  -.50000000E-01 -.60882027E+00
  -.22898350E-14 -.73695486E+00
   .50000000E-01 -.88021673E+00
   .10000000E+00 -.10418376E+01
   .15000000E+00 -.12260473E+01
   .20000000E+00 -.14384924E+01
   .25000000E+00 -.16868838E+01
   .30000000E+00 -.19820350E+01
   .35000000E+00 -.23395980E+01
   .40000000E+00 -.27831113E+01
   .45000000E+00 -.33496839E+01
   .50000000E+00 -.41014235E+01
   .55000000E+00 -.51507523E+01
   .60000000E+00 -.67242983E+01
   .65000000E+00 -.93573121E+01
   .70000000E+00 -.14690148E+02
   .75000000E+00 -.31363341E+02
   .80000000E+00  .48343867E+03
   .85000000E+00  .29325626E+02
   .90000000E+00  .15509142E+02
   .95000000E+00  .10702695E+02
   .10000000E+01  .82528562E+01
   .10500000E+01  .67630493E+01
   .11000000E+01  .57581167E+01
   .11500000E+01  .50320133E+01
   .12000000E+01  .44809084E+01
   .12500000E+01  .40467973E+01
   .13000000E+01  .36947325E+01
   .13500000E+01  .34023999E+01
   .14000000E+01  .31548816E+01
   .14500000E+01  .29418254E+01
   .15000000E+01  .27558228E+01
   .15500000E+01  .25914317E+01
   .16000000E+01  .24445616E+01
   .16500000E+01  .23120794E+01
   .17000000E+01  .21915443E+01
   .17500000E+01  .20810256E+01
   .18000000E+01  .19789757E+01
   .18500000E+01  .18841391E+01
   .19000000E+01  .17954863E+01
   .19500000E+01  .17121637E+01
   .20000000E+01  .16334589E+01
KBPotential  L  =      3.00000   -.91595
  -.30000000E+01  .18880943E+01
  -.29500000E+01  .18729574E+01
  -.29000000E+01  .18577178E+01
  -.28500000E+01  .18423728E+01
  -.28000000E+01  .18269193E+01
  -.27500000E+01  .18113541E+01
  -.27000000E+01  .17956740E+01
  -.26500000E+01  .17798751E+01
  -.26000000E+01  .17639536E+01
  -.25500000E+01  .17479052E+01
  -.25000000E+01  .17317254E+01
  -.24500000E+01  .17154090E+01
  -.24000000E+01  .16989508E+01
  -.23500000E+01  .16823448E+01
  -.23000000E+01  .16655845E+01
  -.22500000E+01  .16486629E+01
  -.22000000E+01  .16315721E+01
  -.21500000E+01  .16143035E+01
  -.21000000E+01  .15968476E+01
  -.20500000E+01  .15791938E+01
  -.20000000E+01  .15613302E+01
  -.19500000E+01  .15432434E+01
  -.19000000E+01  .15249186E+01
  -.18500000E+01  .15063388E+01
  -.18000000E+01  .14874847E+01
  -.17500000E+01  .14683345E+01
  -.17000000E+01  .14488628E+01
  -.16500000E+01  .14290406E+01
  -.16000000E+01  .14088339E+01
  -.15500000E+01  .13882033E+01
  -.15000000E+01  .13671021E+01
  -.14500000E+01  .13454749E+01
  -.14000000E+01  .13232556E+01
  -.13500000E+01  .13003641E+01
  -.13000000E+01  .12767029E+01
  -.12500000E+01  .12521517E+01
  -.12000000E+01  .12265605E+01
  -.11500000E+01  .11997392E+01
  -.11000000E+01  .11714442E+01
  -.10500000E+01  .11413568E+01
  -.10000000E+01  .11090525E+01
  -.95000000E+00  .10739530E+01
  -.90000000E+00  .10352488E+01
  -.85000000E+00  .99177131E+00
  -.80000000E+00  .94176776E+00
  -.75000000E+00  .88248445E+00
  -.70000000E+00  .80933204E+00
  -.65000000E+00  .71404920E+00
  -.60000000E+00  .58011080E+00
  -.55000000E+00  .36894629E+00
  -.50000000E+00 -.35224232E-01
  -.45000000E+00 -.12121500E+01
  -.40000000E+00  .12562657E+04
  -.35000000E+00  .33703903E+01
  -.30000000E+00  .21994924E+01
  -.25000000E+00  .17959199E+01
  -.20000000E+00  .15843525E+01
  -.15000000E+00  .14495557E+01
  -.10000000E+00  .13530933E+01
  -.50000000E-01  .12784862E+01
  -.22898350E-14  .12174919E+01
   .50000000E-01  .11655301E+01
   .10000000E+00  .11198515E+01
   .15000000E+00  .10787056E+01
   .20000000E+00  .10409250E+01
   .25000000E+00  .10057009E+01
   .30000000E+00  .97245489E+00
   .35000000E+00  .94065901E+00
   .40000000E+00  .91019685E+00
   .45000000E+00  .88072492E+00
   .50000000E+00  .85205282E+00
   .55000000E+00  .82402972E+00
   .60000000E+00  .79653463E+00
   .65000000E+00  .76946917E+00
   .70000000E+00  .74275249E+00
   .75000000E+00  .71631741E+00
   .80000000E+00  .69010757E+00
   .85000000E+00  .66407534E+00
   .90000000E+00  .63817996E+00
   .95000000E+00  .61238644E+00
   .10000000E+01  .58666441E+00
   .10500000E+01  .55904048E+00
   .11000000E+01  .53550755E+00
   .11500000E+01  .50985680E+00
   .12000000E+01  .48419027E+00
   .12500000E+01  .45848997E+00
   .13000000E+01  .43274104E+00
   .13500000E+01  .40693006E+00
   .14000000E+01  .38104460E+00
   .14500000E+01  .35507350E+00
   .15000000E+01  .32900622E+00
   .15500000E+01  .30283313E+00
   .16000000E+01  .27654518E+00
   .16500000E+01  .25013398E+00
   .17000000E+01  .22359153E+00
   .17500000E+01  .19691035E+00
   .18000000E+01  .17008312E+00
   .18500000E+01  .14310304E+00
   .19000000E+01  .11596368E+00
   .19500000E+01  .88658504E-01
   .20000000E+01  .61181415E-01
KBPotential  L  =      4.00000    .00000
  -.30000000E+01  .21616312E+01
  -.29500000E+01  .21503739E+01
  -.29000000E+01  .21390630E+01
  -.28500000E+01  .21276979E+01
  -.28000000E+01  .21162761E+01
  -.27500000E+01  .21048007E+01
  -.27000000E+01  .20932668E+01
  -.26500000E+01  .20816772E+01
  -.26000000E+01  .20700289E+01
  -.25500000E+01  .20583203E+01
  -.25000000E+01  .20465537E+01
  -.24500000E+01  .20347253E+01
  -.24000000E+01  .20228354E+01
  -.23500000E+01  .20108834E+01
  -.23000000E+01  .19988673E+01
  -.22500000E+01  .19867871E+01
  -.22000000E+01  .19746419E+01
  -.21500000E+01  .19624305E+01
  -.21000000E+01  .19501515E+01
  -.20500000E+01  .19378044E+01
  -.20000000E+01  .19253876E+01
  -.19500000E+01  .19129005E+01
  -.19000000E+01  .19003426E+01
  -.18500000E+01  .18877114E+01
  -.18000000E+01  .18750065E+01
  -.17500000E+01  .18622268E+01
  -.17000000E+01  .18493712E+01
  -.16500000E+01  .18364378E+01
  -.16000000E+01  .18234258E+01
  -.15500000E+01  .18103337E+01
  -.15000000E+01  .17971609E+01
  -.14500000E+01  .17839049E+01
  -.14000000E+01  .17705647E+01
  -.13500000E+01  .17571392E+01
  -.13000000E+01  .17436267E+01
  -.12500000E+01  .17300254E+01
  -.12000000E+01  .17163347E+01
  -.11500000E+01  .17025514E+01
  -.11000000E+01  .16886756E+01
  -.10500000E+01  .16747044E+01
  -.10000000E+01  .16606362E+01
  -.95000000E+00  .16464696E+01
  -.90000000E+00  .16322026E+01
  -.85000000E+00  .16178333E+01
  -.80000000E+00  .16033597E+01
  -.75000000E+00  .15887799E+01
  -.70000000E+00  .15740918E+01
  -.65000000E+00  .15592932E+01
  -.60000000E+00  .15443819E+01
  -.55000000E+00  .15293558E+01
  -.50000000E+00  .15142125E+01
  -.45000000E+00  .14989495E+01
  -.40000000E+00  .14835644E+01
  -.35000000E+00  .14680548E+01
  -.30000000E+00  .14524178E+01
  -.25000000E+00  .14366509E+01
  -.20000000E+00  .14207512E+01
  -.15000000E+00  .14047159E+01
  -.10000000E+00  .13885419E+01
  -.50000000E-01  .13722261E+01
  -.22898350E-14  .13557654E+01
   .50000000E-01  .13391565E+01
   .10000000E+00  .13223960E+01
   .15000000E+00  .13054803E+01
   .20000000E+00  .12884058E+01
   .25000000E+00  .12711687E+01
   .30000000E+00  .12537651E+01
   .35000000E+00  .12361909E+01
   .40000000E+00  .12184420E+01
   .45000000E+00  .12005140E+01
   .50000000E+00  .11824023E+01
   .55000000E+00  .11641023E+01
   .60000000E+00  .11456090E+01
   .65000000E+00  .11269175E+01
   .70000000E+00  .11080226E+01
   .75000000E+00  .10889186E+01
   .80000000E+00  .10696000E+01
   .85000000E+00  .10500609E+01
   .90000000E+00  .10302950E+01
   .95000000E+00  .10102961E+01
   .10000000E+01  .99005744E+00
   .10500000E+01  .96957210E+00
   .11000000E+01  .94883282E+00
   .11500000E+01  .92783209E+00
   .12000000E+01  .90656198E+00
   .12500000E+01  .88501428E+00
   .13000000E+01  .86318041E+00
   .13500000E+01  .84105136E+00
   .14000000E+01  .81861775E+00
   .14500000E+01  .79586975E+00
   .15000000E+01  .77279704E+00
   .15500000E+01  .74938886E+00
   .16000000E+01  .72563388E+00
   .16500000E+01  .70152024E+00
   .17000000E+01  .67703549E+00
   .17500000E+01  .65216656E+00
   .18000000E+01  .62689970E+00
   .18500000E+01  .60122044E+00
   .19000000E+01  .57511359E+00
   .19500000E+01  .54856335E+00
   .20000000E+01  .52155237E+00
