  PAW_GGA S_h 08Apr2002                  
 100
Core Pot   L  =         .00000  -1.26829
  -.20000000E+01  .15883851E+00
  -.19600000E+01  .12875579E+00
  -.19200000E+01  .98118739E-01
  -.18800000E+01  .66907708E-01
  -.18400000E+01  .35102085E-01
  -.18000000E+01  .26802350E-02
  -.17600000E+01 -.30380561E-01
  -.17200000E+01 -.64104175E-01
  -.16800000E+01 -.98515712E-01
  -.16400000E+01 -.13364158E+00
  -.16000000E+01 -.16950959E+00
  -.15600000E+01 -.20614904E+00
  -.15200000E+01 -.24359083E+00
  -.14800000E+01 -.28186753E+00
  -.14400000E+01 -.32101356E+00
  -.14000000E+01 -.36106528E+00
  -.13600000E+01 -.40206114E+00
  -.13200000E+01 -.44404183E+00
  -.12800000E+01 -.48705046E+00
  -.12400000E+01 -.53113271E+00
  -.12000000E+01 -.57633705E+00
  -.11600000E+01 -.62271498E+00
  -.11200000E+01 -.67032122E+00
  -.10800000E+01 -.71921397E+00
  -.10400000E+01 -.76945526E+00
  -.10000000E+01 -.82111119E+00
  -.96000000E+00 -.87425229E+00
  -.92000000E+00 -.92895395E+00
  -.88000000E+00 -.98529678E+00
  -.84000000E+00 -.10433671E+01
  -.80000000E+00 -.11032574E+01
  -.76000000E+00 -.11650671E+01
  -.72000000E+00 -.12289029E+01
  -.68000000E+00 -.12948797E+01
  -.64000000E+00 -.13631213E+01
  -.60000000E+00 -.14337614E+01
  -.56000000E+00 -.15069445E+01
  -.52000000E+00 -.15828268E+01
  -.48000000E+00 -.16615779E+01
  -.44000000E+00 -.17433820E+01
  -.40000000E+00 -.18284394E+01
  -.36000000E+00 -.19169684E+01
  -.32000000E+00 -.20092075E+01
  -.28000000E+00 -.21054177E+01
  -.24000000E+00 -.22058850E+01
  -.20000000E+00 -.23109238E+01
  -.16000000E+00 -.24208805E+01
  -.12000000E+00 -.25361374E+01
  -.80000000E-01 -.26571175E+01
  -.40000000E-01 -.27842905E+01
   .12351231E-14 -.29181789E+01
   .40000000E-01 -.30593661E+01
   .80000000E-01 -.32085052E+01
   .12000000E+00 -.33663296E+01
   .16000000E+00 -.35336663E+01
   .20000000E+00 -.37114509E+01
   .24000000E+00 -.39007461E+01
   .28000000E+00 -.41027641E+01
   .32000000E+00 -.43188939E+01
   .36000000E+00 -.45507346E+01
   .40000000E+00 -.48001367E+01
   .44000000E+00 -.50692537E+01
   .48000000E+00 -.53606069E+01
   .52000000E+00 -.56771668E+01
   .56000000E+00 -.60224584E+01
   .60000000E+00 -.64006969E+01
   .64000000E+00 -.68169648E+01
   .68000000E+00 -.72774478E+01
   .72000000E+00 -.77897506E+01
   .76000000E+00 -.83633294E+01
   .80000000E+00 -.90100908E+01
   .84000000E+00 -.97452418E+01
   .88000000E+00 -.10588517E+02
   .92000000E+00 -.11566001E+02
   .96000000E+00 -.12712905E+02
   .10000000E+01 -.14077938E+02
   .10400000E+01 -.15730467E+02
   .10800000E+01 -.17772763E+02
   .11200000E+01 -.20362132E+02
   .11600000E+01 -.23753701E+02
   .12000000E+01 -.28390441E+02
   .12400000E+01 -.35115052E+02
   .12800000E+01 -.45752209E+02
   .13200000E+01 -.65126853E+02
   .13600000E+01 -.11153497E+03
   .14000000E+01 -.37241182E+03
   .14400000E+01  .28636663E+03
   .14800000E+01  .10448726E+03
   .15200000E+01  .64288787E+02
   .15600000E+01  .46622009E+02
   .16000000E+01  .36687167E+02
   .16400000E+01  .30317820E+02
   .16800000E+01  .25885207E+02
   .17200000E+01  .22621516E+02
   .17600000E+01  .20117415E+02
   .18000000E+01  .18134714E+02
   .18400000E+01  .16525380E+02
   .18800000E+01  .15192572E+02
   .19200000E+01  .14070271E+02
   .19600000E+01  .13111925E+02
   .20000000E+01  .12283760E+02
Potential  L  =         .00000  -1.26829
  -.20000000E+01  .23144345E+00
  -.19600000E+01  .19988924E+00
  -.19200000E+01  .16760514E+00
  -.18800000E+01  .13455713E+00
  -.18400000E+01  .10070896E+00
  -.18000000E+01  .66021979E-01
  -.17600000E+01  .30454935E-01
  -.17200000E+01 -.60362671E-02
  -.16800000E+01 -.43498801E-01
  -.16400000E+01 -.81983200E-01
  -.16000000E+01 -.12154366E+00
  -.15600000E+01 -.16223839E+00
  -.15200000E+01 -.20412996E+00
  -.14800000E+01 -.24728577E+00
  -.14400000E+01 -.29177848E+00
  -.14000000E+01 -.33768655E+00
  -.13600000E+01 -.38509486E+00
  -.13200000E+01 -.43409533E+00
  -.12800000E+01 -.48478773E+00
  -.12400000E+01 -.53728046E+00
  -.12000000E+01 -.59169158E+00
  -.11600000E+01 -.64814990E+00
  -.11200000E+01 -.70679618E+00
  -.10800000E+01 -.76778462E+00
  -.10400000E+01 -.83128447E+00
  -.10000000E+01 -.89748193E+00
  -.96000000E+00 -.96658230E+00
  -.92000000E+00 -.10388126E+01
  -.88000000E+00 -.11144242E+01
  -.84000000E+00 -.11936969E+01
  -.80000000E+00 -.12769421E+01
  -.76000000E+00 -.13645081E+01
  -.72000000E+00 -.14567857E+01
  -.68000000E+00 -.15542144E+01
  -.64000000E+00 -.16572907E+01
  -.60000000E+00 -.17665776E+01
  -.56000000E+00 -.18827160E+01
  -.52000000E+00 -.20064387E+01
  -.48000000E+00 -.21385874E+01
  -.44000000E+00 -.22801340E+01
  -.40000000E+00 -.24322065E+01
  -.36000000E+00 -.25961219E+01
  -.32000000E+00 -.27734274E+01
  -.28000000E+00 -.29659530E+01
  -.24000000E+00 -.31758793E+01
  -.20000000E+00 -.34058256E+01
  -.16000000E+00 -.36589663E+01
  -.12000000E+00 -.39391858E+01
  -.80000000E-01 -.42512895E+01
  -.40000000E-01 -.46012931E+01
   .12351231E-14 -.49968303E+01
   .40000000E-01 -.54477349E+01
   .80000000E-01 -.59668959E+01
   .12000000E+00 -.65715440E+01
   .16000000E+00 -.72852470E+01
   .20000000E+00 -.81411194E+01
   .24000000E+00 -.91872004E+01
   .28000000E+00 -.10495931E+02
   .32000000E+00 -.12181898E+02
   .36000000E+00 -.14437709E+02
   .40000000E+00 -.17614013E+02
   .44000000E+00 -.22423432E+02
   .48000000E+00 -.30570118E+02
   .52000000E+00 -.47394055E+02
   .56000000E+00 -.10265105E+03
   .60000000E+00  .72486910E+03
   .64000000E+00  .81429311E+02
   .68000000E+00  .43522128E+02
   .72000000E+00  .29866014E+02
   .76000000E+00  .22824462E+02
   .80000000E+00  .18525614E+02
   .84000000E+00  .15626106E+02
   .88000000E+00  .13536726E+02
   .92000000E+00  .11958327E+02
   .96000000E+00  .10722896E+02
   .10000000E+01  .97287908E+01
   .10400000E+01  .89109158E+01
   .10800000E+01  .82256491E+01
   .11200000E+01  .76426624E+01
   .11600000E+01  .71402159E+01
   .12000000E+01  .67023186E+01
   .12400000E+01  .63169460E+01
   .12800000E+01  .59748821E+01
   .13200000E+01  .56689445E+01
   .13600000E+01  .53934526E+01
   .14000000E+01  .51438547E+01
   .14400000E+01  .49164608E+01
   .14800000E+01  .47082478E+01
   .15200000E+01  .45167152E+01
   .15600000E+01  .43397770E+01
   .16000000E+01  .41756789E+01
   .16400000E+01  .40229352E+01
   .16800000E+01  .38802791E+01
   .17200000E+01  .37466236E+01
   .17600000E+01  .36210308E+01
   .18000000E+01  .35026874E+01
   .18400000E+01  .33908841E+01
   .18800000E+01  .32850000E+01
   .19200000E+01  .31844888E+01
   .19600000E+01  .30888666E+01
   .20000000E+01  .29977085E+01
Core Pot   L  =        1.00000   -.51511
  -.20000000E+01  .77180192E+00
  -.19600000E+01  .75206376E+00
  -.19200000E+01  .73209249E+00
  -.18800000E+01  .71188221E+00
  -.18400000E+01  .69142681E+00
  -.18000000E+01  .67071995E+00
  -.17600000E+01  .64975509E+00
  -.17200000E+01  .62852541E+00
  -.16800000E+01  .60702388E+00
  -.16400000E+01  .58524317E+00
  -.16000000E+01  .56317571E+00
  -.15600000E+01  .54081361E+00
  -.15200000E+01  .51814869E+00
  -.14800000E+01  .49517247E+00
  -.14400000E+01  .47187611E+00
  -.14000000E+01  .44825043E+00
  -.13600000E+01  .42428588E+00
  -.13200000E+01  .39997255E+00
  -.12800000E+01  .37530008E+00
  -.12400000E+01  .35025772E+00
  -.12000000E+01  .32483426E+00
  -.11600000E+01  .29901801E+00
  -.11200000E+01  .27279679E+00
  -.10800000E+01  .24615789E+00
  -.10400000E+01  .21908805E+00
  -.10000000E+01  .19157343E+00
  -.96000000E+00  .16359955E+00
  -.92000000E+00  .13515132E+00
  -.88000000E+00  .10621292E+00
  -.84000000E+00  .76767827E-01
  -.80000000E+00  .46798726E-01
  -.76000000E+00  .16287498E-01
  -.72000000E+00 -.14784847E-01
  -.68000000E+00 -.46438219E-01
  -.64000000E+00 -.78693503E-01
  -.60000000E+00 -.11157262E+00
  -.56000000E+00 -.14509861E+00
  -.52000000E+00 -.17929565E+00
  -.48000000E+00 -.21418920E+00
  -.44000000E+00 -.24980603E+00
  -.40000000E+00 -.28617434E+00
  -.36000000E+00 -.32332385E+00
  -.32000000E+00 -.36128588E+00
  -.28000000E+00 -.40009349E+00
  -.24000000E+00 -.43978160E+00
  -.20000000E+00 -.48038709E+00
  -.16000000E+00 -.52194900E+00
  -.12000000E+00 -.56450861E+00
  -.80000000E-01 -.60810969E+00
  -.40000000E-01 -.65279863E+00
   .12351231E-14 -.69862467E+00
   .40000000E-01 -.74564008E+00
   .80000000E-01 -.79390047E+00
   .12000000E+00 -.84346501E+00
   .16000000E+00 -.89439670E+00
   .20000000E+00 -.94676275E+00
   .24000000E+00 -.10006349E+01
   .28000000E+00 -.10560898E+01
   .32000000E+00 -.11132094E+01
   .36000000E+00 -.11720817E+01
   .40000000E+00 -.12328007E+01
   .44000000E+00 -.12954676E+01
   .48000000E+00 -.13601911E+01
   .52000000E+00 -.14270883E+01
   .56000000E+00 -.14962853E+01
   .60000000E+00 -.15679185E+01
   .64000000E+00 -.16421349E+01
   .68000000E+00 -.17190942E+01
   .72000000E+00 -.17989694E+01
   .76000000E+00 -.18819483E+01
   .80000000E+00 -.19682356E+01
   .84000000E+00 -.20580543E+01
   .88000000E+00 -.21516482E+01
   .92000000E+00 -.22492841E+01
   .96000000E+00 -.23512546E+01
   .10000000E+01 -.24578816E+01
   .10400000E+01 -.25695196E+01
   .10800000E+01 -.26865603E+01
   .11200000E+01 -.28094376E+01
   .11600000E+01 -.29386331E+01
   .12000000E+01 -.30746833E+01
   .12400000E+01 -.32181874E+01
   .12800000E+01 -.33698165E+01
   .13200000E+01 -.35303254E+01
   .13600000E+01 -.37005654E+01
   .14000000E+01 -.38815005E+01
   .14400000E+01 -.40742268E+01
   .14800000E+01 -.42799958E+01
   .15200000E+01 -.45002428E+01
   .15600000E+01 -.47366224E+01
   .16000000E+01 -.49910515E+01
   .16400000E+01 -.52657640E+01
   .16800000E+01 -.55633785E+01
   .17200000E+01 -.58869854E+01
   .17600000E+01 -.62402579E+01
   .18000000E+01 -.66275962E+01
   .18400000E+01 -.70543171E+01
   .18800000E+01 -.75269051E+01
   .19200000E+01 -.80533522E+01
   .19600000E+01 -.86436226E+01
   .20000000E+01 -.93103016E+01
Potential  L  =        1.00000   -.51511
  -.20000000E+01  .79350934E+00
  -.19600000E+01  .77377808E+00
  -.19200000E+01  .75380024E+00
  -.18800000E+01  .73356903E+00
  -.18400000E+01  .71307742E+00
  -.18000000E+01  .69231811E+00
  -.17600000E+01  .67128349E+00
  -.17200000E+01  .64996567E+00
  -.16800000E+01  .62835640E+00
  -.16400000E+01  .60644714E+00
  -.16000000E+01  .58422892E+00
  -.15600000E+01  .56169253E+00
  -.15200000E+01  .53882824E+00
  -.14800000E+01  .51562595E+00
  -.14400000E+01  .49207515E+00
  -.14000000E+01  .46816478E+00
  -.13600000E+01  .44388338E+00
  -.13200000E+01  .41921894E+00
  -.12800000E+01  .39415891E+00
  -.12400000E+01  .36869017E+00
  -.12000000E+01  .34279897E+00
  -.11600000E+01  .31647094E+00
  -.11200000E+01  .28969101E+00
  -.10800000E+01  .26244337E+00
  -.10400000E+01  .23471147E+00
  -.10000000E+01  .20647792E+00
  -.96000000E+00  .17772445E+00
  -.92000000E+00  .14843190E+00
  -.88000000E+00  .11858008E+00
  -.84000000E+00  .88147771E-01
  -.80000000E+00  .57112643E-01
  -.76000000E+00  .25451150E-01
  -.72000000E+00 -.68615197E-02
  -.68000000E+00 -.39851547E-01
  -.64000000E+00 -.73546570E-01
  -.60000000E+00 -.10797580E+00
  -.56000000E+00 -.14317013E+00
  -.52000000E+00 -.17916223E+00
  -.48000000E+00 -.21598673E+00
  -.44000000E+00 -.25368033E+00
  -.40000000E+00 -.29228197E+00
  -.36000000E+00 -.33183301E+00
  -.32000000E+00 -.37237740E+00
  -.28000000E+00 -.41396192E+00
  -.24000000E+00 -.45663639E+00
  -.20000000E+00 -.50045391E+00
  -.16000000E+00 -.54547116E+00
  -.12000000E+00 -.59174872E+00
  -.80000000E-01 -.63935136E+00
  -.40000000E-01 -.68834846E+00
   .12351231E-14 -.73881439E+00
   .40000000E-01 -.79082901E+00
   .80000000E-01 -.84447815E+00
   .12000000E+00 -.89985418E+00
   .16000000E+00 -.95705670E+00
   .20000000E+00 -.10161932E+01
   .24000000E+00 -.10773798E+01
   .28000000E+00 -.11407424E+01
   .32000000E+00 -.12064174E+01
   .36000000E+00 -.12745530E+01
   .40000000E+00 -.13453106E+01
   .44000000E+00 -.14188658E+01
   .48000000E+00 -.14954109E+01
   .52000000E+00 -.15751559E+01
   .56000000E+00 -.16583316E+01
   .60000000E+00 -.17451914E+01
   .64000000E+00 -.18360144E+01
   .68000000E+00 -.19311092E+01
   .72000000E+00 -.20308171E+01
   .76000000E+00 -.21355174E+01
   .80000000E+00 -.22456319E+01
   .84000000E+00 -.23616320E+01
   .88000000E+00 -.24840457E+01
   .92000000E+00 -.26134661E+01
   .96000000E+00 -.27505625E+01
   .10000000E+01 -.28960923E+01
   .10400000E+01 -.30509164E+01
   .10800000E+01 -.32160177E+01
   .11200000E+01 -.33925227E+01
   .11600000E+01 -.35817298E+01
   .12000000E+01 -.37851427E+01
   .12400000E+01 -.40045125E+01
   .12800000E+01 -.42418916E+01
   .13200000E+01 -.44997007E+01
   .13600000E+01 -.47808152E+01
   .14000000E+01 -.50886781E+01
   .14400000E+01 -.54274464E+01
   .14800000E+01 -.58021871E+01
   .15200000E+01 -.62191398E+01
   .15600000E+01 -.66860774E+01
   .16000000E+01 -.72128080E+01
   .16400000E+01 -.78118871E+01
   .16800000E+01 -.84996525E+01
   .17200000E+01 -.92977645E+01
   .17600000E+01 -.10235566E+02
   .18000000E+01 -.11353818E+02
   .18400000E+01 -.12710856E+02
   .18800000E+01 -.14393203E+02
   .19200000E+01 -.16534935E+02
   .19600000E+01 -.19355551E+02
   .20000000E+01 -.23240901E+02
Core Pot   L  =        2.00000   -.50000
  -.20000000E+01  .14098407E+01
  -.19600000E+01  .13963896E+01
  -.19200000E+01  .13828365E+01
  -.18800000E+01  .13691794E+01
  -.18400000E+01  .13554164E+01
  -.18000000E+01  .13415455E+01
  -.17600000E+01  .13275646E+01
  -.17200000E+01  .13134714E+01
  -.16800000E+01  .12992639E+01
  -.16400000E+01  .12849396E+01
  -.16000000E+01  .12704963E+01
  -.15600000E+01  .12559315E+01
  -.15200000E+01  .12412428E+01
  -.14800000E+01  .12264275E+01
  -.14400000E+01  .12114831E+01
  -.14000000E+01  .11964068E+01
  -.13600000E+01  .11811957E+01
  -.13200000E+01  .11658471E+01
  -.12800000E+01  .11503579E+01
  -.12400000E+01  .11347250E+01
  -.12000000E+01  .11189452E+01
  -.11600000E+01  .11030154E+01
  -.11200000E+01  .10869320E+01
  -.10800000E+01  .10706917E+01
  -.10400000E+01  .10542907E+01
  -.10000000E+01  .10377254E+01
  -.96000000E+00  .10209918E+01
  -.92000000E+00  .10040861E+01
  -.88000000E+00  .98700402E+00
  -.84000000E+00  .96974138E+00
  -.80000000E+00  .95229374E+00
  -.76000000E+00  .93465653E+00
  -.72000000E+00  .91682501E+00
  -.68000000E+00  .89879428E+00
  -.64000000E+00  .88055927E+00
  -.60000000E+00  .86211470E+00
  -.56000000E+00  .84345512E+00
  -.52000000E+00  .82457487E+00
  -.48000000E+00  .80546806E+00
  -.44000000E+00  .78612861E+00
  -.40000000E+00  .76655017E+00
  -.36000000E+00  .74672616E+00
  -.32000000E+00  .72664975E+00
  -.28000000E+00  .70631383E+00
  -.24000000E+00  .68571101E+00
  -.20000000E+00  .66483359E+00
  -.16000000E+00  .64367357E+00
  -.12000000E+00  .62222261E+00
  -.80000000E-01  .60047202E+00
  -.40000000E-01  .57841276E+00
   .12351231E-14  .55603537E+00
   .40000000E-01  .53333001E+00
   .80000000E-01  .51028641E+00
   .12000000E+00  .48689383E+00
   .16000000E+00  .46314105E+00
   .20000000E+00  .43901636E+00
   .24000000E+00  .41450749E+00
   .28000000E+00  .38960163E+00
   .32000000E+00  .36428534E+00
   .36000000E+00  .33854457E+00
   .40000000E+00  .31236455E+00
   .44000000E+00  .28572985E+00
   .48000000E+00  .25862423E+00
   .52000000E+00  .23103067E+00
   .56000000E+00  .20293127E+00
   .60000000E+00  .17430722E+00
   .64000000E+00  .14513872E+00
   .68000000E+00  .11540496E+00
   .72000000E+00  .85083983E-01
   .76000000E+00  .54152663E-01
   .80000000E+00  .22586601E-01
   .84000000E+00 -.96399624E-02
   .88000000E+00 -.42554239E-01
   .92000000E+00 -.76185000E-01
   .96000000E+00 -.11056269E+00
   .10000000E+01 -.14571955E+00
   .10400000E+01 -.18168976E+00
   .10800000E+01 -.21850957E+00
   .11200000E+01 -.25621747E+00
   .11600000E+01 -.29485438E+00
   .12000000E+01 -.33446381E+00
   .12400000E+01 -.37509213E+00
   .12800000E+01 -.41678872E+00
   .13200000E+01 -.45960631E+00
   .13600000E+01 -.50360122E+00
   .14000000E+01 -.54883367E+00
   .14400000E+01 -.59536814E+00
   .14800000E+01 -.64327376E+00
   .15200000E+01 -.69262473E+00
   .15600000E+01 -.74350077E+00
   .16000000E+01 -.79598769E+00
   .16400000E+01 -.85017796E+00
   .16800000E+01 -.90617135E+00
   .17200000E+01 -.96407571E+00
   .17600000E+01 -.10240078E+01
   .18000000E+01 -.10860941E+01
   .18400000E+01 -.11504722E+01
   .18800000E+01 -.12172916E+01
   .19200000E+01 -.12867152E+01
   .19600000E+01 -.13589212E+01
   .20000000E+01 -.14341041E+01
Potential  L  =        2.00000   -.50000
  -.20000000E+01  .14067544E+01
  -.19600000E+01  .13933018E+01
  -.19200000E+01  .13797492E+01
  -.18800000E+01  .13660950E+01
  -.18400000E+01  .13523373E+01
  -.18000000E+01  .13384741E+01
  -.17600000E+01  .13245035E+01
  -.17200000E+01  .13104235E+01
  -.16800000E+01  .12962320E+01
  -.16400000E+01  .12819269E+01
  -.16000000E+01  .12675060E+01
  -.15600000E+01  .12529672E+01
  -.15200000E+01  .12383080E+01
  -.14800000E+01  .12235261E+01
  -.14400000E+01  .12086192E+01
  -.14000000E+01  .11935846E+01
  -.13600000E+01  .11784198E+01
  -.13200000E+01  .11631222E+01
  -.12800000E+01  .11476891E+01
  -.12400000E+01  .11321176E+01
  -.12000000E+01  .11164048E+01
  -.11600000E+01  .11005478E+01
  -.11200000E+01  .10845435E+01
  -.10800000E+01  .10683887E+01
  -.10400000E+01  .10520802E+01
  -.10000000E+01  .10356147E+01
  -.96000000E+00  .10189886E+01
  -.92000000E+00  .10021984E+01
  -.88000000E+00  .98524035E+00
  -.84000000E+00  .96811073E+00
  -.80000000E+00  .95080559E+00
  -.76000000E+00  .93332086E+00
  -.72000000E+00  .91565236E+00
  -.68000000E+00  .89779576E+00
  -.64000000E+00  .87974659E+00
  -.60000000E+00  .86150022E+00
  -.56000000E+00  .84305188E+00
  -.52000000E+00  .82439662E+00
  -.48000000E+00  .80552932E+00
  -.44000000E+00  .78644469E+00
  -.40000000E+00  .76713725E+00
  -.36000000E+00  .74760131E+00
  -.32000000E+00  .72783100E+00
  -.28000000E+00  .70782022E+00
  -.24000000E+00  .68756265E+00
  -.20000000E+00  .66705174E+00
  -.16000000E+00  .64628069E+00
  -.12000000E+00  .62524244E+00
  -.80000000E-01  .60392966E+00
  -.40000000E-01  .58233475E+00
   .12351231E-14  .56044980E+00
   .40000000E-01  .53826662E+00
   .80000000E-01  .51577666E+00
   .12000000E+00  .49297103E+00
   .16000000E+00  .46984048E+00
   .20000000E+00  .44637540E+00
   .24000000E+00  .42256577E+00
   .28000000E+00  .39840114E+00
   .32000000E+00  .37387065E+00
   .36000000E+00  .34896293E+00
   .40000000E+00  .32366616E+00
   .44000000E+00  .29796797E+00
   .48000000E+00  .27185547E+00
   .52000000E+00  .24531517E+00
   .56000000E+00  .21833299E+00
   .60000000E+00  .19089418E+00
   .64000000E+00  .16298334E+00
   .68000000E+00  .13458431E+00
   .72000000E+00  .10568019E+00
   .76000000E+00  .76253252E-01
   .80000000E+00  .46284924E-01
   .84000000E+00  .15755698E-01
   .88000000E+00 -.15354897E-01
   .92000000E+00 -.47068368E-01
   .96000000E+00 -.79407323E-01
   .10000000E+01 -.11239554E+00
   .10400000E+01 -.14605806E+00
   .10800000E+01 -.18042123E+00
   .11200000E+01 -.21551286E+00
   .11600000E+01 -.25136226E+00
   .12000000E+01 -.28800035E+00
   .12400000E+01 -.32545983E+00
   .12800000E+01 -.36377524E+00
   .13200000E+01 -.40298314E+00
   .13600000E+01 -.44312223E+00
   .14000000E+01 -.48423352E+00
   .14400000E+01 -.52636052E+00
   .14800000E+01 -.56954942E+00
   .15200000E+01 -.61384928E+00
   .15600000E+01 -.65931231E+00
   .16000000E+01 -.70599406E+00
   .16400000E+01 -.75395376E+00
   .16800000E+01 -.80325457E+00
   .17200000E+01 -.85396395E+00
   .17600000E+01 -.90615404E+00
   .18000000E+01 -.95990202E+00
   .18400000E+01 -.10152906E+01
   .18800000E+01 -.10724086E+01
   .19200000E+01 -.11313514E+01
   .19600000E+01 -.11922214E+01
   .20000000E+01 -.12551292E+01
Core Pot   L  =        3.00000    .00000
  -.20000000E+01  .21148475E+01
  -.19600000E+01  .21061304E+01
  -.19200000E+01  .20973852E+01
  -.18800000E+01  .20886115E+01
  -.18400000E+01  .20798093E+01
  -.18000000E+01  .20709781E+01
  -.17600000E+01  .20621179E+01
  -.17200000E+01  .20532282E+01
  -.16800000E+01  .20443090E+01
  -.16400000E+01  .20353598E+01
  -.16000000E+01  .20263806E+01
  -.15600000E+01  .20173709E+01
  -.15200000E+01  .20083306E+01
  -.14800000E+01  .19992593E+01
  -.14400000E+01  .19901569E+01
  -.14000000E+01  .19810230E+01
  -.13600000E+01  .19718574E+01
  -.13200000E+01  .19626597E+01
  -.12800000E+01  .19534297E+01
  -.12400000E+01  .19441671E+01
  -.12000000E+01  .19348716E+01
  -.11600000E+01  .19255430E+01
  -.11200000E+01  .19161808E+01
  -.10800000E+01  .19067848E+01
  -.10400000E+01  .18973547E+01
  -.10000000E+01  .18878902E+01
  -.96000000E+00  .18783910E+01
  -.92000000E+00  .18688567E+01
  -.88000000E+00  .18592870E+01
  -.84000000E+00  .18496816E+01
  -.80000000E+00  .18400402E+01
  -.76000000E+00  .18303623E+01
  -.72000000E+00  .18206477E+01
  -.68000000E+00  .18108961E+01
  -.64000000E+00  .18011069E+01
  -.60000000E+00  .17912800E+01
  -.56000000E+00  .17814149E+01
  -.52000000E+00  .17715112E+01
  -.48000000E+00  .17615687E+01
  -.44000000E+00  .17515868E+01
  -.40000000E+00  .17415653E+01
  -.36000000E+00  .17315036E+01
  -.32000000E+00  .17214015E+01
  -.28000000E+00  .17112586E+01
  -.24000000E+00  .17010743E+01
  -.20000000E+00  .16908483E+01
  -.16000000E+00  .16805802E+01
  -.12000000E+00  .16702695E+01
  -.80000000E-01  .16599158E+01
  -.40000000E-01  .16495187E+01
   .12351231E-14  .16390778E+01
   .40000000E-01  .16285924E+01
   .80000000E-01  .16180623E+01
   .12000000E+00  .16074869E+01
   .16000000E+00  .15968658E+01
   .20000000E+00  .15861984E+01
   .24000000E+00  .15754843E+01
   .28000000E+00  .15647229E+01
   .32000000E+00  .15539139E+01
   .36000000E+00  .15430566E+01
   .40000000E+00  .15321505E+01
   .44000000E+00  .15211951E+01
   .48000000E+00  .15101899E+01
   .52000000E+00  .14991343E+01
   .56000000E+00  .14880277E+01
   .60000000E+00  .14768696E+01
   .64000000E+00  .14656595E+01
   .68000000E+00  .14543966E+01
   .72000000E+00  .14430805E+01
   .76000000E+00  .14317105E+01
   .80000000E+00  .14202860E+01
   .84000000E+00  .14088064E+01
   .88000000E+00  .13972710E+01
   .92000000E+00  .13856792E+01
   .96000000E+00  .13740304E+01
   .10000000E+01  .13623238E+01
   .10400000E+01  .13505588E+01
   .10800000E+01  .13387347E+01
   .11200000E+01  .13268509E+01
   .11600000E+01  .13149064E+01
   .12000000E+01  .13029008E+01
   .12400000E+01  .12908331E+01
   .12800000E+01  .12787027E+01
   .13200000E+01  .12665088E+01
   .13600000E+01  .12542506E+01
   .14000000E+01  .12419273E+01
   .14400000E+01  .12295381E+01
   .14800000E+01  .12170822E+01
   .15200000E+01  .12045587E+01
   .15600000E+01  .11919668E+01
   .16000000E+01  .11793056E+01
   .16400000E+01  .11665742E+01
   .16800000E+01  .11537717E+01
   .17200000E+01  .11408972E+01
   .17600000E+01  .11279498E+01
   .18000000E+01  .11149285E+01
   .18400000E+01  .11018324E+01
   .18800000E+01  .10886604E+01
   .19200000E+01  .10754115E+01
   .19600000E+01  .10620847E+01
   .20000000E+01  .10486790E+01
Potential  L  =        3.00000    .00000
  -.20000000E+01  .21137294E+01
  -.19600000E+01  .21049784E+01
  -.19200000E+01  .20961986E+01
  -.18800000E+01  .20873899E+01
  -.18400000E+01  .20785519E+01
  -.18000000E+01  .20696845E+01
  -.17600000E+01  .20607873E+01
  -.17200000E+01  .20518602E+01
  -.16800000E+01  .20429028E+01
  -.16400000E+01  .20339149E+01
  -.16000000E+01  .20248962E+01
  -.15600000E+01  .20158465E+01
  -.15200000E+01  .20067655E+01
  -.14800000E+01  .19976529E+01
  -.14400000E+01  .19885084E+01
  -.14000000E+01  .19793317E+01
  -.13600000E+01  .19701225E+01
  -.13200000E+01  .19608806E+01
  -.12800000E+01  .19516056E+01
  -.12400000E+01  .19422973E+01
  -.12000000E+01  .19329553E+01
  -.11600000E+01  .19235794E+01
  -.11200000E+01  .19141691E+01
  -.10800000E+01  .19047243E+01
  -.10400000E+01  .18952445E+01
  -.10000000E+01  .18857294E+01
  -.96000000E+00  .18761788E+01
  -.92000000E+00  .18665922E+01
  -.88000000E+00  .18569693E+01
  -.84000000E+00  .18473098E+01
  -.80000000E+00  .18376134E+01
  -.76000000E+00  .18278796E+01
  -.72000000E+00  .18181081E+01
  -.68000000E+00  .18082985E+01
  -.64000000E+00  .17984505E+01
  -.60000000E+00  .17885637E+01
  -.56000000E+00  .17786377E+01
  -.52000000E+00  .17686721E+01
  -.48000000E+00  .17586665E+01
  -.44000000E+00  .17486205E+01
  -.40000000E+00  .17385337E+01
  -.36000000E+00  .17284057E+01
  -.32000000E+00  .17182361E+01
  -.28000000E+00  .17080244E+01
  -.24000000E+00  .16977702E+01
  -.20000000E+00  .16874731E+01
  -.16000000E+00  .16771326E+01
  -.12000000E+00  .16667483E+01
  -.80000000E-01  .16563197E+01
  -.40000000E-01  .16458463E+01
   .12351231E-14  .16353277E+01
   .40000000E-01  .16247634E+01
   .80000000E-01  .16141529E+01
   .12000000E+00  .16034957E+01
   .16000000E+00  .15927913E+01
   .20000000E+00  .15820392E+01
   .24000000E+00  .15712388E+01
   .28000000E+00  .15603897E+01
   .32000000E+00  .15494912E+01
   .36000000E+00  .15385430E+01
   .40000000E+00  .15275443E+01
   .44000000E+00  .15164946E+01
   .48000000E+00  .15053933E+01
   .52000000E+00  .14942400E+01
   .56000000E+00  .14830339E+01
   .60000000E+00  .14717745E+01
   .64000000E+00  .14604611E+01
   .68000000E+00  .14490932E+01
   .72000000E+00  .14376701E+01
   .76000000E+00  .14261911E+01
   .80000000E+00  .14146556E+01
   .84000000E+00  .14030630E+01
   .88000000E+00  .13914125E+01
   .92000000E+00  .13797035E+01
   .96000000E+00  .13679352E+01
   .10000000E+01  .13561069E+01
   .10400000E+01  .13442180E+01
   .10800000E+01  .13322677E+01
   .11200000E+01  .13202552E+01
   .11600000E+01  .13081797E+01
   .12000000E+01  .12960405E+01
   .12400000E+01  .12838367E+01
   .12800000E+01  .12715677E+01
   .13200000E+01  .12592325E+01
   .13600000E+01  .12468303E+01
   .14000000E+01  .12343602E+01
   .14400000E+01  .12218214E+01
   .14800000E+01  .12092130E+01
   .15200000E+01  .11965341E+01
   .15600000E+01  .11837838E+01
   .16000000E+01  .11709611E+01
   .16400000E+01  .11580651E+01
   .16800000E+01  .11450947E+01
   .17200000E+01  .11320491E+01
   .17600000E+01  .11189272E+01
   .18000000E+01  .11057279E+01
   .18400000E+01  .10924503E+01
   .18800000E+01  .10790932E+01
   .19200000E+01  .10656555E+01
   .19600000E+01  .10521362E+01
   .20000000E+01  .10385341E+01
Core Pot   L  =        4.00000    .00000
  -.20000000E+01  .27158138E+01
  -.19600000E+01  .27089845E+01
  -.19200000E+01  .27021430E+01
  -.18800000E+01  .26952879E+01
  -.18400000E+01  .26884183E+01
  -.18000000E+01  .26815349E+01
  -.17600000E+01  .26746389E+01
  -.17200000E+01  .26677271E+01
  -.16800000E+01  .26608000E+01
  -.16400000E+01  .26538598E+01
  -.16000000E+01  .26469052E+01
  -.15600000E+01  .26399359E+01
  -.15200000E+01  .26329540E+01
  -.14800000E+01  .26259537E+01
  -.14400000E+01  .26189411E+01
  -.14000000E+01  .26119133E+01
  -.13600000E+01  .26048707E+01
  -.13200000E+01  .25978129E+01
  -.12800000E+01  .25907413E+01
  -.12400000E+01  .25836525E+01
  -.12000000E+01  .25765493E+01
  -.11600000E+01  .25694306E+01
  -.11200000E+01  .25622972E+01
  -.10800000E+01  .25551476E+01
  -.10400000E+01  .25479828E+01
  -.10000000E+01  .25408027E+01
  -.96000000E+00  .25336065E+01
  -.92000000E+00  .25263942E+01
  -.88000000E+00  .25191678E+01
  -.84000000E+00  .25119224E+01
  -.80000000E+00  .25046622E+01
  -.76000000E+00  .24973861E+01
  -.72000000E+00  .24900934E+01
  -.68000000E+00  .24827858E+01
  -.64000000E+00  .24754590E+01
  -.60000000E+00  .24681171E+01
  -.56000000E+00  .24607586E+01
  -.52000000E+00  .24533830E+01
  -.48000000E+00  .24459905E+01
  -.44000000E+00  .24385814E+01
  -.40000000E+00  .24311553E+01
  -.36000000E+00  .24237119E+01
  -.32000000E+00  .24162522E+01
  -.28000000E+00  .24087728E+01
  -.24000000E+00  .24012772E+01
  -.20000000E+00  .23937639E+01
  -.16000000E+00  .23862341E+01
  -.12000000E+00  .23786841E+01
  -.80000000E-01  .23711175E+01
  -.40000000E-01  .23635330E+01
   .12351231E-14  .23559300E+01
   .40000000E-01  .23483091E+01
   .80000000E-01  .23406698E+01
   .12000000E+00  .23330119E+01
   .16000000E+00  .23253354E+01
   .20000000E+00  .23176403E+01
   .24000000E+00  .23099267E+01
   .28000000E+00  .23021935E+01
   .32000000E+00  .22944418E+01
   .36000000E+00  .22866706E+01
   .40000000E+00  .22788803E+01
   .44000000E+00  .22710705E+01
   .48000000E+00  .22632412E+01
   .52000000E+00  .22553923E+01
   .56000000E+00  .22475236E+01
   .60000000E+00  .22396351E+01
   .64000000E+00  .22317264E+01
   .68000000E+00  .22237977E+01
   .72000000E+00  .22158486E+01
   .76000000E+00  .22078791E+01
   .80000000E+00  .21998889E+01
   .84000000E+00  .21918782E+01
   .88000000E+00  .21838466E+01
   .92000000E+00  .21757941E+01
   .96000000E+00  .21677204E+01
   .10000000E+01  .21596255E+01
   .10400000E+01  .21515092E+01
   .10800000E+01  .21433714E+01
   .11200000E+01  .21352119E+01
   .11600000E+01  .21270306E+01
   .12000000E+01  .21188274E+01
   .12400000E+01  .21106020E+01
   .12800000E+01  .21023544E+01
   .13200000E+01  .20940844E+01
   .13600000E+01  .20857918E+01
   .14000000E+01  .20774765E+01
   .14400000E+01  .20691383E+01
   .14800000E+01  .20607772E+01
   .15200000E+01  .20523928E+01
   .15600000E+01  .20439850E+01
   .16000000E+01  .20355538E+01
   .16400000E+01  .20270989E+01
   .16800000E+01  .20186201E+01
   .17200000E+01  .20101173E+01
   .17600000E+01  .20015904E+01
   .18000000E+01  .19930391E+01
   .18400000E+01  .19844633E+01
   .18800000E+01  .19758628E+01
   .19200000E+01  .19672374E+01
   .19600000E+01  .19585870E+01
   .20000000E+01  .19499114E+01
Potential  L  =        4.00000    .00000
  -.20000000E+01  .27168401E+01
  -.19600000E+01  .27100110E+01
  -.19200000E+01  .27031681E+01
  -.18800000E+01  .26963111E+01
  -.18400000E+01  .26894403E+01
  -.18000000E+01  .26825553E+01
  -.17600000E+01  .26756562E+01
  -.17200000E+01  .26687430E+01
  -.16800000E+01  .26618153E+01
  -.16400000E+01  .26548732E+01
  -.16000000E+01  .26479169E+01
  -.15600000E+01  .26409458E+01
  -.15200000E+01  .26339601E+01
  -.14800000E+01  .26269598E+01
  -.14400000E+01  .26199448E+01
  -.14000000E+01  .26129148E+01
  -.13600000E+01  .26058697E+01
  -.13200000E+01  .25988099E+01
  -.12800000E+01  .25917348E+01
  -.12400000E+01  .25846445E+01
  -.12000000E+01  .25775388E+01
  -.11600000E+01  .25704180E+01
  -.11200000E+01  .25632816E+01
  -.10800000E+01  .25561296E+01
  -.10400000E+01  .25489620E+01
  -.10000000E+01  .25417787E+01
  -.96000000E+00  .25345796E+01
  -.92000000E+00  .25273645E+01
  -.88000000E+00  .25201335E+01
  -.84000000E+00  .25128864E+01
  -.80000000E+00  .25056231E+01
  -.76000000E+00  .24983434E+01
  -.72000000E+00  .24910475E+01
  -.68000000E+00  .24837351E+01
  -.64000000E+00  .24764061E+01
  -.60000000E+00  .24690604E+01
  -.56000000E+00  .24616980E+01
  -.52000000E+00  .24543187E+01
  -.48000000E+00  .24469224E+01
  -.44000000E+00  .24395090E+01
  -.40000000E+00  .24320786E+01
  -.36000000E+00  .24246308E+01
  -.32000000E+00  .24171656E+01
  -.28000000E+00  .24096831E+01
  -.24000000E+00  .24021828E+01
  -.20000000E+00  .23946649E+01
  -.16000000E+00  .23871291E+01
  -.12000000E+00  .23795756E+01
  -.80000000E-01  .23720040E+01
  -.40000000E-01  .23644142E+01
   .12351231E-14  .23568062E+01
   .40000000E-01  .23491799E+01
   .80000000E-01  .23415351E+01
   .12000000E+00  .23338717E+01
   .16000000E+00  .23261896E+01
   .20000000E+00  .23184886E+01
   .24000000E+00  .23107688E+01
   .28000000E+00  .23030298E+01
   .32000000E+00  .22952718E+01
   .36000000E+00  .22874944E+01
   .40000000E+00  .22796976E+01
   .44000000E+00  .22718812E+01
   .48000000E+00  .22640452E+01
   .52000000E+00  .22561894E+01
   .56000000E+00  .22483137E+01
   .60000000E+00  .22404179E+01
   .64000000E+00  .22325019E+01
   .68000000E+00  .22245656E+01
   .72000000E+00  .22166089E+01
   .76000000E+00  .22086316E+01
   .80000000E+00  .22006335E+01
   .84000000E+00  .21926146E+01
   .88000000E+00  .21845747E+01
   .92000000E+00  .21765137E+01
   .96000000E+00  .21684314E+01
   .10000000E+01  .21603277E+01
   .10400000E+01  .21522025E+01
   .10800000E+01  .21440555E+01
   .11200000E+01  .21358867E+01
   .11600000E+01  .21276959E+01
   .12000000E+01  .21194829E+01
   .12400000E+01  .21112477E+01
   .12800000E+01  .21029899E+01
   .13200000E+01  .20947096E+01
   .13600000E+01  .20864066E+01
   .14000000E+01  .20780806E+01
   .14400000E+01  .20697315E+01
   .14800000E+01  .20613592E+01
   .15200000E+01  .20529635E+01
   .15600000E+01  .20445442E+01
   .16000000E+01  .20361012E+01
   .16400000E+01  .20276343E+01
   .16800000E+01  .20191433E+01
   .17200000E+01  .20106281E+01
   .17600000E+01  .20020885E+01
   .18000000E+01  .19935243E+01
   .18400000E+01  .19849353E+01
   .18800000E+01  .19763214E+01
   .19200000E+01  .19676824E+01
   .19600000E+01  .19590180E+01
   .20000000E+01  .19503282E+01
KBPotential  L  =       .00000  -2.53658
  -.20000000E+01  .15872204E+00
  -.19600000E+01  .12864002E+00
  -.19200000E+01  .98003537E-01
  -.18800000E+01  .66792951E-01
  -.18400000E+01  .34987650E-01
  -.18000000E+01  .25660029E-02
  -.17600000E+01 -.30494706E-01
  -.17200000E+01 -.64218346E-01
  -.16800000E+01 -.98630018E-01
  -.16400000E+01 -.13375613E+00
  -.16000000E+01 -.16962449E+00
  -.15600000E+01 -.20626439E+00
  -.15200000E+01 -.24370671E+00
  -.14800000E+01 -.28198405E+00
  -.14400000E+01 -.32113081E+00
  -.14000000E+01 -.36118336E+00
  -.13600000E+01 -.40218015E+00
  -.13200000E+01 -.44416185E+00
  -.12800000E+01 -.48717158E+00
  -.12400000E+01 -.53125502E+00
  -.12000000E+01 -.57646066E+00
  -.11600000E+01 -.62283995E+00
  -.11200000E+01 -.67044767E+00
  -.10800000E+01 -.71934204E+00
  -.10400000E+01 -.76958504E+00
  -.10000000E+01 -.82124281E+00
  -.96000000E+00 -.87438588E+00
  -.92000000E+00 -.92908968E+00
  -.88000000E+00 -.98543483E+00
  -.84000000E+00 -.10435077E+01
  -.80000000E+00 -.11034008E+01
  -.76000000E+00 -.11652135E+01
  -.72000000E+00 -.12290526E+01
  -.68000000E+00 -.12950332E+01
  -.64000000E+00 -.13632790E+01
  -.60000000E+00 -.14339238E+01
  -.56000000E+00 -.15071121E+01
  -.52000000E+00 -.15830005E+01
  -.48000000E+00 -.16617584E+01
  -.44000000E+00 -.17435703E+01
  -.40000000E+00 -.18286367E+01
  -.36000000E+00 -.19171761E+01
  -.32000000E+00 -.20094272E+01
  -.28000000E+00 -.21056512E+01
  -.24000000E+00 -.22061346E+01
  -.20000000E+00 -.23111922E+01
  -.16000000E+00 -.24211707E+01
  -.12000000E+00 -.25364530E+01
  -.80000000E-01 -.26574629E+01
  -.40000000E-01 -.27846708E+01
   .12351231E-14 -.29186003E+01
   .40000000E-01 -.30598357E+01
   .80000000E-01 -.32090314E+01
   .12000000E+00 -.33669226E+01
   .16000000E+00 -.35343383E+01
   .20000000E+00 -.37122163E+01
   .24000000E+00 -.39016223E+01
   .28000000E+00 -.41037718E+01
   .32000000E+00 -.43200583E+01
   .36000000E+00 -.45520859E+01
   .40000000E+00 -.48017119E+01
   .44000000E+00 -.50710978E+01
   .48000000E+00 -.53627751E+01
   .52000000E+00 -.56797273E+01
   .56000000E+00 -.60254958E+01
   .60000000E+00 -.64043169E+01
   .64000000E+00 -.68213006E+01
   .68000000E+00 -.72826686E+01
   .72000000E+00 -.77960737E+01
   .76000000E+00 -.83710364E+01
   .80000000E+00 -.90195519E+01
   .84000000E+00 -.97569497E+01
   .88000000E+00 -.10603140E+02
   .92000000E+00 -.11584458E+02
   .96000000E+00 -.12736494E+02
   .10000000E+01 -.14108537E+02
   .10400000E+01 -.15770875E+02
   .10800000E+01 -.17827313E+02
   .11200000E+01 -.20437852E+02
   .11600000E+01 -.23862663E+02
   .12000000E+01 -.28555043E+02
   .12400000E+01 -.35381415E+02
   .12800000E+01 -.46230889E+02
   .13200000E+01 -.66155785E+02
   .13600000E+01 -.11475959E+03
   .14000000E+01 -.41330505E+03
   .14400000E+01  .26510319E+03
   .14800000E+01  .10136098E+03
   .15200000E+01  .63028625E+02
   .15600000E+01  .45920758E+02
   .16000000E+01  .36228788E+02
   .16400000E+01  .29987794E+02
   .16800000E+01  .25631782E+02
   .17200000E+01  .22417756E+02
   .17600000E+01  .19947852E+02
   .18000000E+01  .17989792E+02
   .18400000E+01  .16398856E+02
   .18800000E+01  .15080179E+02
   .19200000E+01  .13968986E+02
   .19600000E+01  .13019539E+02
   .20000000E+01  .12198618E+02
KBPotential  L  =      1.00000  -1.03023
  -.20000000E+01  .77159118E+00
  -.19600000E+01  .75186110E+00
  -.19200000E+01  .73189757E+00
  -.18800000E+01  .71169470E+00
  -.18400000E+01  .69124638E+00
  -.18000000E+01  .67054628E+00
  -.17600000E+01  .64958786E+00
  -.17200000E+01  .62836430E+00
  -.16800000E+01  .60686858E+00
  -.16400000E+01  .58509337E+00
  -.16000000E+01  .56303110E+00
  -.15600000E+01  .54067390E+00
  -.15200000E+01  .51801359E+00
  -.14800000E+01  .49504168E+00
  -.14400000E+01  .47174935E+00
  -.14000000E+01  .44812743E+00
  -.13600000E+01  .42416637E+00
  -.13200000E+01  .39985626E+00
  -.12800000E+01  .37518675E+00
  -.12400000E+01  .35014711E+00
  -.12000000E+01  .32472611E+00
  -.11600000E+01  .29891210E+00
  -.11200000E+01  .27269288E+00
  -.10800000E+01  .24605576E+00
  -.10400000E+01  .21898750E+00
  -.10000000E+01  .19147424E+00
  -.96000000E+00  .16350154E+00
  -.92000000E+00  .13505429E+00
  -.88000000E+00  .10611671E+00
  -.84000000E+00  .76672249E-01
  -.80000000E+00  .46703633E-01
  -.76000000E+00  .16192742E-01
  -.72000000E+00 -.14879404E-01
  -.68000000E+00 -.46532702E-01
  -.64000000E+00 -.78788032E-01
  -.60000000E+00 -.11166731E+00
  -.56000000E+00 -.14519354E+00
  -.52000000E+00 -.17939092E+00
  -.48000000E+00 -.21428488E+00
  -.44000000E+00 -.24990219E+00
  -.40000000E+00 -.28627105E+00
  -.36000000E+00 -.32342114E+00
  -.32000000E+00 -.36138380E+00
  -.28000000E+00 -.40019181E+00
  -.24000000E+00 -.43988058E+00
  -.20000000E+00 -.48048682E+00
  -.16000000E+00 -.52204954E+00
  -.12000000E+00 -.56460993E+00
  -.80000000E-01 -.60821172E+00
  -.40000000E-01 -.65290169E+00
   .12351231E-14 -.69872856E+00
   .40000000E-01 -.74574484E+00
   .80000000E-01 -.79400617E+00
   .12000000E+00 -.84357171E+00
   .16000000E+00 -.89450451E+00
   .20000000E+00 -.94687182E+00
   .24000000E+00 -.10007454E+01
   .28000000E+00 -.10562019E+01
   .32000000E+00 -.11133235E+01
   .36000000E+00 -.11721981E+01
   .40000000E+00 -.12329199E+01
   .44000000E+00 -.12955901E+01
   .48000000E+00 -.13603177E+01
   .52000000E+00 -.14272198E+01
   .56000000E+00 -.14964227E+01
   .60000000E+00 -.15680630E+01
   .64000000E+00 -.16422881E+01
   .68000000E+00 -.17192578E+01
   .72000000E+00 -.17991454E+01
   .76000000E+00 -.18821394E+01
   .80000000E+00 -.19684448E+01
   .84000000E+00 -.20582851E+01
   .88000000E+00 -.21519048E+01
   .92000000E+00 -.22495715E+01
   .96000000E+00 -.23515786E+01
   .10000000E+01 -.24582491E+01
   .10400000E+01 -.25699389E+01
   .10800000E+01 -.26870410E+01
   .11200000E+01 -.28099910E+01
   .11600000E+01 -.29392728E+01
   .12000000E+01 -.30754252E+01
   .12400000E+01 -.32190503E+01
   .12800000E+01 -.33708228E+01
   .13200000E+01 -.35315017E+01
   .13600000E+01 -.37019432E+01
   .14000000E+01 -.38831175E+01
   .14400000E+01 -.40761282E+01
   .14800000E+01 -.42822355E+01
   .15200000E+01 -.45028861E+01
   .15600000E+01 -.47397478E+01
   .16000000E+01 -.49947545E+01
   .16400000E+01 -.52701609E+01
   .16800000E+01 -.55686117E+01
   .17200000E+01 -.58932306E+01
   .17600000E+01 -.62477328E+01
   .18000000E+01 -.66365731E+01
   .18400000E+01 -.70651386E+01
   .18800000E+01 -.75400066E+01
   .19200000E+01 -.80692925E+01
   .19600000E+01 -.86631273E+01
   .20000000E+01 -.93343247E+01
KBPotential  L  =      2.00000    .00000
  -.20000000E+01  .14067544E+01
  -.19600000E+01  .13933018E+01
  -.19200000E+01  .13797492E+01
  -.18800000E+01  .13660950E+01
  -.18400000E+01  .13523373E+01
  -.18000000E+01  .13384741E+01
  -.17600000E+01  .13245035E+01
  -.17200000E+01  .13104235E+01
  -.16800000E+01  .12962320E+01
  -.16400000E+01  .12819269E+01
  -.16000000E+01  .12675060E+01
  -.15600000E+01  .12529672E+01
  -.15200000E+01  .12383080E+01
  -.14800000E+01  .12235261E+01
  -.14400000E+01  .12086192E+01
  -.14000000E+01  .11935846E+01
  -.13600000E+01  .11784198E+01
  -.13200000E+01  .11631222E+01
  -.12800000E+01  .11476891E+01
  -.12400000E+01  .11321176E+01
  -.12000000E+01  .11164048E+01
  -.11600000E+01  .11005478E+01
  -.11200000E+01  .10845435E+01
  -.10800000E+01  .10683887E+01
  -.10400000E+01  .10520802E+01
  -.10000000E+01  .10356147E+01
  -.96000000E+00  .10189886E+01
  -.92000000E+00  .10021984E+01
  -.88000000E+00  .98524035E+00
  -.84000000E+00  .96811073E+00
  -.80000000E+00  .95080559E+00
  -.76000000E+00  .93332086E+00
  -.72000000E+00  .91565236E+00
  -.68000000E+00  .89779576E+00
  -.64000000E+00  .87974659E+00
  -.60000000E+00  .86150022E+00
  -.56000000E+00  .84305188E+00
  -.52000000E+00  .82439662E+00
  -.48000000E+00  .80552932E+00
  -.44000000E+00  .78644469E+00
  -.40000000E+00  .76713725E+00
  -.36000000E+00  .74760131E+00
  -.32000000E+00  .72783100E+00
  -.28000000E+00  .70782022E+00
  -.24000000E+00  .68756265E+00
  -.20000000E+00  .66705174E+00
  -.16000000E+00  .64628069E+00
  -.12000000E+00  .62524244E+00
  -.80000000E-01  .60392966E+00
  -.40000000E-01  .58233475E+00
   .12351231E-14  .56044980E+00
   .40000000E-01  .53826662E+00
   .80000000E-01  .51577666E+00
   .12000000E+00  .49297103E+00
   .16000000E+00  .46984048E+00
   .20000000E+00  .44637540E+00
   .24000000E+00  .42256577E+00
   .28000000E+00  .39840114E+00
   .32000000E+00  .37387065E+00
   .36000000E+00  .34896293E+00
   .40000000E+00  .32366616E+00
   .44000000E+00  .29796797E+00
   .48000000E+00  .27185547E+00
   .52000000E+00  .24531517E+00
   .56000000E+00  .21833299E+00
   .60000000E+00  .19089418E+00
   .64000000E+00  .16298334E+00
   .68000000E+00  .13458431E+00
   .72000000E+00  .10568019E+00
   .76000000E+00  .76253252E-01
   .80000000E+00  .46284924E-01
   .84000000E+00  .15755698E-01
   .88000000E+00 -.15354897E-01
   .92000000E+00 -.47068368E-01
   .96000000E+00 -.79407323E-01
   .10000000E+01 -.11239554E+00
   .10400000E+01 -.14605806E+00
   .10800000E+01 -.18042123E+00
   .11200000E+01 -.21551286E+00
   .11600000E+01 -.25136226E+00
   .12000000E+01 -.28800035E+00
   .12400000E+01 -.32545983E+00
   .12800000E+01 -.36377524E+00
   .13200000E+01 -.40298314E+00
   .13600000E+01 -.44312223E+00
   .14000000E+01 -.48423352E+00
   .14400000E+01 -.52636052E+00
   .14800000E+01 -.56954942E+00
   .15200000E+01 -.61384928E+00
   .15600000E+01 -.65931231E+00
   .16000000E+01 -.70599406E+00
   .16400000E+01 -.75395376E+00
   .16800000E+01 -.80325457E+00
   .17200000E+01 -.85396395E+00
   .17600000E+01 -.90615404E+00
   .18000000E+01 -.95990202E+00
   .18400000E+01 -.10152906E+01
   .18800000E+01 -.10724086E+01
   .19200000E+01 -.11313514E+01
   .19600000E+01 -.11922214E+01
   .20000000E+01 -.12551292E+01
KBPotential  L  =      3.00000    .00000
  -.20000000E+01  .21137294E+01
  -.19600000E+01  .21049784E+01
  -.19200000E+01  .20961986E+01
  -.18800000E+01  .20873899E+01
  -.18400000E+01  .20785519E+01
  -.18000000E+01  .20696845E+01
  -.17600000E+01  .20607873E+01
  -.17200000E+01  .20518602E+01
  -.16800000E+01  .20429028E+01
  -.16400000E+01  .20339149E+01
  -.16000000E+01  .20248962E+01
  -.15600000E+01  .20158465E+01
  -.15200000E+01  .20067655E+01
  -.14800000E+01  .19976529E+01
  -.14400000E+01  .19885084E+01
  -.14000000E+01  .19793317E+01
  -.13600000E+01  .19701225E+01
  -.13200000E+01  .19608806E+01
  -.12800000E+01  .19516056E+01
  -.12400000E+01  .19422973E+01
  -.12000000E+01  .19329553E+01
  -.11600000E+01  .19235794E+01
  -.11200000E+01  .19141691E+01
  -.10800000E+01  .19047243E+01
  -.10400000E+01  .18952445E+01
  -.10000000E+01  .18857294E+01
  -.96000000E+00  .18761788E+01
  -.92000000E+00  .18665922E+01
  -.88000000E+00  .18569693E+01
  -.84000000E+00  .18473098E+01
  -.80000000E+00  .18376134E+01
  -.76000000E+00  .18278796E+01
  -.72000000E+00  .18181081E+01
  -.68000000E+00  .18082985E+01
  -.64000000E+00  .17984505E+01
  -.60000000E+00  .17885637E+01
  -.56000000E+00  .17786377E+01
  -.52000000E+00  .17686721E+01
  -.48000000E+00  .17586665E+01
  -.44000000E+00  .17486205E+01
  -.40000000E+00  .17385337E+01
  -.36000000E+00  .17284057E+01
  -.32000000E+00  .17182361E+01
  -.28000000E+00  .17080244E+01
  -.24000000E+00  .16977702E+01
  -.20000000E+00  .16874731E+01
  -.16000000E+00  .16771326E+01
  -.12000000E+00  .16667483E+01
  -.80000000E-01  .16563197E+01
  -.40000000E-01  .16458463E+01
   .12351231E-14  .16353277E+01
   .40000000E-01  .16247634E+01
   .80000000E-01  .16141529E+01
   .12000000E+00  .16034957E+01
   .16000000E+00  .15927913E+01
   .20000000E+00  .15820392E+01
   .24000000E+00  .15712388E+01
   .28000000E+00  .15603897E+01
   .32000000E+00  .15494912E+01
   .36000000E+00  .15385430E+01
   .40000000E+00  .15275443E+01
   .44000000E+00  .15164946E+01
   .48000000E+00  .15053933E+01
   .52000000E+00  .14942400E+01
   .56000000E+00  .14830339E+01
   .60000000E+00  .14717745E+01
   .64000000E+00  .14604611E+01
   .68000000E+00  .14490932E+01
   .72000000E+00  .14376701E+01
   .76000000E+00  .14261911E+01
   .80000000E+00  .14146556E+01
   .84000000E+00  .14030630E+01
   .88000000E+00  .13914125E+01
   .92000000E+00  .13797035E+01
   .96000000E+00  .13679352E+01
   .10000000E+01  .13561069E+01
   .10400000E+01  .13442180E+01
   .10800000E+01  .13322677E+01
   .11200000E+01  .13202552E+01
   .11600000E+01  .13081797E+01
   .12000000E+01  .12960405E+01
   .12400000E+01  .12838367E+01
   .12800000E+01  .12715677E+01
   .13200000E+01  .12592325E+01
   .13600000E+01  .12468303E+01
   .14000000E+01  .12343602E+01
   .14400000E+01  .12218214E+01
   .14800000E+01  .12092130E+01
   .15200000E+01  .11965341E+01
   .15600000E+01  .11837838E+01
   .16000000E+01  .11709611E+01
   .16400000E+01  .11580651E+01
   .16800000E+01  .11450947E+01
   .17200000E+01  .11320491E+01
   .17600000E+01  .11189272E+01
   .18000000E+01  .11057279E+01
   .18400000E+01  .10924503E+01
   .18800000E+01  .10790932E+01
   .19200000E+01  .10656555E+01
   .19600000E+01  .10521362E+01
   .20000000E+01  .10385341E+01
KBPotential  L  =      4.00000    .00000
  -.20000000E+01  .27168401E+01
  -.19600000E+01  .27100110E+01
  -.19200000E+01  .27031681E+01
  -.18800000E+01  .26963111E+01
  -.18400000E+01  .26894403E+01
  -.18000000E+01  .26825553E+01
  -.17600000E+01  .26756562E+01
  -.17200000E+01  .26687430E+01
  -.16800000E+01  .26618153E+01
  -.16400000E+01  .26548732E+01
  -.16000000E+01  .26479169E+01
  -.15600000E+01  .26409458E+01
  -.15200000E+01  .26339601E+01
  -.14800000E+01  .26269598E+01
  -.14400000E+01  .26199448E+01
  -.14000000E+01  .26129148E+01
  -.13600000E+01  .26058697E+01
  -.13200000E+01  .25988099E+01
  -.12800000E+01  .25917348E+01
  -.12400000E+01  .25846445E+01
  -.12000000E+01  .25775388E+01
  -.11600000E+01  .25704180E+01
  -.11200000E+01  .25632816E+01
  -.10800000E+01  .25561296E+01
  -.10400000E+01  .25489620E+01
  -.10000000E+01  .25417787E+01
  -.96000000E+00  .25345796E+01
  -.92000000E+00  .25273645E+01
  -.88000000E+00  .25201335E+01
  -.84000000E+00  .25128864E+01
  -.80000000E+00  .25056231E+01
  -.76000000E+00  .24983434E+01
  -.72000000E+00  .24910475E+01
  -.68000000E+00  .24837351E+01
  -.64000000E+00  .24764061E+01
  -.60000000E+00  .24690604E+01
  -.56000000E+00  .24616980E+01
  -.52000000E+00  .24543187E+01
  -.48000000E+00  .24469224E+01
  -.44000000E+00  .24395090E+01
  -.40000000E+00  .24320786E+01
  -.36000000E+00  .24246308E+01
  -.32000000E+00  .24171656E+01
  -.28000000E+00  .24096831E+01
  -.24000000E+00  .24021828E+01
  -.20000000E+00  .23946649E+01
  -.16000000E+00  .23871291E+01
  -.12000000E+00  .23795756E+01
  -.80000000E-01  .23720040E+01
  -.40000000E-01  .23644142E+01
   .12351231E-14  .23568062E+01
   .40000000E-01  .23491799E+01
   .80000000E-01  .23415351E+01
   .12000000E+00  .23338717E+01
   .16000000E+00  .23261896E+01
   .20000000E+00  .23184886E+01
   .24000000E+00  .23107688E+01
   .28000000E+00  .23030298E+01
   .32000000E+00  .22952718E+01
   .36000000E+00  .22874944E+01
   .40000000E+00  .22796976E+01
   .44000000E+00  .22718812E+01
   .48000000E+00  .22640452E+01
   .52000000E+00  .22561894E+01
   .56000000E+00  .22483137E+01
   .60000000E+00  .22404179E+01
   .64000000E+00  .22325019E+01
   .68000000E+00  .22245656E+01
   .72000000E+00  .22166089E+01
   .76000000E+00  .22086316E+01
   .80000000E+00  .22006335E+01
   .84000000E+00  .21926146E+01
   .88000000E+00  .21845747E+01
   .92000000E+00  .21765137E+01
   .96000000E+00  .21684314E+01
   .10000000E+01  .21603277E+01
   .10400000E+01  .21522025E+01
   .10800000E+01  .21440555E+01
   .11200000E+01  .21358867E+01
   .11600000E+01  .21276959E+01
   .12000000E+01  .21194829E+01
   .12400000E+01  .21112477E+01
   .12800000E+01  .21029899E+01
   .13200000E+01  .20947096E+01
   .13600000E+01  .20864066E+01
   .14000000E+01  .20780806E+01
   .14400000E+01  .20697315E+01
   .14800000E+01  .20613592E+01
   .15200000E+01  .20529635E+01
   .15600000E+01  .20445442E+01
   .16000000E+01  .20361012E+01
   .16400000E+01  .20276343E+01
   .16800000E+01  .20191433E+01
   .17200000E+01  .20106281E+01
   .17600000E+01  .20020885E+01
   .18000000E+01  .19935243E+01
   .18400000E+01  .19849353E+01
   .18800000E+01  .19763214E+01
   .19200000E+01  .19676824E+01
   .19600000E+01  .19590180E+01
   .20000000E+01  .19503282E+01
