  PAW_PBE Ta 17Jan2003                   
 100
Core Pot   L  =         .00000   -.36472
  -.30000000E+01  .14397629E+01
  -.29500000E+01  .14219035E+01
  -.29000000E+01  .14038736E+01
  -.28500000E+01  .13856666E+01
  -.28000000E+01  .13672758E+01
  -.27500000E+01  .13486943E+01
  -.27000000E+01  .13299151E+01
  -.26500000E+01  .13109310E+01
  -.26000000E+01  .12917344E+01
  -.25500000E+01  .12723177E+01
  -.25000000E+01  .12526730E+01
  -.24500000E+01  .12327919E+01
  -.24000000E+01  .12126660E+01
  -.23500000E+01  .11922862E+01
  -.23000000E+01  .11716433E+01
  -.22500000E+01  .11507277E+01
  -.22000000E+01  .11295292E+01
  -.21500000E+01  .11080372E+01
  -.21000000E+01  .10862408E+01
  -.20500000E+01  .10641283E+01
  -.20000000E+01  .10416876E+01
  -.19500000E+01  .10189058E+01
  -.19000000E+01  .99576968E+00
  -.18500000E+01  .97226497E+00
  -.18000000E+01  .94837684E+00
  -.17500000E+01  .92408956E+00
  -.17000000E+01  .89938655E+00
  -.16500000E+01  .87425030E+00
  -.16000000E+01  .84866225E+00
  -.15500000E+01  .82260276E+00
  -.15000000E+01  .79605099E+00
  -.14500000E+01  .76898483E+00
  -.14000000E+01  .74138077E+00
  -.13500000E+01  .71321381E+00
  -.13000000E+01  .68445731E+00
  -.12500000E+01  .65508286E+00
  -.12000000E+01  .62506014E+00
  -.11500000E+01  .59435671E+00
  -.11000000E+01  .56293787E+00
  -.10500000E+01  .53076642E+00
  -.10000000E+01  .49780244E+00
  -.95000000E+00  .46400301E+00
  -.90000000E+00  .42932195E+00
  -.85000000E+00  .39370949E+00
  -.80000000E+00  .35711187E+00
  -.75000000E+00  .31947105E+00
  -.70000000E+00  .28072403E+00
  -.65000000E+00  .24080258E+00
  -.60000000E+00  .19963250E+00
  -.55000000E+00  .15713300E+00
  -.50000000E+00  .11321596E+00
  -.45000000E+00  .67785038E-01
  -.40000000E+00  .20734704E-01
  -.35000000E+00 -.28050880E-01
  -.30000000E+00 -.78699200E-01
  -.25000000E+00 -.13135087E+00
  -.20000000E+00 -.18616135E+00
  -.15000000E+00 -.24330306E+00
  -.10000000E+00 -.30296764E+00
  -.50000000E-01 -.36536884E+00
  -.22898350E-14 -.43074573E+00
   .50000000E-01 -.49936662E+00
   .10000000E+00 -.57153367E+00
   .15000000E+00 -.64758843E+00
   .20000000E+00 -.72791849E+00
   .25000000E+00 -.81296551E+00
   .30000000E+00 -.90323504E+00
   .35000000E+00 -.99930850E+00
   .40000000E+00 -.11018580E+01
   .45000000E+00 -.12116649E+01
   .50000000E+00 -.13296426E+01
   .55000000E+00 -.14568661E+01
   .60000000E+00 -.15946095E+01
   .65000000E+00 -.17443938E+01
   .70000000E+00 -.19080503E+01
   .75000000E+00 -.20878041E+01
   .80000000E+00 -.22863856E+01
   .85000000E+00 -.25071831E+01
   .90000000E+00 -.27544532E+01
   .95000000E+00 -.30336189E+01
   .10000000E+01 -.33516978E+01
   .10500000E+01 -.37179357E+01
   .11000000E+01 -.41447661E+01
   .11500000E+01 -.46493157E+01
   .12000000E+01 -.52558480E+01
   .12500000E+01 -.59999144E+01
   .13000000E+01 -.69357826E+01
   .13500000E+01 -.81506210E+01
   .14000000E+01 -.97938867E+01
   .14500000E+01 -.12145065E+02
   .15000000E+01 -.15794389E+02
   .15500000E+01 -.22240972E+02
   .16000000E+01 -.36737350E+02
   .16500000E+01 -.99693626E+02
   .17000000E+01  .15016993E+03
   .17500000E+01  .43672515E+02
   .18000000E+01  .25819988E+02
   .18500000E+01  .18451357E+02
   .19000000E+01  .14422322E+02
   .19500000E+01  .11878302E+02
   .20000000E+01  .10123395E+02
Potential  L  =         .00000   -.36472
  -.30000000E+01  .14258803E+01
  -.29500000E+01  .14086815E+01
  -.29000000E+01  .13912980E+01
  -.28500000E+01  .13737243E+01
  -.28000000E+01  .13559549E+01
  -.27500000E+01  .13379840E+01
  -.27000000E+01  .13198055E+01
  -.26500000E+01  .13014130E+01
  -.26000000E+01  .12827998E+01
  -.25500000E+01  .12639590E+01
  -.25000000E+01  .12448833E+01
  -.24500000E+01  .12255650E+01
  -.24000000E+01  .12059960E+01
  -.23500000E+01  .11861679E+01
  -.23000000E+01  .11660717E+01
  -.22500000E+01  .11456982E+01
  -.22000000E+01  .11250374E+01
  -.21500000E+01  .11040790E+01
  -.21000000E+01  .10828120E+01
  -.20500000E+01  .10612249E+01
  -.20000000E+01  .10393055E+01
  -.19500000E+01  .10170408E+01
  -.19000000E+01  .99441727E+00
  -.18500000E+01  .97142041E+00
  -.18000000E+01  .94803489E+00
  -.17500000E+01  .92424446E+00
  -.17000000E+01  .90003184E+00
  -.16500000E+01  .87537867E+00
  -.16000000E+01  .85026537E+00
  -.15500000E+01  .82467113E+00
  -.15000000E+01  .79857371E+00
  -.14500000E+01  .77194934E+00
  -.14000000E+01  .74477265E+00
  -.13500000E+01  .71701642E+00
  -.13000000E+01  .68865148E+00
  -.12500000E+01  .65964651E+00
  -.12000000E+01  .62996784E+00
  -.11500000E+01  .59957920E+00
  -.11000000E+01  .56844147E+00
  -.10500000E+01  .53651241E+00
  -.10000000E+01  .50374629E+00
  -.95000000E+00  .47009358E+00
  -.90000000E+00  .43550046E+00
  -.85000000E+00  .39990843E+00
  -.80000000E+00  .36325368E+00
  -.75000000E+00  .32546657E+00
  -.70000000E+00  .28647086E+00
  -.65000000E+00  .24618294E+00
  -.60000000E+00  .20451089E+00
  -.55000000E+00  .16135340E+00
  -.50000000E+00  .11659856E+00
  -.45000000E+00  .70122391E-01
  -.40000000E+00  .21787162E-01
  -.35000000E+00 -.28560569E-01
  -.30000000E+00 -.81092327E-01
  -.25000000E+00 -.13600042E+00
  -.20000000E+00 -.19350125E+00
  -.15000000E+00 -.25383928E+00
  -.10000000E+00 -.31729163E+00
  -.50000000E-01 -.38417390E+00
  -.22898350E-14 -.45484703E+00
   .50000000E-01 -.52972582E+00
   .10000000E+00 -.60928942E+00
   .15000000E+00 -.69409437E+00
   .20000000E+00 -.78479091E+00
   .25000000E+00 -.88214364E+00
   .30000000E+00 -.98705793E+00
   .35000000E+00 -.11006139E+01
   .40000000E+00 -.12241111E+01
   .45000000E+00 -.13591266E+01
   .50000000E+00 -.15075944E+01
   .55000000E+00 -.16719120E+01
   .60000000E+00 -.18550883E+01
   .65000000E+00 -.20609520E+01
   .70000000E+00 -.22944520E+01
   .75000000E+00 -.25620990E+01
   .80000000E+00 -.28726356E+01
   .85000000E+00 -.32380820E+01
   .90000000E+00 -.36754320E+01
   .95000000E+00 -.42095236E+01
   .10000000E+01 -.48781553E+01
   .10500000E+01 -.57418110E+01
   .11000000E+01 -.69036839E+01
   .11500000E+01 -.85554619E+01
   .12000000E+01 -.11098081E+02
   .12500000E+01 -.15534425E+02
   .13000000E+01 -.25277828E+02
   .13500000E+01 -.64297040E+02
   .14000000E+01  .12896828E+03
   .14500000E+01  .32834707E+02
   .15000000E+01  .18996464E+02
   .15500000E+01  .13441856E+02
   .16000000E+01  .10439113E+02
   .16500000E+01  .85533172E+01
   .17000000E+01  .72554595E+01
   .17500000E+01  .63049813E+01
   .18000000E+01  .55767539E+01
   .18500000E+01  .49992577E+01
   .19000000E+01  .45286475E+01
   .19500000E+01  .41365467E+01
   .20000000E+01  .38037766E+01
Core Pot   L  =        1.00000   -.10000
  -.30000000E+01  .94869822E+00
  -.29500000E+01  .79373195E+00
  -.29000000E+01  .56049926E+00
  -.28500000E+01  .15821351E+00
  -.28000000E+01 -.73339336E+00
  -.27500000E+01 -.46341362E+01
  -.27000000E+01  .10073524E+02
  -.26500000E+01  .40086382E+01
  -.26000000E+01  .29479188E+01
  -.25500000E+01  .24985148E+01
  -.25000000E+01  .22451822E+01
  -.24500000E+01  .20792645E+01
  -.24000000E+01  .19598274E+01
  -.23500000E+01  .18680090E+01
  -.23000000E+01  .17939087E+01
  -.22500000E+01  .17318294E+01
  -.22000000E+01  .16782600E+01
  -.21500000E+01  .16309180E+01
  -.21000000E+01  .15882546E+01
  -.20500000E+01  .15491816E+01
  -.20000000E+01  .15129110E+01
  -.19500000E+01  .14788584E+01
  -.19000000E+01  .14465802E+01
  -.18500000E+01  .14157333E+01
  -.18000000E+01  .13860483E+01
  -.17500000E+01  .13573095E+01
  -.17000000E+01  .13293426E+01
  -.16500000E+01  .13020044E+01
  -.16000000E+01  .12751762E+01
  -.15500000E+01  .12487580E+01
  -.15000000E+01  .12226651E+01
  -.14500000E+01  .11968248E+01
  -.14000000E+01  .11711742E+01
  -.13500000E+01  .11456580E+01
  -.13000000E+01  .11202276E+01
  -.12500000E+01  .10948394E+01
  -.12000000E+01  .10694542E+01
  -.11500000E+01  .10440365E+01
  -.11000000E+01  .10185534E+01
  -.10500000E+01  .99297467E+00
  -.10000000E+01  .96727192E+00
  -.95000000E+00  .94141837E+00
  -.90000000E+00  .91538853E+00
  -.85000000E+00  .88915790E+00
  -.80000000E+00  .86270277E+00
  -.75000000E+00  .83599999E+00
  -.70000000E+00  .80902680E+00
  -.65000000E+00  .78176064E+00
  -.60000000E+00  .75417901E+00
  -.55000000E+00  .72625934E+00
  -.50000000E+00  .69797884E+00
  -.45000000E+00  .66931438E+00
  -.40000000E+00  .64024235E+00
  -.35000000E+00  .61073858E+00
  -.30000000E+00  .58077816E+00
  -.25000000E+00  .55033537E+00
  -.20000000E+00  .51938353E+00
  -.15000000E+00  .48789488E+00
  -.10000000E+00  .45584042E+00
  -.50000000E-01  .42318982E+00
  -.22898350E-14  .38991123E+00
   .50000000E-01  .35597110E+00
   .10000000E+00  .32133414E+00
   .15000000E+00  .28596291E+00
   .20000000E+00  .24981783E+00
   .25000000E+00  .21285685E+00
   .30000000E+00  .17503523E+00
   .35000000E+00  .13630531E+00
   .40000000E+00  .96616191E-01
   .45000000E+00  .55913405E-01
   .50000000E+00  .14138594E-01
   .55000000E+00 -.28770905E-01
   .60000000E+00 -.72882497E-01
   .65000000E+00 -.11826881E+00
   .70000000E+00 -.16500827E+00
   .75000000E+00 -.21318568E+00
   .80000000E+00 -.26289296E+00
   .85000000E+00 -.31422991E+00
   .90000000E+00 -.36730511E+00
   .95000000E+00 -.42223692E+00
   .10000000E+01 -.47915469E+00
   .10500000E+01 -.53820002E+00
   .11000000E+01 -.59952832E+00
   .11500000E+01 -.66331056E+00
   .12000000E+01 -.72973527E+00
   .12500000E+01 -.79901092E+00
   .13000000E+01 -.87136859E+00
   .13500000E+01 -.94706526E+00
   .14000000E+01 -.10263875E+01
   .14500000E+01 -.11096557E+01
   .15000000E+01 -.11972298E+01
   .15500000E+01 -.12895148E+01
   .16000000E+01 -.13869690E+01
   .16500000E+01 -.14901123E+01
   .17000000E+01 -.15995372E+01
   .17500000E+01 -.17159222E+01
   .18000000E+01 -.18400479E+01
   .18500000E+01 -.19728169E+01
   .19000000E+01 -.21152786E+01
   .19500000E+01 -.22686605E+01
   .20000000E+01 -.24344078E+01
Potential  L  =        1.00000   -.10000
  -.30000000E+01  .16234094E+01
  -.29500000E+01  .16087556E+01
  -.29000000E+01  .15939889E+01
  -.28500000E+01  .15791068E+01
  -.28000000E+01  .15641071E+01
  -.27500000E+01  .15489871E+01
  -.27000000E+01  .15337443E+01
  -.26500000E+01  .15183761E+01
  -.26000000E+01  .15028796E+01
  -.25500000E+01  .14872519E+01
  -.25000000E+01  .14714902E+01
  -.24500000E+01  .14555914E+01
  -.24000000E+01  .14395523E+01
  -.23500000E+01  .14233696E+01
  -.23000000E+01  .14070400E+01
  -.22500000E+01  .13905599E+01
  -.22000000E+01  .13739256E+01
  -.21500000E+01  .13571334E+01
  -.21000000E+01  .13401794E+01
  -.20500000E+01  .13230595E+01
  -.20000000E+01  .13057694E+01
  -.19500000E+01  .12883048E+01
  -.19000000E+01  .12706611E+01
  -.18500000E+01  .12528336E+01
  -.18000000E+01  .12348173E+01
  -.17500000E+01  .12166070E+01
  -.17000000E+01  .11981975E+01
  -.16500000E+01  .11795831E+01
  -.16000000E+01  .11607580E+01
  -.15500000E+01  .11417163E+01
  -.15000000E+01  .11224515E+01
  -.14500000E+01  .11029571E+01
  -.14000000E+01  .10832262E+01
  -.13500000E+01  .10632515E+01
  -.13000000E+01  .10430257E+01
  -.12500000E+01  .10225407E+01
  -.12000000E+01  .10017883E+01
  -.11500000E+01  .98075995E+00
  -.11000000E+01  .95944655E+00
  -.10500000E+01  .93783863E+00
  -.10000000E+01  .91592620E+00
  -.95000000E+00  .89369882E+00
  -.90000000E+00  .87114549E+00
  -.85000000E+00  .84825465E+00
  -.80000000E+00  .82501413E+00
  -.75000000E+00  .80141111E+00
  -.70000000E+00  .77743209E+00
  -.65000000E+00  .75306282E+00
  -.60000000E+00  .72828825E+00
  -.55000000E+00  .70309248E+00
  -.50000000E+00  .67745872E+00
  -.45000000E+00  .65136917E+00
  -.40000000E+00  .62480497E+00
  -.35000000E+00  .59774616E+00
  -.30000000E+00  .57017151E+00
  -.25000000E+00  .54205848E+00
  -.20000000E+00  .51338311E+00
  -.15000000E+00  .48411988E+00
  -.10000000E+00  .45424158E+00
  -.50000000E-01  .42371920E+00
  -.22898350E-14  .39252174E+00
   .50000000E-01  .36061603E+00
   .10000000E+00  .32796657E+00
   .15000000E+00  .29453529E+00
   .20000000E+00  .26028131E+00
   .25000000E+00  .22516069E+00
   .30000000E+00  .18912612E+00
   .35000000E+00  .15212657E+00
   .40000000E+00  .11410695E+00
   .45000000E+00  .75007678E-01
   .50000000E+00  .34764190E-01
   .55000000E+00 -.66935805E-02
   .60000000E+00 -.49441811E-01
   .65000000E+00 -.93563482E-01
   .70000000E+00 -.13914916E+00
   .75000000E+00 -.18629788E+00
   .80000000E+00 -.23511819E+00
   .85000000E+00 -.28572934E+00
   .90000000E+00 -.33826257E+00
   .95000000E+00 -.39286279E+00
   .10000000E+01 -.44969030E+00
   .10500000E+01 -.50892297E+00
   .11000000E+01 -.57075875E+00
   .11500000E+01 -.63541851E+00
   .12000000E+01 -.70314957E+00
   .12500000E+01 -.77422976E+00
   .13000000E+01 -.84897229E+00
   .13500000E+01 -.92773160E+00
   .14000000E+01 -.10109104E+01
   .14500000E+01 -.10989683E+01
   .15000000E+01 -.11924320E+01
   .15500000E+01 -.12919084E+01
   .16000000E+01 -.13981000E+01
   .16500000E+01 -.15118254E+01
   .17000000E+01 -.16340433E+01
   .17500000E+01 -.17658848E+01
   .18000000E+01 -.19086932E+01
   .18500000E+01 -.20640772E+01
   .19000000E+01 -.22339792E+01
   .19500000E+01 -.24207673E+01
   .20000000E+01 -.26273580E+01
Core Pot   L  =        2.00000   -.19444
  -.30000000E+01  .16618538E+01
  -.29500000E+01  .16461080E+01
  -.29000000E+01  .16301888E+01
  -.28500000E+01  .16140902E+01
  -.28000000E+01  .15978056E+01
  -.27500000E+01  .15813285E+01
  -.27000000E+01  .15646515E+01
  -.26500000E+01  .15477671E+01
  -.26000000E+01  .15306672E+01
  -.25500000E+01  .15133431E+01
  -.25000000E+01  .14957858E+01
  -.24500000E+01  .14779853E+01
  -.24000000E+01  .14599314E+01
  -.23500000E+01  .14416128E+01
  -.23000000E+01  .14230176E+01
  -.22500000E+01  .14041330E+01
  -.22000000E+01  .13849452E+01
  -.21500000E+01  .13654396E+01
  -.21000000E+01  .13456001E+01
  -.20500000E+01  .13254096E+01
  -.20000000E+01  .13048496E+01
  -.19500000E+01  .12838999E+01
  -.19000000E+01  .12625387E+01
  -.18500000E+01  .12407423E+01
  -.18000000E+01  .12184849E+01
  -.17500000E+01  .11957382E+01
  -.17000000E+01  .11724715E+01
  -.16500000E+01  .11486508E+01
  -.16000000E+01  .11242390E+01
  -.15500000E+01  .10991951E+01
  -.15000000E+01  .10734736E+01
  -.14500000E+01  .10470244E+01
  -.14000000E+01  .10197915E+01
  -.13500000E+01  .99171262E+00
  -.13000000E+01  .96271800E+00
  -.12500000E+01  .93272928E+00
  -.12000000E+01  .90165814E+00
  -.11500000E+01  .86940461E+00
  -.11000000E+01  .83585509E+00
  -.10500000E+01  .80087987E+00
  -.10000000E+01  .76433016E+00
  -.95000000E+00  .72603437E+00
  -.90000000E+00  .68579358E+00
  -.85000000E+00  .64337579E+00
  -.80000000E+00  .59850866E+00
  -.75000000E+00  .55087032E+00
  -.70000000E+00  .50007747E+00
  -.65000000E+00  .44566988E+00
  -.60000000E+00  .38709000E+00
  -.55000000E+00  .32365570E+00
  -.50000000E+00  .25452315E+00
  -.45000000E+00  .17863587E+00
  -.40000000E+00  .94652942E-01
  -.35000000E+00  .84612515E-03
  -.30000000E+00 -.10505113E+00
  -.25000000E+00 -.22607135E+00
  -.20000000E+00 -.36636701E+00
  -.15000000E+00 -.53178062E+00
  -.10000000E+00 -.73080275E+00
  -.50000000E-01 -.97626505E+00
  -.22898350E-14 -.12885226E+01
   .50000000E-01 -.17019171E+01
   .10000000E+00 -.22792847E+01
   .15000000E+00 -.31492498E+01
   .20000000E+00 -.46228604E+01
   .25000000E+00 -.76946817E+01
   .30000000E+00 -.18209301E+02
   .35000000E+00  .88050601E+02
   .40000000E+00  .14136620E+02
   .45000000E+00  .80228626E+01
   .50000000E+00  .57415645E+01
   .55000000E+00  .45418224E+01
   .60000000E+00  .37970811E+01
   .65000000E+00  .32863353E+01
   .70000000E+00  .29117028E+01
   .75000000E+00  .26231635E+01
   .80000000E+00  .23924900E+01
   .85000000E+00  .22025432E+01
   .90000000E+00  .20423135E+01
   .95000000E+00  .19044037E+01
   .10000000E+01  .17836593E+01
   .10500000E+01  .16763769E+01
   .11000000E+01  .15798261E+01
   .11500000E+01  .14919492E+01
   .12000000E+01  .14111647E+01
   .12500000E+01  .13362366E+01
   .13000000E+01  .12661840E+01
   .13500000E+01  .12002176E+01
   .14000000E+01  .11376947E+01
   .14500000E+01  .10780858E+01
   .15000000E+01  .10209500E+01
   .15500000E+01  .96591645E+00
   .16000000E+01  .91267053E+00
   .16500000E+01  .86094276E+00
   .17000000E+01  .81050035E+00
   .17500000E+01  .76114052E+00
   .18000000E+01  .71268520E+00
   .18500000E+01  .66497670E+00
   .19000000E+01  .61787425E+00
   .19500000E+01  .57125118E+00
   .20000000E+01  .52499255E+00
Potential  L  =        2.00000   -.19444
  -.30000000E+01  .16434164E+01
  -.29500000E+01  .16271692E+01
  -.29000000E+01  .16107315E+01
  -.28500000E+01  .15940967E+01
  -.28000000E+01  .15772577E+01
  -.27500000E+01  .15602068E+01
  -.27000000E+01  .15429362E+01
  -.26500000E+01  .15254374E+01
  -.26000000E+01  .15077015E+01
  -.25500000E+01  .14897190E+01
  -.25000000E+01  .14714797E+01
  -.24500000E+01  .14529730E+01
  -.24000000E+01  .14341875E+01
  -.23500000E+01  .14151110E+01
  -.23000000E+01  .13957305E+01
  -.22500000E+01  .13760320E+01
  -.22000000E+01  .13560008E+01
  -.21500000E+01  .13356210E+01
  -.21000000E+01  .13148753E+01
  -.20500000E+01  .12937455E+01
  -.20000000E+01  .12722117E+01
  -.19500000E+01  .12502527E+01
  -.19000000E+01  .12278454E+01
  -.18500000E+01  .12049650E+01
  -.18000000E+01  .11815845E+01
  -.17500000E+01  .11576745E+01
  -.17000000E+01  .11332034E+01
  -.16500000E+01  .11081362E+01
  -.16000000E+01  .10824353E+01
  -.15500000E+01  .10560591E+01
  -.15000000E+01  .10289621E+01
  -.14500000E+01  .10010944E+01
  -.14000000E+01  .97240090E+00
  -.13500000E+01  .94282073E+00
  -.13000000E+01  .91228646E+00
  -.12500000E+01  .88072316E+00
  -.12000000E+01  .84804731E+00
  -.11500000E+01  .81416557E+00
  -.11000000E+01  .77897321E+00
  -.10500000E+01  .74235234E+00
  -.10000000E+01  .70416974E+00
  -.95000000E+00  .66427423E+00
  -.90000000E+00  .62249360E+00
  -.85000000E+00  .57863069E+00
  -.80000000E+00  .53245876E+00
  -.75000000E+00  .48371572E+00
  -.70000000E+00  .43209653E+00
  -.65000000E+00  .37724472E+00
  -.60000000E+00  .31874042E+00
  -.55000000E+00  .25608578E+00
  -.50000000E+00  .18868574E+00
  -.45000000E+00  .11582345E+00
  -.40000000E+00  .36626755E-01
  -.35000000E+00 -.49975958E-01
  -.30000000E+00 -.14531653E+00
  -.25000000E+00 -.25107118E+00
  -.20000000E+00 -.36937976E+00
  -.15000000E+00 -.50301808E+00
  -.10000000E+00 -.65565345E+00
  -.50000000E-01 -.83223407E+00
  -.22898350E-14 -.10396022E+01
   .50000000E-01 -.12874968E+01
   .10000000E+00 -.15902684E+01
   .15000000E+00 -.19699763E+01
   .20000000E+00 -.24623688E+01
   .25000000E+00 -.31294528E+01
   .30000000E+00 -.40890316E+01
   .35000000E+00 -.55956836E+01
   .40000000E+00 -.83204588E+01
   .45000000E+00 -.14791890E+02
   .50000000E+00 -.50263460E+02
   .55000000E+00  .42040293E+02
   .60000000E+00  .15596579E+02
   .65000000E+00  .98383452E+01
   .70000000E+00  .73090090E+01
   .75000000E+00  .58818094E+01
   .80000000E+00  .49614215E+01
   .85000000E+00  .43158014E+01
   .90000000E+00  .38357594E+01
   .95000000E+00  .34631570E+01
   .10000000E+01  .31641921E+01
   .10500000E+01  .29178697E+01
   .11000000E+01  .27104641E+01
   .11500000E+01  .25326152E+01
   .12000000E+01  .23777277E+01
   .12500000E+01  .22410151E+01
   .13000000E+01  .21189205E+01
   .13500000E+01  .20087444E+01
   .14000000E+01  .19084010E+01
   .14500000E+01  .18162523E+01
   .15000000E+01  .17309936E+01
   .15500000E+01  .16515725E+01
   .16000000E+01  .15771302E+01
   .16500000E+01  .15069584E+01
   .17000000E+01  .14404676E+01
   .17500000E+01  .13771624E+01
   .18000000E+01  .13166233E+01
   .18500000E+01  .12584921E+01
   .19000000E+01  .12024609E+01
   .19500000E+01  .11482631E+01
   .20000000E+01  .10956663E+01
Core Pot   L  =        3.00000    .00000
  -.30000000E+01  .19278211E+01
  -.29500000E+01  .19148070E+01
  -.29000000E+01  .19016875E+01
  -.28500000E+01  .18884578E+01
  -.28000000E+01  .18751122E+01
  -.27500000E+01  .18616443E+01
  -.27000000E+01  .18480470E+01
  -.26500000E+01  .18343114E+01
  -.26000000E+01  .18204273E+01
  -.25500000E+01  .18063825E+01
  -.25000000E+01  .17921619E+01
  -.24500000E+01  .17777470E+01
  -.24000000E+01  .17631145E+01
  -.23500000E+01  .17482345E+01
  -.23000000E+01  .17330679E+01
  -.22500000E+01  .17175621E+01
  -.22000000E+01  .17016449E+01
  -.21500000E+01  .16852132E+01
  -.21000000E+01  .16681148E+01
  -.20500000E+01  .16501143E+01
  -.20000000E+01  .16308256E+01
  -.19500000E+01  .16095680E+01
  -.19000000E+01  .15850154E+01
  -.18500000E+01  .15541908E+01
  -.18000000E+01  .15087258E+01
  -.17500000E+01  .14125209E+01
  -.17000000E+01  .53107363E+00
  -.16500000E+01  .18335759E+01
  -.16000000E+01  .16662150E+01
  -.15500000E+01  .16074983E+01
  -.15000000E+01  .15713914E+01
  -.14500000E+01  .15436531E+01
  -.14000000E+01  .15198727E+01
  -.13500000E+01  .14982344E+01
  -.13000000E+01  .14778524E+01
  -.12500000E+01  .14582419E+01
  -.12000000E+01  .14391145E+01
  -.11500000E+01  .14202867E+01
  -.11000000E+01  .14016360E+01
  -.10500000E+01  .13830764E+01
  -.10000000E+01  .13645452E+01
  -.95000000E+00  .13459955E+01
  -.90000000E+00  .13273905E+01
  -.85000000E+00  .13087007E+01
  -.80000000E+00  .12899020E+01
  -.75000000E+00  .12709737E+01
  -.70000000E+00  .12518980E+01
  -.65000000E+00  .12326588E+01
  -.60000000E+00  .12132418E+01
  -.55000000E+00  .11936334E+01
  -.50000000E+00  .11738208E+01
  -.45000000E+00  .11537918E+01
  -.40000000E+00  .11335344E+01
  -.35000000E+00  .11130368E+01
  -.30000000E+00  .10922872E+01
  -.25000000E+00  .10712736E+01
  -.20000000E+00  .10499840E+01
  -.15000000E+00  .10284061E+01
  -.10000000E+00  .10065271E+01
  -.50000000E-01  .98433389E+00
  -.22898350E-14  .96181284E+00
   .50000000E-01  .93894977E+00
   .10000000E+00  .91572983E+00
   .15000000E+00  .89213749E+00
   .20000000E+00  .86815641E+00
   .25000000E+00  .84376939E+00
   .30000000E+00  .81895829E+00
   .35000000E+00  .79370391E+00
   .40000000E+00  .76798594E+00
   .45000000E+00  .74178279E+00
   .50000000E+00  .71507154E+00
   .55000000E+00  .68782778E+00
   .60000000E+00  .66002549E+00
   .65000000E+00  .63163687E+00
   .70000000E+00  .60263219E+00
   .75000000E+00  .57297961E+00
   .80000000E+00  .54264494E+00
   .85000000E+00  .51159146E+00
   .90000000E+00  .47977964E+00
   .95000000E+00  .44716685E+00
   .10000000E+01  .41370707E+00
   .10500000E+01  .37935048E+00
   .11000000E+01  .34404310E+00
   .11500000E+01  .30772638E+00
   .12000000E+01  .27033648E+00
   .12500000E+01  .23180394E+00
   .13000000E+01  .19205282E+00
   .13500000E+01  .15100003E+00
   .14000000E+01  .10855438E+00
   .14500000E+01  .64615611E-01
   .15000000E+01  .19073194E-01
   .15500000E+01 -.28195036E-01
   .16000000E+01 -.77324446E-01
   .16500000E+01 -.12846549E+00
   .17000000E+01 -.18178587E+00
   .17500000E+01 -.23747307E+00
   .18000000E+01 -.29573746E+00
   .18500000E+01 -.35681586E+00
   .19000000E+01 -.42097587E+00
   .19500000E+01 -.48852108E+00
   .20000000E+01 -.55979737E+00
Potential  L  =        3.00000    .00000
  -.30000000E+01  .19350774E+01
  -.29500000E+01  .19224222E+01
  -.29000000E+01  .19096904E+01
  -.28500000E+01  .18968807E+01
  -.28000000E+01  .18839918E+01
  -.27500000E+01  .18710224E+01
  -.27000000E+01  .18579709E+01
  -.26500000E+01  .18448360E+01
  -.26000000E+01  .18316161E+01
  -.25500000E+01  .18183099E+01
  -.25000000E+01  .18049156E+01
  -.24500000E+01  .17914317E+01
  -.24000000E+01  .17778565E+01
  -.23500000E+01  .17641883E+01
  -.23000000E+01  .17504254E+01
  -.22500000E+01  .17365660E+01
  -.22000000E+01  .17226082E+01
  -.21500000E+01  .17085500E+01
  -.21000000E+01  .16943896E+01
  -.20500000E+01  .16801248E+01
  -.20000000E+01  .16657536E+01
  -.19500000E+01  .16512738E+01
  -.19000000E+01  .16366832E+01
  -.18500000E+01  .16219795E+01
  -.18000000E+01  .16071604E+01
  -.17500000E+01  .15922233E+01
  -.17000000E+01  .15771657E+01
  -.16500000E+01  .15619850E+01
  -.16000000E+01  .15466786E+01
  -.15500000E+01  .15312436E+01
  -.15000000E+01  .15156771E+01
  -.14500000E+01  .14999762E+01
  -.14000000E+01  .14841378E+01
  -.13500000E+01  .14681586E+01
  -.13000000E+01  .14520353E+01
  -.12500000E+01  .14357646E+01
  -.12000000E+01  .14193429E+01
  -.11500000E+01  .14027664E+01
  -.11000000E+01  .13860314E+01
  -.10500000E+01  .13691339E+01
  -.10000000E+01  .13520698E+01
  -.95000000E+00  .13348347E+01
  -.90000000E+00  .13174243E+01
  -.85000000E+00  .12998340E+01
  -.80000000E+00  .12820588E+01
  -.75000000E+00  .12640940E+01
  -.70000000E+00  .12459342E+01
  -.65000000E+00  .12275740E+01
  -.60000000E+00  .12090079E+01
  -.55000000E+00  .11902299E+01
  -.50000000E+00  .11712339E+01
  -.45000000E+00  .11520136E+01
  -.40000000E+00  .11325622E+01
  -.35000000E+00  .11128728E+01
  -.30000000E+00  .10929382E+01
  -.25000000E+00  .10727507E+01
  -.20000000E+00  .10523024E+01
  -.15000000E+00  .10315849E+01
  -.10000000E+00  .10105895E+01
  -.50000000E-01  .98930715E+00
  -.22898350E-14  .96772819E+00
   .50000000E-01  .94584257E+00
   .10000000E+00  .92363975E+00
   .15000000E+00  .90110862E+00
   .20000000E+00  .87823753E+00
   .25000000E+00  .85501421E+00
   .30000000E+00  .83142573E+00
   .35000000E+00  .80745847E+00
   .40000000E+00  .78309809E+00
   .45000000E+00  .75832942E+00
   .50000000E+00  .73313647E+00
   .55000000E+00  .70750232E+00
   .60000000E+00  .68140907E+00
   .65000000E+00  .65483777E+00
   .70000000E+00  .62776833E+00
   .75000000E+00  .60017945E+00
   .80000000E+00  .57204852E+00
   .85000000E+00  .54335146E+00
   .90000000E+00  .51406270E+00
   .95000000E+00  .48415497E+00
   .10000000E+01  .45359919E+00
   .10500000E+01  .42236437E+00
   .11000000E+01  .39041734E+00
   .11500000E+01  .35772257E+00
   .12000000E+01  .32424214E+00
   .12500000E+01  .28993529E+00
   .13000000E+01  .25475817E+00
   .13500000E+01  .21866373E+00
   .14000000E+01  .18160123E+00
   .14500000E+01  .14351597E+00
   .15000000E+01  .10434884E+00
   .15500000E+01  .64035859E-01
   .16000000E+01  .22507754E-01
   .16500000E+01 -.20310772E-01
   .17000000E+01 -.64501543E-01
   .17500000E+01 -.11015375E+00
   .18000000E+01 -.15736482E+00
   .18500000E+01 -.20624124E+00
   .19000000E+01 -.25689984E+00
   .19500000E+01 -.30946894E+00
   .20000000E+01 -.36408988E+00
Core Pot   L  =        4.00000    .00000
  -.30000000E+01  .22128447E+01
  -.29500000E+01  .22018852E+01
  -.29000000E+01  .21908762E+01
  -.28500000E+01  .21798170E+01
  -.28000000E+01  .21687070E+01
  -.27500000E+01  .21575456E+01
  -.27000000E+01  .21463321E+01
  -.26500000E+01  .21350658E+01
  -.26000000E+01  .21237460E+01
  -.25500000E+01  .21123720E+01
  -.25000000E+01  .21009431E+01
  -.24500000E+01  .20894585E+01
  -.24000000E+01  .20779174E+01
  -.23500000E+01  .20663192E+01
  -.23000000E+01  .20546629E+01
  -.22500000E+01  .20429478E+01
  -.22000000E+01  .20311731E+01
  -.21500000E+01  .20193379E+01
  -.21000000E+01  .20074413E+01
  -.20500000E+01  .19954825E+01
  -.20000000E+01  .19834605E+01
  -.19500000E+01  .19713745E+01
  -.19000000E+01  .19592235E+01
  -.18500000E+01  .19470064E+01
  -.18000000E+01  .19347224E+01
  -.17500000E+01  .19223704E+01
  -.17000000E+01  .19099493E+01
  -.16500000E+01  .18974582E+01
  -.16000000E+01  .18848958E+01
  -.15500000E+01  .18722612E+01
  -.15000000E+01  .18595530E+01
  -.14500000E+01  .18467703E+01
  -.14000000E+01  .18339117E+01
  -.13500000E+01  .18209761E+01
  -.13000000E+01  .18079621E+01
  -.12500000E+01  .17948686E+01
  -.12000000E+01  .17816940E+01
  -.11500000E+01  .17684372E+01
  -.11000000E+01  .17550966E+01
  -.10500000E+01  .17416709E+01
  -.10000000E+01  .17281585E+01
  -.95000000E+00  .17145580E+01
  -.90000000E+00  .17008678E+01
  -.85000000E+00  .16870863E+01
  -.80000000E+00  .16732118E+01
  -.75000000E+00  .16592427E+01
  -.70000000E+00  .16451773E+01
  -.65000000E+00  .16310136E+01
  -.60000000E+00  .16167500E+01
  -.55000000E+00  .16023844E+01
  -.50000000E+00  .15879151E+01
  -.45000000E+00  .15733399E+01
  -.40000000E+00  .15586567E+01
  -.35000000E+00  .15438636E+01
  -.30000000E+00  .15289582E+01
  -.25000000E+00  .15139383E+01
  -.20000000E+00  .14988017E+01
  -.15000000E+00  .14835458E+01
  -.10000000E+00  .14681682E+01
  -.50000000E-01  .14526664E+01
  -.22898350E-14  .14370378E+01
   .50000000E-01  .14212795E+01
   .10000000E+00  .14053889E+01
   .15000000E+00  .13893629E+01
   .20000000E+00  .13731986E+01
   .25000000E+00  .13568929E+01
   .30000000E+00  .13404426E+01
   .35000000E+00  .13238443E+01
   .40000000E+00  .13070947E+01
   .45000000E+00  .12901901E+01
   .50000000E+00  .12731270E+01
   .55000000E+00  .12559014E+01
   .60000000E+00  .12385094E+01
   .65000000E+00  .12209469E+01
   .70000000E+00  .12032097E+01
   .75000000E+00  .11852934E+01
   .80000000E+00  .11671933E+01
   .85000000E+00  .11489047E+01
   .90000000E+00  .11304228E+01
   .95000000E+00  .11117422E+01
   .10000000E+01  .10928578E+01
   .10500000E+01  .10737639E+01
   .11000000E+01  .10544548E+01
   .11500000E+01  .10349244E+01
   .12000000E+01  .10151665E+01
   .12500000E+01  .99517450E+00
   .13000000E+01  .97494164E+00
   .13500000E+01  .95446078E+00
   .14000000E+01  .93372451E+00
   .14500000E+01  .91272506E+00
   .15000000E+01  .89145433E+00
   .15500000E+01  .86990385E+00
   .16000000E+01  .84806475E+00
   .16500000E+01  .82592776E+00
   .17000000E+01  .80348314E+00
   .17500000E+01  .78072072E+00
   .18000000E+01  .75762982E+00
   .18500000E+01  .73419920E+00
   .19000000E+01  .71041711E+00
   .19500000E+01  .68627117E+00
   .20000000E+01  .66174837E+00
Potential  L  =        4.00000    .00000
  -.30000000E+01  .22142997E+01
  -.29500000E+01  .22033730E+01
  -.29000000E+01  .21923977E+01
  -.28500000E+01  .21813722E+01
  -.28000000E+01  .21702981E+01
  -.27500000E+01  .21591733E+01
  -.27000000E+01  .21479983E+01
  -.26500000E+01  .21367709E+01
  -.26000000E+01  .21254902E+01
  -.25500000E+01  .21141572E+01
  -.25000000E+01  .21027705E+01
  -.24500000E+01  .20913294E+01
  -.24000000E+01  .20798332E+01
  -.23500000E+01  .20682811E+01
  -.23000000E+01  .20566723E+01
  -.22500000E+01  .20450074E+01
  -.22000000E+01  .20332819E+01
  -.21500000E+01  .20214984E+01
  -.21000000E+01  .20096552E+01
  -.20500000E+01  .19977515E+01
  -.20000000E+01  .19857875E+01
  -.19500000E+01  .19737597E+01
  -.19000000E+01  .19616678E+01
  -.18500000E+01  .19495140E+01
  -.18000000E+01  .19372927E+01
  -.17500000E+01  .19250078E+01
  -.17000000E+01  .19126536E+01
  -.16500000E+01  .19002336E+01
  -.16000000E+01  .18877426E+01
  -.15500000E+01  .18751836E+01
  -.15000000E+01  .18625514E+01
  -.14500000E+01  .18498480E+01
  -.14000000E+01  .18370714E+01
  -.13500000E+01  .18242205E+01
  -.13000000E+01  .18112939E+01
  -.12500000E+01  .17982905E+01
  -.12000000E+01  .17852091E+01
  -.11500000E+01  .17720485E+01
  -.11000000E+01  .17588072E+01
  -.10500000E+01  .17454842E+01
  -.10000000E+01  .17320779E+01
  -.95000000E+00  .17185870E+01
  -.90000000E+00  .17050102E+01
  -.85000000E+00  .16913459E+01
  -.80000000E+00  .16775926E+01
  -.75000000E+00  .16637488E+01
  -.70000000E+00  .16498130E+01
  -.65000000E+00  .16357834E+01
  -.60000000E+00  .16216587E+01
  -.55000000E+00  .16074368E+01
  -.50000000E+00  .15931162E+01
  -.45000000E+00  .15786950E+01
  -.40000000E+00  .15641714E+01
  -.35000000E+00  .15495435E+01
  -.30000000E+00  .15348094E+01
  -.25000000E+00  .15199670E+01
  -.20000000E+00  .15050142E+01
  -.15000000E+00  .14899491E+01
  -.10000000E+00  .14747691E+01
  -.50000000E-01  .14594725E+01
  -.22898350E-14  .14440566E+01
   .50000000E-01  .14285192E+01
   .10000000E+00  .14128577E+01
   .15000000E+00  .13970697E+01
   .20000000E+00  .13811526E+01
   .25000000E+00  .13651035E+01
   .30000000E+00  .13489199E+01
   .35000000E+00  .13325989E+01
   .40000000E+00  .13161374E+01
   .45000000E+00  .12995324E+01
   .50000000E+00  .12827808E+01
   .55000000E+00  .12658794E+01
   .60000000E+00  .12488247E+01
   .65000000E+00  .12316133E+01
   .70000000E+00  .12142417E+01
   .75000000E+00  .11967062E+01
   .80000000E+00  .11790028E+01
   .85000000E+00  .11611277E+01
   .90000000E+00  .11430768E+01
   .95000000E+00  .11248456E+01
   .10000000E+01  .11064301E+01
   .10500000E+01  .10878254E+01
   .11000000E+01  .10690270E+01
   .11500000E+01  .10500298E+01
   .12000000E+01  .10308289E+01
   .12500000E+01  .10114189E+01
   .13000000E+01  .99179437E+00
   .13500000E+01  .97194963E+00
   .14000000E+01  .95187873E+00
   .14500000E+01  .93157559E+00
   .15000000E+01  .91103380E+00
   .15500000E+01  .89024670E+00
   .16000000E+01  .86920738E+00
   .16500000E+01  .84790865E+00
   .17000000E+01  .82634301E+00
   .17500000E+01  .80450263E+00
   .18000000E+01  .78237938E+00
   .18500000E+01  .75996475E+00
   .19000000E+01  .73724985E+00
   .19500000E+01  .71422546E+00
   .20000000E+01  .69088188E+00
KBPotential  L  =      2.00000   -.38888
  -.30000000E+01  .16643962E+01
  -.29500000E+01  .16485935E+01
  -.29000000E+01  .16326170E+01
  -.28500000E+01  .16164606E+01
  -.28000000E+01  .16001180E+01
  -.27500000E+01  .15835825E+01
  -.27000000E+01  .15668468E+01
  -.26500000E+01  .15499035E+01
  -.26000000E+01  .15327443E+01
  -.25500000E+01  .15153607E+01
  -.25000000E+01  .14977437E+01
  -.24500000E+01  .14798834E+01
  -.24000000E+01  .14617695E+01
  -.23500000E+01  .14433908E+01
  -.23000000E+01  .14247355E+01
  -.22500000E+01  .14057908E+01
  -.22000000E+01  .13865429E+01
  -.21500000E+01  .13669610E+01
  -.21000000E+01  .13470615E+01
  -.20500000E+01  .13268112E+01
  -.20000000E+01  .13061915E+01
  -.19500000E+01  .12851786E+01
  -.19000000E+01  .12637584E+01
  -.18500000E+01  .12418996E+01
  -.18000000E+01  .12195842E+01
  -.17500000E+01  .11967801E+01
  -.17000000E+01  .11734564E+01
  -.16500000E+01  .11495796E+01
  -.16000000E+01  .11251123E+01
  -.15500000E+01  .11000137E+01
  -.15000000E+01  .10742385E+01
  -.14500000E+01  .10477365E+01
  -.14000000E+01  .10204520E+01
  -.13500000E+01  .99232268E+00
  -.13000000E+01  .96327889E+00
  -.12500000E+01  .93324239E+00
  -.12000000E+01  .90212656E+00
  -.11500000E+01  .86982852E+00
  -.11000000E+01  .83623620E+00
  -.10500000E+01  .80122000E+00
  -.10000000E+01  .76463251E+00
  -.95000000E+00  .72629998E+00
  -.90000000E+00  .68602461E+00
  -.85000000E+00  .64357454E+00
  -.80000000E+00  .59867751E+00
  -.75000000E+00  .55101176E+00
  -.70000000E+00  .50019406E+00
  -.65000000E+00  .44576718E+00
  -.60000000E+00  .38716483E+00
  -.55000000E+00  .32371365E+00
  -.50000000E+00  .25456136E+00
  -.45000000E+00  .17865705E+00
  -.40000000E+00  .94666511E-01
  -.35000000E+00  .85235319E-03
  -.30000000E+00 -.10505257E+00
  -.25000000E+00 -.22610420E+00
  -.20000000E+00 -.36640585E+00
  -.15000000E+00 -.53182680E+00
  -.10000000E+00 -.73084688E+00
  -.50000000E-01 -.97632854E+00
  -.22898350E-14 -.12885963E+01
   .50000000E-01 -.17019986E+01
   .10000000E+00 -.22792876E+01
   .15000000E+00 -.31491357E+01
   .20000000E+00 -.46222213E+01
   .25000000E+00 -.76916697E+01
   .30000000E+00 -.18182950E+02
   .35000000E+00  .88966172E+02
   .40000000E+00  .14169050E+02
   .45000000E+00  .80370584E+01
   .50000000E+00  .57510782E+01
   .55000000E+00  .45495511E+01
   .60000000E+00  .38039707E+01
   .65000000E+00  .32928337E+01
   .70000000E+00  .29180578E+01
   .75000000E+00  .26295314E+01
   .80000000E+00  .23989801E+01
   .85000000E+00  .22092391E+01
   .90000000E+00  .20492834E+01
   .95000000E+00  .19117072E+01
   .10000000E+01  .17913505E+01
   .10500000E+01  .16845069E+01
   .11000000E+01  .15884448E+01
   .11500000E+01  .15011059E+01
   .12000000E+01  .14209094E+01
   .12500000E+01  .13466202E+01
   .13000000E+01  .12772591E+01
   .13500000E+01  .12120388E+01
   .14000000E+01  .11503191E+01
   .14500000E+01  .10915731E+01
   .15000000E+01  .10353629E+01
   .15500000E+01  .98132217E+00
   .16000000E+01  .92914237E+00
   .16500000E+01  .87854970E+00
   .17000000E+01  .82932303E+00
   .17500000E+01  .78125692E+00
   .18000000E+01  .73418856E+00
   .18500000E+01  .68795948E+00
   .19000000E+01  .64243620E+00
   .19500000E+01  .59750040E+00
   .20000000E+01  .55304271E+00
KBPotential  L  =       .00000   -.72944
  -.30000000E+01  .14293510E+01
  -.29500000E+01  .14119778E+01
  -.29000000E+01  .13944143E+01
  -.28500000E+01  .13766548E+01
  -.28000000E+01  .13586939E+01
  -.27500000E+01  .13405254E+01
  -.27000000E+01  .13221434E+01
  -.26500000E+01  .13035414E+01
  -.26000000E+01  .12847126E+01
  -.25500000E+01  .12656500E+01
  -.25000000E+01  .12463463E+01
  -.24500000E+01  .12267939E+01
  -.24000000E+01  .12069845E+01
  -.23500000E+01  .11869100E+01
  -.23000000E+01  .11665612E+01
  -.22500000E+01  .11459292E+01
  -.22000000E+01  .11250039E+01
  -.21500000E+01  .11037754E+01
  -.21000000E+01  .10822327E+01
  -.20500000E+01  .10603647E+01
  -.20000000E+01  .10381593E+01
  -.19500000E+01  .10156042E+01
  -.19000000E+01  .99268602E+00
  -.18500000E+01  .96939084E+00
  -.18000000E+01  .94570396E+00
  -.17500000E+01  .92160984E+00
  -.17000000E+01  .89709204E+00
  -.16500000E+01  .87213316E+00
  -.16000000E+01  .84671475E+00
  -.15500000E+01  .82081728E+00
  -.15000000E+01  .79441998E+00
  -.14500000E+01  .76750082E+00
  -.14000000E+01  .74003636E+00
  -.13500000E+01  .71200164E+00
  -.13000000E+01  .68337009E+00
  -.12500000E+01  .65411334E+00
  -.12000000E+01  .62420108E+00
  -.11500000E+01  .59360096E+00
  -.11000000E+01  .56227829E+00
  -.10500000E+01  .53019590E+00
  -.10000000E+01  .49731391E+00
  -.95000000E+00  .46358947E+00
  -.90000000E+00  .42897644E+00
  -.85000000E+00  .39342513E+00
  -.80000000E+00  .35688185E+00
  -.75000000E+00  .31928863E+00
  -.70000000E+00  .28058267E+00
  -.65000000E+00  .24069586E+00
  -.60000000E+00  .19955421E+00
  -.55000000E+00  .15707716E+00
  -.50000000E+00  .11317687E+00
  -.45000000E+00  .67757368E-01
  -.40000000E+00  .20713541E-01
  -.35000000E+00 -.28069963E-01
  -.30000000E+00 -.78720025E-01
  -.25000000E+00 -.13137658E+00
  -.20000000E+00 -.18619431E+00
  -.15000000E+00 -.24334471E+00
  -.10000000E+00 -.30301843E+00
  -.50000000E-01 -.36542811E+00
  -.22898350E-14 -.43081167E+00
   .50000000E-01 -.49943632E+00
   .10000000E+00 -.57160327E+00
   .15000000E+00 -.64765360E+00
   .20000000E+00 -.72797520E+00
   .25000000E+00 -.81301181E+00
   .30000000E+00 -.90327412E+00
   .35000000E+00 -.99935432E+00
   .40000000E+00 -.11019458E+01
   .45000000E+00 -.12118707E+01
   .50000000E+00 -.13301230E+01
   .55000000E+00 -.14579411E+01
   .60000000E+00 -.15969566E+01
   .65000000E+00 -.17495754E+01
   .70000000E+00 -.19203482E+01
   .75000000E+00 -.21247121E+01
   .80000000E+00 -.31272508E+01
   .85000000E+00 -.24111032E+01
   .90000000E+00 -.26865043E+01
   .95000000E+00 -.29685282E+01
   .10000000E+01 -.32815499E+01
   .10500000E+01 -.36373322E+01
   .11000000E+01 -.40481334E+01
   .11500000E+01 -.45296116E+01
   .12000000E+01 -.51032313E+01
   .12500000E+01 -.57997277E+01
   .13000000E+01 -.66649769E+01
   .13500000E+01 -.77707843E+01
   .14000000E+01 -.92363079E+01
   .14500000E+01 -.11274890E+02
   .15000000E+01 -.14310103E+02
   .15500000E+01 -.19319419E+02
   .16000000E+01 -.29179499E+02
   .16500000E+01 -.57635858E+02
   .17000000E+01 -.10554161E+04
   .17500000E+01  .66727741E+02
   .18000000E+01  .32791697E+02
   .18500000E+01  .21919526E+02
   .19000000E+01  .16555700E+02
   .19500000E+01  .13355890E+02
   .20000000E+01  .11227343E+02
KBPotential  L  =      1.00000   -.20000
  -.30000000E+01  .16956718E+01
  -.29500000E+01  .16804108E+01
  -.29000000E+01  .16650225E+01
  -.28500000E+01  .16495041E+01
  -.28000000E+01  .16338530E+01
  -.27500000E+01  .16180662E+01
  -.27000000E+01  .16021409E+01
  -.26500000E+01  .15860738E+01
  -.26000000E+01  .15698621E+01
  -.25500000E+01  .15535023E+01
  -.25000000E+01  .15369911E+01
  -.24500000E+01  .15203252E+01
  -.24000000E+01  .15035008E+01
  -.23500000E+01  .14865143E+01
  -.23000000E+01  .14693619E+01
  -.22500000E+01  .14520396E+01
  -.22000000E+01  .14345434E+01
  -.21500000E+01  .14168689E+01
  -.21000000E+01  .13990119E+01
  -.20500000E+01  .13809677E+01
  -.20000000E+01  .13627316E+01
  -.19500000E+01  .13442988E+01
  -.19000000E+01  .13256642E+01
  -.18500000E+01  .13068225E+01
  -.18000000E+01  .12877683E+01
  -.17500000E+01  .12684960E+01
  -.17000000E+01  .12489996E+01
  -.16500000E+01  .12292730E+01
  -.16000000E+01  .12093099E+01
  -.15500000E+01  .11891037E+01
  -.15000000E+01  .11686475E+01
  -.14500000E+01  .11479341E+01
  -.14000000E+01  .11269562E+01
  -.13500000E+01  .11057060E+01
  -.13000000E+01  .10841753E+01
  -.12500000E+01  .10623558E+01
  -.12000000E+01  .10402387E+01
  -.11500000E+01  .10178147E+01
  -.11000000E+01  .99507444E+00
  -.10500000E+01  .97200776E+00
  -.10000000E+01  .94860422E+00
  -.95000000E+00  .92485289E+00
  -.90000000E+00  .90074236E+00
  -.85000000E+00  .87626059E+00
  -.80000000E+00  .85139505E+00
  -.75000000E+00  .82613260E+00
  -.70000000E+00  .80045939E+00
  -.65000000E+00  .77436099E+00
  -.60000000E+00  .74782216E+00
  -.55000000E+00  .72082693E+00
  -.50000000E+00  .69335847E+00
  -.45000000E+00  .66539911E+00
  -.40000000E+00  .63693022E+00
  -.35000000E+00  .60793218E+00
  -.30000000E+00  .57838428E+00
  -.25000000E+00  .54826469E+00
  -.20000000E+00  .51755033E+00
  -.15000000E+00  .48621683E+00
  -.10000000E+00  .45423837E+00
  -.50000000E-01  .42158765E+00
  -.22898350E-14  .38823571E+00
   .50000000E-01  .35415184E+00
   .10000000E+00  .31930343E+00
   .15000000E+00  .28365583E+00
   .20000000E+00  .24717217E+00
   .25000000E+00  .20981317E+00
   .30000000E+00  .17153696E+00
   .35000000E+00  .13229884E+00
   .40000000E+00  .92051044E-01
   .45000000E+00  .50742493E-01
   .50000000E+00  .83184202E-02
   .55000000E+00 -.35279932E-01
   .60000000E+00 -.80115665E-01
   .65000000E+00 -.12625666E+00
   .70000000E+00 -.17377609E+00
   .75000000E+00 -.22275291E+00
   .80000000E+00 -.27327246E+00
   .85000000E+00 -.32542721E+00
   .90000000E+00 -.37931744E+00
   .95000000E+00 -.43505223E+00
   .10000000E+01 -.49275039E+00
   .10500000E+01 -.55254172E+00
   .11000000E+01 -.61456825E+00
   .11500000E+01 -.67898595E+00
   .12000000E+01 -.74596647E+00
   .12500000E+01 -.81569939E+00
   .13000000E+01 -.88839475E+00
   .13500000E+01 -.96428623E+00
   .14000000E+01 -.10436348E+01
   .14500000E+01 -.11267335E+01
   .15000000E+01 -.12139131E+01
   .15500000E+01 -.13055491E+01
   .16000000E+01 -.14020714E+01
   .16500000E+01 -.15039763E+01
   .17000000E+01 -.16118430E+01
   .17500000E+01 -.17263561E+01
   .18000000E+01 -.18483383E+01
   .18500000E+01 -.19787990E+01
   .19000000E+01 -.21190099E+01
   .19500000E+01 -.22706294E+01
   .20000000E+01 -.24359232E+01
KBPotential  L  =      3.00000    .00000
  -.30000000E+01  .19350774E+01
  -.29500000E+01  .19224222E+01
  -.29000000E+01  .19096904E+01
  -.28500000E+01  .18968807E+01
  -.28000000E+01  .18839918E+01
  -.27500000E+01  .18710224E+01
  -.27000000E+01  .18579709E+01
  -.26500000E+01  .18448360E+01
  -.26000000E+01  .18316161E+01
  -.25500000E+01  .18183099E+01
  -.25000000E+01  .18049156E+01
  -.24500000E+01  .17914317E+01
  -.24000000E+01  .17778565E+01
  -.23500000E+01  .17641883E+01
  -.23000000E+01  .17504254E+01
  -.22500000E+01  .17365660E+01
  -.22000000E+01  .17226082E+01
  -.21500000E+01  .17085500E+01
  -.21000000E+01  .16943896E+01
  -.20500000E+01  .16801248E+01
  -.20000000E+01  .16657536E+01
  -.19500000E+01  .16512738E+01
  -.19000000E+01  .16366832E+01
  -.18500000E+01  .16219795E+01
  -.18000000E+01  .16071604E+01
  -.17500000E+01  .15922233E+01
  -.17000000E+01  .15771657E+01
  -.16500000E+01  .15619850E+01
  -.16000000E+01  .15466786E+01
  -.15500000E+01  .15312436E+01
  -.15000000E+01  .15156771E+01
  -.14500000E+01  .14999762E+01
  -.14000000E+01  .14841378E+01
  -.13500000E+01  .14681586E+01
  -.13000000E+01  .14520353E+01
  -.12500000E+01  .14357646E+01
  -.12000000E+01  .14193429E+01
  -.11500000E+01  .14027664E+01
  -.11000000E+01  .13860314E+01
  -.10500000E+01  .13691339E+01
  -.10000000E+01  .13520698E+01
  -.95000000E+00  .13348347E+01
  -.90000000E+00  .13174243E+01
  -.85000000E+00  .12998340E+01
  -.80000000E+00  .12820588E+01
  -.75000000E+00  .12640940E+01
  -.70000000E+00  .12459342E+01
  -.65000000E+00  .12275740E+01
  -.60000000E+00  .12090079E+01
  -.55000000E+00  .11902299E+01
  -.50000000E+00  .11712339E+01
  -.45000000E+00  .11520136E+01
  -.40000000E+00  .11325622E+01
  -.35000000E+00  .11128728E+01
  -.30000000E+00  .10929382E+01
  -.25000000E+00  .10727507E+01
  -.20000000E+00  .10523024E+01
  -.15000000E+00  .10315849E+01
  -.10000000E+00  .10105895E+01
  -.50000000E-01  .98930715E+00
  -.22898350E-14  .96772819E+00
   .50000000E-01  .94584257E+00
   .10000000E+00  .92363975E+00
   .15000000E+00  .90110862E+00
   .20000000E+00  .87823753E+00
   .25000000E+00  .85501421E+00
   .30000000E+00  .83142573E+00
   .35000000E+00  .80745847E+00
   .40000000E+00  .78309809E+00
   .45000000E+00  .75832942E+00
   .50000000E+00  .73313647E+00
   .55000000E+00  .70750232E+00
   .60000000E+00  .68140907E+00
   .65000000E+00  .65483777E+00
   .70000000E+00  .62776833E+00
   .75000000E+00  .60017945E+00
   .80000000E+00  .57204852E+00
   .85000000E+00  .54335146E+00
   .90000000E+00  .51406270E+00
   .95000000E+00  .48415497E+00
   .10000000E+01  .45359919E+00
   .10500000E+01  .42236437E+00
   .11000000E+01  .39041734E+00
   .11500000E+01  .35772257E+00
   .12000000E+01  .32424214E+00
   .12500000E+01  .28993529E+00
   .13000000E+01  .25475817E+00
   .13500000E+01  .21866373E+00
   .14000000E+01  .18160123E+00
   .14500000E+01  .14351597E+00
   .15000000E+01  .10434884E+00
   .15500000E+01  .64035859E-01
   .16000000E+01  .22507754E-01
   .16500000E+01 -.20310772E-01
   .17000000E+01 -.64501543E-01
   .17500000E+01 -.11015375E+00
   .18000000E+01 -.15736482E+00
   .18500000E+01 -.20624124E+00
   .19000000E+01 -.25689984E+00
   .19500000E+01 -.30946894E+00
   .20000000E+01 -.36408988E+00
KBPotential  L  =      4.00000    .00000
  -.30000000E+01  .22142997E+01
  -.29500000E+01  .22033730E+01
  -.29000000E+01  .21923977E+01
  -.28500000E+01  .21813722E+01
  -.28000000E+01  .21702981E+01
  -.27500000E+01  .21591733E+01
  -.27000000E+01  .21479983E+01
  -.26500000E+01  .21367709E+01
  -.26000000E+01  .21254902E+01
  -.25500000E+01  .21141572E+01
  -.25000000E+01  .21027705E+01
  -.24500000E+01  .20913294E+01
  -.24000000E+01  .20798332E+01
  -.23500000E+01  .20682811E+01
  -.23000000E+01  .20566723E+01
  -.22500000E+01  .20450074E+01
  -.22000000E+01  .20332819E+01
  -.21500000E+01  .20214984E+01
  -.21000000E+01  .20096552E+01
  -.20500000E+01  .19977515E+01
  -.20000000E+01  .19857875E+01
  -.19500000E+01  .19737597E+01
  -.19000000E+01  .19616678E+01
  -.18500000E+01  .19495140E+01
  -.18000000E+01  .19372927E+01
  -.17500000E+01  .19250078E+01
  -.17000000E+01  .19126536E+01
  -.16500000E+01  .19002336E+01
  -.16000000E+01  .18877426E+01
  -.15500000E+01  .18751836E+01
  -.15000000E+01  .18625514E+01
  -.14500000E+01  .18498480E+01
  -.14000000E+01  .18370714E+01
  -.13500000E+01  .18242205E+01
  -.13000000E+01  .18112939E+01
  -.12500000E+01  .17982905E+01
  -.12000000E+01  .17852091E+01
  -.11500000E+01  .17720485E+01
  -.11000000E+01  .17588072E+01
  -.10500000E+01  .17454842E+01
  -.10000000E+01  .17320779E+01
  -.95000000E+00  .17185870E+01
  -.90000000E+00  .17050102E+01
  -.85000000E+00  .16913459E+01
  -.80000000E+00  .16775926E+01
  -.75000000E+00  .16637488E+01
  -.70000000E+00  .16498130E+01
  -.65000000E+00  .16357834E+01
  -.60000000E+00  .16216587E+01
  -.55000000E+00  .16074368E+01
  -.50000000E+00  .15931162E+01
  -.45000000E+00  .15786950E+01
  -.40000000E+00  .15641714E+01
  -.35000000E+00  .15495435E+01
  -.30000000E+00  .15348094E+01
  -.25000000E+00  .15199670E+01
  -.20000000E+00  .15050142E+01
  -.15000000E+00  .14899491E+01
  -.10000000E+00  .14747691E+01
  -.50000000E-01  .14594725E+01
  -.22898350E-14  .14440566E+01
   .50000000E-01  .14285192E+01
   .10000000E+00  .14128577E+01
   .15000000E+00  .13970697E+01
   .20000000E+00  .13811526E+01
   .25000000E+00  .13651035E+01
   .30000000E+00  .13489199E+01
   .35000000E+00  .13325989E+01
   .40000000E+00  .13161374E+01
   .45000000E+00  .12995324E+01
   .50000000E+00  .12827808E+01
   .55000000E+00  .12658794E+01
   .60000000E+00  .12488247E+01
   .65000000E+00  .12316133E+01
   .70000000E+00  .12142417E+01
   .75000000E+00  .11967062E+01
   .80000000E+00  .11790028E+01
   .85000000E+00  .11611277E+01
   .90000000E+00  .11430768E+01
   .95000000E+00  .11248456E+01
   .10000000E+01  .11064301E+01
   .10500000E+01  .10878254E+01
   .11000000E+01  .10690270E+01
   .11500000E+01  .10500298E+01
   .12000000E+01  .10308289E+01
   .12500000E+01  .10114189E+01
   .13000000E+01  .99179437E+00
   .13500000E+01  .97194963E+00
   .14000000E+01  .95187873E+00
   .14500000E+01  .93157559E+00
   .15000000E+01  .91103380E+00
   .15500000E+01  .89024670E+00
   .16000000E+01  .86920738E+00
   .16500000E+01  .84790865E+00
   .17000000E+01  .82634301E+00
   .17500000E+01  .80450263E+00
   .18000000E+01  .78237938E+00
   .18500000E+01  .75996475E+00
   .19000000E+01  .73724985E+00
   .19500000E+01  .71422546E+00
   .20000000E+01  .69088188E+00
