Ta:  6s5d                               
  .245326738E+00  .248635428E+00  .251988425E+00  .255386315E+00  .258829692E+00
  .262319159E+00  .265855326E+00  .269438810E+00  .273070238E+00  .276750243E+00
  .280479467E+00  .284258561E+00  .288088185E+00  .291969004E+00  .295901697E+00
  .299886946E+00  .303925447E+00  .308017902E+00  .312165022E+00  .316367529E+00
  .320626152E+00  .324941632E+00  .329314718E+00  .333746169E+00  .338236753E+00
  .342787249E+00  .347398446E+00  .352071142E+00  .356806147E+00  .361604279E+00
  .366466370E+00  .371393259E+00  .376385797E+00  .381444848E+00  .386571285E+00
  .391765991E+00  .397029864E+00  .402363811E+00  .407768750E+00  .413245612E+00
  .418795341E+00  .424418890E+00  .430117226E+00  .435891330E+00  .441742192E+00
  .447670818E+00  .453678223E+00  .459765439E+00  .465933508E+00  .472183487E+00
  .478516446E+00  .484933469E+00  .491435652E+00  .498024107E+00  .504699959E+00
  .511464348E+00  .518318428E+00  .525263367E+00  .532300349E+00  .539430571E+00
  .546655249E+00  .553975609E+00  .561392896E+00  .568908371E+00  .576523310E+00
  .584239003E+00  .592056760E+00  .599977904E+00  .608003778E+00  .616135739E+00
  .624375162E+00  .632723439E+00  .641181981E+00  .649752215E+00  .658435585E+00
  .667233556E+00  .676147609E+00  .685179244E+00  .694329981E+00  .703601355E+00
  .712994926E+00  .722512268E+00  .732154978E+00  .741924671E+00  .751822983E+00
  .761851571E+00  .772012110E+00  .782306297E+00  .792735852E+00  .803302514E+00
  .814008043E+00  .824854222E+00  .835842857E+00  .846975773E+00  .858254821E+00
  .869681872E+00  .881258822E+00  .892987588E+00  .904870113E+00  .916908363E+00
  .929104327E+00  .941460018E+00  .953977477E+00  .966658766E+00  .979505973E+00
  .992521214E+00  .100570663E+01  .101906438E+01  .103259666E+01  .104630569E+01
  .106019372E+01  .107426301E+01  .108851587E+01  .110295462E+01  .111758163E+01
  .113239927E+01  .114740996E+01  .116261615E+01  .117802029E+01  .119362489E+01
  .120943249E+01  .122544565E+01  .124166695E+01  .125809902E+01  .127474452E+01
  .129160612E+01  .130868655E+01  .132598855E+01  .134351492E+01  .136126846E+01
  .137925202E+01  .139746848E+01  .141592077E+01  .143461182E+01  .145354464E+01
  .147272223E+01  .149214765E+01  .151182400E+01  .153175440E+01  .155194202E+01
  .157239005E+01  .159310174E+01  .161408036E+01  .163532923E+01  .165685170E+01
  .167865115E+01  .170073103E+01  .172309480E+01  .174574597E+01  .176868809E+01
  .179192475E+01  .181545959E+01  .183929627E+01  .186343852E+01  .188789010E+01
  .191265480E+01  .193773646E+01  .196313899E+01  .198886630E+01  .201492237E+01
  .204131124E+01  .206803695E+01  .209510363E+01  .212251543E+01  .215027656E+01
  .217839127E+01  .220686387E+01  .223569868E+01  .226490012E+01  .229447263E+01
  .232442069E+01  .235474886E+01  .238546173E+01  .241656393E+01  .244806017E+01
  .247995518E+01  .251225378E+01  .254496080E+01  .257808115E+01  .261161979E+01
  .264558173E+01  .267997202E+01  .271479579E+01  .275005821E+01  .278576451E+01
  .282191997E+01  .285852994E+01  .289559980E+01  .293313503E+01  .297114112E+01
  .300962365E+01  .304858824E+01  .308804060E+01  .312798645E+01  .316843162E+01
  .320938197E+01  .325084343E+01  .329282198E+01  .333532369E+01  .337835466E+01
  .342192108E+01  .346602918E+01  .351068526E+01  .355589569E+01  .360166692E+01
  .364800542E+01  .369491777E+01  .374241059E+01  .379049058E+01  .383916449E+01
  .388843916E+01  .393832148E+01  .398881842E+01  .403993699E+01  .409168432E+01
  .414406755E+01  .419709394E+01  .425077079E+01  .430510547E+01  .436010545E+01
  .441577823E+01  .447213142E+01  .452917267E+01  .458690971E+01  .464535037E+01
  .470450251E+01  .476437410E+01  .482497316E+01  .488630780E+01  .494838618E+01
  .501121656E+01  .507480727E+01  .513916670E+01  .520430333E+01  .527022572E+01
  .533694248E+01  .540446233E+01  .547279404E+01  .554194648E+01  .561192857E+01
  .568274932E+01  .575441783E+01  .582694325E+01  .590033484E+01  .597460192E+01
  .604975388E+01  .612580020E+01  .620275044E+01  .628061424E+01  .635940129E+01
  .643912141E+01  .651978446E+01  .660140038E+01  .668397920E+01  .676753104E+01
  .685206608E+01  .693759457E+01  .702412687E+01  .711167339E+01  .720024464E+01
  .728985120E+01  .738050371E+01  .747221292E+01  .756498964E+01  .765884475E+01
  .775378924E+01  .784983414E+01  .794699058E+01  .804526975E+01  .814468294E+01
  .824524149E+01  .834695684E+01  .844984048E+01  .855390400E+01  .865915906E+01
  .876561737E+01  .887329074E+01  .898219104E+01  .909233023E+01  .920372031E+01
  .931637338E+01  .943030160E+01  .954551719E+01  .966203247E+01  .977985978E+01
  .989901158E+01  .100195004E+02  .101413387E+02  .102645392E+02  .103891146E+02
  .105150776E+02  .106424410E+02  .107712178E+02  .109014209E+02  .110330632E+02
  .111661579E+02  .113007180E+02  .114367567E+02  .115742873E+02  .117133229E+02
  .118538769E+02  .119959627E+02  .121395937E+02  .122847834E+02  .124315452E+02
  .125798928E+02  .127298396E+02  .128813993E+02  .130345857E+02  .131894123E+02
  .133458929E+02  .135040412E+02  .136638711E+02  .138253964E+02  .139886308E+02
  .141535883E+02  .143202827E+02  .144887279E+02  .146589378E+02  .148309263E+02
  .150047074E+02  .151802950E+02  .153577029E+02  .155369452E+02  .157180358E+02
  .159009885E+02  .160858173E+02  .162725361E+02  .164611588E+02  .166516992E+02
  .168441712E+02  .170385886E+02  .172349651E+02  .174333145E+02  .176336505E+02
  .178359868E+02  .180403370E+02  .182467147E+02  .184551333E+02  .186656064E+02
  .188781474E+02  .190927695E+02  .193094860E+02  .195283101E+02  .197492550E+02
  .199723335E+02  .201975586E+02  .204249432E+02  .206545000E+02  .208862415E+02
  .211201804E+02  .213563289E+02  .215946993E+02  .218353038E+02  .220781544E+02
  .223232629E+02  .225706410E+02  .228203002E+02  .230722521E+02  .233265078E+02
  .235830783E+02  .238419746E+02  .241032074E+02  .243667871E+02  .246327241E+02
  .249010284E+02  .251717099E+02  .254447784E+02  .257202432E+02  .259981135E+02
  .262783983E+02  .265611064E+02  .268462461E+02  .271338256E+02  .274238528E+02
  .277163354E+02  .280112807E+02  .283086958E+02  .286085872E+02  .289109615E+02
  .292158248E+02  .295231827E+02  .298330407E+02  .301454037E+02  .304602766E+02
  .307776636E+02  .310975686E+02  .314199952E+02  .317449465E+02  .320724253E+02
  .324024338E+02  .327349739E+02  .330700471E+02  .334076543E+02  .337477960E+02
  .340904723E+02  .344356829E+02  .347834266E+02  .351337022E+02  .354865076E+02
  .358418403E+02  .361996975E+02  .365600755E+02  .369229701E+02  .372883768E+02
  .376562901E+02  .380267044E+02  .383996130E+02  .387750089E+02  .391528843E+02
  .395332310E+02  .399160399E+02  .403013013E+02  .406890049E+02  .410791396E+02
  .414716937E+02  .418666547E+02  .422640095E+02  .426637441E+02  .430658439E+02
  .434702935E+02  .438770767E+02  .442861764E+02  .446975750E+02  .451112538E+02
  .455271934E+02  .459453737E+02  .463657734E+02  .467883707E+02  .472131428E+02
  .476400659E+02  .480691156E+02  .485002662E+02  .489334915E+02  .493687641E+02
  .498060557E+02  .502453371E+02  .506865781E+02  .511297477E+02  .515748136E+02
  .520217427E+02  .524705009E+02  .529210531E+02  .533733631E+02  .538273937E+02
  .542831066E+02  .547404625E+02  .551994212E+02  .556599411E+02  .561219796E+02
  .565854933E+02  .570504374E+02  .575167661E+02  .579844324E+02  .584533883E+02
  .589235847E+02  .593949711E+02  .598674962E+02  .603411072E+02  .608157506E+02
  .612913713E+02  .617679133E+02  .622453194E+02  .627235310E+02  .632024886E+02
  .636821315E+02  .641623977E+02  .646432241E+02  .651245464E+02  .656062990E+02
  .660884153E+02  .665708274E+02  .670534664E+02  .675362619E+02  .680191427E+02
  .685020361E+02  .689848685E+02  .694675648E+02  .699500492E+02  .704322443E+02
  .709140719E+02  .713954525E+02  .718763054E+02  .723565489E+02  .728361003E+02
  .733148755E+02  .737927896E+02  .742697565E+02  .747456891E+02  .752204991E+02
  .756940974E+02  .761663938E+02  .766372970E+02  .771067149E+02  .775745545E+02
  .780407216E+02  .785051213E+02  .789676577E+02  .794282342E+02  .798867533E+02
  .803431166E+02  .807972251E+02  .812489789E+02  .816982774E+02  .821450194E+02
  .825891031E+02  .830304258E+02  .834688847E+02  .839043760E+02  .843367956E+02
  .847660390E+02  .851920011E+02  .856145766E+02  .860336598E+02  .864491447E+02
  .868609251E+02  .872688945E+02  .876729465E+02  .880729743E+02  .884688713E+02
  .888605308E+02  .892478463E+02  .896307113E+02  .900090195E+02  .903826650E+02
  .907515419E+02  .911155452E+02  .914745698E+02  .918285113E+02  .921772661E+02
  .925207310E+02  .928588035E+02  .931913820E+02  .935183657E+02  .938396549E+02
  .941551505E+02  .944647551E+02  .947683718E+02  .950659055E+02  .953572622E+02
  .956423492E+02  .959210756E+02  .961933517E+02  .964590898E+02  .967182039E+02
  .969706097E+02  .972162249E+02  .974549693E+02  .976867647E+02  .979115352E+02
  .981292073E+02  .983397096E+02  .985429735E+02  .987389328E+02  .989275242E+02
  .991086868E+02  .992823631E+02  .994484981E+02  .996070403E+02  .997579409E+02
  .999011549E+02  .100036640E+03  .100164359E+03  .100284275E+03  .100396359E+03
  .100500583E+03  .100596922E+03  .100685359E+03  .100765876E+03  .100838464E+03
  .100903115E+03  .100959826E+03  .101008599E+03  .101049441E+03  .101082362E+03
  .101107379E+03  .101124512E+03  .101133785E+03  .101135231E+03  .101128884E+03
  .101114785E+03  .101092980E+03  .101063520E+03  .101026463E+03  .100981869E+03
  .100929808E+03  .100870352E+03  .100803580E+03  .100729577E+03  .100648434E+03
  .100560248E+03  .100465119E+03  .100363157E+03  .100254477E+03  .100139197E+03
  .100017445E+03  .998893539E+02  .997550613E+02  .996147123E+02  .994684580E+02
  .993164553E+02  .991588678E+02  .989958649E+02  .988276222E+02  .986543217E+02
  .984761513E+02  .982933053E+02  .981059838E+02  .979143933E+02  .977187459E+02
  .975192601E+02  .973161600E+02  .971096758E+02  .969000434E+02  .966875042E+02
  .964723055E+02  .962547001E+02  .960349460E+02  .958133068E+02  .955900510E+02
  .953654526E+02  .951397900E+02  .949133469E+02  .946864114E+02  .944592762E+02
  .942322381E+02  .940055983E+02  .937796619E+02  .935547378E+02  .933311384E+02
  .931091795E+02  .928891800E+02  .926714619E+02  .924563496E+02  .922441701E+02
  .920352526E+02  .918299282E+02  .916285295E+02  .914313906E+02  .912388467E+02
  .910512337E+02  .908688880E+02  .906921462E+02  .905213446E+02  .903568191E+02
  .901989048E+02  .900479356E+02  .899042437E+02  .897681597E+02  .896400118E+02
  .895201254E+02  .894088232E+02  .893064242E+02  .892132439E+02  .891295933E+02
  .890557791E+02  .889921027E+02  .889388604E+02  .888963425E+02  .888648329E+02
  .888446092E+02  .888359416E+02  .888390928E+02  .888543177E+02  .888818627E+02
  .889219653E+02  .889748540E+02  .890407473E+02  .891198538E+02  .892123715E+02
  .893184873E+02  .894383770E+02  .895722042E+02  .897201206E+02  .898822650E+02
  .900587633E+02  .902497278E+02  .904552572E+02  .906754356E+02  .909103327E+02
  .911600033E+02  .914244867E+02  .917038064E+02  .919979702E+02  .923069692E+02
  .926307781E+02  .929693546E+02  .933226389E+02  .936905539E+02  .940730048E+02
  .944698787E+02  .948810445E+02  .953063526E+02  .957456349E+02  .961987047E+02
  .966653561E+02  .971453646E+02  .976384862E+02  .981444581E+02  .986629982E+02
  .991938050E+02  .997365581E+02  .100290918E+03  .100856525E+03  .101433002E+03
  .102019953E+03  .102616961E+03  .103223593E+03  .103839397E+03  .104463901E+03
  .105096618E+03  .105737041E+03  .106384648E+03  .107038898E+03  .107699235E+03
  .108365087E+03  .109035864E+03  .109710965E+03  .110389771E+03  .111071651E+03
  .111755960E+03  .112442040E+03  .113129220E+03  .113816820E+03  .114504148E+03
  .115190501E+03  .115875169E+03  .116557432E+03  .117236563E+03  .117911830E+03
  .118582493E+03  .119247808E+03  .119907028E+03  .120559403E+03  .121204181E+03
  .121840610E+03  .122467937E+03  .123085412E+03  .123692287E+03  .124287817E+03
  .124871265E+03  .125441895E+03  .125998984E+03  .126541813E+03  .127069676E+03
  .127581875E+03  .128077726E+03  .128556559E+03  .129017717E+03  .129460560E+03
  .129884466E+03  .130288829E+03  .130673065E+03  .131036611E+03  .131378924E+03
  .131699486E+03  .131997804E+03  .132273411E+03  .132525865E+03  .132754754E+03
  .132959694E+03  .133140333E+03  .133296349E+03  .133427453E+03  .133533390E+03
  .133613939E+03  .133668913E+03  .133698163E+03  .133701577E+03  .133679081E+03
  .133630638E+03  .133556252E+03  .133455967E+03  .133329865E+03  .133178071E+03
  .133000752E+03  .132798116E+03  .132570411E+03  .132317930E+03  .132041007E+03
  .131740020E+03  .131415387E+03  .131067571E+03  .130697074E+03  .130304443E+03
  .129890264E+03  .129455167E+03  .128999820E+03  .128524932E+03  .128031251E+03
  .127519564E+03  .126990695E+03  .126445504E+03  .125884889E+03  .125309780E+03
  .124721140E+03  .124119966E+03  .123507282E+03  .122884144E+03  .122251633E+03
  .121610856E+03  .120962944E+03  .120309049E+03  .119650344E+03  .118988017E+03
  .118323276E+03  .117657339E+03  .116991435E+03  .116326804E+03  .115664690E+03
  .115006344E+03  .114353016E+03  .113705955E+03  .113066408E+03  .112435613E+03
  .111814800E+03  .111205190E+03  .110607985E+03  .110024372E+03  .109455517E+03
  .108902566E+03  .108366635E+03  .107848814E+03  .107350163E+03  .106871705E+03
  .106414427E+03  .105979280E+03  .105567169E+03  .105178955E+03  .104815454E+03
  .104477431E+03  .104165598E+03  .103880614E+03  .103623081E+03  .103393541E+03
  .103192477E+03  .103020307E+03  .102877386E+03  .102764003E+03  .102680376E+03
  .102626656E+03  .102602922E+03  .102609182E+03  .102645371E+03  .102711348E+03
  .102806899E+03  .102931736E+03  .103085492E+03  .103267728E+03  .103477928E+03
  .103715498E+03  .103979773E+03  .104270012E+03  .104585399E+03  .104925046E+03
  .105287994E+03  .105673214E+03  .106079607E+03  .106506009E+03  .106951189E+03
  .107413857E+03  .107892658E+03  .108386184E+03  .108892968E+03  .109411494E+03
  .109940195E+03  .110477461E+03  .111021637E+03  .111571032E+03  .112123918E+03
  .112678538E+03  .113233107E+03  .113785819E+03  .114334848E+03  .114878355E+03
  .115414492E+03  .115941404E+03  .116457240E+03  .116960148E+03  .117448292E+03
  .117919844E+03  .118373000E+03  .118805976E+03  .119217020E+03  .119604412E+03
  .119966471E+03  .120301559E+03  .120608086E+03  .120884516E+03  .121129368E+03
  .121341225E+03  .121518733E+03  .121660613E+03  .121765656E+03  .121832734E+03
  .121860799E+03  .121848890E+03  .121796135E+03  .121701755E+03  .121565064E+03
  .121385475E+03  .121162501E+03  .120895758E+03  .120584966E+03  .120229952E+03
  .119830648E+03  .119387098E+03  .118899453E+03  .118367975E+03  .117793034E+03
  .117175114E+03  .116514804E+03  .115812804E+03  .115069923E+03  .114287073E+03
  .113465273E+03  .112605644E+03  .111709407E+03  .110777880E+03  .109812476E+03
  .108814700E+03  .107786144E+03  .106728483E+03  .105643475E+03  .104532950E+03
  .103398811E+03  .102243026E+03  .101067623E+03  .998746887E+02  .986663563E+02
  .974448054E+02  .962122534E+02  .949709507E+02  .937231734E+02  .924712183E+02
  .912173955E+02  .899640228E+02  .887134184E+02  .874678955E+02  .862297542E+02
  .850012770E+02  .837847201E+02  .825823090E+02  .813962306E+02  .802286281E+02
  .790815935E+02  .779571633E+02  .768573110E+02  .757839427E+02  .747388904E+02
  .737239081E+02  .727406651E+02  .717907430E+02  .708756294E+02  .699967153E+02
  .691552894E+02  .683525361E+02  .675895308E+02  .668672378E+02  .661865067E+02
  .655480710E+02  .649525453E+02  .644004243E+02  .638920806E+02  .634277648E+02
  .630076041E+02  .626316028E+02  .622996416E+02  .620114794E+02  .617667528E+02
  .615649785E+02  .614055546E+02  .612877628E+02  .612107705E+02  .611736343E+02
  .611753028E+02  .612146201E+02  .612903304E+02  .614010816E+02  .615454308E+02
  .617218484E+02  .619287244E+02  .621643730E+02  .624270395E+02  .627149051E+02
  .630260940E+02  .633586789E+02  .637106883E+02  .640801117E+02  .644649072E+02
  .648630067E+02  .652723239E+02  .656907591E+02  .661162068E+02  .665465611E+02
  .669797231E+02  .674136056E+02  .678461407E+02  .682752844E+02  .686990238E+02
  .691153812E+02  .695224215E+02  .699182556E+02  .703010474E+02  .706690168E+02
  .710204463E+02  .713536838E+02  .716671482E+02  .719593319E+02  .722288057E+02
  .724742209E+02  .726943137E+02  .728879061E+02  .730539101E+02  .731913280E+02
  .732992558E+02  .733768827E+02  .734234939E+02  .734384697E+02  .734212872E+02
  .733715188E+02  .732888337E+02  .731729955E+02  .730238624E+02  .728413855E+02
  .726256075E+02  .723766604E+02  .720947643E+02  .717802241E+02  .714334276E+02
  .710548427E+02  .706450139E+02  .702045597E+02  .697341690E+02  .692345976E+02
  .687066644E+02  .681512482E+02  .675692827E+02  .669617542E+02  .663296956E+02
  .656741842E+02  .649963356E+02  .642973017E+02  .635782643E+02  .628404328E+02
  .620850385E+02  .613133319E+02  .605265772E+02  .597260498E+02  .589130303E+02
  .580888033E+02  .572546508E+02  .564118513E+02  .555616733E+02  .547053750E+02
  .538441978E+02  .529793667E+02  .521120833E+02  .512435270E+02  .503748484E+02
  .495071707E+02  .486415833E+02  .477791437E+02  .469208713E+02  .460677498E+02
  .452207213E+02  .443806890E+02  .435485118E+02  .427250070E+02  .419109456E+02
  .411070554E+02  .403140161E+02  .395324635E+02  .387629842E+02  .380061205E+02
  .372623656E+02  .365321681E+02  .358159285E+02  .351140027E+02  .344267002E+02
  .337542868E+02  .330969832E+02  .324549684E+02  .318283780E+02  .312173082E+02
  .306218140E+02  .300419134E+02  .294775860E+02  .289287771E+02  .283953964E+02
  .278773222E+02  .273744008E+02  .268864498E+02  .264132582E+02  .259545899E+02
  .255101831E+02  .250797547E+02  .246629992E+02  .242595930E+02  .238691940E+02
  .234914451E+02  .231259741E+02  .227723972E+02  .224303190E+02  .220993355E+02
  .217790344E+02  .214689981E+02  .211688035E+02  .208780254E+02  .205962360E+02
  .203230079E+02  .200579142E+02  .198005307E+02  .195504364E+02  .193072152E+02
  .190704564E+02  .188397565E+02  .186147194E+02  .183949578E+02  .181800939E+02
  .179697602E+02  .177635999E+02  .175612683E+02  .173624324E+02  .171667722E+02
  .169739808E+02  .167837649E+02  .165958449E+02  .164099556E+02  .162258459E+02
  .160432794E+02  .158620343E+02  .156819034E+02  .155026940E+02  .153242282E+02
  .151463426E+02  .149688880E+02  .147917293E+02  .146147455E+02  .144378293E+02
  .142608865E+02  .140838362E+02  .139066100E+02  .137291518E+02  .135514175E+02
  .133733741E+02  .131950001E+02  .130162839E+02  .128372244E+02  .126578298E+02
  .124781173E+02  .122981126E+02  .121178494E+02  .119373687E+02  .117567185E+02
  .115759533E+02  .113951330E+02  .112143234E+02  .110335945E+02  .108530210E+02
  .106726811E+02  .104926564E+02  .103130312E+02  .101338921E+02  .995532777E+01
  .977742790E+01  .960028343E+01  .942398569E+01  .924862629E+01  .907429646E+01
  .890108699E+01  .872908759E+01  .855838683E+01  .838907157E+01  .822122694E+01
  .805493580E+01  .789027878E+01  .772733375E+01  .756617589E+01  .740687722E+01
  .724950672E+01  .709412991E+01  .694080892E+01  .678960220E+01  .664056460E+01
  .649374710E+01  .634919693E+01  .620695732E+01  .606706767E+01  .592956336E+01
  .579447589E+01  .566183272E+01  .553165751E+01  .540396991E+01  .527878582E+01
  .515611731E+01  .503597278E+01  .491835681E+01  .480327078E+01  .469071219E+01
  .458067557E+01  .447315183E+01  .436812909E+01  .426559211E+01  .416552310E+01
  .406790114E+01  .397270303E+01  .387990270E+01  .378947210E+01  .370138055E+01
  .361559565E+01  .353208271E+01  .345080556E+01  .337172600E+01  .329480464E+01
  .322000036E+01  .314727110E+01  .307657333E+01  .300786286E+01  .294109428E+01
  .287622177E+01  .281319884E+01  .275197806E+01  .269251206E+01  .263475286E+01
  .257865261E+01  .252416313E+01  .247123647E+01  .241982459E+01  .236987988E+01
  .232135478E+01  .227420236E+01  .222837589E+01  .218382939E+01  .214051726E+01
  .209839478E+01  .205741768E+01  .201754276E+01  .197872735E+01  .194092992E+01
  .190410957E+01  .186822666E+01  .183324224E+01  .179911864E+01  .176581898E+01
  .173330773E+01  .170155016E+01  .167051292E+01  .164016354E+01  .161047091E+01
  .158140482E+01  .155293648E+01  .152503793E+01  .149768269E+01  .147084510E+01
  .144450094E+01  .141862682E+01  .139320076E+01  .136820159E+01  .134360953E+01
  .131940556E+01  .129557203E+01  .127209203E+01  .124894994E+01  .122613083E+01
  .120362107E+01  .118140764E+01  .115947875E+01  .113782318E+01  .111643090E+01
  .109529238E+01  .107439923E+01  .105374349E+01  .103331829E+01  .101311713E+01
  .993134528E+00  .973365335E+00  .953805328E+00  .934450579E+00  .915298016E+00
  .896344797E+00  .877588882E+00  .859028398E+00  .840662209E+00  .822489293E+00
  .804509304E+00  .786721949E+00  .769127556E+00  .751726450E+00  .734519519E+00
  .717507598E+00  .700692026E+00  .684074041E+00  .667655335E+00  .651437446E+00
  .635422319E+00  .619611700E+00  .604007696E+00  .588612172E+00  .573427311E+00
  .558455014E+00  .543697463E+00  .529156520E+00  .514834294E+00  .500732541E+00
  .486853233E+00  .473197961E+00  .459768499E+00  .446566222E+00  .433592664E+00
  .420848937E+00  .408336294E+00  .396055548E+00  .384007641E+00  .372193061E+00
  .360612412E+00  .349265838E+00  .338153592E+00  .327275459E+00  .316631334E+00
  .306220640E+00  .296042910E+00  .286097209E+00  .276382713E+00  .266898134E+00
  .257642306E+00  .248613601E+00  .239810524E+00  .231231126E+00  .222873603E+00
  .214735708E+00  .206815350E+00  .199110008E+00  .191617330E+00  .184334547E+00
  .177259074E+00  .170387923E+00  .163718306E+00  .157247107E+00  .150971223E+00
  .144887460E+00  .138992558E+00  .133283191E+00  .127755980E+00  .122407494E+00
  .117234261E+00  .112232772E+00  .107399488E+00  .102730847E+00  .982232665E-01
  .938731534E-01  .896769063E-01  .856309216E-01  .817315985E-01  .779753432E-01
  .743585732E-01  .708777221E-01  .675292425E-01  .643096105E-01  .612153286E-01
  .582429289E-01  .553889764E-01  .526500716E-01  .500228528E-01  .475039989E-01
  .450902314E-01  .427783163E-01  .405650662E-01  .384473419E-01  .364220537E-01
  .344861632E-01  .326366845E-01  .308706850E-01  .291852869E-01  .275776679E-01
  .260450619E-01  .245847599E-01  .231941106E-01  .218705209E-01  .206114562E-01
  .194144410E-01  .182770590E-01  .171969536E-01  .161718273E-01  .151994428E-01
  .142776221E-01  .134042469E-01  .125772582E-01  .117946561E-01  .110545000E-01
  .103549073E-01  .969405402E-02  .907017359E-02  .848155671E-02  .792655063E-02
  .740355855E-02  .691103891E-02  .644750468E-02  .601152252E-02  .560171201E-02
  .521674468E-02  .485534317E-02  .451628019E-02  .419837757E-02  .390050521E-02
  .362157998E-02  .336056467E-02  .311646684E-02  .288833767E-02  .267527083E-02
  .247640127E-02  .229090404E-02  .211799308E-02  .195692004E-02  .180697305E-02
  .166747549E-02  .153778484E-02  .141729139E-02  .130541714E-02  .120161455E-02
  .110536536E-02  .101617951E-02  .933593889E-03  .857171302E-03  .786499318E-03
  .721189205E-03  .660874871E-03  .605211831E-03  .553876196E-03  .506563698E-03
  .462988732E-03  .422883436E-03  .385996792E-03  .352093758E-03  .320954434E-03
  .292373254E-03  .266158206E-03  .242130085E-03  .220121775E-03  .199977560E-03
  .181552460E-03  .164711605E-03  .149329628E-03  .135290090E-03  .122484930E-03
  .110813944E-03  .100184289E-03  .905100097E-04  .817115903E-04  .737155337E-04
  .664539589E-04  .598642218E-04  .538885579E-04  .484737448E-04  .435707842E-04
  .391346028E-04  .351237713E-04  .315002401E-04  .282290920E-04  .252783099E-04
  .226185596E-04  .202229868E-04  .180670274E-04  .161282301E-04  .143860919E-04
  .128219037E-04  .114186079E-04  .101606647E-04  .903392954E-05  .802553774E-05
  .712379882E-05  .631809804E-05  .559880551E-05  .495719216E-05  .438535216E-05
  .387613138E-05  .342306143E-05  .302029897E-05  .266256986E-05  .234511786E-05
  .206365750E-05  .181433094E-05  .159366831E-05  .139855152E-05  .122618110E-05
  .107404592E-05  .939895524E-06  .821714953E-06  .717701752E-06  .626245063E-06
  .545906619E-06  .475403461E-06  .413592266E-06  .359455128E-06  .312086681E-06
  .270682446E-06  .234528294E-06  .202990935E-06  .175509325E-06  .151586936E-06
  .130784779E-06  .112715146E-06  .970359695E-07  .834457713E-07  .716791268E-07
  .615026044E-07  .527111316E-07  .451247458E-07  .385856948E-07  .329558486E-07
  .281143955E-07  .239557901E-07  .203879300E-07  .173305362E-07  .147137176E-07
  .124766980E-07  .105666905E-07  .893790210E-08  .755065561E-08  .637061461E-08
  .536810141E-08  .451749697E-08  .379671366E-08  .318673271E-08  .267119883E-08
  .223606544E-08  .186928455E-08  .156053603E-08  .130099157E-08  .108310923E-08
  .900454721E-09  .747546245E-09  .619719976E-09  .513013527E-09  .424065202E-09
  .350026983E-09  .288489500E-09  .237417425E-09  .195093911E-09  .160072894E-09
  .131138197E-09  .107268517E-09  .876074993E-10  .714381949E-10  .581612901E-10
  .472765853E-10  .383672586E-10  .310865178E-10  .251462897E-10  .203076895E-10
  .163728657E-10  .131783772E-10  .105892295E-10  .849430815E-11  .680215731E-11
  .543768546E-11  .433934264E-11  .345676544E-11  .274881551E-11  .218194880E-11
  .172886195E-11  .136737094E-11  .107948366E-11  .850634269E-12  .669052319E-12
  .525243843E-12  .411565324E-12  .321874582E-12  .251245226E-12  .195733547E-12
  .152188577E-12  .118097626E-12  .914609101E-13  .706900008E-13  .545257175E-13
  .419718864E-13  .322420016E-13  .247163628E-13  .189077036E-13  .144336846E-13
  .109949261E-13  .835750283E-14  .633902151E-14  .479757425E-14  .362299072E-14
  .272992656E-14  .205241444E-14  .153957760E-14  .115226544E-14  .860418747E-15
  .641010950E-15  .476443172E-15  .353295898E-15  .261360288E-15  .192888239E-15
  .142013162E-15  .104303683E-15  .764205758E-16  .558536998E-16  .407207582E-16
  .296137396E-16  .214820287E-16  .155436516E-16  .112180547E-16  .807531971E-17
  .579789631E-17  .415183901E-17  .296524534E-17  .211213405E-17  .150042266E-17
  .106298601E-17  .751023802E-18  .529154420E-18  .371795390E-18  .260500533E-18
  .182006288E-18  .126802370E-18  .880889662E-19  .610181028E-19  .421433187E-19
  .290215985E-19  .199262756E-19  .136405755E-19  .930958851E-20  .633444980E-20
  .429691969E-20  .290579331E-20  .195893705E-20  .131647788E-20  .881927601E-21
  .588935129E-21  .392017923E-21  .260098005E-21  .172008280E-21  .113378690E-21
  .744854915E-22  .487706383E-22  .318258438E-22  .206978051E-22  .134146573E-22
  .866430538E-23  .557666624E-23  .357676206E-23  .228595461E-23  .145577707E-23
  .923760378E-24  .584047724E-24  .367916405E-24  .230913299E-24  .144389221E-24
  .899484310E-25  .558228822E-25  .345125868E-25  .212557289E-25  .130405006E-25
  .796927337E-26  .485104948E-26  .294124644E-26  .177620037E-26  .106832483E-26
  .639957875E-27  .381787689E-27  .226830042E-27  .134206295E-27  .790722835E-28
  .463916762E-28  .271022550E-28  .157654162E-28  .913114121E-29  .526561515E-29
  .302316827E-29  .172802200E-29  .983318983E-30  .557034549E-30  .314120742E-30
  .176328277E-30  .985240257E-31  .547950098E-31  .303320844E-31  .167112705E-31
  .916317763E-32  .500029332E-32  .271544358E-32  .146745593E-32  .789134902E-33
  .422262117E-33  .224822783E-33  .119099067E-33  .627723819E-34  .329157154E-34
  .171709577E-34  .891095432E-35  .460017336E-35  .236225144E-35  .120659496E-35
  .613001753E-36  .309747618E-36  .155661552E-36  .777969883E-37  .386663369E-37
  .191105293E-37  .939209138E-38  .458967702E-38  .223003829E-38  .107729067E-38
  .517396763E-39  .247038379E-39  .117255870E-39  .553239990E-40  .259466055E-40
  .120952426E-40  .560395382E-41  .258047200E-41  .118088318E-41  .537027204E-42
  .242686379E-42  .108976366E-42  .486222345E-43  .215541484E-43  .949287386E-44
  .415348628E-44  .180531607E-44  .779464083E-45  .334285987E-45  .142395438E-45
  .602429553E-46  .253119163E-46  .105615689E-46  .437615206E-47  .180049802E-47
  .735537298E-48  .298334794E-48  .120133858E-48  .480246514E-49  .190579012E-49
  .750710615E-50  .293515520E-50  .113900284E-50  .438659727E-51  .167653933E-51
  .635852458E-52  .239292447E-52  .893521185E-53  .331022052E-53  .121662849E-53
  .443588873E-54  .160434293E-54  .575546038E-55  .204787427E-55  .722670554E-56
  .252914620E-56  .877874666E-57  .302254041E-57  .103295621E-57  .351710088E-58
  .119819637E-58  .419852660E-59  .158813284E-59  .751986159E-60  .568204884E-60
  .000000000E+00  .000000000E+00  .000000000E+00  .000000000E+00  .000000000E+00
  .000000000E+00  .000000000E+00  .000000000E+00  .000000000E+00  .000000000E+00
  .000000000E+00  .000000000E+00  .000000000E+00  .000000000E+00  .000000000E+00
  .000000000E+00  .000000000E+00  .000000000E+00  .000000000E+00  .000000000E+00
  .000000000E+00  .000000000E+00  .000000000E+00  .000000000E+00  .000000000E+00
  .000000000E+00  .000000000E+00  .000000000E+00  .000000000E+00  .000000000E+00
  .000000000E+00  .000000000E+00  .000000000E+00  .000000000E+00  .000000000E+00
  .000000000E+00  .000000000E+00  .000000000E+00  .000000000E+00  .000000000E+00
  .000000000E+00  .000000000E+00  .000000000E+00  .000000000E+00  .000000000E+00
  .000000000E+00  .000000000E+00  .000000000E+00  .000000000E+00  .000000000E+00
  .000000000E+00  .000000000E+00  .000000000E+00  .000000000E+00  .000000000E+00
  .000000000E+00  .000000000E+00  .000000000E+00  .000000000E+00  .000000000E+00
  .000000000E+00  .000000000E+00  .000000000E+00  .000000000E+00  .000000000E+00
  .000000000E+00  .000000000E+00  .000000000E+00  .000000000E+00  .000000000E+00
  .000000000E+00  .000000000E+00  .000000000E+00  .000000000E+00  .000000000E+00
  .000000000E+00  .000000000E+00  .000000000E+00  .000000000E+00  .000000000E+00
  .000000000E+00  .000000000E+00  .000000000E+00  .000000000E+00  .000000000E+00
  .000000000E+00  .000000000E+00  .000000000E+00  .000000000E+00  .000000000E+00
  .000000000E+00  .000000000E+00  .000000000E+00  .000000000E+00  .000000000E+00
  .000000000E+00  .000000000E+00  .000000000E+00  .000000000E+00  .000000000E+00
  .000000000E+00  .000000000E+00  .000000000E+00  .000000000E+00  .000000000E+00
  .000000000E+00  .000000000E+00  .000000000E+00  .000000000E+00  .000000000E+00
  .000000000E+00  .000000000E+00  .000000000E+00  .000000000E+00  .000000000E+00
  .000000000E+00  .000000000E+00  .000000000E+00  .000000000E+00  .000000000E+00
  .000000000E+00  .000000000E+00  .000000000E+00  .000000000E+00  .000000000E+00
  .000000000E+00  .000000000E+00  .000000000E+00  .000000000E+00  .000000000E+00
  .000000000E+00  .000000000E+00  .000000000E+00  .000000000E+00  .000000000E+00
  .000000000E+00  .000000000E+00  .000000000E+00  .000000000E+00  .000000000E+00
  .000000000E+00  .000000000E+00  .000000000E+00  .000000000E+00  .000000000E+00
  .000000000E+00  .000000000E+00  .000000000E+00  .000000000E+00  .000000000E+00
  .000000000E+00  .000000000E+00  .000000000E+00  .000000000E+00  .000000000E+00
  .000000000E+00  .000000000E+00  .000000000E+00  .000000000E+00  .000000000E+00
  .000000000E+00  .000000000E+00  .000000000E+00  .000000000E+00  .000000000E+00
  .000000000E+00  .000000000E+00  .000000000E+00  .000000000E+00  .000000000E+00
  .000000000E+00  .000000000E+00  .000000000E+00  .000000000E+00  .000000000E+00
  .000000000E+00  .000000000E+00  .000000000E+00  .000000000E+00  .000000000E+00
  .000000000E+00  .000000000E+00  .000000000E+00  .000000000E+00  .000000000E+00
  .000000000E+00  .000000000E+00  .000000000E+00  .000000000E+00  .000000000E+00
  .000000000E+00  .000000000E+00  .000000000E+00  .000000000E+00  .000000000E+00
  .000000000E+00  .000000000E+00  .000000000E+00  .000000000E+00  .000000000E+00
  .000000000E+00  .000000000E+00  .000000000E+00  .000000000E+00  .000000000E+00
  .000000000E+00  .000000000E+00  .000000000E+00  .000000000E+00  .000000000E+00
  .000000000E+00  .000000000E+00  .000000000E+00  .000000000E+00  .000000000E+00
  .000000000E+00  .000000000E+00  .000000000E+00  .000000000E+00  .000000000E+00
  .000000000E+00  .000000000E+00  .000000000E+00  .000000000E+00  .000000000E+00
  .000000000E+00  .000000000E+00  .000000000E+00  .000000000E+00  .000000000E+00
  .000000000E+00  .000000000E+00  .000000000E+00  .000000000E+00  .000000000E+00
  .000000000E+00  .000000000E+00  .000000000E+00  .000000000E+00  .000000000E+00
