Sc: 3p4s3d                              
  .552147355E-03  .560931497E-03  .569855265E-03  .578920875E-03  .588130579E-03
  .597486663E-03  .606991452E-03  .616647305E-03  .626456620E-03  .636421833E-03
  .646545417E-03  .656829886E-03  .667277794E-03  .677891733E-03  .688674339E-03
  .699628287E-03  .710756297E-03  .722061129E-03  .733545590E-03  .745212530E-03
  .757064842E-03  .769105469E-03  .781337398E-03  .793763662E-03  .806387345E-03
  .819211579E-03  .832239544E-03  .845474471E-03  .858919643E-03  .872578395E-03
  .886454112E-03  .900550238E-03  .914870265E-03  .929417745E-03  .944196285E-03
  .959209547E-03  .974461254E-03  .989955186E-03  .100569518E-02  .102168515E-02
  .103792904E-02  .105443088E-02  .107119477E-02  .108822485E-02  .110552535E-02
  .112310056E-02  .114095481E-02  .115909254E-02  .117751825E-02  .119623648E-02
  .121525188E-02  .123456916E-02  .125419310E-02  .127412856E-02  .129438047E-02
  .131495385E-02  .133585379E-02  .135708546E-02  .137865412E-02  .140056510E-02
  .142282382E-02  .144543580E-02  .146840663E-02  .149174199E-02  .151544765E-02
  .153952947E-02  .156399342E-02  .158884554E-02  .161409198E-02  .163973898E-02
  .166579288E-02  .169226012E-02  .171914725E-02  .174646090E-02  .177420784E-02
  .180239492E-02  .183102909E-02  .186011745E-02  .188966717E-02  .191968556E-02
  .195018002E-02  .198115810E-02  .201262743E-02  .204459580E-02  .207707110E-02
  .211006134E-02  .214357467E-02  .217761936E-02  .221220382E-02  .224733657E-02
  .228302630E-02  .231928180E-02  .235611202E-02  .239352604E-02  .243153310E-02
  .247014257E-02  .250936397E-02  .254920697E-02  .258968140E-02  .263079723E-02
  .267256460E-02  .271499380E-02  .275809530E-02  .280187971E-02  .284635781E-02
  .289154058E-02  .293743913E-02  .298406478E-02  .303142900E-02  .307954346E-02
  .312842001E-02  .317807068E-02  .322850769E-02  .327974345E-02  .333179058E-02
  .338466188E-02  .343837036E-02  .349292924E-02  .354835192E-02  .360465205E-02
  .366184347E-02  .371994024E-02  .377895664E-02  .383890719E-02  .389980660E-02
  .396166986E-02  .402451216E-02  .408834894E-02  .415319588E-02  .421906891E-02
  .428598421E-02  .435395820E-02  .442300758E-02  .449314929E-02  .456440054E-02
  .463677884E-02  .471030192E-02  .478498783E-02  .486085489E-02  .493792171E-02
  .501620718E-02  .509573050E-02  .517651116E-02  .525856895E-02  .534192400E-02
  .542659672E-02  .551260785E-02  .559997847E-02  .568872997E-02  .577888408E-02
  .587046287E-02  .596348877E-02  .605798453E-02  .615397327E-02  .625147850E-02
  .635052404E-02  .645113414E-02  .655333338E-02  .665714676E-02  .676259965E-02
  .686971782E-02  .697852745E-02  .708905511E-02  .720132782E-02  .731537298E-02
  .743121843E-02  .754889248E-02  .766842382E-02  .778984163E-02  .791317554E-02
  .803845563E-02  .816571245E-02  .829497703E-02  .842628089E-02  .855965603E-02
  .869513495E-02  .883275065E-02  .897253667E-02  .911452704E-02  .925875633E-02
  .940525965E-02  .955407267E-02  .970523158E-02  .985877317E-02  .100147348E-01
  .101731543E-01  .103340703E-01  .104975219E-01  .106635487E-01  .108321912E-01
  .110034903E-01  .111774875E-01  .113542251E-01  .115337461E-01  .117160939E-01
  .119013129E-01  .120894479E-01  .122805446E-01  .124746492E-01  .126718089E-01
  .128720714E-01  .130754852E-01  .132820996E-01  .134919646E-01  .137051310E-01
  .139216503E-01  .141415751E-01  .143649584E-01  .145918542E-01  .148223175E-01
  .150564039E-01  .152941699E-01  .155356731E-01  .157809717E-01  .160301248E-01
  .162831928E-01  .165402365E-01  .168013181E-01  .170665004E-01  .173358474E-01
  .176094239E-01  .178872960E-01  .181695304E-01  .184561953E-01  .187473594E-01
  .190430930E-01  .193434672E-01  .196485541E-01  .199584271E-01  .202731607E-01
  .205928304E-01  .209175132E-01  .212472868E-01  .215822305E-01  .219224246E-01
  .222679507E-01  .226188916E-01  .229753314E-01  .233373556E-01  .237050509E-01
  .240785052E-01  .244578080E-01  .248430501E-01  .252343234E-01  .256317217E-01
  .260353398E-01  .264452743E-01  .268616229E-01  .272844852E-01  .277139619E-01
  .281501556E-01  .285931702E-01  .290431114E-01  .295000864E-01  .299642040E-01
  .304355747E-01  .309143107E-01  .314005259E-01  .318943358E-01  .323958579E-01
  .329052114E-01  .334225172E-01  .339478980E-01  .344814787E-01  .350233857E-01
  .355737475E-01  .361326946E-01  .367003593E-01  .372768762E-01  .378623815E-01
  .384570140E-01  .390609140E-01  .396742245E-01  .402970902E-01  .409296583E-01
  .415720781E-01  .422245011E-01  .428870811E-01  .435599744E-01  .442433394E-01
  .449373371E-01  .456421307E-01  .463578862E-01  .470847716E-01  .478229579E-01
  .485726185E-01  .493339293E-01  .501070689E-01  .508922186E-01  .516895625E-01
  .524992874E-01  .533215828E-01  .541566411E-01  .550046577E-01  .558658308E-01
  .567403615E-01  .576284541E-01  .585303157E-01  .594461568E-01  .603761907E-01
  .613206343E-01  .622797072E-01  .632536327E-01  .642426373E-01  .652469508E-01
  .662668065E-01  .673024410E-01  .683540947E-01  .694220114E-01  .705064384E-01
  .716076269E-01  .727258316E-01  .738613112E-01  .750143281E-01  .761851485E-01
  .773740427E-01  .785812848E-01  .798071531E-01  .810519300E-01  .823159020E-01
  .835993597E-01  .849025983E-01  .862259171E-01  .875696197E-01  .889340145E-01
  .903194141E-01  .917261359E-01  .931545017E-01  .946048383E-01  .960774771E-01
  .975727544E-01  .990910115E-01  .100632594E+00  .102197854E+00  .103787148E+00
  .105400836E+00  .107039287E+00  .108702871E+00  .110391967E+00  .112106957E+00
  .113848230E+00  .115616181E+00  .117411208E+00  .119233719E+00  .121084124E+00
  .122962840E+00  .124870292E+00  .126806909E+00  .128773127E+00  .130769388E+00
  .132796140E+00  .134853838E+00  .136942944E+00  .139063925E+00  .141217256E+00
  .143403419E+00  .145622903E+00  .147876202E+00  .150163818E+00  .152486262E+00
  .154844051E+00  .157237708E+00  .159667764E+00  .162134761E+00  .164639243E+00
  .167181766E+00  .169762892E+00  .172383191E+00  .175043242E+00  .177743631E+00
  .180484953E+00  .183267812E+00  .186092818E+00  .188960593E+00  .191871764E+00
  .194826971E+00  .197826858E+00  .200872083E+00  .203963310E+00  .207101213E+00
  .210286475E+00  .213519790E+00  .216801860E+00  .220133397E+00  .223515124E+00
  .226947773E+00  .230432085E+00  .233968814E+00  .237558723E+00  .241202584E+00
  .244901182E+00  .248655312E+00  .252465778E+00  .256333399E+00  .260259001E+00
  .264243424E+00  .268287518E+00  .272392145E+00  .276558179E+00  .280786505E+00
  .285078022E+00  .289433639E+00  .293854277E+00  .298340872E+00  .302894370E+00
  .307515731E+00  .312205927E+00  .316965944E+00  .321796781E+00  .326699450E+00
  .331674975E+00  .336724398E+00  .341848769E+00  .347049156E+00  .352326640E+00
  .357682317E+00  .363117295E+00  .368632699E+00  .374229668E+00  .379909355E+00
  .385672931E+00  .391521578E+00  .397456496E+00  .403478901E+00  .409590023E+00
  .415791110E+00  .422083423E+00  .428468243E+00  .434946865E+00  .441520601E+00
  .448190779E+00  .454958747E+00  .461825867E+00  .468793520E+00  .475863103E+00
  .483036032E+00  .490313741E+00  .497697681E+00  .505189322E+00  .512790152E+00
  .520501678E+00  .528325425E+00  .536262937E+00  .544315780E+00  .552485535E+00
  .560773804E+00  .569182211E+00  .577712397E+00  .586366025E+00  .595144776E+00
  .604050354E+00  .613084483E+00  .622248906E+00  .631545390E+00  .640975721E+00
  .650541706E+00  .660245176E+00  .670087982E+00  .680071998E+00  .690199119E+00
  .700471262E+00  .710890369E+00  .721458403E+00  .732177349E+00  .743049217E+00
  .754076040E+00  .765259873E+00  .776602796E+00  .788106912E+00  .799774349E+00
  .811607258E+00  .823607816E+00  .835778223E+00  .848120705E+00  .860637511E+00
  .873330918E+00  .886203225E+00  .899256759E+00  .912493871E+00  .925916938E+00
  .939528365E+00  .953330581E+00  .967326041E+00  .981517227E+00  .995906648E+00
  .101049684E+01  .102529037E+01  .104028981E+01  .105549780E+01  .107091697E+01
  .108654999E+01  .110239956E+01  .111846842E+01  .113475931E+01  .115127501E+01
  .116801834E+01  .118499214E+01  .120219927E+01  .121964262E+01  .123732513E+01
  .125524975E+01  .127341945E+01  .129183724E+01  .131050617E+01  .132942931E+01
  .134860974E+01  .136805060E+01  .138775504E+01  .140772625E+01  .142796743E+01
  .144848184E+01  .146927274E+01  .149034344E+01  .151169726E+01  .153333757E+01
  .155526776E+01  .157749124E+01  .160001147E+01  .162283191E+01  .164595608E+01
  .166938752E+01  .169312978E+01  .171718647E+01  .174156120E+01  .176625763E+01
  .179127944E+01  .181663033E+01  .184231405E+01  .186833436E+01  .189469506E+01
  .192139996E+01  .194845293E+01  .197585784E+01  .200361859E+01  .203173912E+01
  .206022339E+01  .208907538E+01  .211829912E+01  .214789864E+01  .217787801E+01
  .220824132E+01  .223899269E+01  .227013626E+01  .230167621E+01  .233361672E+01
  .236596201E+01  .239871632E+01  .243188391E+01  .246546907E+01  .249947612E+01
  .253390937E+01  .256877318E+01  .260407193E+01  .263981000E+01  .267599182E+01
  .271262180E+01  .274970440E+01  .278724410E+01  .282524537E+01  .286371271E+01
  .290265066E+01  .294206372E+01  .298195647E+01  .302233345E+01  .306319924E+01
  .310455842E+01  .314641560E+01  .318877537E+01  .323164237E+01  .327502120E+01
  .331891650E+01  .336333292E+01  .340827509E+01  .345374767E+01  .349975530E+01
  .354630263E+01  .359339433E+01  .364103505E+01  .368922944E+01  .373798214E+01
  .378729781E+01  .383718109E+01  .388763660E+01  .393866898E+01  .399028285E+01
  .404248280E+01  .409527343E+01  .414865932E+01  .420264502E+01  .425723510E+01
  .431243407E+01  .436824644E+01  .442467670E+01  .448172930E+01  .453940867E+01
  .459771924E+01  .465666536E+01  .471625139E+01  .477648163E+01  .483736037E+01
  .489889183E+01  .496108023E+01  .502392971E+01  .508744438E+01  .515162832E+01
  .521648553E+01  .528201998E+01  .534823559E+01  .541513621E+01  .548272564E+01
  .555100762E+01  .561998582E+01  .568966384E+01  .576004522E+01  .583113344E+01
  .590293188E+01  .597544386E+01  .604867262E+01  .612262130E+01  .619729298E+01
  .627269064E+01  .634881716E+01  .642567532E+01  .650326784E+01  .658159729E+01
  .666066617E+01  .674047685E+01  .682103161E+01  .690233259E+01  .698438184E+01
  .706718127E+01  .715073267E+01  .723503769E+01  .732009788E+01  .740591462E+01
  .749248917E+01  .757982263E+01  .766791597E+01  .775677001E+01  .784638539E+01
  .793676262E+01  .802790203E+01  .811980380E+01  .821246792E+01  .830589421E+01
  .840008232E+01  .849503171E+01  .859074165E+01  .868721123E+01  .878443934E+01
  .888242465E+01  .898116566E+01  .908066063E+01  .918090762E+01  .928190448E+01
  .938364883E+01  .948613806E+01  .958936933E+01  .969333957E+01  .979804548E+01
  .990348349E+01  .100096498E+02  .101165403E+02  .102241508E+02  .103324766E+02
  .104415129E+02  .105512546E+02  .106616962E+02  .107728322E+02  .108846565E+02
  .109971629E+02  .111103448E+02  .112241955E+02  .113387077E+02  .114538740E+02
  .115696867E+02  .116861376E+02  .118032183E+02  .119209202E+02  .120392342E+02
  .121581508E+02  .122776603E+02  .123977527E+02  .125184176E+02  .126396442E+02
  .127614213E+02  .128837375E+02  .130065810E+02  .131299394E+02  .132538004E+02
  .133781508E+02  .135029775E+02  .136282667E+02  .137540042E+02  .138801757E+02
  .140067663E+02  .141337607E+02  .142611434E+02  .143888982E+02  .145170087E+02
  .146454581E+02  .147742291E+02  .149033042E+02  .150326652E+02  .151622937E+02
  .152921708E+02  .154222772E+02  .155525934E+02  .156830990E+02  .158137737E+02
  .159445965E+02  .160755460E+02  .162066005E+02  .163377379E+02  .164689354E+02
  .166001702E+02  .167314188E+02  .168626574E+02  .169938618E+02  .171250073E+02
  .172560689E+02  .173870211E+02  .175178381E+02  .176484937E+02  .177789612E+02
  .179092136E+02  .180392235E+02  .181689631E+02  .182984042E+02  .184275184E+02
  .185562767E+02  .186846499E+02  .188126083E+02  .189401219E+02  .190671606E+02
  .191936935E+02  .193196899E+02  .194451184E+02  .195699474E+02  .196941450E+02
  .198176792E+02  .199405173E+02  .200626267E+02  .201839745E+02  .203045273E+02
  .204242517E+02  .205431141E+02  .206610805E+02  .207781169E+02  .208941888E+02
  .210092620E+02  .211233018E+02  .212362734E+02  .213481420E+02  .214588726E+02
  .215684300E+02  .216767792E+02  .217838850E+02  .218897120E+02  .219942250E+02
  .220973888E+02  .221991680E+02  .222995274E+02  .223984320E+02  .224958465E+02
  .225917360E+02  .226860656E+02  .227788006E+02  .228699064E+02  .229593486E+02
  .230470932E+02  .231331061E+02  .232173537E+02  .232998027E+02  .233804200E+02
  .234591728E+02  .235360288E+02  .236109561E+02  .236839231E+02  .237548987E+02
  .238238523E+02  .238907537E+02  .239555735E+02  .240182825E+02  .240788524E+02
  .241372554E+02  .241934642E+02  .242474525E+02  .242991943E+02  .243486648E+02
  .243958397E+02  .244406955E+02  .244832096E+02  .245233602E+02  .245611266E+02
  .245964887E+02  .246294277E+02  .246599256E+02  .246879654E+02  .247135312E+02
  .247366082E+02  .247571828E+02  .247752424E+02  .247907756E+02  .248037724E+02
  .248142237E+02  .248221220E+02  .248274610E+02  .248302355E+02  .248304421E+02
  .248280784E+02  .248231437E+02  .248156384E+02  .248055648E+02  .247929263E+02
  .247777281E+02  .247599769E+02  .247396809E+02  .247168499E+02  .246914954E+02
  .246636304E+02  .246332698E+02  .246004300E+02  .245651291E+02  .245273871E+02
  .244872255E+02  .244446678E+02  .243997390E+02  .243524662E+02  .243028780E+02
  .242510051E+02  .241968797E+02  .241405361E+02  .240820103E+02  .240213401E+02
  .239585653E+02  .238937274E+02  .238268698E+02  .237580378E+02  .236872784E+02
  .236146407E+02  .235401752E+02  .234639347E+02  .233859734E+02  .233063477E+02
  .232251154E+02  .231423363E+02  .230580719E+02  .229723854E+02  .228853418E+02
  .227970078E+02  .227074514E+02  .226167428E+02  .225249533E+02  .224321561E+02
  .223384257E+02  .222438383E+02  .221484713E+02  .220524038E+02  .219557160E+02
  .218584896E+02  .217608075E+02  .216627537E+02  .215644137E+02  .214658737E+02
  .213672212E+02  .212685446E+02  .211699333E+02  .210714774E+02  .209732681E+02
  .208753969E+02  .207779564E+02  .206810393E+02  .205847393E+02  .204891501E+02
  .203943660E+02  .203004815E+02  .202075913E+02  .201157901E+02  .200251726E+02
  .199358336E+02  .198478675E+02  .197613686E+02  .196764308E+02  .195931475E+02
  .195116115E+02  .194319151E+02  .193541497E+02  .192784059E+02  .192047735E+02
  .191333410E+02  .190641958E+02  .189974242E+02  .189331109E+02  .188713392E+02
  .188121911E+02  .187557465E+02  .187020837E+02  .186512791E+02  .186034071E+02
  .185585400E+02  .185167478E+02  .184780983E+02  .184426568E+02  .184104860E+02
  .183816462E+02  .183561948E+02  .183341863E+02  .183156723E+02  .183007015E+02
  .182893193E+02  .182815680E+02  .182774865E+02  .182771102E+02  .182804712E+02
  .182875979E+02  .182985150E+02  .183132435E+02  .183318004E+02  .183541990E+02
  .183804485E+02  .184105540E+02  .184445166E+02  .184823332E+02  .185239962E+02
  .185694940E+02  .186188106E+02  .186719254E+02  .187288136E+02  .187894457E+02
  .188537878E+02  .189218014E+02  .189934437E+02  .190686669E+02  .191474188E+02
  .192296427E+02  .193152771E+02  .194042560E+02  .194965089E+02  .195919606E+02
  .196905314E+02  .197921370E+02  .198966886E+02  .200040932E+02  .201142532E+02
  .202270666E+02  .203424271E+02  .204602245E+02  .205803440E+02  .207026670E+02
  .208270708E+02  .209534288E+02  .210816107E+02  .212114823E+02  .213429060E+02
  .214757406E+02  .216098415E+02  .217450609E+02  .218812479E+02  .220182486E+02
  .221559063E+02  .222940616E+02  .224325524E+02  .225712145E+02  .227098812E+02
  .228483840E+02  .229865524E+02  .231242141E+02  .232611954E+02  .233973213E+02
  .235324156E+02  .236663011E+02  .237987998E+02  .239297334E+02  .240589229E+02
  .241861894E+02  .243113540E+02  .244342381E+02  .245546635E+02  .246724528E+02
  .247874295E+02  .248994183E+02  .250082452E+02  .251137379E+02  .252157258E+02
  .253140404E+02  .254085155E+02  .254989873E+02  .255852948E+02  .256672800E+02
  .257447880E+02  .258176671E+02  .258857695E+02  .259489511E+02  .260070718E+02
  .260599957E+02  .261075914E+02  .261497323E+02  .261862963E+02  .262171668E+02
  .262422320E+02  .262613858E+02  .262745277E+02  .262815629E+02  .262824025E+02
  .262769638E+02  .262651705E+02  .262469525E+02  .262222463E+02  .261909954E+02
  .261531497E+02  .261086665E+02  .260575097E+02  .259996508E+02  .259350683E+02
  .258637482E+02  .257856839E+02  .257008763E+02  .256093338E+02  .255110725E+02
  .254061161E+02  .252944960E+02  .251762514E+02  .250514289E+02  .249200831E+02
  .247822761E+02  .246380779E+02  .244875658E+02  .243308250E+02  .241679480E+02
  .239990348E+02  .238241928E+02  .236435367E+02  .234571883E+02  .232652766E+02
  .230679373E+02  .228653132E+02  .226575535E+02  .224448140E+02  .222272568E+02
  .220050502E+02  .217783685E+02  .215473914E+02  .213123047E+02  .210732990E+02
  .208305703E+02  .205843193E+02  .203347515E+02  .200820764E+02  .198265079E+02
  .195682635E+02  .193075642E+02  .190446344E+02  .187797013E+02  .185129948E+02
  .182447469E+02  .179751918E+02  .177045654E+02  .174331048E+02  .171610481E+02
  .168886343E+02  .166161025E+02  .163436920E+02  .160716415E+02  .158001894E+02
  .155295727E+02  .152600273E+02  .149917873E+02  .147250847E+02  .144601491E+02
  .141972076E+02  .139364839E+02  .136781985E+02  .134225682E+02  .131698058E+02
  .129201196E+02  .126737133E+02  .124307857E+02  .121915303E+02  .119561352E+02
  .117247824E+02  .114976482E+02  .112749023E+02  .110567079E+02  .108432216E+02
  .106345927E+02  .104309635E+02  .102324688E+02  .100392358E+02  .985138409E+01
  .966902516E+01  .949226255E+01  .932119170E+01  .915589969E+01  .899646535E+01
  .884295897E+01  .869544246E+01  .855396910E+01  .841858366E+01  .828932228E+01
  .816621255E+01  .804927343E+01  .793851531E+01  .783394005E+01  .773554098E+01
  .764330296E+01  .755720242E+01  .747720742E+01  .740327771E+01  .733536480E+01
  .727341197E+01  .721735441E+01  .716711927E+01  .712262571E+01  .708378501E+01
  .705050068E+01  .702266852E+01  .700017679E+01  .698290634E+01  .697073078E+01
  .696351664E+01  .696112369E+01  .696340508E+01  .697020775E+01  .698137267E+01
  .699673528E+01  .701612581E+01  .703936979E+01  .706628836E+01  .709669887E+01
  .713041515E+01  .716724814E+01  .720700612E+01  .724949534E+01  .729452022E+01
  .734188391E+01  .739138851E+01  .744283555E+01  .749602620E+01  .755076174E+01
  .760684373E+01  .766407444E+01  .772225706E+01  .778119608E+01  .784069748E+01
  .790056916E+01  .796062105E+01  .802066558E+01  .808051775E+01  .813999564E+01
  .819892041E+01  .825711684E+01  .831441332E+01  .837064234E+01  .842564050E+01
  .847924899E+01  .853131356E+01  .858168498E+01  .863021900E+01  .867677681E+01
  .872122495E+01  .876343575E+01  .880328723E+01  .884066352E+01  .887545472E+01
  .890755726E+01  .893687380E+01  .896331355E+01  .898679210E+01  .900723173E+01
  .902456122E+01  .903871613E+01  .904963858E+01  .905727751E+01  .906158840E+01
  .906253353E+01  .906008167E+01  .905420830E+01  .904489529E+01  .903213107E+01
  .901591033E+01  .899623410E+01  .897310947E+01  .894654966E+01  .891657368E+01
  .888320638E+01  .884647815E+01  .880642488E+01  .876308767E+01  .871651277E+01
  .866675132E+01  .861385920E+01  .855789679E+01  .849892882E+01  .843702414E+01
  .837225550E+01  .830469934E+01  .823443559E+01  .816154744E+01  .808612109E+01
  .800824558E+01  .792801253E+01  .784551591E+01  .776085184E+01  .767411836E+01
  .758541518E+01  .749484352E+01  .740250580E+01  .730850554E+01  .721294703E+01
  .711593521E+01  .701757538E+01  .691797313E+01  .681723395E+01  .671546326E+01
  .661276600E+01  .650924666E+01  .640500889E+01  .630015555E+01  .619478833E+01
  .608900780E+01  .598291304E+01  .587660173E+01  .577016978E+01  .566371139E+01
  .555731871E+01  .545108183E+01  .534508908E+01  .523942553E+01  .513417556E+01
  .502941910E+01  .492523568E+01  .482170020E+01  .471888686E+01  .461686527E+01
  .451570412E+01  .441546743E+01  .431621828E+01  .421801493E+01  .412091467E+01
  .402496992E+01  .393023213E+01  .383674780E+01  .374456251E+01  .365371687E+01
  .356425061E+01  .347619847E+01  .338959438E+01  .330446734E+01  .322084561E+01
  .313875275E+01  .305821081E+01  .297923862E+01  .290185259E+01  .282606634E+01
  .275189115E+01  .267933557E+01  .260840603E+01  .253910629E+01  .247143817E+01
  .240540096E+01  .234099213E+01  .227820679E+01  .221703839E+01  .215747816E+01
  .209951585E+01  .204313914E+01  .198833439E+01  .193508608E+01  .188337751E+01
  .183319026E+01  .178450496E+01  .173730059E+01  .169155540E+01  .164724616E+01
  .160434906E+01  .156283896E+01  .152269030E+01  .148387635E+01  .144637012E+01
  .141014359E+01  .137516861E+01  .134141615E+01  .130885721E+01  .127746201E+01
  .124720095E+01  .121804374E+01  .118996044E+01  .116292050E+01  .113689382E+01
  .111184982E+01  .108775846E+01  .106458929E+01  .104231251E+01  .102089800E+01
  .100031636E+01  .980537908E+00  .961533810E+00  .943274970E+00  .925733213E+00
  .908880148E+00  .892688367E+00  .877130280E+00  .862179336E+00  .847808825E+00
  .833993130E+00  .820706498E+00  .807924307E+00  .795621821E+00  .783775475E+00
  .772361603E+00  .761357747E+00  .750741357E+00  .740491127E+00  .730585666E+00
  .721004854E+00  .711728493E+00  .702737682E+00  .694013443E+00  .685538115E+00
  .677293959E+00  .669264571E+00  .661433460E+00  .653785484E+00  .646305404E+00
  .638979335E+00  .631793284E+00  .624734614E+00  .617790561E+00  .610949713E+00
  .604200516E+00  .597532759E+00  .590936062E+00  .584401384E+00  .577919488E+00
  .571482461E+00  .565082167E+00  .558711781E+00  .552364224E+00  .546033712E+00
  .539714175E+00  .533400823E+00  .527088545E+00  .520773491E+00  .514451461E+00
  .508119492E+00  .501774241E+00  .495413579E+00  .489034966E+00  .482637053E+00
  .476218049E+00  .469777331E+00  .463313799E+00  .456827500E+00  .450317976E+00
  .443785885E+00  .437231352E+00  .430655596E+00  .424059268E+00  .417444090E+00
  .410811186E+00  .404162724E+00  .397500244E+00  .390826307E+00  .384142814E+00
  .377452661E+00  .370758056E+00  .364062175E+00  .357367478E+00  .350677368E+00
  .343994500E+00  .337322453E+00  .330664025E+00  .324022915E+00  .317402014E+00
  .310805091E+00  .304235082E+00  .297695777E+00  .291190105E+00  .284721833E+00
  .278293842E+00  .271909833E+00  .265572596E+00  .259285724E+00  .253051880E+00
  .246874530E+00  .240756133E+00  .234700029E+00  .228708469E+00  .222784594E+00
  .216930442E+00  .211148933E+00  .205441870E+00  .199811937E+00  .194260686E+00
  .188790551E+00  .183402827E+00  .178099689E+00  .172882165E+00  .167752169E+00
  .162710463E+00  .157758700E+00  .152897374E+00  .148127882E+00  .143450458E+00
  .138866248E+00  .134375233E+00  .129978318E+00  .125675244E+00  .121466686E+00
  .117352153E+00  .113332107E+00  .109405842E+00  .105573619E+00  .101834532E+00
  .981886554E-01  .946349017E-01  .911731768E-01  .878022243E-01  .845217992E-01
  .813304970E-01  .782279324E-01  .752125705E-01  .722839068E-01  .694402915E-01
  .666811114E-01  .640046187E-01  .614101113E-01  .588957600E-01  .564607802E-01
  .541032786E-01  .518224068E-01  .496162161E-01  .474838054E-01  .454231877E-01
  .434334198E-01  .415124885E-01  .396594171E-01  .378721784E-01  .361497729E-01
  .344901680E-01  .328923520E-01  .313544069E-01  .298749574E-01  .284524828E-01
  .270854727E-01  .257724233E-01  .245118399E-01  .233022379E-01  .221421452E-01
  .210301028E-01  .199646662E-01  .189444073E-01  .179679147E-01  .170337955E-01
  .161406758E-01  .152872019E-01  .144720415E-01  .136938839E-01  .129514412E-01
  .122434490E-01  .115686668E-01  .109258789E-01  .103138946E-01  .973154905E-02
  .917770340E-02  .865124521E-02  .815108881E-02  .767617554E-02  .722547392E-02
  .679797987E-02  .639271671E-02  .600873533E-02  .564511407E-02  .530095880E-02
  .497540271E-02  .466760628E-02  .437675705E-02  .410206940E-02  .384278434E-02
  .359816918E-02  .336751721E-02  .315014736E-02  .294540381E-02  .275265556E-02
  .257129597E-02  .240074235E-02  .224043542E-02  .208983879E-02  .194843850E-02
  .181574241E-02  .169127967E-02  .157460016E-02  .146527391E-02  .136289049E-02
  .126705847E-02  .117740478E-02  .109357415E-02  .101522848E-02  .942046282E-03
  .873722084E-03  .809965822E-03  .750502280E-03  .695070512E-03  .643423276E-03
  .595326480E-03  .550558637E-03  .508910328E-03  .470183680E-03  .434191856E-03
  .400758557E-03  .369717535E-03  .340912125E-03  .314194786E-03  .289426659E-03
  .266477140E-03  .245223463E-03  .225550305E-03  .207349397E-03  .190519158E-03
  .174964337E-03  .160595674E-03  .147329569E-03  .135087773E-03  .123797086E-03
  .113389072E-03  .103799784E-03  .949695053E-04  .868425000E-04  .793667780E-04
  .724938702E-04  .661786149E-04  .603789560E-04  .550557512E-04  .501725901E-04
  .456956226E-04  .415933960E-04  .378367016E-04  .343984296E-04  .312534323E-04
  .283783950E-04  .257517145E-04  .233533849E-04  .211648894E-04  .191691000E-04
  .173501815E-04  .156935029E-04  .141855535E-04  .128138643E-04  .115669346E-04
  .104341628E-04  .940578248E-05  .847280149E-05  .762694596E-05  .686060754E-05
  .616679425E-05  .553908457E-05  .497158473E-05  .445888878E-05  .399604153E-05
  .357850390E-05  .320212084E-05  .286309140E-05  .255794096E-05  .228349540E-05
  .203685723E-05  .181538333E-05  .161666437E-05  .143850580E-05  .127891012E-05
  .113606064E-05  .100830632E-05  .894147868E-06  .792224847E-06  .701303805E-06
  .620267323E-06  .548103931E-06  .483898817E-06  .426825285E-06  .376136905E-06
  .331160295E-06  .291288505E-06  .255974939E-06  .224727801E-06  .197104993E-06
  .172709456E-06  .151184915E-06  .132211986E-06  .115504622E-06  .100806888E-06
  .878900005E-07  .765496555E-07  .666035848E-07  .578893423E-07  .502622943E-07
  .435937973E-07  .377695476E-07  .326880889E-07  .282594621E-07  .244039873E-07
  .210511648E-07  .181386847E-07  .156115357E-07  .134212034E-07  .115249512E-07
  .988517384E-08  .846881900E-08  .724686943E-08  .619387959E-08  .528756209E-08
  .450841863E-08  .383941119E-08  .326566947E-08  .277423071E-08  .235380881E-08
  .199458950E-08  .168804902E-08  .142679367E-08  .120441807E-08  .101538014E-08
  .854890894E-09  .718817449E-09  .603597821E-09  .506166093E-09  .423886840E-09
  .354497719E-09  .296059276E-09  .246911131E-09  .205633774E-09  .171015307E-09
  .142022520E-09  .117775793E-09  .975273246E-10  .806422898E-10  .665825520E-10
  .548926005E-10  .451874313E-10  .371421167E-10  .304828362E-10  .249791994E-10
  .204376245E-10  .166957431E-10  .136175413E-10  .110892876E-10  .901602130E-11
  .731858037E-11  .593107817E-11  .479876559E-11  .387622224E-11  .312582856E-11
  .251647753E-11  .202249004E-11  .162270331E-11  .129970613E-11  .103919823E-11
  .829454627E-12  .660878533E-12  .525628798E-12  .417310029E-12  .330715293E-12
  .261612859E-12  .206569769E-12  .162806138E-12  .128075049E-12  .100563734E-12
  .788124202E-13  .616478026E-13  .481286190E-13  .375012036E-13  .291632628E-13
  .226344083E-13  .175322353E-13  .135529386E-13  .104556382E-13  .804973038E-14
  .618469920E-14  .474192832E-14  .362813283E-14  .277010188E-14  .211049920E-14
  .160451576E-14  .121720724E-14  .921380777E-15  .695921298E-15  .524468831E-15
  .394375537E-15  .295885083E-15  .221488419E-15  .165419151E-15  .123259177E-15
  .916311828E-16  .679594166E-16  .502840233E-16  .371172732E-16  .273324996E-16
  .200785055E-16  .147137579E-16  .107559155E-16  .784321322E-17  .570498823E-17
  .413924127E-17  .299559487E-17  .216238384E-17  .155690036E-17  .111804183E-17
  .800783826E-18  .572035885E-18  .407542265E-18  .289570303E-18  .205190798E-18
  .145002227E-18  .102186789E-18  .718138812E-19  .503275538E-19  .351703868E-19
  .245082564E-19  .170294885E-19  .117987119E-19  .815081817E-20  .561424231E-20
  .385561878E-20  .263997351E-20  .180217549E-20  .122652390E-20  .832196117E-21
  .562905273E-21  .379571897E-21  .255147278E-21  .170968048E-21  .114197071E-21
  .760325873E-22  .504589333E-22  .333778581E-22  .220064245E-22  .144610410E-22
  .947102576E-23  .618201576E-23  .402148986E-23  .260708795E-23  .168431836E-23
  .108437711E-23  .695683855E-24  .444740422E-24  .283303506E-24  .179818940E-24
  .113721984E-24  .716582513E-25  .449870935E-25  .281382242E-25  .175339361E-25
  .108848638E-25  .673153615E-26  .414705329E-26  .254498863E-26  .155574821E-26
  .947297371E-27  .574530562E-27  .347061013E-27  .208809577E-27  .125121740E-27
  .746687164E-28  .443765781E-28  .262641709E-28  .154793875E-28  .908467419E-29
  .530903574E-29  .308928324E-29  .178986617E-29  .103249744E-29  .592990477E-30
  .339063758E-30  .193007602E-30  .109373272E-30  .616986935E-31  .346459768E-31
  .193653660E-31  .107740383E-31  .596616067E-32  .328820281E-32  .180365274E-32
  .984603257E-33  .534892880E-33  .289169603E-33  .155561335E-33  .832715556E-34
  .443527291E-34  .235047258E-34  .123932036E-34  .650111386E-35  .339273435E-35
  .176137485E-35  .909652244E-36  .467307057E-36  .238788908E-36  .121364649E-36
  .613504484E-37  .308440814E-37  .154218132E-37  .766812737E-38  .379152666E-38
  .186419056E-38  .911377320E-39  .443014581E-39  .214106440E-39  .102875795E-39
  .491414693E-40  .233353368E-40  .110151493E-40  .516840214E-41  .241040964E-41
  .111730811E-41  .514732165E-42  .235664671E-42  .107223718E-42  .484784438E-43
  .217794022E-43  .972211150E-44  .431191611E-44  .189999564E-44  .831734777E-45
  .361696457E-45  .156245598E-45  .670428237E-46  .285729066E-46  .120945755E-46
  .508437073E-47  .212261028E-47  .879965625E-48  .362242395E-48  .148062991E-48
  .600873143E-49  .242093578E-49  .968328981E-50  .384482489E-50  .151537030E-50
  .592821513E-51  .230179333E-51  .886992401E-52  .339202068E-52  .128722871E-52
  .484713371E-53  .181100457E-53  .671324286E-54  .246885865E-54  .900707510E-55
  .325962281E-55  .117009019E-55  .416594787E-56  .147103963E-56  .515149998E-57
  .178924766E-57  .616440582E-58  .210807584E-58  .718255783E-59  .244864415E-59
  .858637673E-60  .325047780E-60  .154028340E-60  .116424877E-60  .000000000E+00
  .000000000E+00  .000000000E+00  .000000000E+00  .000000000E+00  .000000000E+00
  .000000000E+00  .000000000E+00  .000000000E+00  .000000000E+00  .000000000E+00
  .000000000E+00  .000000000E+00  .000000000E+00  .000000000E+00  .000000000E+00
  .000000000E+00  .000000000E+00  .000000000E+00  .000000000E+00  .000000000E+00
  .000000000E+00  .000000000E+00  .000000000E+00  .000000000E+00  .000000000E+00
  .000000000E+00  .000000000E+00  .000000000E+00  .000000000E+00  .000000000E+00
  .000000000E+00  .000000000E+00  .000000000E+00  .000000000E+00  .000000000E+00
  .000000000E+00  .000000000E+00  .000000000E+00  .000000000E+00  .000000000E+00
  .000000000E+00  .000000000E+00  .000000000E+00  .000000000E+00  .000000000E+00
  .000000000E+00  .000000000E+00  .000000000E+00  .000000000E+00  .000000000E+00
  .000000000E+00  .000000000E+00  .000000000E+00  .000000000E+00  .000000000E+00
  .000000000E+00  .000000000E+00  .000000000E+00  .000000000E+00  .000000000E+00
  .000000000E+00  .000000000E+00  .000000000E+00  .000000000E+00  .000000000E+00
  .000000000E+00  .000000000E+00  .000000000E+00  .000000000E+00  .000000000E+00
  .000000000E+00  .000000000E+00  .000000000E+00  .000000000E+00  .000000000E+00
  .000000000E+00  .000000000E+00  .000000000E+00  .000000000E+00  .000000000E+00
  .000000000E+00  .000000000E+00  .000000000E+00  .000000000E+00  .000000000E+00
  .000000000E+00  .000000000E+00  .000000000E+00  .000000000E+00  .000000000E+00
  .000000000E+00  .000000000E+00  .000000000E+00  .000000000E+00  .000000000E+00
  .000000000E+00  .000000000E+00  .000000000E+00  .000000000E+00  .000000000E+00
  .000000000E+00  .000000000E+00  .000000000E+00  .000000000E+00  .000000000E+00
  .000000000E+00  .000000000E+00  .000000000E+00  .000000000E+00  .000000000E+00
  .000000000E+00  .000000000E+00  .000000000E+00  .000000000E+00  .000000000E+00
  .000000000E+00  .000000000E+00  .000000000E+00  .000000000E+00  .000000000E+00
  .000000000E+00  .000000000E+00  .000000000E+00  .000000000E+00  .000000000E+00
  .000000000E+00  .000000000E+00  .000000000E+00  .000000000E+00  .000000000E+00
  .000000000E+00  .000000000E+00  .000000000E+00  .000000000E+00  .000000000E+00
  .000000000E+00  .000000000E+00  .000000000E+00  .000000000E+00  .000000000E+00
