   Ac: PAW                               
 100
Core Pot   L  =         .00000  -2.96924
  -.30000000E+01 -.93202376E+00
  -.29500000E+01 -.18590028E+01
  -.29000000E+01 -.38938440E+01
  -.28500000E+01 -.12182004E+02
  -.28000000E+01  .26248194E+02
  -.27500000E+01  .78955813E+01
  -.27000000E+01  .51210939E+01
  -.26500000E+01  .39912864E+01
  -.26000000E+01  .33728813E+01
  -.25500000E+01  .29792535E+01
  -.25000000E+01  .27042094E+01
  -.24500000E+01  .24993136E+01
  -.24000000E+01  .23393203E+01
  -.23500000E+01  .22097776E+01
  -.23000000E+01  .21018155E+01
  -.22500000E+01  .20096874E+01
  -.22000000E+01  .19295061E+01
  -.21500000E+01  .18585475E+01
  -.21000000E+01  .17948455E+01
  -.20500000E+01  .17369451E+01
  -.20000000E+01  .16837460E+01
  -.19500000E+01  .16344003E+01
  -.19000000E+01  .15882441E+01
  -.18500000E+01  .15447494E+01
  -.18000000E+01  .15034910E+01
  -.17500000E+01  .14641222E+01
  -.17000000E+01  .14263573E+01
  -.16500000E+01  .13899585E+01
  -.16000000E+01  .13547260E+01
  -.15500000E+01  .13204905E+01
  -.15000000E+01  .12871071E+01
  -.14500000E+01  .12544513E+01
  -.14000000E+01  .12224147E+01
  -.13500000E+01  .11909029E+01
  -.13000000E+01  .11598325E+01
  -.12500000E+01  .11291299E+01
  -.12000000E+01  .10987290E+01
  -.11500000E+01  .10685709E+01
  -.11000000E+01  .10386018E+01
  -.10500000E+01  .10087733E+01
  -.10000000E+01  .97904046E+00
  -.95000000E+00  .94936224E+00
  -.90000000E+00  .91970035E+00
  -.85000000E+00  .89001901E+00
  -.80000000E+00  .86028453E+00
  -.75000000E+00  .83046500E+00
  -.70000000E+00  .80052998E+00
  -.65000000E+00  .77045025E+00
  -.60000000E+00  .74019756E+00
  -.55000000E+00  .70974446E+00
  -.50000000E+00  .67906407E+00
  -.45000000E+00  .64812996E+00
  -.40000000E+00  .61691595E+00
  -.35000000E+00  .58539599E+00
  -.30000000E+00  .55354401E+00
  -.25000000E+00  .52133379E+00
  -.20000000E+00  .48873884E+00
  -.15000000E+00  .45573226E+00
  -.10000000E+00  .42228666E+00
  -.50000000E-01  .38837397E+00
  -.22898350E-14  .35396537E+00
   .50000000E-01  .31903117E+00
   .10000000E+00  .28354063E+00
   .15000000E+00  .24746187E+00
   .20000000E+00  .21076173E+00
   .25000000E+00  .17340560E+00
   .30000000E+00  .13535728E+00
   .35000000E+00  .96578809E-01
   .40000000E+00  .57030292E-01
   .45000000E+00  .16669707E-01
   .50000000E+00 -.24547295E-01
   .55000000E+00 -.66667632E-01
   .60000000E+00 -.10974102E+00
   .65000000E+00 -.15382024E+00
   .70000000E+00 -.19896144E+00
   .75000000E+00 -.24522447E+00
   .80000000E+00 -.29267318E+00
   .85000000E+00 -.34137590E+00
   .90000000E+00 -.39140579E+00
   .95000000E+00 -.44284141E+00
   .10000000E+01 -.49576718E+00
   .10500000E+01 -.55027404E+00
   .11000000E+01 -.60646010E+00
   .11500000E+01 -.66443142E+00
   .12000000E+01 -.72430286E+00
   .12500000E+01 -.78619905E+00
   .13000000E+01 -.85025545E+00
   .13500000E+01 -.91661967E+00
   .14000000E+01 -.98545284E+00
   .14500000E+01 -.10569312E+01
   .15000000E+01 -.11312481E+01
   .15500000E+01 -.12086158E+01
   .16000000E+01 -.12892685E+01
   .16500000E+01 -.13734646E+01
   .17000000E+01 -.14614903E+01
   .17500000E+01 -.15536635E+01
   .18000000E+01 -.16503382E+01
   .18500000E+01 -.17519100E+01
   .19000000E+01 -.18588223E+01
   .19500000E+01 -.19715735E+01
   .20000000E+01 -.20907265E+01
Potential  L  =         .00000  -2.96924
  -.30000000E+01 -.78146722E+00
  -.29500000E+01 -.20776604E+01
  -.29000000E+01 -.72248847E+01
  -.28500000E+01  .18120202E+02
  -.28000000E+01  .55057600E+01
  -.27500000E+01  .36729390E+01
  -.27000000E+01  .29269046E+01
  -.26500000E+01  .25156051E+01
  -.26000000E+01  .22506981E+01
  -.25500000E+01  .20627307E+01
  -.25000000E+01  .19201114E+01
  -.24500000E+01  .18064015E+01
  -.24000000E+01  .17121998E+01
  -.23500000E+01  .16317378E+01
  -.23000000E+01  .15612772E+01
  -.22500000E+01  .14982868E+01
  -.22000000E+01  .14409896E+01
  -.21500000E+01  .13880992E+01
  -.21000000E+01  .13386598E+01
  -.20500000E+01  .12919442E+01
  -.20000000E+01  .12473879E+01
  -.19500000E+01  .12045442E+01
  -.19000000E+01  .11630531E+01
  -.18500000E+01  .11226199E+01
  -.18000000E+01  .10829990E+01
  -.17500000E+01  .10439830E+01
  -.17000000E+01  .10053933E+01
  -.16500000E+01  .96707404E+00
  -.16000000E+01  .92888703E+00
  -.15500000E+01  .89070754E+00
  -.15000000E+01  .85242126E+00
  -.14500000E+01  .81392167E+00
  -.14000000E+01  .77510793E+00
  -.13500000E+01  .73588301E+00
  -.13000000E+01  .69615212E+00
  -.12500000E+01  .65582131E+00
  -.12000000E+01  .61479613E+00
  -.11500000E+01  .57298044E+00
  -.11000000E+01  .53027518E+00
  -.10500000E+01  .48657717E+00
  -.10000000E+01  .44177788E+00
  -.95000000E+00  .39576208E+00
  -.90000000E+00  .34840646E+00
  -.85000000E+00  .29957802E+00
  -.80000000E+00  .24913236E+00
  -.75000000E+00  .19691166E+00
  -.70000000E+00  .14274243E+00
  -.65000000E+00  .86432816E-01
  -.60000000E+00  .27769572E-01
  -.55000000E+00 -.33485647E-01
  -.50000000E+00 -.97600595E-01
  -.45000000E+00 -.16487765E+00
  -.40000000E+00 -.23566009E+00
  -.35000000E+00 -.31033973E+00
  -.30000000E+00 -.38936623E+00
  -.25000000E+00 -.47325873E+00
  -.20000000E+00 -.56262014E+00
  -.15000000E+00 -.65815522E+00
  -.10000000E+00 -.76069351E+00
  -.50000000E-01 -.87121856E+00
  -.22898350E-14 -.99090595E+00
   .50000000E-01 -.11211729E+01
   .10000000E+00 -.12637444E+01
   .15000000E+00 -.14207415E+01
   .20000000E+00 -.15948033E+01
   .25000000E+00 -.17892548E+01
   .30000000E+00 -.20083469E+01
   .35000000E+00 -.22576027E+01
   .40000000E+00 -.25443330E+01
   .45000000E+00 -.28784238E+01
   .50000000E+00 -.32735809E+01
   .55000000E+00 -.37493730E+01
   .60000000E+00 -.43347436E+01
   .65000000E+00 -.50743906E+01
   .70000000E+00 -.60411759E+01
   .75000000E+00 -.73624591E+01
   .80000000E+00 -.92827745E+01
   .85000000E+00 -.12338846E+02
   .90000000E+00 -.17981923E+02
   .95000000E+00 -.31971088E+02
   .10000000E+01 -.12634981E+03
   .10500000E+01  .68509693E+02
   .11000000E+01  .27503063E+02
   .11500000E+01  .17400496E+02
   .12000000E+01  .12818370E+02
   .12500000E+01  .10196876E+02
   .13000000E+01  .84953235E+01
   .13500000E+01  .72987642E+01
   .14000000E+01  .64091443E+01
   .14500000E+01  .57199664E+01
   .15000000E+01  .51688634E+01
   .15500000E+01  .47168844E+01
   .16000000E+01  .43384472E+01
   .16500000E+01  .40160548E+01
   .17000000E+01  .37373348E+01
   .17500000E+01  .34932901E+01
   .18000000E+01  .32772206E+01
   .18500000E+01  .30840340E+01
   .19000000E+01  .29097896E+01
   .19500000E+01  .27513901E+01
   .20000000E+01  .26063665E+01
Core Pot   L  =        1.00000  -1.47647
  -.30000000E+01  .12057848E+01
  -.29500000E+01  .11796941E+01
  -.29000000E+01  .11528377E+01
  -.28500000E+01  .11251578E+01
  -.28000000E+01  .10965903E+01
  -.27500000E+01  .10670640E+01
  -.27000000E+01  .10364991E+01
  -.26500000E+01  .10048062E+01
  -.26000000E+01  .97188481E+00
  -.25500000E+01  .93762137E+00
  -.25000000E+01  .90188715E+00
  -.24500000E+01  .86453559E+00
  -.24000000E+01  .82539910E+00
  -.23500000E+01  .78428504E+00
  -.23000000E+01  .74097095E+00
  -.22500000E+01  .69519839E+00
  -.22000000E+01  .64666544E+00
  -.21500000E+01  .59501701E+00
  -.21000000E+01  .53983262E+00
  -.20500000E+01  .48061050E+00
  -.20000000E+01  .41674700E+00
  -.19500000E+01  .34750914E+00
  -.19000000E+01  .27199800E+00
  -.18500000E+01  .18909887E+00
  -.18000000E+01  .97412190E-01
  -.17500000E+01 -.48437257E-02
  -.17000000E+01 -.11997287E+00
  -.16500000E+01 -.25100826E+00
  -.16000000E+01 -.40202525E+00
  -.15500000E+01 -.57863178E+00
  -.15000000E+01 -.78876380E+00
  -.14500000E+01 -.10440339E+01
  -.14000000E+01 -.13621398E+01
  -.13500000E+01 -.17714523E+01
  -.13000000E+01 -.23204907E+01
  -.12500000E+01 -.30996720E+01
  -.12000000E+01 -.42989915E+01
  -.11500000E+01 -.63971978E+01
  -.11000000E+01 -.11046501E+02
  -.10500000E+01 -.30357642E+02
  -.10000000E+01  .55164309E+02
  -.95000000E+00  .15637303E+02
  -.90000000E+00  .94785286E+01
  -.85000000E+00  .69663610E+01
  -.80000000E+00  .55962065E+01
  -.75000000E+00  .47297512E+01
  -.70000000E+00  .41296243E+01
  -.65000000E+00  .36873171E+01
  -.60000000E+00  .33461870E+01
  -.55000000E+00  .30737751E+01
  -.50000000E+00  .28501434E+01
  -.45000000E+00  .26623680E+01
  -.40000000E+00  .25017031E+01
  -.35000000E+00  .23620187E+01
  -.30000000E+00  .22388899E+01
  -.25000000E+00  .21290421E+01
  -.20000000E+00  .20299999E+01
  -.15000000E+00  .19398565E+01
  -.10000000E+00  .18571193E+01
  -.50000000E-01  .17806026E+01
  -.22898350E-14  .17093525E+01
   .50000000E-01  .16425922E+01
   .10000000E+00  .15796829E+01
   .15000000E+00  .15200936E+01
   .20000000E+00  .14633796E+01
   .25000000E+00  .14091649E+01
   .30000000E+00  .13571293E+01
   .35000000E+00  .13069982E+01
   .40000000E+00  .12585344E+01
   .45000000E+00  .12115319E+01
   .50000000E+00  .11658104E+01
   .55000000E+00  .11212112E+01
   .60000000E+00  .10775941E+01
   .65000000E+00  .10348341E+01
   .70000000E+00  .99281964E+00
   .75000000E+00  .95145008E+00
   .80000000E+00  .91063454E+00
   .85000000E+00  .87029034E+00
   .90000000E+00  .83034188E+00
   .95000000E+00  .79071969E+00
   .10000000E+01  .75135954E+00
   .10500000E+01  .71220175E+00
   .11000000E+01  .67319055E+00
   .11500000E+01  .63427354E+00
   .12000000E+01  .59540119E+00
   .12500000E+01  .55652646E+00
   .13000000E+01  .51760436E+00
   .13500000E+01  .47859168E+00
   .14000000E+01  .43944664E+00
   .14500000E+01  .40012864E+00
   .15000000E+01  .36059799E+00
   .15500000E+01  .32081571E+00
   .16000000E+01  .28074326E+00
   .16500000E+01  .24034239E+00
   .17000000E+01  .19957492E+00
   .17500000E+01  .15840256E+00
   .18000000E+01  .11678671E+00
   .18500000E+01  .74688302E-01
   .19000000E+01  .32067639E-01
   .19500000E+01 -.11115805E-01
   .20000000E+01 -.54903576E-01
Potential  L  =        1.00000  -1.47647
  -.30000000E+01  .12265709E+01
  -.29500000E+01  .12012731E+01
  -.29000000E+01  .11752562E+01
  -.28500000E+01  .11484654E+01
  -.28000000E+01  .11208395E+01
  -.27500000E+01  .10923104E+01
  -.27000000E+01  .10628016E+01
  -.26500000E+01  .10322269E+01
  -.26000000E+01  .10004891E+01
  -.25500000E+01  .96747766E+00
  -.25000000E+01  .93306688E+00
  -.24500000E+01  .89711269E+00
  -.24000000E+01  .85944934E+00
  -.23500000E+01  .81988513E+00
  -.23000000E+01  .77819701E+00
  -.22500000E+01  .73412387E+00
  -.22000000E+01  .68735798E+00
  -.21500000E+01  .63753405E+00
  -.21000000E+01  .58421499E+00
  -.20500000E+01  .52687329E+00
  -.20000000E+01  .46486620E+00
  -.19500000E+01  .39740236E+00
  -.19000000E+01  .32349597E+00
  -.18500000E+01  .24190307E+00
  -.18000000E+01  .15103076E+00
  -.17500000E+01  .48805418E-01
  -.17000000E+01 -.67523832E-01
  -.16500000E+01 -.20168666E+00
  -.16000000E+01 -.35886993E+00
  -.15500000E+01 -.54650708E+00
  -.15000000E+01 -.77564322E+00
  -.14500000E+01 -.10634331E+01
  -.14000000E+01 -.14380456E+01
  -.13500000E+01 -.19491958E+01
  -.13000000E+01 -.26936215E+01
  -.12500000E+01 -.38879037E+01
  -.12000000E+01 -.61373347E+01
  -.11500000E+01 -.12017774E+02
  -.11000000E+01 -.69165846E+02
  -.10500000E+01  .21813608E+02
  -.10000000E+01  .10047095E+02
  -.95000000E+00  .67576205E+01
  -.90000000E+00  .52017435E+01
  -.85000000E+00  .42893010E+01
  -.80000000E+00  .36856946E+01
  -.75000000E+00  .32539770E+01
  -.70000000E+00  .29276849E+01
  -.65000000E+00  .26706603E+01
  -.60000000E+00  .24615433E+01
  -.55000000E+00  .22869025E+01
  -.50000000E+00  .21378670E+01
  -.45000000E+00  .20083410E+01
  -.40000000E+00  .18939959E+01
  -.35000000E+00  .17916722E+01
  -.30000000E+00  .16990082E+01
  -.25000000E+00  .16142022E+01
  -.20000000E+00  .15358550E+01
  -.15000000E+00  .14628621E+01
  -.10000000E+00  .13943392E+01
  -.50000000E-01  .13295689E+01
  -.22898350E-14  .12679621E+01
   .50000000E-01  .12090298E+01
   .10000000E+00  .11523616E+01
   .15000000E+00  .10976098E+01
   .20000000E+00  .10444768E+01
   .25000000E+00  .99270557E+00
   .30000000E+00  .94207212E+00
   .35000000E+00  .89237935E+00
   .40000000E+00  .84345233E+00
   .45000000E+00  .79513433E+00
   .50000000E+00  .74728363E+00
   .55000000E+00  .69977087E+00
   .60000000E+00  .65247682E+00
   .65000000E+00  .60529053E+00
   .70000000E+00  .55810771E+00
   .75000000E+00  .51082940E+00
   .80000000E+00  .46336069E+00
   .85000000E+00  .41560970E+00
   .90000000E+00  .36748661E+00
   .95000000E+00  .31890274E+00
   .10000000E+01  .26976974E+00
   .10500000E+01  .21999879E+00
   .11000000E+01  .16949982E+00
   .11500000E+01  .11818079E+00
   .12000000E+01  .65946870E-01
   .12500000E+01  .12699669E-01
   .13000000E+01 -.41663583E-01
   .13500000E+01 -.97250912E-01
   .14000000E+01 -.15417655E+00
   .14500000E+01 -.21256196E+00
   .15000000E+01 -.27253693E+00
   .15500000E+01 -.33424089E+00
   .16000000E+01 -.39782426E+00
   .16500000E+01 -.46345004E+00
   .17000000E+01 -.53129563E+00
   .17500000E+01 -.60155488E+00
   .18000000E+01 -.67444047E+00
   .18500000E+01 -.75018663E+00
   .19000000E+01 -.82905234E+00
   .19500000E+01 -.91132506E+00
   .20000000E+01 -.99732516E+00
Core Pot   L  =        2.00000   -.16765
  -.30000000E+01  .15425964E+01
  -.29500000E+01  .15258708E+01
  -.29000000E+01  .15089678E+01
  -.28500000E+01  .14918820E+01
  -.28000000E+01  .14746077E+01
  -.27500000E+01  .14571391E+01
  -.27000000E+01  .14394698E+01
  -.26500000E+01  .14215934E+01
  -.26000000E+01  .14035031E+01
  -.25500000E+01  .13851918E+01
  -.25000000E+01  .13666520E+01
  -.24500000E+01  .13478759E+01
  -.24000000E+01  .13288552E+01
  -.23500000E+01  .13095814E+01
  -.23000000E+01  .12900453E+01
  -.22500000E+01  .12702375E+01
  -.22000000E+01  .12501477E+01
  -.21500000E+01  .12297654E+01
  -.21000000E+01  .12090794E+01
  -.20500000E+01  .11880779E+01
  -.20000000E+01  .11667482E+01
  -.19500000E+01  .11450773E+01
  -.19000000E+01  .11230509E+01
  -.18500000E+01  .11006543E+01
  -.18000000E+01  .10778717E+01
  -.17500000E+01  .10546862E+01
  -.17000000E+01  .10310800E+01
  -.16500000E+01  .10070340E+01
  -.16000000E+01  .98252810E+00
  -.15500000E+01  .95754054E+00
  -.15000000E+01  .93204824E+00
  -.14500000E+01  .90602645E+00
  -.14000000E+01  .87944868E+00
  -.13500000E+01  .85228649E+00
  -.13000000E+01  .82450936E+00
  -.12500000E+01  .79608445E+00
  -.12000000E+01  .76697637E+00
  -.11500000E+01  .73714695E+00
  -.11000000E+01  .70655494E+00
  -.10500000E+01  .67515571E+00
  -.10000000E+01  .64290085E+00
  -.95000000E+00  .60973779E+00
  -.90000000E+00  .57560934E+00
  -.85000000E+00  .54045312E+00
  -.80000000E+00  .50420102E+00
  -.75000000E+00  .46677847E+00
  -.70000000E+00  .42810366E+00
  -.65000000E+00  .38808664E+00
  -.60000000E+00  .34662825E+00
  -.55000000E+00  .30361893E+00
  -.50000000E+00  .25893731E+00
  -.45000000E+00  .21244853E+00
  -.40000000E+00  .16400231E+00
  -.35000000E+00  .11343071E+00
  -.30000000E+00  .60545380E-01
  -.25000000E+00  .51343982E-02
  -.20000000E+00 -.53041584E-01
  -.15000000E+00 -.11425394E+00
  -.10000000E+00 -.17881162E+00
  -.50000000E-01 -.24706794E+00
  -.22898350E-14 -.31942881E+00
   .50000000E-01 -.39636302E+00
   .10000000E+00 -.47841485E+00
   .15000000E+00 -.56621999E+00
   .20000000E+00 -.66052558E+00
   .25000000E+00 -.76221586E+00
   .30000000E+00 -.87234512E+00
   .35000000E+00 -.99218071E+00
   .40000000E+00 -.11232599E+01
   .45000000E+00 -.12674655E+01
   .50000000E+00 -.14271297E+01
   .55000000E+00 -.16051753E+01
   .60000000E+00 -.18053172E+01
   .65000000E+00 -.20323487E+01
   .70000000E+00 -.22925649E+01
   .75000000E+00 -.25944004E+01
   .80000000E+00 -.29494231E+01
   .85000000E+00 -.33739384E+01
   .90000000E+00 -.38916921E+01
   .95000000E+00 -.45386599E+01
   .10000000E+01 -.53720878E+01
   .10500000E+01 -.64889371E+01
   .11000000E+01 -.80675567E+01
   .11500000E+01 -.10475757E+02
   .12000000E+01 -.14613380E+02
   .12500000E+01 -.23419188E+02
   .13000000E+01 -.55191543E+02
   .13500000E+01  .18366037E+03
   .14000000E+01  .35577698E+02
   .14500000E+01  .20010438E+02
   .15000000E+01  .14057105E+02
   .15500000E+01  .10906730E+02
   .16000000E+01  .89528427E+01
   .16500000E+01  .76196388E+01
   .17000000E+01  .66496693E+01
   .17500000E+01  .59105399E+01
   .18000000E+01  .53272012E+01
   .18500000E+01  .48539339E+01
   .19000000E+01  .44612949E+01
   .19500000E+01  .41294664E+01
   .20000000E+01  .38446186E+01
Potential  L  =        2.00000   -.16765
  -.30000000E+01  .15679121E+01
  -.29500000E+01  .15515179E+01
  -.29000000E+01  .15349471E+01
  -.28500000E+01  .15181943E+01
  -.28000000E+01  .15012540E+01
  -.27500000E+01  .14841201E+01
  -.27000000E+01  .14667864E+01
  -.26500000E+01  .14492466E+01
  -.26000000E+01  .14314935E+01
  -.25500000E+01  .14135202E+01
  -.25000000E+01  .13953190E+01
  -.24500000E+01  .13768818E+01
  -.24000000E+01  .13582003E+01
  -.23500000E+01  .13392657E+01
  -.23000000E+01  .13200685E+01
  -.22500000E+01  .13005988E+01
  -.22000000E+01  .12808461E+01
  -.21500000E+01  .12607995E+01
  -.21000000E+01  .12404470E+01
  -.20500000E+01  .12197763E+01
  -.20000000E+01  .11987742E+01
  -.19500000E+01  .11774265E+01
  -.19000000E+01  .11557183E+01
  -.18500000E+01  .11336336E+01
  -.18000000E+01  .11111556E+01
  -.17500000E+01  .10882659E+01
  -.17000000E+01  .10649453E+01
  -.16500000E+01  .10411729E+01
  -.16000000E+01  .10169265E+01
  -.15500000E+01  .99218220E+00
  -.15000000E+01  .96691431E+00
  -.14500000E+01  .94109521E+00
  -.14000000E+01  .91469509E+00
  -.13500000E+01  .88768178E+00
  -.13000000E+01  .86002050E+00
  -.12500000E+01  .83167354E+00
  -.12000000E+01  .80259999E+00
  -.11500000E+01  .77275538E+00
  -.11000000E+01  .74209125E+00
  -.10500000E+01  .71055471E+00
  -.10000000E+01  .67808790E+00
  -.95000000E+00  .64462737E+00
  -.90000000E+00  .61010345E+00
  -.85000000E+00  .57443935E+00
  -.80000000E+00  .53755029E+00
  -.75000000E+00  .49934243E+00
  -.70000000E+00  .45971153E+00
  -.65000000E+00  .41854156E+00
  -.60000000E+00  .37570290E+00
  -.55000000E+00  .33105024E+00
  -.50000000E+00  .28442029E+00
  -.45000000E+00  .23562860E+00
  -.40000000E+00  .18446625E+00
  -.35000000E+00  .13069552E+00
  -.30000000E+00  .74044700E-01
  -.25000000E+00  .14201815E-01
  -.20000000E+00 -.49193208E-01
  -.15000000E+00 -.11655820E+00
  -.10000000E+00 -.18838086E+00
  -.50000000E-01 -.26523408E+00
  -.22898350E-14 -.34779540E+00
   .50000000E-01 -.43687221E+00
   .10000000E+00 -.53343438E+00
   .15000000E+00 -.63865753E+00
   .20000000E+00 -.75398064E+00
   .25000000E+00 -.88118439E+00
   .30000000E+00 -.10224991E+01
   .35000000E+00 -.11807562E+01
   .40000000E+00 -.13596063E+01
   .45000000E+00 -.15638376E+01
   .50000000E+00 -.17998581E+01
   .55000000E+00 -.20764431E+01
   .60000000E+00 -.24059411E+01
   .65000000E+00 -.28062984E+01
   .70000000E+00 -.33046380E+01
   .75000000E+00 -.39439861E+01
   .80000000E+00 -.47969315E+01
   .85000000E+00 -.59962833E+01
   .90000000E+00 -.78138678E+01
   .95000000E+00 -.10906899E+02
   .10000000E+01 -.17375991E+02
   .10500000E+01 -.39552585E+02
   .11000000E+01  .18623570E+03
   .11500000E+01  .28881402E+02
   .12000000E+01  .15955900E+02
   .12500000E+01  .11150298E+02
   .13000000E+01  .86349727E+01
   .13500000E+01  .70830535E+01
   .14000000E+01  .60266615E+01
   .14500000E+01  .52586182E+01
   .15000000E+01  .46730678E+01
   .15500000E+01  .42102829E+01
   .16000000E+01  .38340049E+01
   .16500000E+01  .35209473E+01
   .17000000E+01  .32554692E+01
   .17500000E+01  .30266750E+01
   .18000000E+01  .28267406E+01
   .18500000E+01  .26499017E+01
   .19000000E+01  .24918170E+01
   .19500000E+01  .23491541E+01
   .20000000E+01  .22193116E+01
Core Pot   L  =        3.00000   -.00766
  -.30000000E+01  .17902447E+01
  -.29500000E+01  .17758683E+01
  -.29000000E+01  .17613604E+01
  -.28500000E+01  .17467170E+01
  -.28000000E+01  .17319337E+01
  -.27500000E+01  .17170062E+01
  -.27000000E+01  .17019297E+01
  -.26500000E+01  .16866991E+01
  -.26000000E+01  .16713092E+01
  -.25500000E+01  .16557543E+01
  -.25000000E+01  .16400285E+01
  -.24500000E+01  .16241253E+01
  -.24000000E+01  .16080381E+01
  -.23500000E+01  .15917596E+01
  -.23000000E+01  .15752821E+01
  -.22500000E+01  .15585974E+01
  -.22000000E+01  .15416966E+01
  -.21500000E+01  .15245704E+01
  -.21000000E+01  .15072084E+01
  -.20500000E+01  .14895998E+01
  -.20000000E+01  .14717328E+01
  -.19500000E+01  .14535946E+01
  -.19000000E+01  .14351712E+01
  -.18500000E+01  .14164479E+01
  -.18000000E+01  .13974080E+01
  -.17500000E+01  .13780340E+01
  -.17000000E+01  .13583062E+01
  -.16500000E+01  .13382032E+01
  -.16000000E+01  .13177018E+01
  -.15500000E+01  .12967758E+01
  -.15000000E+01  .12753968E+01
  -.14500000E+01  .12535329E+01
  -.14000000E+01  .12311490E+01
  -.13500000E+01  .12082054E+01
  -.13000000E+01  .11846582E+01
  -.12500000E+01  .11604575E+01
  -.12000000E+01  .11355472E+01
  -.11500000E+01  .11098635E+01
  -.11000000E+01  .10833338E+01
  -.10500000E+01  .10558748E+01
  -.10000000E+01  .10273906E+01
  -.95000000E+00  .99777007E+00
  -.90000000E+00  .96688368E+00
  -.85000000E+00  .93457945E+00
  -.80000000E+00  .90067775E+00
  -.75000000E+00  .86496463E+00
  -.70000000E+00  .82718307E+00
  -.65000000E+00  .78702147E+00
  -.60000000E+00  .74409817E+00
  -.55000000E+00  .69794034E+00
  -.50000000E+00  .64795488E+00
  -.45000000E+00  .59338726E+00
  -.40000000E+00  .53326222E+00
  -.35000000E+00  .46629629E+00
  -.30000000E+00  .39076510E+00
  -.25000000E+00  .30429555E+00
  -.20000000E+00  .20352818E+00
  -.15000000E+00  .83544247E-01
  -.10000000E+00 -.63159345E-01
  -.50000000E-01 -.24862613E+00
  -.22898350E-14 -.49349003E+00
   .50000000E-01 -.83630163E+00
   .10000000E+00 -.13583755E+01
   .15000000E+00 -.22658599E+01
   .20000000E+00 -.42785496E+01
   .25000000E+00 -.12872657E+02
   .30000000E+00  .21975657E+02
   .35000000E+00  .68198745E+01
   .40000000E+00  .43035913E+01
   .45000000E+00  .32565706E+01
   .50000000E+00  .26756179E+01
   .55000000E+00  .23013711E+01
   .60000000E+00  .20366975E+01
   .65000000E+00  .18370002E+01
   .70000000E+00  .16789268E+01
   .75000000E+00  .15490620E+01
   .80000000E+00  .14391480E+01
   .85000000E+00  .13438205E+01
   .90000000E+00  .12594416E+01
   .95000000E+00  .11834547E+01
   .10000000E+01  .11140090E+01
   .10500000E+01  .10497297E+01
   .11000000E+01  .98957246E+00
   .11500000E+01  .93272834E+00
   .12000000E+01  .87855935E+00
   .12500000E+01  .82655402E+00
   .13000000E+01  .77629611E+00
   .13500000E+01  .72744196E+00
   .14000000E+01  .67970388E+00
   .14500000E+01  .63283787E+00
   .15000000E+01  .58663417E+00
   .15500000E+01  .54091017E+00
   .16000000E+01  .49550474E+00
   .16500000E+01  .45027386E+00
   .17000000E+01  .40508710E+00
   .17500000E+01  .35982475E+00
   .18000000E+01  .31437546E+00
   .18500000E+01  .26863433E+00
   .19000000E+01  .22250120E+00
   .19500000E+01  .17587923E+00
   .20000000E+01  .12867368E+00
Potential  L  =        3.00000   -.00766
  -.30000000E+01  .16709957E+01
  -.29500000E+01  .16544104E+01
  -.29000000E+01  .16376311E+01
  -.28500000E+01  .16206514E+01
  -.28000000E+01  .16034648E+01
  -.27500000E+01  .15860641E+01
  -.27000000E+01  .15684420E+01
  -.26500000E+01  .15505908E+01
  -.26000000E+01  .15325022E+01
  -.25500000E+01  .15141677E+01
  -.25000000E+01  .14955782E+01
  -.24500000E+01  .14767240E+01
  -.24000000E+01  .14575952E+01
  -.23500000E+01  .14381808E+01
  -.23000000E+01  .14184697E+01
  -.22500000E+01  .13984497E+01
  -.22000000E+01  .13781082E+01
  -.21500000E+01  .13574315E+01
  -.21000000E+01  .13364054E+01
  -.20500000E+01  .13150146E+01
  -.20000000E+01  .12932426E+01
  -.19500000E+01  .12710723E+01
  -.19000000E+01  .12484851E+01
  -.18500000E+01  .12254611E+01
  -.18000000E+01  .12019792E+01
  -.17500000E+01  .11780168E+01
  -.17000000E+01  .11535494E+01
  -.16500000E+01  .11285511E+01
  -.16000000E+01  .11029936E+01
  -.15500000E+01  .10768467E+01
  -.15000000E+01  .10500777E+01
  -.14500000E+01  .10226515E+01
  -.14000000E+01  .99452979E+00
  -.13500000E+01  .96567122E+00
  -.13000000E+01  .93603087E+00
  -.12500000E+01  .90555989E+00
  -.12000000E+01  .87420499E+00
  -.11500000E+01  .84190801E+00
  -.11000000E+01  .80860529E+00
  -.10500000E+01  .77422699E+00
  -.10000000E+01  .73869639E+00
  -.95000000E+00  .70192889E+00
  -.90000000E+00  .66383107E+00
  -.85000000E+00  .62429948E+00
  -.80000000E+00  .58321920E+00
  -.75000000E+00  .54046223E+00
  -.70000000E+00  .49588555E+00
  -.65000000E+00  .44932889E+00
  -.60000000E+00  .40061193E+00
  -.55000000E+00  .34953114E+00
  -.50000000E+00  .29585587E+00
  -.45000000E+00  .23932366E+00
  -.40000000E+00  .17963452E+00
  -.35000000E+00  .11644401E+00
  -.30000000E+00  .49354581E-01
  -.25000000E+00 -.22095035E-01
  -.20000000E+00 -.98443184E-01
  -.15000000E+00 -.18032213E+00
  -.10000000E+00 -.26847948E+00
  -.50000000E-01 -.36380587E+00
  -.22898350E-14 -.46737082E+00
   .50000000E-01 -.58047021E+00
   .10000000E+00 -.70468950E+00
   .15000000E+00 -.84198949E+00
   .20000000E+00 -.99482453E+00
   .25000000E+00 -.11663083E+01
   .30000000E+00 -.13604514E+01
   .35000000E+00 -.15825092E+01
   .40000000E+00 -.18395061E+01
   .45000000E+00 -.21410482E+01
   .50000000E+00 -.25006297E+01
   .55000000E+00 -.29378221E+01
   .60000000E+00 -.34821295E+01
   .65000000E+00 -.41802073E+01
   .70000000E+00 -.51104436E+01
   .75000000E+00 -.64154686E+01
   .80000000E+00 -.83849248E+01
   .85000000E+00 -.11710636E+02
   .90000000E+00 -.18555835E+02
   .95000000E+00 -.40908806E+02
   .10000000E+01  .31119951E+03
   .10500000E+01  .34119295E+02
   .11000000E+01  .18505984E+02
   .11500000E+01  .12892461E+02
   .12000000E+01  .99959845E+01
   .12500000E+01  .82242311E+01
   .13000000E+01  .70257293E+01
   .13500000E+01  .61588519E+01
   .14000000E+01  .55010084E+01
   .14500000E+01  .49833789E+01
   .15000000E+01  .45643457E+01
   .15500000E+01  .42172608E+01
   .16000000E+01  .39242705E+01
   .16500000E+01  .36729635E+01
   .17000000E+01  .34544432E+01
   .17500000E+01  .32621658E+01
   .18000000E+01  .30912104E+01
   .18500000E+01  .29378046E+01
   .19000000E+01  .27990079E+01
   .19500000E+01  .26724939E+01
   .20000000E+01  .25563979E+01
Core Pot   L  =        4.00000    .00000
  -.30000000E+01  .20942435E+01
  -.29500000E+01  .20825354E+01
  -.29000000E+01  .20707657E+01
  -.28500000E+01  .20589334E+01
  -.28000000E+01  .20470376E+01
  -.27500000E+01  .20350772E+01
  -.27000000E+01  .20230514E+01
  -.26500000E+01  .20109590E+01
  -.26000000E+01  .19987991E+01
  -.25500000E+01  .19865704E+01
  -.25000000E+01  .19742720E+01
  -.24500000E+01  .19619027E+01
  -.24000000E+01  .19494613E+01
  -.23500000E+01  .19369466E+01
  -.23000000E+01  .19243574E+01
  -.22500000E+01  .19116925E+01
  -.22000000E+01  .18989504E+01
  -.21500000E+01  .18861300E+01
  -.21000000E+01  .18732298E+01
  -.20500000E+01  .18602485E+01
  -.20000000E+01  .18471845E+01
  -.19500000E+01  .18340364E+01
  -.19000000E+01  .18208026E+01
  -.18500000E+01  .18074817E+01
  -.18000000E+01  .17940719E+01
  -.17500000E+01  .17805716E+01
  -.17000000E+01  .17669791E+01
  -.16500000E+01  .17532925E+01
  -.16000000E+01  .17395102E+01
  -.15500000E+01  .17256302E+01
  -.15000000E+01  .17116505E+01
  -.14500000E+01  .16975692E+01
  -.14000000E+01  .16833842E+01
  -.13500000E+01  .16690934E+01
  -.13000000E+01  .16546946E+01
  -.12500000E+01  .16401854E+01
  -.12000000E+01  .16255636E+01
  -.11500000E+01  .16108268E+01
  -.11000000E+01  .15959723E+01
  -.10500000E+01  .15809977E+01
  -.10000000E+01  .15659003E+01
  -.95000000E+00  .15506772E+01
  -.90000000E+00  .15353257E+01
  -.85000000E+00  .15198426E+01
  -.80000000E+00  .15042251E+01
  -.75000000E+00  .14884697E+01
  -.70000000E+00  .14725733E+01
  -.65000000E+00  .14565324E+01
  -.60000000E+00  .14403433E+01
  -.55000000E+00  .14240025E+01
  -.50000000E+00  .14075060E+01
  -.45000000E+00  .13908499E+01
  -.40000000E+00  .13740300E+01
  -.35000000E+00  .13570419E+01
  -.30000000E+00  .13398811E+01
  -.25000000E+00  .13225430E+01
  -.20000000E+00  .13050226E+01
  -.15000000E+00  .12873149E+01
  -.10000000E+00  .12694144E+01
  -.50000000E-01  .12513157E+01
  -.22898350E-14  .12330130E+01
   .50000000E-01  .12145001E+01
   .10000000E+00  .11957708E+01
   .15000000E+00  .11768183E+01
   .20000000E+00  .11576359E+01
   .25000000E+00  .11382161E+01
   .30000000E+00  .11185514E+01
   .35000000E+00  .10986337E+01
   .40000000E+00  .10784548E+01
   .45000000E+00  .10580056E+01
   .50000000E+00  .10372770E+01
   .55000000E+00  .10162593E+01
   .60000000E+00  .99494212E+00
   .65000000E+00  .97331467E+00
   .70000000E+00  .95136555E+00
   .75000000E+00  .92908273E+00
   .80000000E+00  .90645349E+00
   .85000000E+00  .88346440E+00
   .90000000E+00  .86010121E+00
   .95000000E+00  .83634889E+00
   .10000000E+01  .81219145E+00
   .10500000E+01  .78761195E+00
   .11000000E+01  .76259238E+00
   .11500000E+01  .73711361E+00
   .12000000E+01  .71115525E+00
   .12500000E+01  .68469559E+00
   .13000000E+01  .65771144E+00
   .13500000E+01  .63017806E+00
   .14000000E+01  .60206896E+00
   .14500000E+01  .57335578E+00
   .15000000E+01  .54400810E+00
   .15500000E+01  .51399328E+00
   .16000000E+01  .48327617E+00
   .16500000E+01  .45181896E+00
   .17000000E+01  .41958083E+00
   .17500000E+01  .38651771E+00
   .18000000E+01  .35258189E+00
   .18500000E+01  .31772164E+00
   .19000000E+01  .28188080E+00
   .19500000E+01  .24499827E+00
   .20000000E+01  .20700743E+00
Potential  L  =        4.00000    .00000
  -.30000000E+01  .20955156E+01
  -.29500000E+01  .20838453E+01
  -.29000000E+01  .20721155E+01
  -.28500000E+01  .20603237E+01
  -.28000000E+01  .20484699E+01
  -.27500000E+01  .20365533E+01
  -.27000000E+01  .20245716E+01
  -.26500000E+01  .20125270E+01
  -.26000000E+01  .20004156E+01
  -.25500000E+01  .19882370E+01
  -.25000000E+01  .19759912E+01
  -.24500000E+01  .19636746E+01
  -.24000000E+01  .19512909E+01
  -.23500000E+01  .19388343E+01
  -.23000000E+01  .19263057E+01
  -.22500000E+01  .19137036E+01
  -.22000000E+01  .19010268E+01
  -.21500000E+01  .18882741E+01
  -.21000000E+01  .18754443E+01
  -.20500000E+01  .18625361E+01
  -.20000000E+01  .18495480E+01
  -.19500000E+01  .18364789E+01
  -.19000000E+01  .18233273E+01
  -.18500000E+01  .18100906E+01
  -.18000000E+01  .17967707E+01
  -.17500000E+01  .17833616E+01
  -.17000000E+01  .17698661E+01
  -.16500000E+01  .17562797E+01
  -.16000000E+01  .17426005E+01
  -.15500000E+01  .17288297E+01
  -.15000000E+01  .17149630E+01
  -.14500000E+01  .17009991E+01
  -.14000000E+01  .16869366E+01
  -.13500000E+01  .16727733E+01
  -.13000000E+01  .16585074E+01
  -.12500000E+01  .16441369E+01
  -.12000000E+01  .16296597E+01
  -.11500000E+01  .16150736E+01
  -.11000000E+01  .16003764E+01
  -.10500000E+01  .15855661E+01
  -.10000000E+01  .15706401E+01
  -.95000000E+00  .15555960E+01
  -.90000000E+00  .15404315E+01
  -.85000000E+00  .15251438E+01
  -.80000000E+00  .15097304E+01
  -.75000000E+00  .14941885E+01
  -.70000000E+00  .14785155E+01
  -.65000000E+00  .14627079E+01
  -.60000000E+00  .14467634E+01
  -.55000000E+00  .14306783E+01
  -.50000000E+00  .14144498E+01
  -.45000000E+00  .13980742E+01
  -.40000000E+00  .13815483E+01
  -.35000000E+00  .13648683E+01
  -.30000000E+00  .13480305E+01
  -.25000000E+00  .13310312E+01
  -.20000000E+00  .13138664E+01
  -.15000000E+00  .12965318E+01
  -.10000000E+00  .12790233E+01
  -.50000000E-01  .12613363E+01
  -.22898350E-14  .12434661E+01
   .50000000E-01  .12254081E+01
   .10000000E+00  .12071572E+01
   .15000000E+00  .11887081E+01
   .20000000E+00  .11700555E+01
   .25000000E+00  .11511938E+01
   .30000000E+00  .11321169E+01
   .35000000E+00  .11128190E+01
   .40000000E+00  .10932935E+01
   .45000000E+00  .10735338E+01
   .50000000E+00  .10535331E+01
   .55000000E+00  .10332840E+01
   .60000000E+00  .10127790E+01
   .65000000E+00  .99201026E+00
   .70000000E+00  .97096946E+00
   .75000000E+00  .94964798E+00
   .80000000E+00  .92803679E+00
   .85000000E+00  .90612643E+00
   .90000000E+00  .88390692E+00
   .95000000E+00  .86136790E+00
   .10000000E+01  .83849845E+00
   .10500000E+01  .81528708E+00
   .11000000E+01  .79172176E+00
   .11500000E+01  .76778983E+00
   .12000000E+01  .74347795E+00
   .12500000E+01  .71877209E+00
   .13000000E+01  .69365746E+00
   .13500000E+01  .66811848E+00
   .14000000E+01  .64213869E+00
   .14500000E+01  .61570069E+00
   .15000000E+01  .58878616E+00
   .15500000E+01  .56137562E+00
   .16000000E+01  .53344852E+00
   .16500000E+01  .50498307E+00
   .17000000E+01  .47595609E+00
   .17500000E+01  .44634306E+00
   .18000000E+01  .41611790E+00
   .18500000E+01  .38525281E+00
   .19000000E+01  .35371833E+00
   .19500000E+01  .32148278E+00
   .20000000E+01  .28851247E+00
KBPotential  L  =       .00000  -5.93849
  -.30000000E+01 -.93217048E+00
  -.29500000E+01 -.18592140E+01
  -.29000000E+01 -.38967354E+01
  -.28500000E+01 -.12232095E+02
  -.28000000E+01  .25931380E+02
  -.27500000E+01  .78598459E+01
  -.27000000E+01  .51035815E+01
  -.26500000E+01  .39793556E+01
  -.26000000E+01  .33635576E+01
  -.25500000E+01  .29714268E+01
  -.25000000E+01  .26973562E+01
  -.24500000E+01  .24931491E+01
  -.24000000E+01  .23336738E+01
  -.23500000E+01  .22045394E+01
  -.23000000E+01  .20969115E+01
  -.22500000E+01  .20050654E+01
  -.22000000E+01  .19251281E+01
  -.21500000E+01  .18543857E+01
  -.21000000E+01  .17908785E+01
  -.20500000E+01  .17331566E+01
  -.20000000E+01  .16801230E+01
  -.19500000E+01  .16309328E+01
  -.19000000E+01  .15849241E+01
  -.18500000E+01  .15415706E+01
  -.18000000E+01  .15004484E+01
  -.17500000E+01  .14612118E+01
  -.17000000E+01  .14235760E+01
  -.16500000E+01  .13873037E+01
  -.16000000E+01  .13521956E+01
  -.15500000E+01  .13180828E+01
  -.15000000E+01  .12848209E+01
  -.14500000E+01  .12522853E+01
  -.14000000E+01  .12203680E+01
  -.13500000E+01  .11889747E+01
  -.13000000E+01  .11580220E+01
  -.12500000E+01  .11274362E+01
  -.12000000E+01  .10971512E+01
  -.11500000E+01  .10671080E+01
  -.11000000E+01  .10372526E+01
  -.10500000E+01  .10075364E+01
  -.10000000E+01  .97791429E+00
  -.95000000E+00  .94834468E+00
  -.90000000E+00  .91878892E+00
  -.85000000E+00  .88921103E+00
  -.80000000E+00  .85957641E+00
  -.75000000E+00  .82985275E+00
  -.70000000E+00  .80000885E+00
  -.65000000E+00  .77001473E+00
  -.60000000E+00  .73984123E+00
  -.55000000E+00  .70945985E+00
  -.50000000E+00  .67884269E+00
  -.45000000E+00  .64796188E+00
  -.40000000E+00  .61678989E+00
  -.35000000E+00  .58529905E+00
  -.30000000E+00  .55346148E+00
  -.25000000E+00  .52124895E+00
  -.20000000E+00  .48863269E+00
  -.15000000E+00  .45558328E+00
  -.10000000E+00  .42207049E+00
  -.50000000E-01  .38806309E+00
  -.22898350E-14  .35352869E+00
   .50000000E-01  .31843363E+00
   .10000000E+00  .28274259E+00
   .15000000E+00  .24641906E+00
   .20000000E+00  .20942390E+00
   .25000000E+00  .17171632E+00
   .30000000E+00  .13325304E+00
   .35000000E+00  .93988208E-01
   .40000000E+00  .53872913E-01
   .45000000E+00  .12855071E-01
   .50000000E+00 -.29121160E-01
   .55000000E+00 -.72115273E-01
   .60000000E+00 -.11619177E+00
   .65000000E+00 -.16141985E+00
   .70000000E+00 -.20787428E+00
   .75000000E+00 -.25563605E+00
   .80000000E+00 -.30479305E+00
   .85000000E+00 -.35544130E+00
   .90000000E+00 -.40768523E+00
   .95000000E+00 -.46163917E+00
   .10000000E+01 -.51742873E+00
   .10500000E+01 -.57519212E+00
   .11000000E+01 -.63508179E+00
   .11500000E+01 -.69726621E+00
   .12000000E+01 -.76193327E+00
   .12500000E+01 -.82929174E+00
   .13000000E+01 -.89957514E+00
   .13500000E+01 -.97304576E+00
   .14000000E+01 -.10499985E+01
   .14500000E+01 -.11307673E+01
   .15000000E+01 -.12157318E+01
   .15500000E+01 -.13053248E+01
   .16000000E+01 -.14000424E+01
   .16500000E+01 -.15004569E+01
   .17000000E+01 -.16072315E+01
   .17500000E+01 -.17211397E+01
   .18000000E+01 -.18430891E+01
   .18500000E+01 -.19741525E+01
   .19000000E+01 -.21156077E+01
   .19500000E+01 -.22689899E+01
   .20000000E+01 -.24361565E+01
KBPotential  L  =      1.00000  -2.95295
  -.30000000E+01  .12021968E+01
  -.29500000E+01  .11763677E+01
  -.29000000E+01  .11497646E+01
  -.28500000E+01  .11223297E+01
  -.28000000E+01  .10939986E+01
  -.27500000E+01  .10646998E+01
  -.27000000E+01  .10343531E+01
  -.26500000E+01  .10028690E+01
  -.26000000E+01  .97014668E+00
  -.25500000E+01  .93607224E+00
  -.25000000E+01  .90051671E+00
  -.24500000E+01  .86333329E+00
  -.24000000E+01  .82435410E+00
  -.23500000E+01  .78338632E+00
  -.23000000E+01  .74020724E+00
  -.22500000E+01  .69455827E+00
  -.22000000E+01  .64613732E+00
  -.21500000E+01  .59458924E+00
  -.21000000E+01  .53949349E+00
  -.20500000E+01  .48034841E+00
  -.20000000E+01  .41655042E+00
  -.19500000E+01  .34736682E+00
  -.19000000E+01  .27189913E+00
  -.18500000E+01  .18903320E+00
  -.18000000E+01  .97370271E-01
  -.17500000E+01 -.48702547E-02
  -.17000000E+01 -.11999104E+00
  -.16500000E+01 -.25102335E+00
  -.16000000E+01 -.40204052E+00
  -.15500000E+01 -.57864823E+00
  -.15000000E+01 -.78878033E+00
  -.14500000E+01 -.10440486E+01
  -.14000000E+01 -.13621542E+01
  -.13500000E+01 -.17714827E+01
  -.13000000E+01 -.23206006E+01
  -.12500000E+01 -.31000700E+01
  -.12000000E+01 -.43003650E+01
  -.11500000E+01 -.64021426E+01
  -.11000000E+01 -.11068822E+02
  -.10500000E+01 -.30600792E+02
  -.10000000E+01  .54088711E+02
  -.95000000E+00  .15520526E+02
  -.90000000E+00  .94225826E+01
  -.85000000E+00  .69277920E+01
  -.80000000E+00  .55649802E+01
  -.75000000E+00  .47021603E+01
  -.70000000E+00  .41039150E+01
  -.65000000E+00  .36625166E+01
  -.60000000E+00  .33216892E+01
  -.55000000E+00  .30491663E+01
  -.50000000E+00  .28251195E+01
  -.45000000E+00  .26366901E+01
  -.40000000E+00  .24751737E+01
  -.35000000E+00  .23344662E+01
  -.30000000E+00  .22101597E+01
  -.25000000E+00  .20989904E+01
  -.20000000E+00  .19984895E+01
  -.15000000E+00  .19067539E+01
  -.10000000E+00  .18222922E+01
  -.50000000E-01  .17439186E+01
  -.22898350E-14  .16706773E+01
   .50000000E-01  .16017889E+01
   .10000000E+00  .15366108E+01
   .15000000E+00  .14746078E+01
   .20000000E+00  .14153293E+01
   .25000000E+00  .13583935E+01
   .30000000E+00  .13034735E+01
   .35000000E+00  .12502871E+01
   .40000000E+00  .11985891E+01
   .45000000E+00  .11481645E+01
   .50000000E+00  .10988233E+01
   .55000000E+00  .10503967E+01
   .60000000E+00  .10027330E+01
   .65000000E+00  .95569521E+00
   .70000000E+00  .90915865E+00
   .75000000E+00  .86300872E+00
   .80000000E+00  .81713943E+00
   .85000000E+00  .77145179E+00
   .90000000E+00  .72585275E+00
   .95000000E+00  .68025386E+00
   .10000000E+01  .63457057E+00
   .10500000E+01  .58872119E+00
   .11000000E+01  .54262621E+00
   .11500000E+01  .49620764E+00
   .12000000E+01  .44938810E+00
   .12500000E+01  .40209047E+00
   .13000000E+01  .35423714E+00
   .13500000E+01  .30574952E+00
   .14000000E+01  .25654734E+00
   .14500000E+01  .20654801E+00
   .15000000E+01  .15566640E+00
   .15500000E+01  .10381352E+00
   .16000000E+01  .50896426E-01
   .16500000E+01 -.31826530E-02
   .17000000E+01 -.58527300E-01
   .17500000E+01 -.11524752E+00
   .18000000E+01 -.17346082E+00
   .18500000E+01 -.23329322E+00
   .19000000E+01 -.29488051E+00
   .19500000E+01 -.35836923E+00
   .20000000E+01 -.42391874E+00
KBPotential  L  =      2.00000   -.33530
  -.30000000E+01  .15392777E+01
  -.29500000E+01  .15226781E+01
  -.29000000E+01  .15058962E+01
  -.28500000E+01  .14889288E+01
  -.28000000E+01  .14717701E+01
  -.27500000E+01  .14544143E+01
  -.27000000E+01  .14368553E+01
  -.26500000E+01  .14190867E+01
  -.26000000E+01  .14011016E+01
  -.25500000E+01  .13828931E+01
  -.25000000E+01  .13644537E+01
  -.24500000E+01  .13457756E+01
  -.24000000E+01  .13268506E+01
  -.23500000E+01  .13076702E+01
  -.23000000E+01  .12882258E+01
  -.22500000E+01  .12685063E+01
  -.22000000E+01  .12485033E+01
  -.21500000E+01  .12282055E+01
  -.21000000E+01  .12076017E+01
  -.20500000E+01  .11866806E+01
  -.20000000E+01  .11654284E+01
  -.19500000E+01  .11438334E+01
  -.19000000E+01  .11218801E+01
  -.18500000E+01  .10995552E+01
  -.18000000E+01  .10768411E+01
  -.17500000E+01  .10537228E+01
  -.17000000E+01  .10301807E+01
  -.16500000E+01  .10061976E+01
  -.16000000E+01  .98175126E+00
  -.15500000E+01  .95682153E+00
  -.15000000E+01  .93138554E+00
  -.14500000E+01  .90541630E+00
  -.14000000E+01  .87888944E+00
  -.13500000E+01  .85177589E+00
  -.13000000E+01  .82404457E+00
  -.12500000E+01  .79566362E+00
  -.12000000E+01  .76659716E+00
  -.11500000E+01  .73680701E+00
  -.11000000E+01  .70625190E+00
  -.10500000E+01  .67488718E+00
  -.10000000E+01  .64266451E+00
  -.95000000E+00  .60953128E+00
  -.90000000E+00  .57543028E+00
  -.85000000E+00  .54029919E+00
  -.80000000E+00  .50406989E+00
  -.75000000E+00  .46666697E+00
  -.70000000E+00  .42801125E+00
  -.65000000E+00  .38801030E+00
  -.60000000E+00  .34656649E+00
  -.55000000E+00  .30356908E+00
  -.50000000E+00  .25889739E+00
  -.45000000E+00  .21241667E+00
  -.40000000E+00  .16397677E+00
  -.35000000E+00  .11340988E+00
  -.30000000E+00  .60527821E-01
  -.25000000E+00  .51188349E-02
  -.20000000E+00 -.53056225E-01
  -.15000000E+00 -.11426851E+00
  -.10000000E+00 -.17882674E+00
  -.50000000E-01 -.24708398E+00
  -.22898350E-14 -.31944588E+00
   .50000000E-01 -.39638098E+00
   .10000000E+00 -.47843446E+00
   .15000000E+00 -.56623907E+00
   .20000000E+00 -.66054337E+00
   .25000000E+00 -.76223244E+00
   .30000000E+00 -.87236024E+00
   .35000000E+00 -.99219481E+00
   .40000000E+00 -.11232750E+01
   .45000000E+00 -.12674853E+01
   .50000000E+00 -.14271621E+01
   .55000000E+00 -.16052346E+01
   .60000000E+00 -.18054264E+01
   .65000000E+00 -.20325468E+01
   .70000000E+00 -.22929155E+01
   .75000000E+00 -.25950052E+01
   .80000000E+00 -.29504552E+01
   .85000000E+00 -.33756782E+01
   .90000000E+00 -.38946184E+01
   .95000000E+00 -.45436103E+01
   .10000000E+01 -.53806093E+01
   .10500000E+01 -.65040319E+01
   .11000000E+01 -.80956138E+01
   .11500000E+01 -.10532194E+02
   .12000000E+01 -.14743614E+02
   .12500000E+01 -.23814968E+02
   .13000000E+01 -.57834713E+02
   .13500000E+01  .15610440E+03
   .14000000E+01  .34225162E+02
   .14500000E+01  .19511186E+02
   .15000000E+01  .13773183E+02
   .15500000E+01  .10710869E+02
   .16000000E+01  .88022581E+01
   .16500000E+01  .74955782E+01
   .17000000E+01  .65424942E+01
   .17500000E+01  .58147032E+01
   .18000000E+01  .52392585E+01
   .18500000E+01  .47715948E+01
   .19000000E+01  .43829840E+01
   .19500000E+01  .40540230E+01
   .20000000E+01  .37711703E+01
KBPotential  L  =      3.00000   -.01531
  -.30000000E+01  .17918706E+01
  -.29500000E+01  .17774772E+01
  -.29000000E+01  .17629517E+01
  -.28500000E+01  .17482898E+01
  -.28000000E+01  .17334874E+01
  -.27500000E+01  .17185400E+01
  -.27000000E+01  .17034429E+01
  -.26500000E+01  .16881909E+01
  -.26000000E+01  .16727788E+01
  -.25500000E+01  .16572010E+01
  -.25000000E+01  .16414514E+01
  -.24500000E+01  .16255237E+01
  -.24000000E+01  .16094112E+01
  -.23500000E+01  .15931066E+01
  -.23000000E+01  .15766023E+01
  -.22500000E+01  .15598899E+01
  -.22000000E+01  .15429608E+01
  -.21500000E+01  .15258053E+01
  -.21000000E+01  .15084135E+01
  -.20500000E+01  .14907742E+01
  -.20000000E+01  .14728758E+01
  -.19500000E+01  .14547055E+01
  -.19000000E+01  .14362494E+01
  -.18500000E+01  .14174925E+01
  -.18000000E+01  .13984185E+01
  -.17500000E+01  .13790097E+01
  -.17000000E+01  .13592465E+01
  -.16500000E+01  .13391076E+01
  -.16000000E+01  .13185697E+01
  -.15500000E+01  .12976067E+01
  -.15000000E+01  .12761903E+01
  -.14500000E+01  .12542886E+01
  -.14000000E+01  .12318665E+01
  -.13500000E+01  .12088846E+01
  -.13000000E+01  .11852987E+01
  -.12500000E+01  .11610592E+01
  -.12000000E+01  .11361100E+01
  -.11500000E+01  .11103875E+01
  -.11000000E+01  .10838191E+01
  -.10500000E+01  .10563216E+01
  -.10000000E+01  .10277993E+01
  -.95000000E+00  .99814101E+00
  -.90000000E+00  .96721748E+00
  -.85000000E+00  .93487681E+00
  -.80000000E+00  .90093951E+00
  -.75000000E+00  .86519180E+00
  -.70000000E+00  .82737682E+00
  -.65000000E+00  .78718315E+00
  -.60000000E+00  .74422929E+00
  -.55000000E+00  .69804262E+00
  -.50000000E+00  .64803024E+00
  -.45000000E+00  .59343778E+00
  -.40000000E+00  .53329022E+00
  -.35000000E+00  .46630425E+00
  -.30000000E+00  .39075570E+00
  -.25000000E+00  .30427155E+00
  -.20000000E+00  .20349245E+00
  -.15000000E+00  .83499623E-01
  -.10000000E+00 -.63210128E-01
  -.50000000E-01 -.24868082E+00
  -.22898350E-14 -.49357296E+00
   .50000000E-01 -.83634139E+00
   .10000000E+00 -.13584153E+01
   .15000000E+00 -.22658889E+01
   .20000000E+00 -.42784515E+01
   .25000000E+00 -.12869773E+02
   .30000000E+00  .21992107E+02
   .35000000E+00  .68226485E+01
   .40000000E+00  .43053437E+01
   .45000000E+00  .32580319E+01
   .50000000E+00  .26770455E+01
   .55000000E+00  .23028547E+01
   .60000000E+00  .20382908E+01
   .65000000E+00  .18387432E+01
   .70000000E+00  .16808536E+01
   .75000000E+00  .15512047E+01
   .80000000E+00  .14415382E+01
   .85000000E+00  .13464602E+01
   .90000000E+00  .12623943E+01
   .95000000E+00  .11867562E+01
   .10000000E+01  .11176975E+01
   .10500000E+01  .10538459E+01
   .11000000E+01  .99416051E+00
   .11500000E+01  .93783575E+00
   .12000000E+01  .88423740E+00
   .12500000E+01  .83285828E+00
   .13000000E+01  .78328675E+00
   .13500000E+01  .73518419E+00
   .14000000E+01  .68826851E+00
   .14500000E+01  .64230174E+00
   .15000000E+01  .59708079E+00
   .15500000E+01  .55243031E+00
   .16000000E+01  .50819714E+00
   .16500000E+01  .46424599E+00
   .17000000E+01  .42045599E+00
   .17500000E+01  .37671794E+00
   .18000000E+01  .33293206E+00
   .18500000E+01  .28900609E+00
   .19000000E+01  .24485388E+00
   .19500000E+01  .20039396E+00
   .20000000E+01  .15554854E+00
KBPotential  L  =      4.00000    .00000
  -.30000000E+01  .20955156E+01
  -.29500000E+01  .20838453E+01
  -.29000000E+01  .20721155E+01
  -.28500000E+01  .20603237E+01
  -.28000000E+01  .20484699E+01
  -.27500000E+01  .20365533E+01
  -.27000000E+01  .20245716E+01
  -.26500000E+01  .20125270E+01
  -.26000000E+01  .20004156E+01
  -.25500000E+01  .19882370E+01
  -.25000000E+01  .19759912E+01
  -.24500000E+01  .19636746E+01
  -.24000000E+01  .19512909E+01
  -.23500000E+01  .19388343E+01
  -.23000000E+01  .19263057E+01
  -.22500000E+01  .19137036E+01
  -.22000000E+01  .19010268E+01
  -.21500000E+01  .18882741E+01
  -.21000000E+01  .18754443E+01
  -.20500000E+01  .18625361E+01
  -.20000000E+01  .18495480E+01
  -.19500000E+01  .18364789E+01
  -.19000000E+01  .18233273E+01
  -.18500000E+01  .18100906E+01
  -.18000000E+01  .17967707E+01
  -.17500000E+01  .17833616E+01
  -.17000000E+01  .17698661E+01
  -.16500000E+01  .17562797E+01
  -.16000000E+01  .17426005E+01
  -.15500000E+01  .17288297E+01
  -.15000000E+01  .17149630E+01
  -.14500000E+01  .17009991E+01
  -.14000000E+01  .16869366E+01
  -.13500000E+01  .16727733E+01
  -.13000000E+01  .16585074E+01
  -.12500000E+01  .16441369E+01
  -.12000000E+01  .16296597E+01
  -.11500000E+01  .16150736E+01
  -.11000000E+01  .16003764E+01
  -.10500000E+01  .15855661E+01
  -.10000000E+01  .15706401E+01
  -.95000000E+00  .15555960E+01
  -.90000000E+00  .15404315E+01
  -.85000000E+00  .15251438E+01
  -.80000000E+00  .15097304E+01
  -.75000000E+00  .14941885E+01
  -.70000000E+00  .14785155E+01
  -.65000000E+00  .14627079E+01
  -.60000000E+00  .14467634E+01
  -.55000000E+00  .14306783E+01
  -.50000000E+00  .14144498E+01
  -.45000000E+00  .13980742E+01
  -.40000000E+00  .13815483E+01
  -.35000000E+00  .13648683E+01
  -.30000000E+00  .13480305E+01
  -.25000000E+00  .13310312E+01
  -.20000000E+00  .13138664E+01
  -.15000000E+00  .12965318E+01
  -.10000000E+00  .12790233E+01
  -.50000000E-01  .12613363E+01
  -.22898350E-14  .12434661E+01
   .50000000E-01  .12254081E+01
   .10000000E+00  .12071572E+01
   .15000000E+00  .11887081E+01
   .20000000E+00  .11700555E+01
   .25000000E+00  .11511938E+01
   .30000000E+00  .11321169E+01
   .35000000E+00  .11128190E+01
   .40000000E+00  .10932935E+01
   .45000000E+00  .10735338E+01
   .50000000E+00  .10535331E+01
   .55000000E+00  .10332840E+01
   .60000000E+00  .10127790E+01
   .65000000E+00  .99201026E+00
   .70000000E+00  .97096946E+00
   .75000000E+00  .94964798E+00
   .80000000E+00  .92803679E+00
   .85000000E+00  .90612643E+00
   .90000000E+00  .88390692E+00
   .95000000E+00  .86136790E+00
   .10000000E+01  .83849845E+00
   .10500000E+01  .81528708E+00
   .11000000E+01  .79172176E+00
   .11500000E+01  .76778983E+00
   .12000000E+01  .74347795E+00
   .12500000E+01  .71877209E+00
   .13000000E+01  .69365746E+00
   .13500000E+01  .66811848E+00
   .14000000E+01  .64213869E+00
   .14500000E+01  .61570069E+00
   .15000000E+01  .58878616E+00
   .15500000E+01  .56137562E+00
   .16000000E+01  .53344852E+00
   .16500000E+01  .50498307E+00
   .17000000E+01  .47595609E+00
   .17500000E+01  .44634306E+00
   .18000000E+01  .41611790E+00
   .18500000E+01  .38525281E+00
   .19000000E+01  .35371833E+00
   .19500000E+01  .32148278E+00
   .20000000E+01  .28851247E+00
