Ac:                                     
  .104110774E+01  .105365679E+01  .106635527E+01  .107920491E+01  .109220747E+01
  .110536475E+01  .111867855E+01  .113215068E+01  .114578301E+01  .115957738E+01
  .117353570E+01  .118765986E+01  .120195180E+01  .121641347E+01  .123104684E+01
  .124585391E+01  .126083669E+01  .127599722E+01  .129133757E+01  .130685982E+01
  .132256607E+01  .133845848E+01  .135453918E+01  .137081035E+01  .138727422E+01
  .140393299E+01  .142078892E+01  .143784430E+01  .145510143E+01  .147256263E+01
  .149023026E+01  .150810669E+01  .152619435E+01  .154449566E+01  .156301307E+01
  .158174909E+01  .160070622E+01  .161988700E+01  .163929400E+01  .165892983E+01
  .167879711E+01  .169889849E+01  .171923665E+01  .173981432E+01  .176063424E+01
  .178169917E+01  .180301193E+01  .182457533E+01  .184639226E+01  .186846560E+01
  .189079828E+01  .191339325E+01  .193625352E+01  .195938209E+01  .198278204E+01
  .200645643E+01  .203040840E+01  .205464110E+01  .207915772E+01  .210396148E+01
  .212905563E+01  .215444348E+01  .218012834E+01  .220611358E+01  .223240259E+01
  .225899882E+01  .228590573E+01  .231312682E+01  .234066566E+01  .236852580E+01
  .239671089E+01  .242522457E+01  .245407054E+01  .248325253E+01  .251277433E+01
  .254263974E+01  .257285263E+01  .260341688E+01  .263433643E+01  .266561526E+01
  .269725738E+01  .272926685E+01  .276164778E+01  .279440431E+01  .282754063E+01
  .286106096E+01  .289496958E+01  .292927082E+01  .296396902E+01  .299906859E+01
  .303457400E+01  .307048974E+01  .310682034E+01  .314357040E+01  .318074456E+01
  .321834750E+01  .325638395E+01  .329485869E+01  .333377655E+01  .337314239E+01
  .341296116E+01  .345323781E+01  .349397738E+01  .353518493E+01  .357686560E+01
  .361902456E+01  .366166703E+01  .370479829E+01  .374842369E+01  .379254859E+01
  .383717844E+01  .388231872E+01  .392797499E+01  .397415284E+01  .402085792E+01
  .406809594E+01  .411587266E+01  .416419391E+01  .421306556E+01  .426249353E+01
  .431248384E+01  .436304251E+01  .441417565E+01  .446588943E+01  .451819007E+01
  .457108385E+01  .462457711E+01  .467867626E+01  .473338774E+01  .478871809E+01
  .484467389E+01  .490126178E+01  .495848847E+01  .501636072E+01  .507488537E+01
  .513406931E+01  .519391950E+01  .525444297E+01  .531564679E+01  .537753812E+01
  .544012418E+01  .550341224E+01  .556740965E+01  .563212383E+01  .569756225E+01
  .576373247E+01  .583064209E+01  .589829879E+01  .596671034E+01  .603588453E+01
  .610582927E+01  .617655249E+01  .624806224E+01  .632036660E+01  .639347374E+01
  .646739189E+01  .654212936E+01  .661769451E+01  .669409581E+01  .677134177E+01
  .684944097E+01  .692840209E+01  .700823385E+01  .708894507E+01  .717054462E+01
  .725304146E+01  .733644461E+01  .742076318E+01  .750600634E+01  .759218334E+01
  .767930351E+01  .776737623E+01  .785641098E+01  .794641731E+01  .803740485E+01
  .812938328E+01  .822236238E+01  .831635201E+01  .841136208E+01  .850740259E+01
  .860448362E+01  .870261532E+01  .880180792E+01  .890207173E+01  .900341711E+01
  .910585454E+01  .920939453E+01  .931404771E+01  .941982475E+01  .952673642E+01
  .963479355E+01  .974400706E+01  .985438793E+01  .996594724E+01  .100786961E+02
  .101926458E+02  .103078076E+02  .104241928E+02  .105418129E+02  .106606794E+02
  .107808039E+02  .109021981E+02  .110248738E+02  .111488426E+02  .112741166E+02
  .114007077E+02  .115286279E+02  .116578893E+02  .117885042E+02  .119204847E+02
  .120538433E+02  .121885922E+02  .123247440E+02  .124623112E+02  .126013064E+02
  .127417422E+02  .128836315E+02  .130269870E+02  .131718217E+02  .133181483E+02
  .134659801E+02  .136153300E+02  .137662111E+02  .139186367E+02  .140726201E+02
  .142281745E+02  .143853133E+02  .145440500E+02  .147043981E+02  .148663711E+02
  .150299827E+02  .151952465E+02  .153621763E+02  .155307857E+02  .157010887E+02
  .158730991E+02  .160468309E+02  .162222979E+02  .163995143E+02  .165784941E+02
  .167592514E+02  .169418003E+02  .171261550E+02  .173123298E+02  .175003389E+02
  .176901965E+02  .178819171E+02  .180755149E+02  .182710045E+02  .184684000E+02
  .186677161E+02  .188689671E+02  .190721675E+02  .192773319E+02  .194844747E+02
  .196936105E+02  .199047538E+02  .201179191E+02  .203331210E+02  .205503740E+02
  .207696928E+02  .209910918E+02  .212145855E+02  .214401887E+02  .216679156E+02
  .218977810E+02  .221297992E+02  .223639848E+02  .226003522E+02  .228389158E+02
  .230796901E+02  .233226893E+02  .235679279E+02  .238154202E+02  .240651802E+02
  .243172224E+02  .245715607E+02  .248282094E+02  .250871824E+02  .253484937E+02
  .256121572E+02  .258781867E+02  .261465959E+02  .264173987E+02  .266906084E+02
  .269662387E+02  .272443029E+02  .275248144E+02  .278077862E+02  .280932316E+02
  .283811635E+02  .286715947E+02  .289645380E+02  .292600059E+02  .295580110E+02
  .298585656E+02  .301616817E+02  .304673716E+02  .307756469E+02  .310865195E+02
  .314000008E+02  .317161022E+02  .320348349E+02  .323562098E+02  .326802378E+02
  .330069294E+02  .333362950E+02  .336683447E+02  .340030885E+02  .343405361E+02
  .346806970E+02  .350235804E+02  .353691952E+02  .357175502E+02  .360686538E+02
  .364225142E+02  .367791393E+02  .371385366E+02  .375007136E+02  .378656771E+02
  .382334339E+02  .386039903E+02  .389773524E+02  .393535259E+02  .397325160E+02
  .401143278E+02  .404989659E+02  .408864346E+02  .412767376E+02  .416698786E+02
  .420658604E+02  .424646859E+02  .428663571E+02  .432708760E+02  .436782439E+02
  .440884617E+02  .445015297E+02  .449174481E+02  .453362164E+02  .457578334E+02
  .461822978E+02  .466096074E+02  .470397599E+02  .474727521E+02  .479085804E+02
  .483472406E+02  .487887281E+02  .492330375E+02  .496801629E+02  .501300979E+02
  .505828353E+02  .510383675E+02  .514966860E+02  .519577819E+02  .524216456E+02
  .528882667E+02  .533576341E+02  .538297363E+02  .543045609E+02  .547820947E+02
  .552623239E+02  .557452340E+02  .562308096E+02  .567190346E+02  .572098923E+02
  .577033650E+02  .581994342E+02  .586980808E+02  .591992846E+02  .597030248E+02
  .602092796E+02  .607180265E+02  .612292420E+02  .617429018E+02  .622589805E+02
  .627774522E+02  .632982897E+02  .638214651E+02  .643469494E+02  .648747127E+02
  .654047244E+02  .659369524E+02  .664713642E+02  .670079258E+02  .675466025E+02
  .680873584E+02  .686301568E+02  .691749597E+02  .697217283E+02  .702704224E+02
  .708210012E+02  .713734224E+02  .719276428E+02  .724836180E+02  .730413026E+02
  .736006502E+02  .741616128E+02  .747241418E+02  .752881872E+02  .758536978E+02
  .764206213E+02  .769889043E+02  .775584921E+02  .781293289E+02  .787013578E+02
  .792745204E+02  .798487574E+02  .804240082E+02  .810002109E+02  .815773025E+02
  .821552186E+02  .827338939E+02  .833132615E+02  .838932536E+02  .844738008E+02
  .850548328E+02  .856362779E+02  .862180631E+02  .868001144E+02  .873823563E+02
  .879647122E+02  .885471041E+02  .891294531E+02  .897116787E+02  .902936995E+02
  .908754325E+02  .914567938E+02  .920376982E+02  .926180592E+02  .931977891E+02
  .937767992E+02  .943549995E+02  .949322986E+02  .955086044E+02  .960838232E+02
  .966578604E+02  .972306202E+02  .978020057E+02  .983719190E+02  .989402609E+02
  .995069312E+02  .100071829E+03  .100634852E+03  .101195896E+03  .101754858E+03
  .102311633E+03  .102866113E+03  .103418193E+03  .103967764E+03  .104514718E+03
  .105058944E+03  .105600332E+03  .106138771E+03  .106674149E+03  .107206353E+03
  .107735270E+03  .108260785E+03  .108782784E+03  .109301153E+03  .109815773E+03
  .110326531E+03  .110833308E+03  .111335988E+03  .111834454E+03  .112328586E+03
  .112818268E+03  .113303380E+03  .113783805E+03  .114259424E+03  .114730117E+03
  .115195767E+03  .115656255E+03  .116111461E+03  .116561268E+03  .117005558E+03
  .117444212E+03  .117877114E+03  .118304145E+03  .118725189E+03  .119140131E+03
  .119548854E+03  .119951244E+03  .120347187E+03  .120736570E+03  .121119280E+03
  .121495206E+03  .121864238E+03  .122226266E+03  .122581184E+03  .122928884E+03
  .123269261E+03  .123602212E+03  .123927635E+03  .124245428E+03  .124555494E+03
  .124857736E+03  .125152059E+03  .125438369E+03  .125716577E+03  .125986594E+03
  .126248333E+03  .126501711E+03  .126746647E+03  .126983061E+03  .127210878E+03
  .127430025E+03  .127640432E+03  .127842031E+03  .128034759E+03  .128218554E+03
  .128393360E+03  .128559121E+03  .128715788E+03  .128863314E+03  .129001656E+03
  .129130774E+03  .129250634E+03  .129361203E+03  .129462456E+03  .129554370E+03
  .129636925E+03  .129710110E+03  .129773914E+03  .129828333E+03  .129873368E+03
  .129909024E+03  .129935311E+03  .129952244E+03  .129959846E+03  .129958141E+03
  .129947162E+03  .129926945E+03  .129897533E+03  .129858975E+03  .129811324E+03
  .129754641E+03  .129688992E+03  .129614449E+03  .129531091E+03  .129439001E+03
  .129338272E+03  .129228999E+03  .129111287E+03  .128985245E+03  .128850991E+03
  .128708649E+03  .128558347E+03  .128400223E+03  .128234421E+03  .128061090E+03
  .127880389E+03  .127692481E+03  .127497537E+03  .127295736E+03  .127087263E+03
  .126872309E+03  .126651075E+03  .126423765E+03  .126190593E+03  .125951778E+03
  .125707548E+03  .125458137E+03  .125203785E+03  .124944741E+03  .124681257E+03
  .124413597E+03  .124142027E+03  .123866823E+03  .123588264E+03  .123306640E+03
  .123022244E+03  .122735377E+03  .122446344E+03  .122155459E+03  .121863040E+03
  .121569412E+03  .121274903E+03  .120979851E+03  .120684595E+03  .120389483E+03
  .120094864E+03  .119801095E+03  .119508537E+03  .119217553E+03  .118928514E+03
  .118641793E+03  .118357766E+03  .118076813E+03  .117799319E+03  .117525669E+03
  .117256253E+03  .116991462E+03  .116731690E+03  .116477332E+03  .116228785E+03
  .115986448E+03  .115750719E+03  .115521997E+03  .115300682E+03  .115087174E+03
  .114881870E+03  .114685168E+03  .114497465E+03  .114319154E+03  .114150628E+03
  .113992277E+03  .113844487E+03  .113707641E+03  .113582118E+03  .113468293E+03
  .113366535E+03  .113277211E+03  .113200677E+03  .113137288E+03  .113087389E+03
  .113051320E+03  .113029411E+03  .113021985E+03  .113029357E+03  .113051833E+03
  .113089708E+03  .113143268E+03  .113212788E+03  .113298531E+03  .113400751E+03
  .113519686E+03  .113655566E+03  .113808603E+03  .113979000E+03  .114166942E+03
  .114372603E+03  .114596138E+03  .114837690E+03  .115097384E+03  .115375329E+03
  .115671617E+03  .115986324E+03  .116319506E+03  .116671201E+03  .117041431E+03
  .117430196E+03  .117837478E+03  .118263239E+03  .118707420E+03  .119169943E+03
  .119650709E+03  .120149596E+03  .120666464E+03  .121201147E+03  .121753461E+03
  .122323199E+03  .122910129E+03  .123514001E+03  .124134538E+03  .124771443E+03
  .125424396E+03  .126093052E+03  .126777045E+03  .127475987E+03  .128189464E+03
  .128917041E+03  .129658260E+03  .130412641E+03  .131179680E+03  .131958851E+03
  .132749607E+03  .133551378E+03  .134363573E+03  .135185579E+03  .136016762E+03
  .136856470E+03  .137704028E+03  .138558742E+03  .139419901E+03  .140286773E+03
  .141158608E+03  .142034642E+03  .142914091E+03  .143796156E+03  .144680024E+03
  .145564868E+03  .146449845E+03  .147334101E+03  .148216771E+03  .149096979E+03
  .149973838E+03  .150846453E+03  .151713922E+03  .152575336E+03  .153429781E+03
  .154276338E+03  .155114085E+03  .155942099E+03  .156759457E+03  .157565235E+03
  .158358513E+03  .159138373E+03  .159903903E+03  .160654196E+03  .161388354E+03
  .162105488E+03  .162804720E+03  .163485182E+03  .164146022E+03  .164786403E+03
  .165405503E+03  .166002519E+03  .166576668E+03  .167127189E+03  .167653342E+03
  .168154413E+03  .168629713E+03  .169078581E+03  .169500383E+03  .169894519E+03
  .170260416E+03  .170597540E+03  .170905387E+03  .171183491E+03  .171431424E+03
  .171648797E+03  .171835259E+03  .171990502E+03  .172114262E+03  .172206315E+03
  .172266486E+03  .172294644E+03  .172290705E+03  .172254632E+03  .172186438E+03
  .172086185E+03  .171953987E+03  .171790006E+03  .171594458E+03  .171367608E+03
  .171109777E+03  .170821337E+03  .170502712E+03  .170154380E+03  .169776872E+03
  .169370771E+03  .168936716E+03  .168475394E+03  .167987548E+03  .167473970E+03
  .166935504E+03  .166373045E+03  .165787536E+03  .165179970E+03  .164551386E+03
  .163902871E+03  .163235554E+03  .162550612E+03  .161849259E+03  .161132753E+03
  .160402388E+03  .159659497E+03  .158905447E+03  .158141635E+03  .157369492E+03
  .156590475E+03  .155806065E+03  .155017770E+03  .154227113E+03  .153435640E+03
  .152644907E+03  .151856484E+03  .151071950E+03  .150292888E+03  .149520884E+03
  .148757524E+03  .148004388E+03  .147263050E+03  .146535071E+03  .145822001E+03
  .145125368E+03  .144446680E+03  .143787420E+03  .143149042E+03  .142532968E+03
  .141940584E+03  .141373234E+03  .140832222E+03  .140318804E+03  .139834186E+03
  .139379519E+03  .138955899E+03  .138564360E+03  .138205872E+03  .137881339E+03
  .137591594E+03  .137337399E+03  .137119436E+03  .136938314E+03  .136794555E+03
  .136688600E+03  .136620804E+03  .136591434E+03  .136600665E+03  .136648581E+03
  .136735172E+03  .136860333E+03  .137023864E+03  .137225465E+03  .137464739E+03
  .137741192E+03  .138054228E+03  .138403155E+03  .138787181E+03  .139205415E+03
  .139656869E+03  .140140459E+03  .140655003E+03  .141199229E+03  .141771769E+03
  .142371168E+03  .142995881E+03  .143644279E+03  .144314651E+03  .145005206E+03
  .145714077E+03  .146439327E+03  .147178947E+03  .147930867E+03  .148692956E+03
  .149463030E+03  .150238852E+03  .151018142E+03  .151798579E+03  .152577808E+03
  .153353446E+03  .154123086E+03  .154884306E+03  .155634671E+03  .156371743E+03
  .157093087E+03  .157796274E+03  .158478891E+03  .159138548E+03  .159772882E+03
  .160379564E+03  .160956310E+03  .161500880E+03  .162011094E+03  .162484830E+03
  .162920035E+03  .163314733E+03  .163667025E+03  .163975103E+03  .164237249E+03
  .164451847E+03  .164617385E+03  .164732459E+03  .164795783E+03  .164806191E+03
  .164762640E+03  .164664218E+03  .164510146E+03  .164299783E+03  .164032626E+03
  .163708318E+03  .163326646E+03  .162887547E+03  .162391106E+03  .161837561E+03
  .161227302E+03  .160560871E+03  .159838963E+03  .159062427E+03  .158232260E+03
  .157349613E+03  .156415783E+03  .155432214E+03  .154400492E+03  .153322346E+03
  .152199637E+03  .151034361E+03  .149828641E+03  .148584723E+03  .147304967E+03
  .145991849E+03  .144647944E+03  .143275929E+03  .141878569E+03  .140458715E+03
  .139019292E+03  .137563291E+03  .136093763E+03  .134613811E+03  .133126576E+03
  .131635234E+03  .130142980E+03  .128653025E+03  .127168584E+03  .125692863E+03
  .124229054E+03  .122780322E+03  .121349797E+03  .119940564E+03  .118555651E+03
  .117198021E+03  .115870564E+03  .114576086E+03  .113317298E+03  .112096810E+03
  .110917124E+03  .109780618E+03  .108689548E+03  .107646033E+03  .106652048E+03
  .105709424E+03  .104819833E+03  .103984788E+03  .103205634E+03  .102483544E+03
  .101819517E+03  .101214370E+03  .100668739E+03  .100183072E+03  .997576301E+02
  .993924848E+02  .990875170E+02  .988424171E+02  .986566853E+02  .985296327E+02
  .984603829E+02  .984478746E+02  .984908642E+02  .985879303E+02  .987374773E+02
  .989377407E+02  .991867929E+02  .994825494E+02  .998227755E+02  .100205094E+03
  .100626993E+03  .101085833E+03  .101578860E+03  .102103210E+03  .102655920E+03
  .103233939E+03  .103834139E+03  .104453322E+03  .105088234E+03  .105735574E+03
  .106392006E+03  .107054167E+03  .107718684E+03  .108382179E+03  .109041284E+03
  .109692648E+03  .110332955E+03  .110958926E+03  .111567335E+03  .112155020E+03
  .112718890E+03  .113255936E+03  .113763244E+03  .114237997E+03  .114677491E+03
  .115079140E+03  .115440486E+03  .115759201E+03  .116033104E+03  .116260156E+03
  .116438476E+03  .116566337E+03  .116642181E+03  .116664613E+03  .116632411E+03
  .116544527E+03  .116400087E+03  .116198398E+03  .115938942E+03  .115621382E+03
  .115245557E+03  .114811485E+03  .114319359E+03  .113769546E+03  .113162581E+03
  .112499169E+03  .111780175E+03  .111006625E+03  .110179697E+03  .109300718E+03
  .108371154E+03  .107392611E+03  .106366818E+03  .105295632E+03  .104181017E+03
  .103025048E+03  .101829896E+03  .100597822E+03  .993311670E+02  .980323452E+02
  .967038328E+02  .953481621E+02  .939679087E+02  .925656862E+02  .911441331E+02
  .897059082E+02  .882536768E+02  .867901068E+02  .853178548E+02  .838395628E+02
  .823578444E+02  .808752821E+02  .793944138E+02  .779177307E+02  .764476644E+02
  .749865857E+02  .735367917E+02  .721005058E+02  .706798658E+02  .692769237E+02
  .678936358E+02  .665318627E+02  .651933600E+02  .638797799E+02  .625926624E+02
  .613334377E+02  .601034187E+02  .589038038E+02  .577356709E+02  .565999807E+02
  .554975717E+02  .544291645E+02  .533953577E+02  .523966330E+02  .514333515E+02
  .505057605E+02  .496139903E+02  .487580608E+02  .479378804E+02  .471532526E+02
  .464038757E+02  .456893496E+02  .450091768E+02  .443627692E+02  .437494500E+02
  .431684604E+02  .426189624E+02  .421000459E+02  .416107314E+02  .411499779E+02
  .407166857E+02  .403097040E+02  .399278348E+02  .395698400E+02  .392344457E+02
  .389203489E+02  .386262224E+02  .383507210E+02  .380924863E+02  .378501531E+02
  .376223541E+02  .374077250E+02  .372049102E+02  .370125671E+02  .368293713E+02
  .366540205E+02  .364852396E+02  .363217838E+02  .361624434E+02  .360060463E+02
  .358514626E+02  .356976062E+02  .355434390E+02  .353879719E+02  .352302688E+02
  .350694466E+02  .349046789E+02  .347351955E+02  .345602852E+02  .343792953E+02
  .341916336E+02  .339967672E+02  .337942241E+02  .335835919E+02  .333645185E+02
  .331367102E+02  .328999323E+02  .326540067E+02  .323988118E+02  .321342802E+02
  .318603978E+02  .315772013E+02  .312847772E+02  .309832584E+02  .306728236E+02
  .303536936E+02  .300261297E+02  .296904306E+02  .293469308E+02  .289959967E+02
  .286380248E+02  .282734387E+02  .279026865E+02  .275262374E+02  .271445803E+02
  .267582195E+02  .263676732E+02  .259734700E+02  .255761473E+02  .251762472E+02
  .247743158E+02  .243708993E+02  .239665425E+02  .235617861E+02  .231571651E+02
  .227532061E+02  .223504260E+02  .219493294E+02  .215504078E+02  .211541373E+02
  .207609774E+02  .203713697E+02  .199857366E+02  .196044802E+02  .192279814E+02
  .188565990E+02  .184906689E+02  .181305037E+02  .177763920E+02  .174285982E+02
  .170873623E+02  .167528995E+02  .164254004E+02  .161050309E+02  .157919326E+02
  .154862229E+02  .151879954E+02  .148973202E+02  .146142448E+02  .143387942E+02
  .140709718E+02  .138107601E+02  .135581217E+02  .133129995E+02  .130753184E+02
  .128449855E+02  .126218913E+02  .124059108E+02  .121969045E+02  .119947191E+02
  .117991891E+02  .116101370E+02  .114273753E+02  .112507070E+02  .110799268E+02
  .109148219E+02  .107551737E+02  .106007579E+02  .104513464E+02  .103067076E+02
  .101666080E+02  .100308125E+02  .989908577E+01  .977119280E+01  .964690023E+01
  .952597647E+01  .940819324E+01  .929332548E+01  .918115291E+01  .907145979E+01
  .896403638E+01  .885867864E+01  .875518959E+01  .865337899E+01  .855306432E+01
  .845407090E+01  .835623225E+01  .825939038E+01  .816339604E+01  .806810885E+01
  .797339759E+01  .787914007E+01  .778522342E+01  .769154380E+01  .759800706E+01
  .750452749E+01  .741102942E+01  .731744549E+01  .722371767E+01  .712979639E+01
  .703564076E+01  .694121806E+01  .684650374E+01  .675148085E+01  .665614017E+01
  .656047938E+01  .646450331E+01  .636822300E+01  .627165599E+01  .617482531E+01
  .607775972E+01  .598049275E+01  .588306294E+01  .578551280E+01  .568788904E+01
  .559024163E+01  .549262397E+01  .539509190E+01  .529770393E+01  .520052033E+01
  .510360323E+01  .500701582E+01  .491082244E+01  .481508781E+01  .471987713E+01
  .462525534E+01  .453128721E+01  .443803670E+01  .434556704E+01  .425394008E+01
  .416321645E+01  .407345492E+01  .398471264E+01  .389704444E+01  .381050315E+01
  .372513899E+01  .364099982E+01  .355813062E+01  .347657379E+01  .339636860E+01
  .331755160E+01  .324015603E+01  .316421228E+01  .308974739E+01  .301678545E+01
  .294534718E+01  .287545033E+01  .280710932E+01  .274033567E+01  .267513757E+01
  .261152043E+01  .254948647E+01  .248903523E+01  .243016324E+01  .237286440E+01
  .231712995E+01  .226294856E+01  .221030649E+01  .215918764E+01  .210957371E+01
  .206144427E+01  .201477693E+01  .196954743E+01  .192572972E+01  .188329620E+01
  .184221771E+01  .180246375E+01  .176400255E+01  .172680122E+01  .169082584E+01
  .165604164E+01  .162241301E+01  .158990376E+01  .155847709E+01  .152809580E+01
  .149872236E+01  .147031902E+01  .144284789E+01  .141627110E+01  .139055082E+01
  .136564943E+01  .134152952E+01  .131815407E+01  .129548647E+01  .127349064E+01
  .125213103E+01  .123137280E+01  .121118179E+01  .119152465E+01  .117236883E+01
  .115368273E+01  .113543562E+01  .111759782E+01  .110014061E+01  .108303639E+01
  .106625860E+01  .104978183E+01  .103358178E+01  .101763532E+01  .100192048E+01
  .986416489E+00  .971103716E+00  .955963767E+00  .940979379E+00  .926134523E+00
  .911414288E+00  .896804975E+00  .882293981E+00  .867869885E+00  .853522330E+00
  .839242099E+00  .825020994E+00  .810851911E+00  .796728712E+00  .782646298E+00
  .768600474E+00  .754588028E+00  .740606582E+00  .726654671E+00  .712731599E+00
  .698837507E+00  .684973232E+00  .671140367E+00  .657341122E+00  .643578386E+00
  .629855580E+00  .616176719E+00  .602546264E+00  .588969184E+00  .575450809E+00
  .561996883E+00  .548613426E+00  .535306781E+00  .522083476E+00  .508950278E+00
  .495914045E+00  .482981787E+00  .470160524E+00  .457457338E+00  .444879242E+00
  .432433231E+00  .420126153E+00  .407964767E+00  .395955615E+00  .384105084E+00
  .372419287E+00  .360904120E+00  .349565159E+00  .338407718E+00  .327436747E+00
  .316656897E+00  .306072433E+00  .295687291E+00  .285505001E+00  .275528753E+00
  .265761320E+00  .256205131E+00  .246862199E+00  .237734195E+00  .228822383E+00
  .220127698E+00  .211650682E+00  .203391566E+00  .195350206E+00  .187526175E+00
  .179918692E+00  .172526719E+00  .165348896E+00  .158383631E+00  .151629045E+00
  .145083038E+00  .138743285E+00  .132607248E+00  .126672201E+00  .120935235E+00
  .115393283E+00  .110043126E+00  .104881410E+00  .999046620E-01  .951093007E-01
  .904916494E-01  .860479490E-01  .817743689E-01  .776670189E-01  .737219591E-01
  .699352103E-01  .663027633E-01  .628205881E-01  .594846418E-01  .562908771E-01
  .532352493E-01  .503137233E-01  .475222803E-01  .448569235E-01  .423136840E-01
  .398886259E-01  .375778515E-01  .353775052E-01  .332837784E-01  .312929128E-01
  .294012045E-01  .276050071E-01  .259007349E-01  .242848656E-01  .227539428E-01
  .213045788E-01  .199334564E-01  .186373310E-01  .174130324E-01  .162574663E-01
  .151676156E-01  .141405417E-01  .131733857E-01  .122633688E-01  .114077933E-01
  .106040428E-01  .984958284E-02  .914196076E-02  .847880578E-02  .785782876E-02
  .727682190E-02  .673365821E-02  .622629083E-02  .575275227E-02  .531115344E-02
  .489968261E-02  .451660422E-02  .416025754E-02  .382905530E-02  .352148216E-02
  .323609311E-02  .297151174E-02  .272642857E-02  .249959915E-02  .228984220E-02
  .209603769E-02  .191712489E-02  .175210033E-02  .160001585E-02  .145997650E-02
  .133113855E-02  .121270745E-02  .110393581E-02  .100412136E-02  .912605003E-03
  .828768818E-03  .752034155E-03  .681859720E-03  .617739738E-03  .559202126E-03
  .505806750E-03  .457143690E-03  .412831600E-03  .372516084E-03  .335868164E-03
  .302582767E-03  .272377309E-03  .244990301E-03  .220180046E-03  .197723363E-03
  .177414402E-03  .159063482E-03  .142496020E-03  .127551481E-03  .114082418E-03
  .101953528E-03  .910407988E-04  .812306647E-04  .724192521E-04  .645116317E-04
  .574211540E-04  .510687904E-04  .453825533E-04  .402969174E-04  .357523174E-04
  .316946426E-04  .280748024E-04  .248482940E-04  .219748183E-04  .194179184E-04
  .171446453E-04  .151252502E-04  .133328998E-04  .117434141E-04  .103350257E-04
  .908815748E-05  .798522000E-05  .701042443E-05  .614961210E-05  .539009834E-05
  .472052990E-05  .413075491E-05  .361170443E-05  .315528458E-05  .275427857E-05
  .240225773E-05  .209350083E-05  .182292105E-05  .158599981E-05  .137872713E-05
  .119754764E-05  .103931201E-05  .901233165E-06  .780846912E-06  .675976549E-06
  .584701110E-06  .505326882E-06  .436361904E-06  .376493148E-06  .324566123E-06
  .279566673E-06  .240604740E-06  .206899897E-06  .177768481E-06  .152612143E-06
  .130907692E-06  .112198074E-06  .960843871E-07  .822188006E-07  .702983041E-07
  .600591766E-07  .512721084E-07  .437378982E-07  .372836635E-07  .317595059E-07
  .270355790E-07  .229995140E-07  .195541605E-07  .166156070E-07  .141114469E-07
  .119792626E-07  .101652999E-07  .862331183E-08  .731354952E-08  .620188343E-08
  .525903845E-08  .445992887E-08  .378308078E-08  .321013080E-08  .272539174E-08
  .231547641E-08  .196897221E-08  .167616008E-08  .142877173E-08  .121978049E-08
  .104322101E-08  .894034292E-09  .767934365E-09  .661293920E-09  .571046204E-09
  .494600996E-09  .429772715E-09  .374718988E-09  .327888206E-09  .287974813E-09
  .253881238E-09  .224685504E-09  .199613724E-09  .178016754E-09  .159350415E-09
  .143158752E-09  .129059877E-09  .116734027E-09  .105913484E-09  .963740954E-10
  .879281346E-10  .804183108E-10  .737127395E-10  .677007297E-10  .622892588E-10
  .574000261E-10  .529669932E-10  .489343335E-10  .452547238E-10  .418879239E-10
  .387995953E-10  .359603209E-10  .333447917E-10  .309311324E-10  .287003432E-10
  .266358370E-10  .247230568E-10  .229491594E-10  .213027497E-10  .197736752E-10
  .183528208E-10  .170319940E-10  .158037645E-10  .146613904E-10  .135987207E-10
  .126101234E-10  .116904242E-10  .108348562E-10  .100390162E-10  .929882807E-11
  .861051089E-11  .797055211E-11  .737568381E-11  .682286214E-11  .630924925E-11
  .583219734E-11  .538923433E-11  .497805118E-11  .459649031E-11  .424253520E-11
  .391430085E-11  .361002504E-11  .332806035E-11  .306686671E-11  .282500456E-11
  .260112845E-11  .239398113E-11  .220238795E-11  .202525176E-11  .186154799E-11
  .171032015E-11  .157067553E-11  .144178121E-11  .132286034E-11  .121318853E-11
  .111209061E-11  .101893747E-11  .933143122E-12  .854161967E-12  .781486188E-12
  .714643319E-12  .653193955E-12  .596729598E-12  .544870640E-12  .497264463E-12
  .453583656E-12  .413524341E-12  .376804601E-12  .343163013E-12  .312357255E-12
  .284162820E-12  .258371794E-12  .234791722E-12  .213244539E-12  .193565572E-12
  .175602607E-12  .159215013E-12  .144272924E-12  .130656476E-12  .118255090E-12
  .106966807E-12  .966976619E-13  .873611051E-13  .788774564E-13  .711734005E-13
  .641815149E-13  .578398301E-13  .520914201E-13  .468840214E-13  .421696785E-13
  .379044138E-13  .340479212E-13  .305632817E-13  .274166981E-13  .245772508E-13
  .220166689E-13  .197091201E-13  .176310147E-13  .157608246E-13  .140789158E-13
  .125673930E-13  .112099566E-13  .999177028E-14  .889933834E-14  .792039311E-14
  .704379077E-14  .625941541E-14  .555809059E-14  .493149805E-14  .437210276E-14
  .387308420E-14  .342827304E-14  .303209313E-14  .267950822E-14  .236597311E-14
  .208738893E-14  .184006213E-14  .162066703E-14  .142621148E-14  .125400564E-14
  .110163329E-14  .966925853E-15  .847938531E-15  .742928716E-15  .650336256E-15
  .568765542E-15  .496969223E-15  .433833421E-15  .378364316E-15  .329675993E-15
  .286979430E-15  .249572530E-15  .216831118E-15  .188200802E-15  .163189629E-15
  .141361461E-15  .122330009E-15  .105753466E-15  .913296717E-16  .787917800E-16
  .679043609E-16  .584599096E-16  .502757179E-16  .431910745E-16  .370647614E-16
  .317728182E-16  .272065465E-16  .232707318E-16  .198820593E-16  .169677054E-16
  .144640858E-16  .123157437E-16  .104743651E-16  .889790517E-17  .754981657E-17
  .639836653E-17  .541603432E-17  .457897988E-17  .386657571E-17  .326099508E-17
  .274685012E-17  .231087412E-17  .194164309E-17  .162933184E-17  .136550069E-17
  .114290914E-17  .955353330E-18  .797524382E-18  .664885105E-18  .553562858E-18
  .460256539E-18  .382155943E-18  .316871950E-18  .262376157E-18  .216948750E-18
  .179133550E-18  .147699307E-18  .121606397E-18  .999782415E-19  .820767761E-19
  .672814572E-19  .550713000E-19  .450095429E-19  .367305697E-19  .299287736E-19
  .243490902E-19  .197789594E-19  .160415121E-19  .129898029E-19  .105019369E-19
  .847695689E-20  .683137888E-20  .549627750E-20  .441483845E-20  .354030622E-20
  .283426596E-20  .226520755E-20  .180732745E-20  .143953061E-20  .114460042E-20
  .908509576E-21  .719848911E-21  .569354823E-21  .449518935E-21  .354266253E-21
  .278690272E-21  .218835329E-21  .171518112E-21  .134181528E-21  .104775293E-21
  .816585390E-22  .635205146E-22  .493161480E-22  .382137823E-22  .295528648E-22
  .228097606E-22  .175701829E-22  .135070041E-22  .103624321E-22  .793372152E-23
  .606174136E-23  .462184737E-23  .351660865E-23  .267002395E-23  .202293220E-23
  .152937810E-23  .115374022E-23  .868466393E-24  .652291859E-24  .488840215E-24
  .365527397E-24  .272704890E-24  .202991470E-24  .150753132E-24  .111699273E-24
  .825698486E-25  .608935646E-25  .448014051E-25  .328831713E-25  .240773677E-25
  .175868851E-25  .128145910E-25  .931424598E-26  .675318951E-26  .488404369E-26
  .352330731E-26  .253520358E-26  .181952218E-26  .130249142E-26  .929942546E-27
  .662203928E-27  .470297161E-27  .333110589E-27  .235304607E-27  .165763417E-27
  .116453756E-27  .815858917E-28  .569985111E-28  .397089946E-28  .275855199E-28
  .191086608E-28  .131985413E-28  .908987606E-29  .624188807E-29  .427355749E-29
  .291721320E-29  .198536901E-29  .134709453E-29  .911229798E-30  .614497196E-30
  .413107534E-30  .276851270E-30  .184951991E-30  .123165589E-30  .817572675E-31
  .540951805E-31  .356758674E-31  .234510727E-31  .153642527E-31  .100324958E-31
  .652895258E-32  .423450939E-32  .273700582E-32  .176298761E-32  .113164838E-32
  .723852621E-33  .461373648E-33  .293026505E-33  .185438499E-33  .116928150E-33
  .734601190E-34  .459816593E-34  .286751109E-34  .178155780E-34  .110269614E-34
  .679922794E-35  .417635806E-35  .255538710E-35  .155748142E-35  .945545670E-36
  .571770501E-36  .344371032E-36  .206577508E-36  .123417521E-36  .734334042E-37
  .435130124E-37  .256766731E-37  .150882136E-37  .882879837E-38  .514416867E-38
  .298444536E-38  .172397822E-38  .991526660E-39  .567761757E-39  .323669307E-39
  .183693986E-39  .103784064E-39  .583704274E-40  .326787594E-40  .182109514E-40
  .101013139E-40  .557679780E-41  .306434203E-41  .167578489E-41  .912034453E-42
  .493968524E-42  .266235124E-42  .142788199E-42  .762013882E-43  .404631446E-43
  .213778978E-43  .112372820E-43  .587666103E-44  .305741996E-44  .158240091E-44
  .814698015E-45  .417231497E-45  .212539303E-45  .107687291E-45  .542667533E-46
  .271974641E-46  .135559208E-46  .671918150E-47  .331185268E-47  .162320484E-47
  .791049344E-48  .383302657E-48  .184657957E-48  .884426882E-49  .421117383E-49
  .199329319E-49  .937875667E-50  .438636287E-50  .203905065E-50  .942094444E-51
  .432595981E-51  .197410658E-51  .895235083E-52  .403422488E-52  .180641525E-52
  .803687744E-53  .355260552E-53  .156017731E-53  .680683978E-54  .295011397E-54
  .127007881E-54  .543122625E-55  .230683762E-55  .973115610E-56  .407677115E-56
  .169608931E-56  .700708556E-57  .287447202E-57  .117080931E-57  .473474873E-58
  .190092713E-58  .757646561E-59  .299761046E-59  .117724158E-59  .458893766E-60
  .177537055E-60  .681663551E-61  .259734157E-61  .982063377E-62  .368446761E-62
  .137153807E-62  .506537723E-63  .185591985E-63  .674563239E-64  .243206046E-64
  .869734314E-65  .308484482E-65  .108514497E-65  .378557771E-66  .130976797E-66
  .449497801E-67  .153114313E-67  .519611157E-68  .176408887E-68  .615934549E-69
  .232068736E-69  .109475671E-69  .825801785E-70  .000000000E+00  .000000000E+00
  .000000000E+00  .000000000E+00  .000000000E+00  .000000000E+00  .000000000E+00
  .000000000E+00  .000000000E+00  .000000000E+00  .000000000E+00  .000000000E+00
  .000000000E+00  .000000000E+00  .000000000E+00  .000000000E+00  .000000000E+00
  .000000000E+00  .000000000E+00  .000000000E+00  .000000000E+00  .000000000E+00
  .000000000E+00  .000000000E+00  .000000000E+00  .000000000E+00  .000000000E+00
  .000000000E+00  .000000000E+00  .000000000E+00  .000000000E+00  .000000000E+00
  .000000000E+00  .000000000E+00  .000000000E+00  .000000000E+00  .000000000E+00
  .000000000E+00  .000000000E+00  .000000000E+00  .000000000E+00  .000000000E+00
  .000000000E+00  .000000000E+00  .000000000E+00  .000000000E+00  .000000000E+00
