P : s2p3                                
  .142477260E-03  .144758794E-03  .147076844E-03  .149431992E-03  .151824833E-03
  .154255969E-03  .156726013E-03  .159235586E-03  .161785320E-03  .164375859E-03
  .167007853E-03  .169681967E-03  .172398873E-03  .175159256E-03  .177963810E-03
  .180813242E-03  .183708270E-03  .186649621E-03  .189638038E-03  .192674272E-03
  .195759087E-03  .198893261E-03  .202077582E-03  .205312851E-03  .208599884E-03
  .211939507E-03  .215332561E-03  .218779900E-03  .222282392E-03  .225840918E-03
  .229456374E-03  .233129669E-03  .236861728E-03  .240653490E-03  .244505909E-03
  .248419954E-03  .252396611E-03  .256436879E-03  .260541775E-03  .264712331E-03
  .268949598E-03  .273254640E-03  .277628540E-03  .282072400E-03  .286587335E-03
  .291174482E-03  .295834995E-03  .300570045E-03  .305380824E-03  .310268540E-03
  .315234423E-03  .320279721E-03  .325405703E-03  .330613658E-03  .335904895E-03
  .341280744E-03  .346742556E-03  .352291704E-03  .357929583E-03  .363657610E-03
  .369477224E-03  .375389889E-03  .381397089E-03  .387500335E-03  .393701160E-03
  .400001121E-03  .406401802E-03  .412904811E-03  .419511782E-03  .426224374E-03
  .433044272E-03  .439973192E-03  .447012871E-03  .454165080E-03  .461431613E-03
  .468814295E-03  .476314981E-03  .483935554E-03  .491677926E-03  .499544043E-03
  .507535878E-03  .515655437E-03  .523904760E-03  .532285917E-03  .540801010E-03
  .549452178E-03  .558241591E-03  .567171455E-03  .576244011E-03  .585461534E-03
  .594826338E-03  .604340773E-03  .614007224E-03  .623828117E-03  .633805914E-03
  .643943120E-03  .654242275E-03  .664705962E-03  .675336807E-03  .686137473E-03
  .697110670E-03  .708259148E-03  .719585703E-03  .731093172E-03  .742784442E-03
  .754662441E-03  .766730148E-03  .778990585E-03  .791446826E-03  .804101992E-03
  .816959253E-03  .830021830E-03  .843292995E-03  .856776073E-03  .870474442E-03
  .884391531E-03  .898530826E-03  .912895867E-03  .927490252E-03  .942317634E-03
  .957381726E-03  .972686298E-03  .988235182E-03  .100403227E-02  .102008151E-02
  .103638693E-02  .105295260E-02  .106978266E-02  .108688134E-02  .110425290E-02
  .112190169E-02  .113983212E-02  .115804869E-02  .117655594E-02  .119535850E-02
  .121446108E-02  .123386844E-02  .125358545E-02  .127361702E-02  .129396817E-02
  .131464398E-02  .133564962E-02  .135699034E-02  .137867147E-02  .140069841E-02
  .142307669E-02  .144581188E-02  .146890966E-02  .149237581E-02  .151621617E-02
  .154043671E-02  .156504346E-02  .159004258E-02  .161544030E-02  .164124295E-02
  .166745698E-02  .169408892E-02  .172114543E-02  .174863324E-02  .177655922E-02
  .180493033E-02  .183375365E-02  .186303635E-02  .189278575E-02  .192300926E-02
  .195371440E-02  .198490883E-02  .201660034E-02  .204879680E-02  .208150624E-02
  .211473682E-02  .214849680E-02  .218279460E-02  .221763875E-02  .225303793E-02
  .228900095E-02  .232553677E-02  .236265447E-02  .240036330E-02  .243867263E-02
  .247759200E-02  .251713108E-02  .255729971E-02  .259810789E-02  .263956575E-02
  .268168360E-02  .272447192E-02  .276794133E-02  .281210264E-02  .285696683E-02
  .290254503E-02  .294884858E-02  .299588896E-02  .304367786E-02  .309222716E-02
  .314154889E-02  .319165530E-02  .324255883E-02  .329427211E-02  .334680797E-02
  .340017943E-02  .345439975E-02  .350948236E-02  .356544092E-02  .362228930E-02
  .368004160E-02  .373871212E-02  .379831541E-02  .385886623E-02  .392037958E-02
  .398287069E-02  .404635504E-02  .411084834E-02  .417636656E-02  .424292592E-02
  .431054287E-02  .437923417E-02  .444901678E-02  .451990797E-02  .459192528E-02
  .466508650E-02  .473940972E-02  .481491330E-02  .489161591E-02  .496953648E-02
  .504869428E-02  .512910883E-02  .521080000E-02  .529378796E-02  .537809318E-02
  .546373646E-02  .555073894E-02  .563912208E-02  .572890766E-02  .582011782E-02
  .591277506E-02  .600690220E-02  .610252243E-02  .619965932E-02  .629833678E-02
  .639857911E-02  .650041100E-02  .660385749E-02  .670894406E-02  .681569656E-02
  .692414123E-02  .703430476E-02  .714621421E-02  .725989711E-02  .737538138E-02
  .749269540E-02  .761186798E-02  .773292839E-02  .785590635E-02  .798083204E-02
  .810773612E-02  .823664973E-02  .836760447E-02  .850063246E-02  .863576631E-02
  .877303915E-02  .891248460E-02  .905413682E-02  .919803050E-02  .934420087E-02
  .949268370E-02  .964351534E-02  .979673268E-02  .995237318E-02  .101104749E-01
  .102710765E-01  .104342172E-01  .105999369E-01  .107682760E-01  .109392756E-01
  .111129776E-01  .112894242E-01  .114686584E-01  .116507242E-01  .118356657E-01
  .120235281E-01  .122143571E-01  .124081993E-01  .126051018E-01  .128051125E-01
  .130082802E-01  .132146543E-01  .134242849E-01  .136372230E-01  .138535204E-01
  .140732296E-01  .142964040E-01  .145230977E-01  .147533659E-01  .149872643E-01
  .152248497E-01  .154661797E-01  .157113128E-01  .159603084E-01  .162132268E-01
  .164701292E-01  .167310779E-01  .169961359E-01  .172653675E-01  .175388375E-01
  .178166123E-01  .180987588E-01  .183853453E-01  .186764408E-01  .189721158E-01
  .192724414E-01  .195774901E-01  .198873355E-01  .202020521E-01  .205217159E-01
  .208464037E-01  .211761937E-01  .215111653E-01  .218513989E-01  .221969765E-01
  .225479809E-01  .229044965E-01  .232666089E-01  .236344050E-01  .240079730E-01
  .243874025E-01  .247727843E-01  .251642109E-01  .255617758E-01  .259655744E-01
  .263757031E-01  .267922600E-01  .272153448E-01  .276450583E-01  .280815034E-01
  .285247841E-01  .289750061E-01  .294322768E-01  .298967052E-01  .303684020E-01
  .308474793E-01  .313340513E-01  .318282335E-01  .323301436E-01  .328399008E-01
  .333576261E-01  .338834424E-01  .344174744E-01  .349598488E-01  .355106941E-01
  .360701408E-01  .366383212E-01  .372153699E-01  .378014232E-01  .383966197E-01
  .390010999E-01  .396150066E-01  .402384845E-01  .408716808E-01  .415147445E-01
  .421678272E-01  .428310825E-01  .435046666E-01  .441887377E-01  .448834565E-01
  .455889863E-01  .463054925E-01  .470331432E-01  .477721089E-01  .485225627E-01
  .492846803E-01  .500586399E-01  .508446225E-01  .516428117E-01  .524533939E-01
  .532765580E-01  .541124962E-01  .549614030E-01  .558234763E-01  .566989165E-01
  .575879272E-01  .584907149E-01  .594074894E-01  .603384632E-01  .612838523E-01
  .622438756E-01  .632187554E-01  .642087173E-01  .652139900E-01  .662348059E-01
  .672714004E-01  .683240128E-01  .693928855E-01  .704782647E-01  .715804003E-01
  .726995455E-01  .738359575E-01  .749898971E-01  .761616291E-01  .773514219E-01
  .785595480E-01  .797862839E-01  .810319098E-01  .822967105E-01  .835809745E-01
  .848849946E-01  .862090679E-01  .875534958E-01  .889185840E-01  .903046428E-01
  .917119867E-01  .931409349E-01  .945918112E-01  .960649441E-01  .975606667E-01
  .990793170E-01  .100621238E+00  .102186777E+00  .103776287E+00  .105390126E+00
  .107028656E+00  .108692246E+00  .110381269E+00  .112096104E+00  .113837135E+00
  .115604751E+00  .117399347E+00  .119221324E+00  .121071088E+00  .122949052E+00
  .124855633E+00  .126791255E+00  .128756348E+00  .130751348E+00  .132776696E+00
  .134832842E+00  .136920239E+00  .139039349E+00  .141190638E+00  .143374582E+00
  .145591659E+00  .147842358E+00  .150127172E+00  .152446603E+00  .154801159E+00
  .157191353E+00  .159617709E+00  .162080756E+00  .164581029E+00  .167119075E+00
  .169695443E+00  .172310693E+00  .174965391E+00  .177660114E+00  .180395442E+00
  .183171967E+00  .185990286E+00  .188851008E+00  .191754746E+00  .194702124E+00
  .197693774E+00  .200730337E+00  .203812460E+00  .206940803E+00  .210116033E+00
  .213338823E+00  .216609861E+00  .219929839E+00  .223299461E+00  .226719439E+00
  .230190497E+00  .233713365E+00  .237288786E+00  .240917511E+00  .244600301E+00
  .248337929E+00  .252131175E+00  .255980832E+00  .259887703E+00  .263852600E+00
  .267876347E+00  .271959779E+00  .276103742E+00  .280309090E+00  .284576693E+00
  .288907429E+00  .293302188E+00  .297761871E+00  .302287393E+00  .306879678E+00
  .311539664E+00  .316268299E+00  .321066544E+00  .325935373E+00  .330875771E+00
  .335888737E+00  .340975282E+00  .346136429E+00  .351373215E+00  .356686690E+00
  .362077916E+00  .367547969E+00  .373097939E+00  .378728929E+00  .384442055E+00
  .390238448E+00  .396119253E+00  .402085628E+00  .408138746E+00  .414279793E+00
  .420509972E+00  .426830499E+00  .433242604E+00  .439747533E+00  .446346548E+00
  .453040924E+00  .459831952E+00  .466720940E+00  .473709209E+00  .480798097E+00
  .487988958E+00  .495283162E+00  .502682094E+00  .510187156E+00  .517799767E+00
  .525521361E+00  .533353391E+00  .541297322E+00  .549354642E+00  .557526852E+00
  .565815470E+00  .574222033E+00  .582748096E+00  .591395228E+00  .600165019E+00
  .609059076E+00  .618079022E+00  .627226500E+00  .636503171E+00  .645910714E+00
  .655450825E+00  .665125220E+00  .674935633E+00  .684883817E+00  .694971543E+00
  .705200602E+00  .715572803E+00  .726089974E+00  .736753965E+00  .747566640E+00
  .758529887E+00  .769645612E+00  .780915741E+00  .792342217E+00  .803927007E+00
  .815672095E+00  .827579485E+00  .839651203E+00  .851889292E+00  .864295818E+00
  .876872866E+00  .889622541E+00  .902546969E+00  .915648295E+00  .928928685E+00
  .942390328E+00  .956035430E+00  .969866218E+00  .983884942E+00  .998093870E+00
  .101249529E+01  .102709152E+01  .104188488E+01  .105687773E+01  .107207243E+01
  .108747139E+01  .110307702E+01  .111889174E+01  .113491802E+01  .115115832E+01
  .116761516E+01  .118429103E+01  .120118848E+01  .121831006E+01  .123565836E+01
  .125323596E+01  .127104549E+01  .128908959E+01  .130737091E+01  .132589212E+01
  .134465594E+01  .136366506E+01  .138292224E+01  .140243021E+01  .142219177E+01
  .144220970E+01  .146248681E+01  .148302593E+01  .150382992E+01  .152490164E+01
  .154624397E+01  .156785982E+01  .158975211E+01  .161192378E+01  .163437778E+01
  .165711708E+01  .168014467E+01  .170346355E+01  .172707674E+01  .175098729E+01
  .177519822E+01  .179971262E+01  .182453356E+01  .184966413E+01  .187510744E+01
  .190086661E+01  .192694476E+01  .195334505E+01  .198007062E+01  .200712465E+01
  .203451031E+01  .206223078E+01  .209028927E+01  .211868898E+01  .214743313E+01
  .217652493E+01  .220596762E+01  .223576443E+01  .226591861E+01  .229643339E+01
  .232731203E+01  .235855779E+01  .239017392E+01  .242216368E+01  .245453034E+01
  .248727715E+01  .252040739E+01  .255392430E+01  .258783114E+01  .262213118E+01
  .265682766E+01  .269192384E+01  .272742294E+01  .276332821E+01  .279964288E+01
  .283637015E+01  .287351324E+01  .291107535E+01  .294905965E+01  .298746932E+01
  .302630752E+01  .306557738E+01  .310528203E+01  .314542457E+01  .318600808E+01
  .322703563E+01  .326851027E+01  .331043500E+01  .335281282E+01  .339564669E+01
  .343893956E+01  .348269432E+01  .352691386E+01  .357160101E+01  .361675859E+01
  .366238936E+01  .370849605E+01  .375508137E+01  .380214797E+01  .384969845E+01
  .389773537E+01  .394626126E+01  .399527859E+01  .404478976E+01  .409479715E+01
  .414530307E+01  .419630976E+01  .424781943E+01  .429983421E+01  .435235616E+01
  .440538730E+01  .445892956E+01  .451298481E+01  .456755485E+01  .462264140E+01
  .467824610E+01  .473437053E+01  .479101616E+01  .484818440E+01  .490587657E+01
  .496409390E+01  .502283751E+01  .508210845E+01  .514190767E+01  .520223601E+01
  .526309422E+01  .532448294E+01  .538640269E+01  .544885392E+01  .551183691E+01
  .557535188E+01  .563939890E+01  .570397791E+01  .576908876E+01  .583473115E+01
  .590090465E+01  .596760870E+01  .603484262E+01  .610260555E+01  .617089654E+01
  .623971445E+01  .630905802E+01  .637892582E+01  .644931629E+01  .652022769E+01
  .659165813E+01  .666360554E+01  .673606770E+01  .680904223E+01  .688252654E+01
  .695651790E+01  .703101337E+01  .710600986E+01  .718150406E+01  .725749248E+01
  .733397146E+01  .741093712E+01  .748838538E+01  .756631197E+01  .764471240E+01
  .772358199E+01  .780291582E+01  .788270879E+01  .796295555E+01  .804365054E+01
  .812478798E+01  .820636186E+01  .828836593E+01  .837079372E+01  .845363851E+01
  .853689334E+01  .862055102E+01  .870460410E+01  .878904489E+01  .887386545E+01
  .895905758E+01  .904461281E+01  .913052244E+01  .921677748E+01  .930336870E+01
  .939028658E+01  .947752134E+01  .956506293E+01  .965290103E+01  .974102503E+01
  .982942405E+01  .991808693E+01  .100070022E+02  .100961582E+02  .101855429E+02
  .102751439E+02  .103649487E+02  .104549444E+02  .105451179E+02  .106354556E+02
  .107259439E+02  .108165686E+02  .109073154E+02  .109981697E+02  .110891166E+02
  .111801407E+02  .112712267E+02  .113623586E+02  .114535203E+02  .115446955E+02
  .116358674E+02  .117270191E+02  .118181331E+02  .119091920E+02  .120001778E+02
  .120910724E+02  .121818574E+02  .122725139E+02  .123630230E+02  .124533655E+02
  .125435216E+02  .126334715E+02  .127231952E+02  .128126722E+02  .129018819E+02
  .129908034E+02  .130794155E+02  .131676967E+02  .132556254E+02  .133431797E+02
  .134303374E+02  .135170762E+02  .136033734E+02  .136892062E+02  .137745517E+02
  .138593864E+02  .139436871E+02  .140274300E+02  .141105913E+02  .141931470E+02
  .142750731E+02  .143563451E+02  .144369385E+02  .145168289E+02  .145959913E+02
  .146744010E+02  .147520329E+02  .148288620E+02  .149048632E+02  .149800111E+02
  .150542804E+02  .151276459E+02  .152000820E+02  .152715633E+02  .153420643E+02
  .154115597E+02  .154800238E+02  .155474314E+02  .156137570E+02  .156789752E+02
  .157430608E+02  .158059886E+02  .158677335E+02  .159282706E+02  .159875749E+02
  .160456217E+02  .161023866E+02  .161578452E+02  .162119733E+02  .162647470E+02
  .163161425E+02  .163661365E+02  .164147057E+02  .164618273E+02  .165074787E+02
  .165516376E+02  .165942821E+02  .166353907E+02  .166749423E+02  .167129160E+02
  .167492917E+02  .167840495E+02  .168171699E+02  .168486342E+02  .168784238E+02
  .169065210E+02  .169329085E+02  .169575696E+02  .169804881E+02  .170016486E+02
  .170210362E+02  .170386368E+02  .170544368E+02  .170684235E+02  .170805848E+02
  .170909093E+02  .170993866E+02  .171060068E+02  .171107611E+02  .171136414E+02
  .171146403E+02  .171137515E+02  .171109697E+02  .171062901E+02  .170997091E+02
  .170912242E+02  .170808337E+02  .170685367E+02  .170543337E+02  .170382261E+02
  .170202161E+02  .170003073E+02  .169785042E+02  .169548125E+02  .169292390E+02
  .169017915E+02  .168724791E+02  .168413119E+02  .168083014E+02  .167734601E+02
  .167368018E+02  .166983414E+02  .166580950E+02  .166160801E+02  .165723154E+02
  .165268207E+02  .164796170E+02  .164307269E+02  .163801739E+02  .163279830E+02
  .162741803E+02  .162187933E+02  .161618506E+02  .161033822E+02  .160434195E+02
  .159819948E+02  .159191421E+02  .158548961E+02  .157892934E+02  .157223712E+02
  .156541685E+02  .155847251E+02  .155140823E+02  .154422823E+02  .153693688E+02
  .152953864E+02  .152203810E+02  .151443997E+02  .150674905E+02  .149897026E+02
  .149110862E+02  .148316928E+02  .147515746E+02  .146707849E+02  .145893781E+02
  .145074092E+02  .144249345E+02  .143420109E+02  .142586962E+02  .141750490E+02
  .140911288E+02  .140069955E+02  .139227100E+02  .138383338E+02  .137539287E+02
  .136695574E+02  .135852829E+02  .135011688E+02  .134172791E+02  .133336781E+02
  .132504304E+02  .131676009E+02  .130852547E+02  .130034572E+02  .129222735E+02
  .128417693E+02  .127620099E+02  .126830606E+02  .126049867E+02  .125278532E+02
  .124517248E+02  .123766661E+02  .123027411E+02  .122300135E+02  .121585466E+02
  .120884029E+02  .120196445E+02  .119523326E+02  .118865278E+02  .118222900E+02
  .117596779E+02  .116987496E+02  .116395619E+02  .115821707E+02  .115266307E+02
  .114729954E+02  .114213172E+02  .113716468E+02  .113240338E+02  .112785264E+02
  .112351709E+02  .111940125E+02  .111550943E+02  .111184581E+02  .110841435E+02
  .110521888E+02  .110226299E+02  .109955010E+02  .109708345E+02  .109486603E+02
  .109290066E+02  .109118991E+02  .108973616E+02  .108854154E+02  .108760797E+02
  .108693711E+02  .108653040E+02  .108638903E+02  .108651393E+02  .108690580E+02
  .108756506E+02  .108849189E+02  .108968620E+02  .109114763E+02  .109287554E+02
  .109486906E+02  .109712700E+02  .109964792E+02  .110243009E+02  .110547152E+02
  .110876992E+02  .111232274E+02  .111612713E+02  .112017997E+02  .112447786E+02
  .112901711E+02  .113379378E+02  .113880361E+02  .114404210E+02  .114950446E+02
  .115518563E+02  .116108029E+02  .116718285E+02  .117348745E+02  .117998799E+02
  .118667810E+02  .119355118E+02  .120060037E+02  .120781857E+02  .121519845E+02
  .122273248E+02  .123041286E+02  .123823161E+02  .124618053E+02  .125425124E+02
  .126243512E+02  .127072342E+02  .127910716E+02  .128757723E+02  .129612435E+02
  .130473906E+02  .131341179E+02  .132213282E+02  .133089230E+02  .133968027E+02
  .134848666E+02  .135730130E+02  .136611394E+02  .137491425E+02  .138369183E+02
  .139243622E+02  .140113694E+02  .140978344E+02  .141836517E+02  .142687155E+02
  .143529202E+02  .144361602E+02  .145183301E+02  .145993247E+02  .146790394E+02
  .147573702E+02  .148342137E+02  .149094672E+02  .149830290E+02  .150547983E+02
  .151246756E+02  .151925626E+02  .152583623E+02  .153219791E+02  .153833191E+02
  .154422900E+02  .154988014E+02  .155527647E+02  .156040934E+02  .156527031E+02
  .156985115E+02  .157414388E+02  .157814074E+02  .158183424E+02  .158521713E+02
  .158828246E+02  .159102353E+02  .159343392E+02  .159550755E+02  .159723858E+02
  .159862153E+02  .159965122E+02  .160032278E+02  .160063169E+02  .160057375E+02
  .160014512E+02  .159934229E+02  .159816211E+02  .159660180E+02  .159465891E+02
  .159233137E+02  .158961750E+02  .158651596E+02  .158302579E+02  .157914641E+02
  .157487762E+02  .157021960E+02  .156517289E+02  .155973843E+02  .155391753E+02
  .154771187E+02  .154112353E+02  .153415493E+02  .152680889E+02  .151908860E+02
  .151099760E+02  .150253981E+02  .149371950E+02  .148454130E+02  .147501019E+02
  .146513150E+02  .145491088E+02  .144435435E+02  .143346823E+02  .142225916E+02
  .141073411E+02  .139890034E+02  .138676541E+02  .137433717E+02  .136162376E+02
  .134863358E+02  .133537529E+02  .132185780E+02  .130809027E+02  .129408208E+02
  .127984284E+02  .126538236E+02  .125071063E+02  .123583788E+02  .122077444E+02
  .120553086E+02  .119011781E+02  .117454610E+02  .115882666E+02  .114297055E+02
  .112698890E+02  .111089294E+02  .109469396E+02  .107840332E+02  .106203241E+02
  .104559267E+02  .102909553E+02  .101255245E+02  .995974843E+01  .979374140E+01
  .962761703E+01  .946148859E+01  .929546859E+01  .912966885E+01  .896420018E+01
  .879917245E+01  .863469424E+01  .847087296E+01  .830781444E+01  .814562311E+01
  .798440159E+01  .782425085E+01  .766526981E+01  .750755552E+01  .735120277E+01
  .719630424E+01  .704295016E+01  .689122845E+01  .674122440E+01  .659302077E+01
  .644669755E+01  .630233202E+01  .615999851E+01  .601976855E+01  .588171054E+01
  .574588993E+01  .561236897E+01  .548120683E+01  .535245940E+01  .522617936E+01
  .510241607E+01  .498121563E+01  .486262072E+01  .474667073E+01  .463340164E+01
  .452284608E+01  .441503327E+01  .430998907E+01  .420773598E+01  .410829313E+01
  .401167634E+01  .391789810E+01  .382696767E+01  .373889103E+01  .365367098E+01
  .357130720E+01  .349179623E+01  .341513161E+01  .334130388E+01  .327030070E+01
  .320210686E+01  .313670440E+01  .307407268E+01  .301418843E+01  .295702589E+01
  .290255683E+01  .285075068E+01  .280157460E+01  .275499359E+01  .271097052E+01
  .266946626E+01  .263043974E+01  .259384802E+01  .255964634E+01  .252778824E+01
  .249822552E+01  .247090838E+01  .244578538E+01  .242280354E+01  .240190832E+01
  .238304371E+01  .236615217E+01  .235117476E+01  .233805115E+01  .232671964E+01
  .231711726E+01  .230917986E+01  .230284216E+01  .229803793E+01  .229470001E+01
  .229276059E+01  .229215121E+01  .229280302E+01  .229464688E+01  .229761354E+01
  .230163380E+01  .230663862E+01  .231255928E+01  .231932753E+01  .232687563E+01
  .233513658E+01  .234404405E+01  .235353262E+01  .236353776E+01  .237399596E+01
  .238484472E+01  .239602268E+01  .240746963E+01  .241912660E+01  .243093583E+01
  .244284092E+01  .245478676E+01  .246671968E+01  .247858739E+01  .249033909E+01
  .250192546E+01  .251329872E+01  .252441262E+01  .253522255E+01  .254568546E+01
  .255576002E+01  .256540647E+01  .257458683E+01  .258326477E+01  .259140572E+01
  .259897683E+01  .260594702E+01  .261228696E+01  .261796911E+01  .262296767E+01
  .262725868E+01  .263081989E+01  .263363088E+01  .263567294E+01  .263692919E+01
  .263738443E+01  .263702526E+01  .263583993E+01  .263381847E+01  .263095250E+01
  .262723537E+01  .262266198E+01  .261722893E+01  .261093428E+01  .260377772E+01
  .259576035E+01  .258688482E+01  .257715514E+01  .256657676E+01  .255515640E+01
  .254290218E+01  .252982338E+01  .251593056E+01  .250123540E+01  .248575073E+01
  .246949040E+01  .245246936E+01  .243470344E+01  .241620946E+01  .239700505E+01
  .237710871E+01  .235653966E+01  .233531789E+01  .231346398E+01  .229099922E+01
  .226794536E+01  .224432474E+01  .222016013E+01  .219547472E+01  .217029205E+01
  .214463601E+01  .211853073E+01  .209200057E+01  .206507007E+01  .203776391E+01
  .201010684E+01  .198212367E+01  .195383922E+01  .192527825E+01  .189646547E+01
  .186742548E+01  .183818270E+01  .180876139E+01  .177918560E+01  .174947909E+01
  .171966539E+01  .168976767E+01  .165980878E+01  .162981122E+01  .159979705E+01
  .156978797E+01  .153980518E+01  .150986947E+01  .148000111E+01  .145021989E+01
  .142054507E+01  .139099539E+01  .136158903E+01  .133234360E+01  .130327616E+01
  .127440317E+01  .124574050E+01  .121730342E+01  .118910659E+01  .116116405E+01
  .113348923E+01  .110609493E+01  .107899335E+01  .105219604E+01  .102571392E+01
  .999557316E+00  .973735910E+00  .948258774E+00  .923134364E+00  .898370528E+00
  .873974509E+00  .849952957E+00  .826311931E+00  .803056910E+00  .780192803E+00
  .757723957E+00  .735654171E+00  .713986702E+00  .692724281E+00  .671869125E+00
  .651422950E+00  .631386984E+00  .611761978E+00  .592548229E+00  .573745586E+00
  .555353468E+00  .537370885E+00  .519796445E+00  .502628375E+00  .485864539E+00
  .469502448E+00  .453539283E+00  .437971905E+00  .422796880E+00  .408010487E+00
  .393608740E+00  .379587399E+00  .365941993E+00  .352667831E+00  .339760018E+00
  .327213472E+00  .315022940E+00  .303183010E+00  .291688127E+00  .280532608E+00
  .269710655E+00  .259216369E+00  .249043761E+00  .239186768E+00  .229639261E+00
  .220395061E+00  .211447947E+00  .202791666E+00  .194419947E+00  .186326509E+00
  .178505067E+00  .170949348E+00  .163653090E+00  .156610058E+00  .149814047E+00
  .143258889E+00  .136938463E+00  .130846695E+00  .124977568E+00  .119325127E+00
  .113883481E+00  .108646810E+00  .103609367E+00  .987654827E-01  .941095689E-01
  .896361201E-01  .853397170E-01  .812150288E-01  .772568146E-01  .734599257E-01
  .698193066E-01  .663299964E-01  .629871299E-01  .597859381E-01  .567217489E-01
  .537899877E-01  .509861775E-01  .483059387E-01  .457449899E-01  .432991466E-01
  .409643219E-01  .387365257E-01  .366118641E-01  .345865392E-01  .326568481E-01
  .308191824E-01  .290700276E-01  .274059617E-01  .258236548E-01  .243198684E-01
  .228914535E-01  .215353506E-01  .202485881E-01  .190282814E-01  .178716317E-01
  .167759249E-01  .157385304E-01  .147569002E-01  .138285672E-01  .129511441E-01
  .121223226E-01  .113398713E-01  .106016353E-01  .990553388E-02  .924956007E-02
  .863177869E-02  .805032515E-02  .750340404E-02  .698928768E-02  .650631467E-02
  .605288844E-02  .562747578E-02  .522860531E-02  .485486604E-02  .450490582E-02
  .417742984E-02  .387119907E-02  .358502879E-02  .331778701E-02  .306839295E-02
  .283581554E-02  .261907184E-02  .241722554E-02  .222938546E-02  .205470404E-02
  .189237582E-02  .174163599E-02  .160175892E-02  .147205669E-02  .135187769E-02
  .124060520E-02  .113765600E-02  .104247902E-02  .954554000E-03  .873390170E-03
  .798524987E-03  .729522877E-03  .665974010E-03  .607493115E-03  .553718317E-03
  .504310016E-03  .458949791E-03  .417339344E-03  .379199472E-03  .344269077E-03
  .312304211E-03  .283077151E-03  .256375512E-03  .232001394E-03  .209770558E-03
  .189511643E-03  .171065409E-03  .154284017E-03  .139030338E-03  .125177299E-03
  .112607250E-03  .101211372E-03  .908891058E-04  .815476150E-04  .731012727E-04
  .654711784E-04  .585846985E-04  .523750335E-04  .467808087E-04  .417456887E-04
  .372180144E-04  .331504612E-04  .294997183E-04  .262261879E-04  .232937027E-04
  .206692623E-04  .183227861E-04  .162268827E-04  .143566355E-04  .126894018E-04
  .112046267E-04  .988367044E-05  .870964687E-05  .766727514E-05  .674274146E-05
  .592357158E-05  .519851297E-05  .455742604E-05  .399118402E-05  .349158067E-05
  .305124559E-05  .266356634E-05  .232261712E-05  .202309335E-05  .176025192E-05
  .152985655E-05  .132812795E-05  .115169834E-05  .997570175E-06  .863078487E-06
  .745856778E-06  .643806062E-06  .555066827E-06  .477993685E-06  .411132457E-06
  .353199511E-06  .303063141E-06  .259726804E-06  .222314066E-06  .190055081E-06
  .162274475E-06  .138380502E-06  .117855346E-06  .100246465E-06  .851588710E-07
  .722482594E-07  .612148970E-07  .517981958E-07  .437719014E-07  .369398319E-07
  .311321097E-07  .262018342E-07  .220221476E-07  .184836512E-07  .154921333E-07
  .129665742E-07  .108373974E-07  .904493796E-08  .753810356E-08  .627320603E-08
  .521294249E-08  .432550869E-08  .358382847E-08  .296488509E-08  .244914191E-08
  .202004123E-08  .166357135E-08  .136789330E-08  .112301932E-08  .920536547E-09
  .753369749E-09  .615578075E-09  .502181112E-09  .409010319E-09  .332582323E-09
  .269991048E-09  .218816024E-09  .177044580E-09  .143005934E-09  .115315447E-09
  .928275694E-10  .745961697E-10  .598411709E-10  .479205215E-10  .383066985E-10
  .305670431E-10  .243473319E-10  .193580777E-10  .153631244E-10  .121701811E-10
  .962293606E-11  .759461183E-11  .598250973E-11  .470365800E-11  .369110052E-11
  .289092675E-11  .225981347E-11  .176301314E-11  .137271084E-11  .106668497E-11
  .827217836E-12  .640211009E-12  .494468696E-12  .381118216E-12  .293142387E-12
  .225002969E-12  .172338079E-12  .131719540E-12  .100458724E-12  .764515112E-13
  .580547651E-13  .439881201E-13  .332560724E-13  .250863088E-13  .188810001E-13
  .141784172E-13  .106227528E-13  .794044690E-14  .592165740E-14  .440579130E-14
  .327023271E-14  .242158216E-14  .178886359E-14  .131826977E-14  .969107449E-15
  .710675903E-15  .519869873E-15  .379343307E-15  .276106201E-15  .200455062E-15
  .145159723E-15  .104846636E-15  .755323671E-16  .542716226E-16  .388923734E-16
  .277970532E-16  .198137376E-16  .140850368E-16  .998536652E-17  .705951596E-17
  .497715414E-17  .349923249E-17  .245324123E-17  .171503740E-17  .119553658E-17
  .830994306E-18  .575929106E-18  .397984004E-18  .274206376E-18  .188362510E-18
  .129004821E-18  .880848969E-19  .599612104E-19  .406913479E-19  .275287018E-19
  .185656646E-19  .124814612E-19  .836449056E-20  .558755185E-20  .372049251E-20
  .246924849E-20  .163344029E-20  .107697185E-20  .707711875E-21  .463498137E-21
  .302529075E-21  .196789538E-21  .127567694E-21  .824083405E-22  .530494952E-22
  .340297474E-22  .217516016E-22  .138537187E-22  .879167380E-23  .555896837E-23
  .350204353E-23  .219806605E-23  .137448136E-23  .856254461E-24  .531397567E-24
  .328530538E-24  .202328953E-24  .124123200E-24  .758484928E-25  .461664335E-25
  .279883490E-25  .168999693E-25  .101633812E-25  .608723475E-26  .363092421E-26
  .215682673E-26  .127585055E-26  .751547165E-27  .440828702E-27  .257469537E-27
  .149730154E-27  .866971988E-28  .499802076E-28  .286861949E-28  .163913345E-28
  .932409337E-29  .528000317E-29  .297633100E-29  .167005906E-29  .932760060E-30
  .518536571E-30  .286908805E-30  .157996317E-30  .865908674E-31  .472283269E-31
  .256343050E-31  .138456098E-31  .744144168E-32  .397959888E-32  .211758752E-32
  .112110369E-32  .590520379E-33  .309450297E-33  .161322854E-33  .836626840E-34
  .431598950E-34  .221474279E-34  .113042574E-34  .573875850E-35  .289755864E-35
  .145500987E-35  .726607655E-36  .360840330E-36  .178193494E-36  .875005398E-37
  .427220440E-37  .207393840E-37  .100097262E-37  .480298108E-38  .229108683E-38
  .108640991E-38  .512090501E-39  .239927336E-39  .111730506E-39  .517132306E-40
  .237874630E-40  .108740081E-40  .493974566E-41  .222982673E-41  .100015484E-41
  .445728908E-42  .197360144E-42  .868181823E-43  .379403924E-43  .164706212E-43
  .710251448E-44  .304218098E-44  .129421174E-44  .546826319E-45  .229452878E-45
  .956122825E-46  .395626896E-46  .162549471E-46  .663114366E-47  .268577574E-47
  .107995238E-47  .431089999E-48  .170818343E-48  .671860059E-49  .262286088E-49
  .101624390E-49  .390769698E-50  .149113785E-50  .564627801E-51  .212142475E-51
  .790837164E-52  .292491679E-52  .107319762E-52  .390623345E-53  .141033165E-53
  .505057953E-54  .179387456E-54  .631898270E-55  .220744005E-55  .764795682E-56
  .262827641E-56  .896503161E-57  .304655232E-57  .103576975E-57  .362164027E-58
  .136669259E-58  .645679232E-59  .487380404E-59  .000000000E+00  .000000000E+00
  .000000000E+00  .000000000E+00  .000000000E+00  .000000000E+00  .000000000E+00
  .000000000E+00  .000000000E+00  .000000000E+00  .000000000E+00  .000000000E+00
  .000000000E+00  .000000000E+00  .000000000E+00  .000000000E+00  .000000000E+00
  .000000000E+00  .000000000E+00  .000000000E+00  .000000000E+00  .000000000E+00
  .000000000E+00  .000000000E+00  .000000000E+00  .000000000E+00  .000000000E+00
  .000000000E+00  .000000000E+00  .000000000E+00  .000000000E+00  .000000000E+00
  .000000000E+00  .000000000E+00  .000000000E+00  .000000000E+00  .000000000E+00
  .000000000E+00  .000000000E+00  .000000000E+00  .000000000E+00  .000000000E+00
  .000000000E+00  .000000000E+00  .000000000E+00  .000000000E+00  .000000000E+00
  .000000000E+00  .000000000E+00  .000000000E+00  .000000000E+00  .000000000E+00
  .000000000E+00  .000000000E+00  .000000000E+00  .000000000E+00  .000000000E+00
  .000000000E+00  .000000000E+00  .000000000E+00  .000000000E+00  .000000000E+00
  .000000000E+00  .000000000E+00  .000000000E+00  .000000000E+00  .000000000E+00
  .000000000E+00  .000000000E+00  .000000000E+00  .000000000E+00  .000000000E+00
  .000000000E+00  .000000000E+00  .000000000E+00  .000000000E+00  .000000000E+00
  .000000000E+00  .000000000E+00  .000000000E+00  .000000000E+00  .000000000E+00
  .000000000E+00  .000000000E+00  .000000000E+00  .000000000E+00  .000000000E+00
  .000000000E+00  .000000000E+00  .000000000E+00  .000000000E+00  .000000000E+00
  .000000000E+00  .000000000E+00  .000000000E+00  .000000000E+00  .000000000E+00
  .000000000E+00  .000000000E+00  .000000000E+00  .000000000E+00  .000000000E+00
  .000000000E+00  .000000000E+00  .000000000E+00  .000000000E+00  .000000000E+00
  .000000000E+00  .000000000E+00  .000000000E+00  .000000000E+00  .000000000E+00
  .000000000E+00  .000000000E+00  .000000000E+00  .000000000E+00  .000000000E+00
  .000000000E+00  .000000000E+00  .000000000E+00  .000000000E+00  .000000000E+00
  .000000000E+00  .000000000E+00  .000000000E+00  .000000000E+00  .000000000E+00
  .000000000E+00  .000000000E+00  .000000000E+00  .000000000E+00  .000000000E+00
  .000000000E+00  .000000000E+00  .000000000E+00  .000000000E+00  .000000000E+00
  .000000000E+00  .000000000E+00  .000000000E+00  .000000000E+00  .000000000E+00
  .000000000E+00  .000000000E+00  .000000000E+00  .000000000E+00  .000000000E+00
  .000000000E+00  .000000000E+00  .000000000E+00  .000000000E+00  .000000000E+00
  .000000000E+00  .000000000E+00  .000000000E+00  .000000000E+00  .000000000E+00
  .000000000E+00  .000000000E+00  .000000000E+00  .000000000E+00  .000000000E+00
  .000000000E+00  .000000000E+00  .000000000E+00  .000000000E+00  .000000000E+00
  .000000000E+00  .000000000E+00  .000000000E+00  .000000000E+00  .000000000E+00
  .000000000E+00  .000000000E+00  .000000000E+00  .000000000E+00  .000000000E+00
  .000000000E+00  .000000000E+00  .000000000E+00  .000000000E+00  .000000000E+00
  .000000000E+00  .000000000E+00  .000000000E+00  .000000000E+00  .000000000E+00
  .000000000E+00  .000000000E+00  .000000000E+00  .000000000E+00  .000000000E+00
  .000000000E+00  .000000000E+00  .000000000E+00  .000000000E+00  .000000000E+00
  .000000000E+00  .000000000E+00  .000000000E+00  .000000000E+00  .000000000E+00
  .000000000E+00  .000000000E+00  .000000000E+00  .000000000E+00  .000000000E+00
  .000000000E+00  .000000000E+00  .000000000E+00  .000000000E+00  .000000000E+00
