Rh: s1 d8                               
  .156942970E-01  .159320927E-01  .161734814E-01  .164185173E-01  .166672552E-01
  .169197507E-01  .171760605E-01  .174362418E-01  .177003529E-01  .179684529E-01
  .182406018E-01  .185168604E-01  .187972906E-01  .190819549E-01  .193709171E-01
  .196642417E-01  .199619943E-01  .202642414E-01  .205710505E-01  .208824902E-01
  .211986300E-01  .215195405E-01  .218452933E-01  .221759611E-01  .225116178E-01
  .228523381E-01  .231981982E-01  .235492750E-01  .239056470E-01  .242673935E-01
  .246345953E-01  .250073340E-01  .253856928E-01  .257697559E-01  .261596090E-01
  .265553386E-01  .269570331E-01  .273647818E-01  .277786753E-01  .281988059E-01
  .286252669E-01  .290581531E-01  .294975609E-01  .299435879E-01  .303963332E-01
  .308558975E-01  .313223827E-01  .317958925E-01  .322765321E-01  .327644081E-01
  .332596288E-01  .337623040E-01  .342725454E-01  .347904660E-01  .353161808E-01
  .358498061E-01  .363914603E-01  .369412635E-01  .374993373E-01  .380658054E-01
  .386407931E-01  .392244279E-01  .398168387E-01  .404181567E-01  .410285149E-01
  .416480482E-01  .422768935E-01  .429151899E-01  .435630784E-01  .442207020E-01
  .448882061E-01  .455657379E-01  .462534470E-01  .469514851E-01  .476600062E-01
  .483791666E-01  .491091247E-01  .498500414E-01  .506020801E-01  .513654063E-01
  .521401880E-01  .529265960E-01  .537248032E-01  .545349852E-01  .553573203E-01
  .561919891E-01  .570391753E-01  .578990649E-01  .587718468E-01  .596577126E-01
  .605568569E-01  .614694770E-01  .623957730E-01  .633359481E-01  .642902085E-01
  .652587632E-01  .662418245E-01  .672396077E-01  .682523312E-01  .692802166E-01
  .703234890E-01  .713823764E-01  .724571103E-01  .735479257E-01  .746550609E-01
  .757787577E-01  .769192614E-01  .780768209E-01  .792516887E-01  .804441211E-01
  .816543781E-01  .828827233E-01  .841294244E-01  .853947527E-01  .866789838E-01
  .879823971E-01  .893052760E-01  .906479081E-01  .920105853E-01  .933936035E-01
  .947972631E-01  .962218687E-01  .976677294E-01  .991351589E-01  .100624475E+00
  .102136001E+00  .103670064E+00  .105226996E+00  .106807133E+00  .108410819E+00
  .110038399E+00  .111690226E+00  .113366655E+00  .115068050E+00  .116794777E+00
  .118547210E+00  .120325724E+00  .122130705E+00  .123962541E+00  .125821626E+00
  .127708361E+00  .129623150E+00  .131566407E+00  .133538549E+00  .135539999E+00
  .137571186E+00  .139632547E+00  .141724525E+00  .143847566E+00  .146002127E+00
  .148188668E+00  .150407658E+00  .152659570E+00  .154944888E+00  .157264098E+00
  .159617696E+00  .162006185E+00  .164430074E+00  .166889880E+00  .169386126E+00
  .171919346E+00  .174490077E+00  .177098866E+00  .179746269E+00  .182432847E+00
  .185159171E+00  .187925820E+00  .190733381E+00  .193582448E+00  .196473624E+00
  .199407523E+00  .202384765E+00  .205405978E+00  .208471802E+00  .211582884E+00
  .214739880E+00  .217943456E+00  .221194287E+00  .224493058E+00  .227840463E+00
  .231237205E+00  .234684000E+00  .238181570E+00  .241730651E+00  .245331985E+00
  .248986328E+00  .252694446E+00  .256457114E+00  .260275119E+00  .264149259E+00
  .268080343E+00  .272069191E+00  .276116635E+00  .280223519E+00  .284390697E+00
  .288619036E+00  .292909415E+00  .297262725E+00  .301679870E+00  .306161766E+00
  .310709342E+00  .315323538E+00  .320005309E+00  .324755624E+00  .329575463E+00
  .334465821E+00  .339427705E+00  .344462139E+00  .349570158E+00  .354752813E+00
  .360011168E+00  .365346303E+00  .370759313E+00  .376251305E+00  .381823405E+00
  .387476753E+00  .393212502E+00  .399031826E+00  .404935909E+00  .410925956E+00
  .417003185E+00  .423168833E+00  .429424152E+00  .435770411E+00  .442208899E+00
  .448740918E+00  .455367790E+00  .462090856E+00  .468911473E+00  .475831016E+00
  .482850880E+00  .489972479E+00  .497197243E+00  .504526626E+00  .511962096E+00
  .519505144E+00  .527157281E+00  .534920037E+00  .542794962E+00  .550783628E+00
  .558887627E+00  .567108572E+00  .575448097E+00  .583907859E+00  .592489536E+00
  .601194828E+00  .610025458E+00  .618983170E+00  .628069734E+00  .637286940E+00
  .646636603E+00  .656120562E+00  .665740679E+00  .675498842E+00  .685396961E+00
  .695436974E+00  .705620840E+00  .715950548E+00  .726428110E+00  .737055564E+00
  .747834975E+00  .758768436E+00  .769858063E+00  .781106003E+00  .792514428E+00
  .804085541E+00  .815821569E+00  .827724770E+00  .839797431E+00  .852041866E+00
  .864460420E+00  .877055468E+00  .889829414E+00  .902784692E+00  .915923769E+00
  .929249139E+00  .942763331E+00  .956468905E+00  .970368451E+00  .984464593E+00
  .998759988E+00  .101325732E+01  .102795933E+01  .104286875E+01  .105798838E+01
  .107332105E+01  .108886961E+01  .110463697E+01  .112062604E+01  .113683980E+01
  .115328125E+01  .116995343E+01  .118685940E+01  .120400230E+01  .122138525E+01
  .123901146E+01  .125688415E+01  .127500658E+01  .129338206E+01  .131201393E+01
  .133090558E+01  .135006043E+01  .136948194E+01  .138917362E+01  .140913901E+01
  .142938170E+01  .144990533E+01  .147071356E+01  .149181011E+01  .151319874E+01
  .153488324E+01  .155686747E+01  .157915531E+01  .160175070E+01  .162465762E+01
  .164788009E+01  .167142218E+01  .169528802E+01  .171948175E+01  .174400760E+01
  .176886981E+01  .179407270E+01  .181962062E+01  .184551796E+01  .187176918E+01
  .189837878E+01  .192535130E+01  .195269134E+01  .198040355E+01  .200849263E+01
  .203696332E+01  .206582043E+01  .209506881E+01  .212471337E+01  .215475905E+01
  .218521086E+01  .221607388E+01  .224735320E+01  .227905400E+01  .231118151E+01
  .234374099E+01  .237673777E+01  .241017725E+01  .244406486E+01  .247840609E+01
  .251320650E+01  .254847169E+01  .258420732E+01  .262041912E+01  .265711286E+01
  .269429436E+01  .273196953E+01  .277014431E+01  .280882469E+01  .284801675E+01
  .288772661E+01  .292796044E+01  .296872447E+01  .301002502E+01  .305186842E+01
  .309426109E+01  .313720951E+01  .318072020E+01  .322479976E+01  .326945484E+01
  .331469214E+01  .336051843E+01  .340694055E+01  .345396539E+01  .350159988E+01
  .354985104E+01  .359872594E+01  .364823170E+01  .369837552E+01  .374916463E+01
  .380060635E+01  .385270805E+01  .390547714E+01  .395892112E+01  .401304754E+01
  .406786398E+01  .412337813E+01  .417959769E+01  .423653046E+01  .429418427E+01
  .435256702E+01  .441168666E+01  .447155121E+01  .453216874E+01  .459354737E+01
  .465569529E+01  .471862074E+01  .478233201E+01  .484683746E+01  .491214549E+01
  .497826456E+01  .504520319E+01  .511296994E+01  .518157343E+01  .525102234E+01
  .532132538E+01  .539249134E+01  .546452903E+01  .553744732E+01  .561125515E+01
  .568596148E+01  .576157531E+01  .583810573E+01  .591556182E+01  .599395274E+01
  .607328769E+01  .615357589E+01  .623482663E+01  .631704921E+01  .640025299E+01
  .648444736E+01  .656964175E+01  .665584561E+01  .674306843E+01  .683131976E+01
  .692060913E+01  .701094613E+01  .710234037E+01  .719480150E+01  .728833916E+01
  .738296305E+01  .747868285E+01  .757550831E+01  .767344915E+01  .777251512E+01
  .787271599E+01  .797406154E+01  .807656156E+01  .818022582E+01  .828506412E+01
  .839108627E+01  .849830206E+01  .860672127E+01  .871635371E+01  .882720914E+01
  .893929733E+01  .905262804E+01  .916721101E+01  .928305596E+01  .940017258E+01
  .951857054E+01  .963825950E+01  .975924907E+01  .988154881E+01  .100051683E+02
  .101301170E+02  .102564044E+02  .103840398E+02  .105130328E+02  .106433924E+02
  .107751281E+02  .109082489E+02  .110427640E+02  .111786825E+02  .113160132E+02
  .114547651E+02  .115949470E+02  .117365676E+02  .118796356E+02  .120241594E+02
  .121701474E+02  .123176081E+02  .124665497E+02  .126169801E+02  .127689074E+02
  .129223395E+02  .130772840E+02  .132337486E+02  .133917406E+02  .135512675E+02
  .137123363E+02  .138749539E+02  .140391274E+02  .142048632E+02  .143721678E+02
  .145410476E+02  .147115087E+02  .148835569E+02  .150571981E+02  .152324376E+02
  .154092809E+02  .155877329E+02  .157677985E+02  .159494824E+02  .161327888E+02
  .163177220E+02  .165042859E+02  .166924840E+02  .168823196E+02  .170737959E+02
  .172669157E+02  .174616814E+02  .176580953E+02  .178561592E+02  .180558747E+02
  .182572432E+02  .184602654E+02  .186649421E+02  .188712735E+02  .190792594E+02
  .192888994E+02  .195001928E+02  .197131382E+02  .199277340E+02  .201439783E+02
  .203618688E+02  .205814024E+02  .208025762E+02  .210253863E+02  .212498287E+02
  .214758989E+02  .217035918E+02  .219329020E+02  .221638235E+02  .223963500E+02
  .226304744E+02  .228661895E+02  .231034872E+02  .233423592E+02  .235827964E+02
  .238247893E+02  .240683280E+02  .243134017E+02  .245599993E+02  .248081090E+02
  .250577186E+02  .253088150E+02  .255613848E+02  .258154138E+02  .260708873E+02
  .263277898E+02  .265861054E+02  .268458174E+02  .271069084E+02  .273693606E+02
  .276331551E+02  .278982728E+02  .281646935E+02  .284323965E+02  .287013605E+02
  .289715632E+02  .292429819E+02  .295155929E+02  .297893719E+02  .300642939E+02
  .303403329E+02  .306174626E+02  .308956554E+02  .311748833E+02  .314551175E+02
  .317363282E+02  .320184850E+02  .323015566E+02  .325855109E+02  .328703152E+02
  .331559357E+02  .334423380E+02  .337294867E+02  .340173457E+02  .343058781E+02
  .345950460E+02  .348848109E+02  .351751332E+02  .354659728E+02  .357572883E+02
  .360490380E+02  .363411789E+02  .366336674E+02  .369264589E+02  .372195082E+02
  .375127691E+02  .378061945E+02  .380997365E+02  .383933465E+02  .386869750E+02
  .389805715E+02  .392740849E+02  .395674632E+02  .398606536E+02  .401536024E+02
  .404462553E+02  .407385570E+02  .410304515E+02  .413218821E+02  .416127911E+02
  .419031204E+02  .421928108E+02  .424818025E+02  .427700352E+02  .430574475E+02
  .433439775E+02  .436295627E+02  .439141398E+02  .441976449E+02  .444800135E+02
  .447611805E+02  .450410800E+02  .453196459E+02  .455968112E+02  .458725086E+02
  .461466702E+02  .464192275E+02  .466901119E+02  .469592539E+02  .472265839E+02
  .474920319E+02  .477555274E+02  .480169997E+02  .482763779E+02  .485335906E+02
  .487885664E+02  .490412335E+02  .492915201E+02  .495393543E+02  .497846639E+02
  .500273770E+02  .502674213E+02  .505047248E+02  .507392156E+02  .509708217E+02
  .511994714E+02  .514250932E+02  .516476159E+02  .518669684E+02  .520830802E+02
  .522958810E+02  .525053010E+02  .527112709E+02  .529137219E+02  .531125860E+02
  .533077955E+02  .534992838E+02  .536869846E+02  .538708329E+02  .540507642E+02
  .542267152E+02  .543986233E+02  .545664272E+02  .547300667E+02  .548894826E+02
  .550446170E+02  .551954135E+02  .553418167E+02  .554837729E+02  .556212299E+02
  .557541368E+02  .558824445E+02  .560061057E+02  .561250746E+02  .562393074E+02
  .563487621E+02  .564533987E+02  .565531793E+02  .566480678E+02  .567380307E+02
  .568230364E+02  .569030556E+02  .569780616E+02  .570480299E+02  .571129386E+02
  .571727684E+02  .572275026E+02  .572771272E+02  .573216310E+02  .573610054E+02
  .573952451E+02  .574243476E+02  .574483132E+02  .574671456E+02  .574808515E+02
  .574894408E+02  .574929268E+02  .574913259E+02  .574846581E+02  .574729468E+02
  .574562187E+02  .574345043E+02  .574078375E+02  .573762560E+02  .573398009E+02
  .572985175E+02  .572524543E+02  .572016641E+02  .571462032E+02  .570861320E+02
  .570215147E+02  .569524195E+02  .568789184E+02  .568010876E+02  .567190072E+02
  .566327613E+02  .565424379E+02  .564481295E+02  .563499321E+02  .562479460E+02
  .561422756E+02  .560330292E+02  .559203192E+02  .558042620E+02  .556849780E+02
  .555625915E+02  .554372309E+02  .553090285E+02  .551781202E+02  .550446460E+02
  .549087496E+02  .547705785E+02  .546302838E+02  .544880203E+02  .543439463E+02
  .541982235E+02  .540510171E+02  .539024957E+02  .537528311E+02  .536021980E+02
  .534507744E+02  .532987412E+02  .531462821E+02  .529935835E+02  .528408344E+02
  .526882264E+02  .525359530E+02  .523842105E+02  .522331968E+02  .520831120E+02
  .519341576E+02  .517865370E+02  .516404549E+02  .514961173E+02  .513537312E+02
  .512135045E+02  .510756459E+02  .509403645E+02  .508078697E+02  .506783712E+02
  .505520784E+02  .504292004E+02  .503099458E+02  .501945227E+02  .500831377E+02
  .499759967E+02  .498733039E+02  .497752618E+02  .496820711E+02  .495939303E+02
  .495110353E+02  .494335797E+02  .493617539E+02  .492957451E+02  .492357373E+02
  .491819105E+02  .491344409E+02  .490935005E+02  .490592567E+02  .490318722E+02
  .490115048E+02  .489983067E+02  .489924248E+02  .489940001E+02  .490031674E+02
  .490200552E+02  .490447856E+02  .490774734E+02  .491182267E+02  .491671458E+02
  .492243237E+02  .492898453E+02  .493637875E+02  .494462186E+02  .495371986E+02
  .496367785E+02  .497450001E+02  .498618962E+02  .499874899E+02  .501217949E+02
  .502648146E+02  .504165427E+02  .505769626E+02  .507460470E+02  .509237585E+02
  .511100486E+02  .513048583E+02  .515081172E+02  .517197442E+02  .519396469E+02
  .521677216E+02  .524038533E+02  .526479154E+02  .528997702E+02  .531592683E+02
  .534262488E+02  .537005392E+02  .539819558E+02  .542703031E+02  .545653743E+02
  .548669515E+02  .551748050E+02  .554886943E+02  .558083678E+02  .561335627E+02
  .564640057E+02  .567994125E+02  .571394888E+02  .574839298E+02  .578324206E+02
  .581846366E+02  .585402437E+02  .588988985E+02  .592602487E+02  .596239334E+02
  .599895831E+02  .603568207E+02  .607252612E+02  .610945127E+02  .614641763E+02
  .618338467E+02  .622031129E+02  .625715581E+02  .629387608E+02  .633042949E+02
  .636677301E+02  .640286330E+02  .643865670E+02  .647410932E+02  .650917710E+02
  .654381583E+02  .657798128E+02  .661162918E+02  .664471534E+02  .667719568E+02
  .670902634E+02  .674016366E+02  .677056436E+02  .680018550E+02  .682898461E+02
  .685691974E+02  .688394953E+02  .691003328E+02  .693513102E+02  .695920357E+02
  .698221262E+02  .700412079E+02  .702489172E+02  .704449011E+02  .706288180E+02
  .708003384E+02  .709591458E+02  .711049368E+02  .712374221E+02  .713563274E+02
  .714613934E+02  .715523771E+02  .716290518E+02  .716912081E+02  .717386541E+02
  .717712164E+02  .717887403E+02  .717910904E+02  .717781511E+02  .717498268E+02
  .717060428E+02  .716467455E+02  .715719026E+02  .714815035E+02  .713755599E+02
  .712541057E+02  .711171975E+02  .709649148E+02  .707973599E+02  .706146585E+02
  .704169594E+02  .702044346E+02  .699772798E+02  .697357135E+02  .694799779E+02
  .692103382E+02  .689270825E+02  .686305218E+02  .683209897E+02  .679988421E+02
  .676644568E+02  .673182334E+02  .669605924E+02  .665919754E+02  .662128440E+02
  .658236794E+02  .654249822E+02  .650172711E+02  .646010829E+02  .641769711E+02
  .637455058E+02  .633072723E+02  .628628706E+02  .624129144E+02  .619580301E+02
  .614988558E+02  .610360406E+02  .605702433E+02  .601021310E+02  .596323787E+02
  .591616676E+02  .586906842E+02  .582201188E+02  .577506646E+02  .572830164E+02
  .568178691E+02  .563559166E+02  .558978503E+02  .554443582E+02  .549961230E+02
  .545538213E+02  .541181218E+02  .536896842E+02  .532691579E+02  .528571805E+02
  .524543764E+02  .520613556E+02  .516787126E+02  .513070246E+02  .509468505E+02
  .505987296E+02  .502631805E+02  .499406995E+02  .496317597E+02  .493368099E+02
  .490562733E+02  .487905463E+02  .485399978E+02  .483049681E+02  .480857677E+02
  .478826767E+02  .476959438E+02  .475257854E+02  .473723853E+02  .472358934E+02
  .471164256E+02  .470140630E+02  .469288513E+02  .468608008E+02  .468098858E+02
  .467760442E+02  .467591776E+02  .467591508E+02  .467757925E+02  .468088943E+02
  .468582118E+02  .469234642E+02  .470043350E+02  .471004721E+02  .472114883E+02
  .473369622E+02  .474764382E+02  .476294280E+02  .477954107E+02  .479738345E+02
  .481641167E+02  .483656456E+02  .485777812E+02  .487998565E+02  .490311789E+02
  .492710313E+02  .495186736E+02  .497733445E+02  .500342623E+02  .503006272E+02
  .505716225E+02  .508464164E+02  .511241637E+02  .514040075E+02  .516850810E+02
  .519665095E+02  .522474118E+02  .525269026E+02  .528040940E+02  .530780976E+02
  .533480262E+02  .536129960E+02  .538721284E+02  .541245520E+02  .543694041E+02
  .546058334E+02  .548330009E+02  .550500830E+02  .552562719E+02  .554507788E+02
  .556328346E+02  .558016923E+02  .559566284E+02  .560969447E+02  .562219698E+02
  .563310606E+02  .564236038E+02  .564990175E+02  .565567520E+02  .565962919E+02
  .566171565E+02  .566189013E+02  .566011189E+02  .565634400E+02  .565055341E+02
  .564271106E+02  .563279190E+02  .562077499E+02  .560664351E+02  .559038482E+02
  .557199049E+02  .555145630E+02  .552878226E+02  .550397262E+02  .547703583E+02
  .544798454E+02  .541683555E+02  .538360980E+02  .534833229E+02  .531103202E+02
  .527174195E+02  .523049888E+02  .518734342E+02  .514231981E+02  .509547590E+02
  .504686299E+02  .499653574E+02  .494455197E+02  .489097265E+02  .483586163E+02
  .477928558E+02  .472131378E+02  .466201803E+02  .460147236E+02  .453975303E+02
  .447693819E+02  .441310782E+02  .434834346E+02  .428272814E+02  .421634603E+02
  .414928243E+02  .408162340E+02  .401345574E+02  .394486663E+02  .387594362E+02
  .380677422E+02  .373744594E+02  .366804587E+02  .359866071E+02  .352937639E+02
  .346027805E+02  .339144970E+02  .332297420E+02  .325493294E+02  .318740582E+02
  .312047093E+02  .305420455E+02  .298868084E+02  .292397185E+02  .286014722E+02
  .279727422E+02  .273541745E+02  .267463889E+02  .261499762E+02  .255654989E+02
  .249934888E+02  .244344473E+02  .238888435E+02  .233571149E+02  .228396652E+02
  .223368657E+02  .218490528E+02  .213765297E+02  .209195646E+02  .204783916E+02
  .200532098E+02  .196441846E+02  .192514462E+02  .188750912E+02  .185151821E+02
  .181717480E+02  .178447848E+02  .175342560E+02  .172400930E+02  .169621959E+02
  .167004339E+02  .164546464E+02  .162246435E+02  .160102071E+02  .158110912E+02
  .156270234E+02  .154577057E+02  .153028151E+02  .151620050E+02  .150349063E+02
  .149211282E+02  .148202594E+02  .147318696E+02  .146555106E+02  .145907174E+02
  .145370099E+02  .144938942E+02  .144608641E+02  .144374026E+02  .144229835E+02
  .144170730E+02  .144191312E+02  .144286140E+02  .144449740E+02  .144676631E+02
  .144961326E+02  .145298361E+02  .145682296E+02  .146107740E+02  .146569349E+02
  .147061856E+02  .147580063E+02  .148118871E+02  .148673271E+02  .149238371E+02
  .149809391E+02  .150381684E+02  .150950730E+02  .151512160E+02  .152061746E+02
  .152595422E+02  .153109280E+02  .153599582E+02  .154062760E+02  .154495424E+02
  .154894364E+02  .155256554E+02  .155579154E+02  .155859514E+02  .156095173E+02
  .156283864E+02  .156423509E+02  .156512225E+02  .156548317E+02  .156530287E+02
  .156456819E+02  .156326791E+02  .156139258E+02  .155893465E+02  .155588828E+02
  .155224942E+02  .154801570E+02  .154318643E+02  .153776250E+02  .153174637E+02
  .152514198E+02  .151795474E+02  .151019142E+02  .150186012E+02  .149297018E+02
  .148353213E+02  .147355763E+02  .146305938E+02  .145205105E+02  .144054726E+02
  .142856343E+02  .141611580E+02  .140322125E+02  .138989735E+02  .137616221E+02
  .136203443E+02  .134753307E+02  .133267752E+02  .131748749E+02  .130198292E+02
  .128618395E+02  .127011081E+02  .125378380E+02  .123722324E+02  .122044939E+02
  .120348243E+02  .118634236E+02  .116904903E+02  .115162204E+02  .113408071E+02
  .111644405E+02  .109873073E+02  .108095902E+02  .106314679E+02  .104531147E+02
  .102747000E+02  .100963886E+02  .991833989E+01  .974070817E+01  .956364211E+01
  .938728485E+01  .921177373E+01  .903724032E+01  .886381023E+01  .869160315E+01
  .852073270E+01  .835130657E+01  .818342634E+01  .801718766E+01  .785268013E+01
  .768998751E+01  .752918763E+01  .737035259E+01  .721354871E+01  .705883677E+01
  .690627185E+01  .675590378E+01  .660777727E+01  .646193121E+01  .631840097E+01
  .617721522E+01  .603840001E+01  .590197490E+01  .576795707E+01  .563635765E+01
  .550718564E+01  .538044438E+01  .525613548E+01  .513425511E+01  .501479815E+01
  .489775437E+01  .478311262E+01  .467085693E+01  .456097081E+01  .445343326E+01
  .434822311E+01  .424531498E+01  .414468368E+01  .404630008E+01  .395013561E+01
  .385615800E+01  .376433584E+01  .367463433E+01  .358701981E+01  .350145544E+01
  .341790580E+01  .333633255E+01  .325669903E+01  .317896578E+01  .310309532E+01
  .302904756E+01  .295678457E+01  .288626598E+01  .281745378E+01  .275030766E+01
  .268478985E+01  .262086036E+01  .255848193E+01  .249761521E+01  .243822365E+01
  .238026873E+01  .232371484E+01  .226852448E+01  .221466316E+01  .216209451E+01
  .211078530E+01  .206070045E+01  .201180808E+01  .196407450E+01  .191746922E+01
  .187196004E+01  .182751797E+01  .178411226E+01  .174171546E+01  .170029835E+01
  .165983501E+01  .162029776E+01  .158166219E+01  .154390216E+01  .150699480E+01
  .147091543E+01  .143564266E+01  .140115333E+01  .136742748E+01  .133444335E+01
  .130218239E+01  .127062421E+01  .123975164E+01  .120954557E+01  .117999011E+01
  .115106743E+01  .112276284E+01  .109505970E+01  .106794447E+01  .104140163E+01
  .101541873E+01  .989981285E+00  .965077853E+00  .940694945E+00  .916822054E+00
  .893446587E+00  .870558908E+00  .848147276E+00  .826202858E+00  .804714670E+00
  .783674614E+00  .763072425E+00  .742900675E+00  .723149732E+00  .703812775E+00
  .684880766E+00  .666347435E+00  .648204256E+00  .630445455E+00  .613062984E+00
  .596051138E+00  .579403286E+00  .563113222E+00  .547174966E+00  .531582646E+00
  .516330586E+00  .501413259E+00  .486825243E+00  .472561290E+00  .458616222E+00
  .444985023E+00  .431662728E+00  .418644520E+00  .405925618E+00  .393501371E+00
  .381367159E+00  .369518474E+00  .357950827E+00  .346659825E+00  .335641110E+00
  .324890380E+00  .314403376E+00  .304175879E+00  .294203712E+00  .284482731E+00
  .275008827E+00  .265777919E+00  .256785957E+00  .248028916E+00  .239502799E+00
  .231203630E+00  .223127457E+00  .215270353E+00  .207628409E+00  .200197742E+00
  .192974485E+00  .185954798E+00  .179134859E+00  .172510869E+00  .166079051E+00
  .159835651E+00  .153776939E+00  .147899208E+00  .142198778E+00  .136671992E+00
  .131315222E+00  .126124866E+00  .121097350E+00  .116229132E+00  .111516698E+00
  .106956566E+00  .102545287E+00  .982794434E-01  .941556533E-01  .901705692E-01
  .863208793E-01  .826033083E-01  .790146185E-01  .755516102E-01  .722111224E-01
  .689900335E-01  .658852619E-01  .628937666E-01  .600125477E-01  .572386466E-01
  .545691468E-01  .520011740E-01  .495318967E-01  .471585262E-01  .448783171E-01
  .426885672E-01  .405866184E-01  .385698559E-01  .366357094E-01  .347816523E-01
  .330052023E-01  .313039216E-01  .296754165E-01  .281173379E-01  .266273810E-01
  .252032858E-01  .238428364E-01  .225438619E-01  .213042355E-01  .201218751E-01
  .189947432E-01  .179208467E-01  .168982368E-01  .159250093E-01  .149993039E-01
  .141193051E-01  .132832410E-01  .124893840E-01  .117360503E-01  .110215998E-01
  .103444361E-01  .970300585E-02  .909579918E-02  .852134893E-02  .797823060E-02
  .746506202E-02  .698050302E-02  .652325505E-02  .609206082E-02  .568570388E-02
  .530300815E-02  .494283745E-02  .460409500E-02  .428572286E-02  .398670137E-02
  .370604855E-02  .344281946E-02  .319610557E-02  .296503405E-02  .274876707E-02
  .254650108E-02  .235746609E-02  .218092481E-02  .201617198E-02  .186253348E-02
  .171936554E-02  .158605393E-02  .146201310E-02  .134668535E-02  .123953997E-02
  .114007238E-02  .104780330E-02  .962277845E-03  .883064739E-03  .809755406E-03
  .741963158E-03  .679322347E-03  .621487544E-03  .568132718E-03  .518950432E-03
  .473651056E-03  .431961984E-03  .393626878E-03  .358404919E-03  .326070083E-03
  .296410432E-03  .269227422E-03  .244335235E-03  .221560127E-03  .200739801E-03
  .181722794E-03  .164367893E-03  .148543568E-03  .134127422E-03  .121005673E-03
  .109072646E-03  .982302945E-04  .883877351E-04  .794608103E-04  .713716653E-04
  .640483483E-04  .574244283E-04  .514386328E-04  .460345039E-04  .411600718E-04
  .367675464E-04  .328130254E-04  .292562196E-04  .260601923E-04  .231911157E-04
  .206180411E-04  .183126824E-04  .162492149E-04  .144040847E-04  .127558323E-04
  .112849265E-04  .997360998E-05  .880575548E-05  .776673174E-05  .684327897E-05
  .602339327E-05  .529621947E-05  .465195192E-05  .408174270E-05  .357761691E-05
  .313239447E-05  .273961816E-05  .239348730E-05  .208879690E-05  .182088181E-05
  .158556546E-05  .137911301E-05  .119818848E-05  .103981563E-05  .901342245E-06
  .780407673E-06  .674913240E-06  .582995410E-06  .503001420E-06  .433467212E-06
  .373097468E-06  .320747558E-06  .275407260E-06  .236186082E-06  .202300051E-06
  .173059840E-06  .147860109E-06  .126169949E-06  .107524327E-06  .915164403E-07
  .777908879E-07  .660375813E-07  .559863257E-07  .474020003E-07  .400802793E-07
  .338438384E-07  .285389951E-07  .240327397E-07  .202101127E-07  .169718936E-07
  .142325656E-07  .119185274E-07  .996652238E-08  .832226287E-08  .693922542E-08
  .577759837E-08  .480336344E-08  .398749554E-08  .330526668E-08  .273564136E-08
  .226075218E-08  .186544580E-08  .153689034E-08  .126423655E-08  .103832573E-08
  .851438455E-09  .697078650E-09  .569788446E-09  .464989608E-09  .378847978E-09
  .308157781E-09  .250243043E-09  .202873733E-09  .164194550E-09  .132664552E-09
  .107006059E-09  .861614876E-10  .692569461E-10  .555715802E-10  .445118144E-10
  .355897407E-10  .284050206E-10  .226297565E-10  .179958692E-10  .142845830E-10
  .113176883E-10  .895028282E-11  .706477304E-11  .556590003E-11  .437664865E-11
  .343487052E-11  .269051065E-11  .210333245E-11  .164105499E-11  .127783106E-11
  .993006019E-12  .770107636E-12  .596025732E-12  .460347180E-12  .354818019E-12
  .272909279E-12  .209467226E-12  .160432237E-12  .122613291E-12  .935074735E-13
  .711558183E-13  .540284149E-13  .409330477E-13  .309427033E-13  .233381783E-13
  .175627422E-13  .131864065E-13  .987782597E-14  .738225459E-14  .550428985E-14
  .409439775E-14  .303841425E-14  .224938531E-14  .166123959E-14  .122389399E-14
  .899476738E-15  .659419987E-15  .482227164E-15  .351762809E-15  .255945841E-15
  .185753622E-15  .134464809E-15  .970852237E-16  .699136079E-16  .502140489E-16
  .359695087E-16  .256968701E-16  .183085121E-16  .130089889E-16  .921811666E-17
  .651387524E-17  .459013643E-17  .322545462E-17  .226008956E-17  .157913711E-17
  .110017947E-17  .764269785E-18  .529369804E-18  .365587003E-18  .251727780E-18
  .172810442E-18  .118276044E-18  .807051104E-19  .548999671E-19  .372305304E-19
  .251693299E-19  .169620558E-19  .113948538E-19  .763047187E-20  .509325309E-20
  .338866863E-20  .224719936E-20  .148532448E-20  .978490915E-21  .642445629E-21
  .420386136E-21  .274145440E-21  .178165011E-21  .115387983E-21  .744703582E-22
  .478937483E-22  .306926556E-22  .195991841E-22  .124703010E-22  .790567092E-23
  .499356507E-23  .314253491E-23  .197030769E-23  .123072086E-23  .765849729E-24
  .474758634E-24  .293179905E-24  .180349171E-24  .110509400E-24  .674490450E-25
  .410043732E-25  .248283873E-25  .149732772E-25  .899334359E-26  .537956689E-26
  .320465265E-26  .190111220E-26  .112308638E-26  .660666942E-27  .386991346E-27
  .225711837E-27  .131077106E-27  .757885649E-28  .436284350E-28  .250039924E-28
  .142661699E-28  .810304317E-29  .458158689E-29  .257866474E-29  .144467132E-29
  .805605367E-30  .447134889E-30  .247002488E-30  .135798253E-30  .743020008E-31
  .404579216E-31  .219223186E-31  .118204020E-31  .634196313E-32  .338566198E-32
  .179835108E-32  .950383314E-33  .499687942E-33  .261370663E-33  .136004955E-33
  .704002861E-34  .362491350E-34  .185654718E-34  .945759889E-35  .479185475E-35
  .241465672E-35  .121008853E-35  .603072787E-36  .298877934E-36  .147288909E-36
  .721736552E-37  .351641438E-37  .170339027E-37  .820353368E-38  .392771723E-38
  .186943991E-38  .884492779E-39  .415975581E-39  .194451484E-39  .903448738E-40
  .417179908E-40  .191447405E-40  .873092523E-41  .395670817E-41  .178175854E-41
  .797228281E-42  .354416010E-42  .156537485E-42  .686870989E-43  .299406376E-43
  .129644182E-43  .557606751E-44  .238211504E-44  .101072657E-44  .425909407E-45
  .178233583E-45  .740673122E-46  .305635761E-46  .125226977E-46  .509428452E-47
  .205747847E-47  .824953080E-48  .328352176E-48  .129730446E-48  .508756245E-49
  .198023941E-49  .764961944E-50  .293258105E-50  .111563458E-50  .421142564E-51
  .157741083E-51  .586194970E-52  .216119425E-52  .790446742E-53  .286781420E-53
  .103205098E-53  .368379350E-54  .130408906E-54  .457836228E-55  .159399139E-55
  .550379294E-56  .188490659E-56  .640692622E-57  .216949671E-57  .734840842E-58
  .255947391E-58  .961740346E-59  .452514499E-59  .340940239E-59  .000000000E+00
  .000000000E+00  .000000000E+00  .000000000E+00  .000000000E+00  .000000000E+00
  .000000000E+00  .000000000E+00  .000000000E+00  .000000000E+00  .000000000E+00
  .000000000E+00  .000000000E+00  .000000000E+00  .000000000E+00  .000000000E+00
  .000000000E+00  .000000000E+00  .000000000E+00  .000000000E+00  .000000000E+00
  .000000000E+00  .000000000E+00  .000000000E+00  .000000000E+00  .000000000E+00
  .000000000E+00  .000000000E+00  .000000000E+00  .000000000E+00  .000000000E+00
  .000000000E+00  .000000000E+00  .000000000E+00  .000000000E+00  .000000000E+00
  .000000000E+00  .000000000E+00  .000000000E+00  .000000000E+00  .000000000E+00
  .000000000E+00  .000000000E+00  .000000000E+00  .000000000E+00  .000000000E+00
  .000000000E+00  .000000000E+00  .000000000E+00  .000000000E+00  .000000000E+00
  .000000000E+00  .000000000E+00  .000000000E+00  .000000000E+00  .000000000E+00
  .000000000E+00  .000000000E+00  .000000000E+00  .000000000E+00  .000000000E+00
  .000000000E+00  .000000000E+00  .000000000E+00  .000000000E+00  .000000000E+00
  .000000000E+00  .000000000E+00  .000000000E+00  .000000000E+00  .000000000E+00
  .000000000E+00  .000000000E+00  .000000000E+00  .000000000E+00  .000000000E+00
  .000000000E+00  .000000000E+00  .000000000E+00  .000000000E+00  .000000000E+00
  .000000000E+00  .000000000E+00  .000000000E+00  .000000000E+00  .000000000E+00
  .000000000E+00  .000000000E+00  .000000000E+00  .000000000E+00  .000000000E+00
  .000000000E+00  .000000000E+00  .000000000E+00  .000000000E+00  .000000000E+00
  .000000000E+00  .000000000E+00  .000000000E+00  .000000000E+00  .000000000E+00
  .000000000E+00  .000000000E+00  .000000000E+00  .000000000E+00  .000000000E+00
  .000000000E+00  .000000000E+00  .000000000E+00  .000000000E+00  .000000000E+00
  .000000000E+00  .000000000E+00  .000000000E+00  .000000000E+00  .000000000E+00
  .000000000E+00  .000000000E+00  .000000000E+00  .000000000E+00  .000000000E+00
  .000000000E+00  .000000000E+00  .000000000E+00  .000000000E+00  .000000000E+00
  .000000000E+00  .000000000E+00  .000000000E+00  .000000000E+00  .000000000E+00
  .000000000E+00  .000000000E+00  .000000000E+00  .000000000E+00  .000000000E+00
  .000000000E+00  .000000000E+00  .000000000E+00  .000000000E+00  .000000000E+00
  .000000000E+00  .000000000E+00  .000000000E+00  .000000000E+00  .000000000E+00
  .000000000E+00  .000000000E+00  .000000000E+00  .000000000E+00  .000000000E+00
  .000000000E+00  .000000000E+00  .000000000E+00  .000000000E+00  .000000000E+00
  .000000000E+00  .000000000E+00  .000000000E+00  .000000000E+00  .000000000E+00
  .000000000E+00  .000000000E+00  .000000000E+00  .000000000E+00  .000000000E+00
  .000000000E+00  .000000000E+00  .000000000E+00  .000000000E+00  .000000000E+00
  .000000000E+00  .000000000E+00  .000000000E+00  .000000000E+00  .000000000E+00
  .000000000E+00  .000000000E+00  .000000000E+00  .000000000E+00  .000000000E+00
  .000000000E+00  .000000000E+00  .000000000E+00  .000000000E+00  .000000000E+00
  .000000000E+00  .000000000E+00  .000000000E+00  .000000000E+00  .000000000E+00
  .000000000E+00  .000000000E+00  .000000000E+00  .000000000E+00  .000000000E+00
  .000000000E+00  .000000000E+00  .000000000E+00  .000000000E+00  .000000000E+00
  .000000000E+00  .000000000E+00  .000000000E+00  .000000000E+00  .000000000E+00
  .000000000E+00  .000000000E+00  .000000000E+00  .000000000E+00  .000000000E+00
  .000000000E+00  .000000000E+00  .000000000E+00  .000000000E+00  .000000000E+00
  .000000000E+00  .000000000E+00  .000000000E+00  .000000000E+00  .000000000E+00
  .000000000E+00  .000000000E+00  .000000000E+00  .000000000E+00  .000000000E+00
  .000000000E+00  .000000000E+00  .000000000E+00  .000000000E+00  .000000000E+00
  .000000000E+00  .000000000E+00  .000000000E+00  .000000000E+00  .000000000E+00
  .000000000E+00  .000000000E+00  .000000000E+00  .000000000E+00  .000000000E+00
  .000000000E+00  .000000000E+00  .000000000E+00  .000000000E+00  .000000000E+00
