  PAW_GGA Al_h 08Apr2002                 
 100
Core Pot   L  =         .00000   -.56982
  -.20000000E+01  .94260495E+00
  -.19600000E+01  .92651400E+00
  -.19200000E+01  .91030262E+00
  -.18800000E+01  .89396860E+00
  -.18400000E+01  .87750967E+00
  -.18000000E+01  .86092352E+00
  -.17600000E+01  .84420777E+00
  -.17200000E+01  .82736000E+00
  -.16800000E+01  .81037772E+00
  -.16400000E+01  .79325840E+00
  -.16000000E+01  .77599942E+00
  -.15600000E+01  .75859813E+00
  -.15200000E+01  .74105177E+00
  -.14800000E+01  .72335756E+00
  -.14400000E+01  .70551262E+00
  -.14000000E+01  .68751400E+00
  -.13600000E+01  .66935869E+00
  -.13200000E+01  .65104358E+00
  -.12800000E+01  .63256551E+00
  -.12400000E+01  .61392120E+00
  -.12000000E+01  .59510731E+00
  -.11600000E+01  .57612040E+00
  -.11200000E+01  .55695693E+00
  -.10800000E+01  .53761331E+00
  -.10400000E+01  .51808578E+00
  -.10000000E+01  .49837051E+00
  -.96000000E+00  .47846359E+00
  -.92000000E+00  .45836095E+00
  -.88000000E+00  .43805844E+00
  -.84000000E+00  .41755179E+00
  -.80000000E+00  .39683658E+00
  -.76000000E+00  .37590828E+00
  -.72000000E+00  .35476224E+00
  -.68000000E+00  .33339365E+00
  -.64000000E+00  .31179756E+00
  -.60000000E+00  .28996888E+00
  -.56000000E+00  .26790236E+00
  -.52000000E+00  .24559259E+00
  -.48000000E+00  .22303399E+00
  -.44000000E+00  .20022081E+00
  -.40000000E+00  .17714712E+00
  -.36000000E+00  .15380680E+00
  -.32000000E+00  .13019354E+00
  -.28000000E+00  .10630080E+00
  -.24000000E+00  .82121868E-01
  -.20000000E+00  .57649781E-01
  -.16000000E+00  .32877357E-01
  -.12000000E+00  .77971699E-02
  -.80000000E-01 -.17598454E-01
  -.40000000E-01 -.43317452E-01
   .12351231E-14 -.69368033E-01
   .40000000E-01 -.95758692E-01
   .80000000E-01 -.12249822E+00
   .12000000E+00 -.14959572E+00
   .16000000E+00 -.17706062E+00
   .20000000E+00 -.20490269E+00
   .24000000E+00 -.23313205E+00
   .28000000E+00 -.26175919E+00
   .32000000E+00 -.29079500E+00
   .36000000E+00 -.32025076E+00
   .40000000E+00 -.35013820E+00
   .44000000E+00 -.38046947E+00
   .48000000E+00 -.41125721E+00
   .52000000E+00 -.44251455E+00
   .56000000E+00 -.47425513E+00
   .60000000E+00 -.50649313E+00
   .64000000E+00 -.53924330E+00
   .68000000E+00 -.57252100E+00
   .72000000E+00 -.60634221E+00
   .76000000E+00 -.64072358E+00
   .80000000E+00 -.67568243E+00
   .84000000E+00 -.71123686E+00
   .88000000E+00 -.74740570E+00
   .92000000E+00 -.78420862E+00
   .96000000E+00 -.82166616E+00
   .10000000E+01 -.85979974E+00
   .10400000E+01 -.89863175E+00
   .10800000E+01 -.93818561E+00
   .11200000E+01 -.97848579E+00
   .11600000E+01 -.10195579E+01
   .12000000E+01 -.10614288E+01
   .12400000E+01 -.11041265E+01
   .12800000E+01 -.11476805E+01
   .13200000E+01 -.11921216E+01
   .13600000E+01 -.12374823E+01
   .14000000E+01 -.12837965E+01
   .14400000E+01 -.13310999E+01
   .14800000E+01 -.13794302E+01
   .15200000E+01 -.14288268E+01
   .15600000E+01 -.14793313E+01
   .16000000E+01 -.15309874E+01
   .16400000E+01 -.15838413E+01
   .16800000E+01 -.16379417E+01
   .17200000E+01 -.16933399E+01
   .17600000E+01 -.17500902E+01
   .18000000E+01 -.18082500E+01
   .18400000E+01 -.18678798E+01
   .18800000E+01 -.19290440E+01
   .19200000E+01 -.19918105E+01
   .19600000E+01 -.20562516E+01
   .20000000E+01 -.21224439E+01
Potential  L  =         .00000   -.56982
  -.20000000E+01  .93344060E+00
  -.19600000E+01  .91779349E+00
  -.19200000E+01  .90201871E+00
  -.18800000E+01  .88611388E+00
  -.18400000E+01  .87007655E+00
  -.18000000E+01  .85390421E+00
  -.17600000E+01  .83759426E+00
  -.17200000E+01  .82114406E+00
  -.16800000E+01  .80455088E+00
  -.16400000E+01  .78781192E+00
  -.16000000E+01  .77092429E+00
  -.15600000E+01  .75388502E+00
  -.15200000E+01  .73669107E+00
  -.14800000E+01  .71933930E+00
  -.14400000E+01  .70182647E+00
  -.14000000E+01  .68414928E+00
  -.13600000E+01  .66630428E+00
  -.13200000E+01  .64828796E+00
  -.12800000E+01  .63009669E+00
  -.12400000E+01  .61172674E+00
  -.12000000E+01  .59317423E+00
  -.11600000E+01  .57443521E+00
  -.11200000E+01  .55550559E+00
  -.10800000E+01  .53638111E+00
  -.10400000E+01  .51705744E+00
  -.10000000E+01  .49753009E+00
  -.96000000E+00  .47779441E+00
  -.92000000E+00  .45784562E+00
  -.88000000E+00  .43767875E+00
  -.84000000E+00  .41728872E+00
  -.80000000E+00  .39667023E+00
  -.76000000E+00  .37581784E+00
  -.72000000E+00  .35472590E+00
  -.68000000E+00  .33338857E+00
  -.64000000E+00  .31179984E+00
  -.60000000E+00  .28995344E+00
  -.56000000E+00  .26784292E+00
  -.52000000E+00  .24546160E+00
  -.48000000E+00  .22280253E+00
  -.44000000E+00  .19985855E+00
  -.40000000E+00  .17662220E+00
  -.36000000E+00  .15308577E+00
  -.32000000E+00  .12924127E+00
  -.28000000E+00  .10508039E+00
  -.24000000E+00  .80594509E-01
  -.20000000E+00  .55774692E-01
  -.16000000E+00  .30611645E-01
  -.12000000E+00  .50957144E-02
  -.80000000E-01 -.20783133E-01
  -.40000000E-01 -.47035329E-01
   .12351231E-14 -.73671729E-01
   .40000000E-01 -.10070363E+00
   .80000000E-01 -.12814278E+00
   .12000000E+00 -.15600143E+00
   .16000000E+00 -.18429235E+00
   .20000000E+00 -.21302884E+00
   .24000000E+00 -.24222477E+00
   .28000000E+00 -.27189462E+00
   .32000000E+00 -.30205351E+00
   .36000000E+00 -.33271721E+00
   .40000000E+00 -.36390221E+00
   .44000000E+00 -.39562577E+00
   .48000000E+00 -.42790592E+00
   .52000000E+00 -.46076152E+00
   .56000000E+00 -.49421235E+00
   .60000000E+00 -.52827911E+00
   .64000000E+00 -.56298351E+00
   .68000000E+00 -.59834831E+00
   .72000000E+00 -.63439741E+00
   .76000000E+00 -.67115589E+00
   .80000000E+00 -.70865012E+00
   .84000000E+00 -.74690782E+00
   .88000000E+00 -.78595817E+00
   .92000000E+00 -.82583185E+00
   .96000000E+00 -.86656124E+00
   .10000000E+01 -.90818043E+00
   .10400000E+01 -.95072541E+00
   .10800000E+01 -.99423417E+00
   .11200000E+01 -.10387469E+01
   .11600000E+01 -.10843060E+01
   .12000000E+01 -.11309564E+01
   .12400000E+01 -.11787457E+01
   .12800000E+01 -.12277244E+01
   .13200000E+01 -.12779459E+01
   .13600000E+01 -.13294672E+01
   .14000000E+01 -.13823487E+01
   .14400000E+01 -.14366546E+01
   .14800000E+01 -.14924535E+01
   .15200000E+01 -.15498183E+01
   .15600000E+01 -.16088269E+01
   .16000000E+01 -.16695627E+01
   .16400000E+01 -.17321146E+01
   .16800000E+01 -.17965780E+01
   .17200000E+01 -.18630552E+01
   .17600000E+01 -.19316558E+01
   .18000000E+01 -.20024979E+01
   .18400000E+01 -.20757084E+01
   .18800000E+01 -.21514241E+01
   .19200000E+01 -.22297928E+01
   .19600000E+01 -.23109742E+01
   .20000000E+01 -.23951411E+01
Core Pot   L  =        1.00000   -.19933
  -.20000000E+01  .13161833E+01
  -.19600000E+01  .13014347E+01
  -.19200000E+01  .12866337E+01
  -.18800000E+01  .12717777E+01
  -.18400000E+01  .12568642E+01
  -.18000000E+01  .12418905E+01
  -.17600000E+01  .12268543E+01
  -.17200000E+01  .12117531E+01
  -.16800000E+01  .11965844E+01
  -.16400000E+01  .11813458E+01
  -.16000000E+01  .11660349E+01
  -.15600000E+01  .11506492E+01
  -.15200000E+01  .11351864E+01
  -.14800000E+01  .11196440E+01
  -.14400000E+01  .11040197E+01
  -.14000000E+01  .10883110E+01
  -.13600000E+01  .10725154E+01
  -.13200000E+01  .10566307E+01
  -.12800000E+01  .10406543E+01
  -.12400000E+01  .10245837E+01
  -.12000000E+01  .10084165E+01
  -.11600000E+01  .99215016E+00
  -.11200000E+01  .97578219E+00
  -.10800000E+01  .95931002E+00
  -.10400000E+01  .94273106E+00
  -.10000000E+01  .92604270E+00
  -.96000000E+00  .90924230E+00
  -.92000000E+00  .89232716E+00
  -.88000000E+00  .87529457E+00
  -.84000000E+00  .85814175E+00
  -.80000000E+00  .84086590E+00
  -.76000000E+00  .82346415E+00
  -.72000000E+00  .80593359E+00
  -.68000000E+00  .78827127E+00
  -.64000000E+00  .77047415E+00
  -.60000000E+00  .75253918E+00
  -.56000000E+00  .73446319E+00
  -.52000000E+00  .71624301E+00
  -.48000000E+00  .69787534E+00
  -.44000000E+00  .67935685E+00
  -.40000000E+00  .66068413E+00
  -.36000000E+00  .64185368E+00
  -.32000000E+00  .62286193E+00
  -.28000000E+00  .60370521E+00
  -.24000000E+00  .58437979E+00
  -.20000000E+00  .56488182E+00
  -.16000000E+00  .54520739E+00
  -.12000000E+00  .52535243E+00
  -.80000000E-01  .50531283E+00
  -.40000000E-01  .48508434E+00
   .12351231E-14  .46466260E+00
   .40000000E-01  .44404314E+00
   .80000000E-01  .42322135E+00
   .12000000E+00  .40219251E+00
   .16000000E+00  .38095177E+00
   .20000000E+00  .35949413E+00
   .24000000E+00  .33781445E+00
   .28000000E+00  .31590744E+00
   .32000000E+00  .29376764E+00
   .36000000E+00  .27138946E+00
   .40000000E+00  .24876712E+00
   .44000000E+00  .22589465E+00
   .48000000E+00  .20276591E+00
   .52000000E+00  .17937457E+00
   .56000000E+00  .15571410E+00
   .60000000E+00  .13177775E+00
   .64000000E+00  .10755856E+00
   .68000000E+00  .83049337E-01
   .72000000E+00  .58242647E-01
   .76000000E+00  .33130816E-01
   .80000000E+00  .77059029E-02
   .84000000E+00 -.18040302E-01
   .88000000E+00 -.44116295E-01
   .92000000E+00 -.70530866E-01
   .96000000E+00 -.97293119E-01
   .10000000E+01 -.12441248E+00
   .10400000E+01 -.15189872E+00
   .10800000E+01 -.17976197E+00
   .11200000E+01 -.20801272E+00
   .11600000E+01 -.23666185E+00
   .12000000E+01 -.26572068E+00
   .12400000E+01 -.29520093E+00
   .12800000E+01 -.32511478E+00
   .13200000E+01 -.35547490E+00
   .13600000E+01 -.38629442E+00
   .14000000E+01 -.41758703E+00
   .14400000E+01 -.44936696E+00
   .14800000E+01 -.48164901E+00
   .15200000E+01 -.51444859E+00
   .15600000E+01 -.54778175E+00
   .16000000E+01 -.58166523E+00
   .16400000E+01 -.61611647E+00
   .16800000E+01 -.65115364E+00
   .17200000E+01 -.68679573E+00
   .17600000E+01 -.72306255E+00
   .18000000E+01 -.75997480E+00
   .18400000E+01 -.79755411E+00
   .18800000E+01 -.83582308E+00
   .19200000E+01 -.87480538E+00
   .19600000E+01 -.91452575E+00
   .20000000E+01 -.95501013E+00
Potential  L  =        1.00000   -.19933
  -.20000000E+01  .12449190E+01
  -.19600000E+01  .12319835E+01
  -.19200000E+01  .12189697E+01
  -.18800000E+01  .12058764E+01
  -.18400000E+01  .11927025E+01
  -.18000000E+01  .11794468E+01
  -.17600000E+01  .11661081E+01
  -.17200000E+01  .11526852E+01
  -.16800000E+01  .11391769E+01
  -.16400000E+01  .11255818E+01
  -.16000000E+01  .11118987E+01
  -.15600000E+01  .10981263E+01
  -.15200000E+01  .10842631E+01
  -.14800000E+01  .10703078E+01
  -.14400000E+01  .10562589E+01
  -.14000000E+01  .10421151E+01
  -.13600000E+01  .10278748E+01
  -.13200000E+01  .10135365E+01
  -.12800000E+01  .99909859E+00
  -.12400000E+01  .98455958E+00
  -.12000000E+01  .96991780E+00
  -.11600000E+01  .95517158E+00
  -.11200000E+01  .94031923E+00
  -.10800000E+01  .92535899E+00
  -.10400000E+01  .91028908E+00
  -.10000000E+01  .89510767E+00
  -.96000000E+00  .87981290E+00
  -.92000000E+00  .86440284E+00
  -.88000000E+00  .84887554E+00
  -.84000000E+00  .83322898E+00
  -.80000000E+00  .81746110E+00
  -.76000000E+00  .80156978E+00
  -.72000000E+00  .78555287E+00
  -.68000000E+00  .76940815E+00
  -.64000000E+00  .75313334E+00
  -.60000000E+00  .73672610E+00
  -.56000000E+00  .72018405E+00
  -.52000000E+00  .70350473E+00
  -.48000000E+00  .68668562E+00
  -.44000000E+00  .66972414E+00
  -.40000000E+00  .65261763E+00
  -.36000000E+00  .63536338E+00
  -.32000000E+00  .61795858E+00
  -.28000000E+00  .60040036E+00
  -.24000000E+00  .58268578E+00
  -.20000000E+00  .56481182E+00
  -.16000000E+00  .54677534E+00
  -.12000000E+00  .52857312E+00
  -.80000000E-01  .51020193E+00
  -.40000000E-01  .49165837E+00
   .12351231E-14  .47293894E+00
   .40000000E-01  .45404008E+00
   .80000000E-01  .43495811E+00
   .12000000E+00  .41568923E+00
   .16000000E+00  .39622956E+00
   .20000000E+00  .37657507E+00
   .24000000E+00  .35672164E+00
   .28000000E+00  .33666500E+00
   .32000000E+00  .31640079E+00
   .36000000E+00  .29592446E+00
   .40000000E+00  .27523138E+00
   .44000000E+00  .25431673E+00
   .48000000E+00  .23317557E+00
   .52000000E+00  .21180279E+00
   .56000000E+00  .19019312E+00
   .60000000E+00  .16834113E+00
   .64000000E+00  .14624121E+00
   .68000000E+00  .12388755E+00
   .72000000E+00  .10127418E+00
   .76000000E+00  .78394906E-01
   .80000000E+00  .55243349E-01
   .84000000E+00  .31812902E-01
   .88000000E+00  .80967347E-02
   .92000000E+00 -.15912214E-01
   .96000000E+00 -.40221250E-01
   .10000000E+01 -.64837937E-01
   .10400000E+01 -.89770101E-01
   .10800000E+01 -.11502585E+00
   .11200000E+01 -.14061358E+00
   .11600000E+01 -.16654198E+00
   .12000000E+01 -.19282009E+00
   .12400000E+01 -.21945725E+00
   .12800000E+01 -.24646316E+00
   .13200000E+01 -.27384789E+00
   .13600000E+01 -.30162187E+00
   .14000000E+01 -.32979597E+00
   .14400000E+01 -.35838145E+00
   .14800000E+01 -.38739001E+00
   .15200000E+01 -.41683382E+00
   .15600000E+01 -.44672556E+00
   .16000000E+01 -.47707837E+00
   .16400000E+01 -.50790598E+00
   .16800000E+01 -.53922264E+00
   .17200000E+01 -.57104323E+00
   .17600000E+01 -.60338323E+00
   .18000000E+01 -.63625879E+00
   .18400000E+01 -.66968676E+00
   .18800000E+01 -.70368470E+00
   .19200000E+01 -.73827098E+00
   .19600000E+01 -.77346476E+00
   .20000000E+01 -.80928606E+00
Core Pot   L  =        2.00000   -.20000
  -.20000000E+01  .15683876E+01
  -.19600000E+01  .15565997E+01
  -.19200000E+01  .15447430E+01
  -.18800000E+01  .15328165E+01
  -.18400000E+01  .15208192E+01
  -.18000000E+01  .15087500E+01
  -.17600000E+01  .14966079E+01
  -.17200000E+01  .14843916E+01
  -.16800000E+01  .14721002E+01
  -.16400000E+01  .14597323E+01
  -.16000000E+01  .14472869E+01
  -.15600000E+01  .14347628E+01
  -.15200000E+01  .14221586E+01
  -.14800000E+01  .14094731E+01
  -.14400000E+01  .13967050E+01
  -.14000000E+01  .13838529E+01
  -.13600000E+01  .13709156E+01
  -.13200000E+01  .13578916E+01
  -.12800000E+01  .13447795E+01
  -.12400000E+01  .13315778E+01
  -.12000000E+01  .13182849E+01
  -.11600000E+01  .13048995E+01
  -.11200000E+01  .12914199E+01
  -.10800000E+01  .12778444E+01
  -.10400000E+01  .12641715E+01
  -.10000000E+01  .12503994E+01
  -.96000000E+00  .12365263E+01
  -.92000000E+00  .12225506E+01
  -.88000000E+00  .12084704E+01
  -.84000000E+00  .11942837E+01
  -.80000000E+00  .11799887E+01
  -.76000000E+00  .11655833E+01
  -.72000000E+00  .11510656E+01
  -.68000000E+00  .11364335E+01
  -.64000000E+00  .11216847E+01
  -.60000000E+00  .11068172E+01
  -.56000000E+00  .10918286E+01
  -.52000000E+00  .10767166E+01
  -.48000000E+00  .10614789E+01
  -.44000000E+00  .10461129E+01
  -.40000000E+00  .10306162E+01
  -.36000000E+00  .10149861E+01
  -.32000000E+00  .99921996E+00
  -.28000000E+00  .98331506E+00
  -.24000000E+00  .96726854E+00
  -.20000000E+00  .95107749E+00
  -.16000000E+00  .93473891E+00
  -.12000000E+00  .91824971E+00
  -.80000000E-01  .90160670E+00
  -.40000000E-01  .88480661E+00
   .12351231E-14  .86784605E+00
   .40000000E-01  .85072153E+00
   .80000000E-01  .83342947E+00
   .12000000E+00  .81596614E+00
   .16000000E+00  .79832774E+00
   .20000000E+00  .78051030E+00
   .24000000E+00  .76250976E+00
   .28000000E+00  .74432191E+00
   .32000000E+00  .72594240E+00
   .36000000E+00  .70736675E+00
   .40000000E+00  .68859031E+00
   .44000000E+00  .66960830E+00
   .48000000E+00  .65041574E+00
   .52000000E+00  .63100752E+00
   .56000000E+00  .61137833E+00
   .60000000E+00  .59152267E+00
   .64000000E+00  .57143487E+00
   .68000000E+00  .55110903E+00
   .72000000E+00  .53053907E+00
   .76000000E+00  .50971865E+00
   .80000000E+00  .48864123E+00
   .84000000E+00  .46730001E+00
   .88000000E+00  .44568795E+00
   .92000000E+00  .42379774E+00
   .96000000E+00  .40162177E+00
   .10000000E+01  .37915218E+00
   .10400000E+01  .35638077E+00
   .10800000E+01  .33329902E+00
   .11200000E+01  .30989810E+00
   .11600000E+01  .28616879E+00
   .12000000E+01  .26210152E+00
   .12400000E+01  .23768632E+00
   .12800000E+01  .21291281E+00
   .13200000E+01  .18777018E+00
   .13600000E+01  .16224716E+00
   .14000000E+01  .13633198E+00
   .14400000E+01  .11001238E+00
   .14800000E+01  .83275579E-01
   .15200000E+01  .56108198E-01
   .15600000E+01  .28496276E-01
   .16000000E+01  .42522105E-03
   .16400000E+01 -.28120231E-01
   .16800000E+01 -.57156049E-01
   .17200000E+01 -.86698952E-01
   .17600000E+01 -.11676645E+00
   .18000000E+01 -.14737690E+00
   .18400000E+01 -.17854955E+00
   .18800000E+01 -.21030460E+00
   .19200000E+01 -.24266323E+00
   .19600000E+01 -.27564774E+00
   .20000000E+01 -.30928153E+00
Potential  L  =        2.00000   -.20000
  -.20000000E+01  .15654998E+01
  -.19600000E+01  .15537112E+01
  -.19200000E+01  .15418553E+01
  -.18800000E+01  .15299311E+01
  -.18400000E+01  .15179376E+01
  -.18000000E+01  .15058738E+01
  -.17600000E+01  .14937388E+01
  -.17200000E+01  .14815314E+01
  -.16800000E+01  .14692507E+01
  -.16400000E+01  .14568955E+01
  -.16000000E+01  .14444648E+01
  -.15600000E+01  .14319573E+01
  -.15200000E+01  .14193721E+01
  -.14800000E+01  .14067078E+01
  -.14400000E+01  .13939633E+01
  -.14000000E+01  .13811374E+01
  -.13600000E+01  .13682287E+01
  -.13200000E+01  .13552361E+01
  -.12800000E+01  .13421582E+01
  -.12400000E+01  .13289936E+01
  -.12000000E+01  .13157410E+01
  -.11600000E+01  .13023990E+01
  -.11200000E+01  .12889660E+01
  -.10800000E+01  .12754408E+01
  -.10400000E+01  .12618217E+01
  -.10000000E+01  .12481072E+01
  -.96000000E+00  .12342957E+01
  -.92000000E+00  .12203856E+01
  -.88000000E+00  .12063753E+01
  -.84000000E+00  .11922630E+01
  -.80000000E+00  .11780470E+01
  -.76000000E+00  .11637256E+01
  -.72000000E+00  .11492968E+01
  -.68000000E+00  .11347589E+01
  -.64000000E+00  .11201099E+01
  -.60000000E+00  .11053479E+01
  -.56000000E+00  .10904708E+01
  -.52000000E+00  .10754765E+01
  -.48000000E+00  .10603629E+01
  -.44000000E+00  .10451280E+01
  -.40000000E+00  .10297693E+01
  -.36000000E+00  .10142847E+01
  -.32000000E+00  .99867174E+00
  -.28000000E+00  .98292804E+00
  -.24000000E+00  .96705113E+00
  -.20000000E+00  .95103843E+00
  -.16000000E+00  .93488735E+00
  -.12000000E+00  .91859518E+00
  -.80000000E-01  .90215915E+00
  -.40000000E-01  .88557643E+00
   .12351231E-14  .86884409E+00
   .40000000E-01  .85195913E+00
   .80000000E-01  .83491844E+00
   .12000000E+00  .81771885E+00
   .16000000E+00  .80035710E+00
   .20000000E+00  .78282979E+00
   .24000000E+00  .76513348E+00
   .28000000E+00  .74726457E+00
   .32000000E+00  .72921941E+00
   .36000000E+00  .71099419E+00
   .40000000E+00  .69258501E+00
   .44000000E+00  .67398784E+00
   .48000000E+00  .65519855E+00
   .52000000E+00  .63621283E+00
   .56000000E+00  .61702630E+00
   .60000000E+00  .59763438E+00
   .64000000E+00  .57803238E+00
   .68000000E+00  .55821546E+00
   .72000000E+00  .53817860E+00
   .76000000E+00  .51791663E+00
   .80000000E+00  .49742421E+00
   .84000000E+00  .47669582E+00
   .88000000E+00  .45572575E+00
   .92000000E+00  .43450810E+00
   .96000000E+00  .41303677E+00
   .10000000E+01  .39130544E+00
   .10400000E+01  .36930759E+00
   .10800000E+01  .34703644E+00
   .11200000E+01  .32448500E+00
   .11600000E+01  .30164602E+00
   .12000000E+01  .27851196E+00
   .12400000E+01  .25507505E+00
   .12800000E+01  .23132721E+00
   .13200000E+01  .20726005E+00
   .13600000E+01  .18286489E+00
   .14000000E+01  .15813269E+00
   .14400000E+01  .13305409E+00
   .14800000E+01  .10761937E+00
   .15200000E+01  .81818398E-01
   .15600000E+01  .55640673E-01
   .16000000E+01  .29075263E-01
   .16400000E+01  .21107965E-02
   .16800000E+01 -.25264561E-01
   .17200000E+01 -.53063129E-01
   .17600000E+01 -.81297743E-01
   .18000000E+01 -.10998178E+00
   .18400000E+01 -.13912917E+00
   .18800000E+01 -.16875446E+00
   .19200000E+01 -.19887282E+00
   .19600000E+01 -.22950009E+00
   .20000000E+01 -.26065282E+00
Core Pot   L  =        3.00000    .00000
  -.20000000E+01  .21981815E+01
  -.19600000E+01  .21898438E+01
  -.19200000E+01  .21814815E+01
  -.18800000E+01  .21730944E+01
  -.18400000E+01  .21646823E+01
  -.18000000E+01  .21562449E+01
  -.17600000E+01  .21477821E+01
  -.17200000E+01  .21392937E+01
  -.16800000E+01  .21307796E+01
  -.16400000E+01  .21222394E+01
  -.16000000E+01  .21136729E+01
  -.15600000E+01  .21050801E+01
  -.15200000E+01  .20964606E+01
  -.14800000E+01  .20878143E+01
  -.14400000E+01  .20791409E+01
  -.14000000E+01  .20704402E+01
  -.13600000E+01  .20617121E+01
  -.13200000E+01  .20529562E+01
  -.12800000E+01  .20441724E+01
  -.12400000E+01  .20353604E+01
  -.12000000E+01  .20265199E+01
  -.11600000E+01  .20176509E+01
  -.11200000E+01  .20087530E+01
  -.10800000E+01  .19998259E+01
  -.10400000E+01  .19908695E+01
  -.10000000E+01  .19818835E+01
  -.96000000E+00  .19728676E+01
  -.92000000E+00  .19638216E+01
  -.88000000E+00  .19547453E+01
  -.84000000E+00  .19456383E+01
  -.80000000E+00  .19365005E+01
  -.76000000E+00  .19273315E+01
  -.72000000E+00  .19181311E+01
  -.68000000E+00  .19088990E+01
  -.64000000E+00  .18996349E+01
  -.60000000E+00  .18903386E+01
  -.56000000E+00  .18810098E+01
  -.52000000E+00  .18716481E+01
  -.48000000E+00  .18622534E+01
  -.44000000E+00  .18528252E+01
  -.40000000E+00  .18433634E+01
  -.36000000E+00  .18338676E+01
  -.32000000E+00  .18243374E+01
  -.28000000E+00  .18147727E+01
  -.24000000E+00  .18051730E+01
  -.20000000E+00  .17955380E+01
  -.16000000E+00  .17858675E+01
  -.12000000E+00  .17761611E+01
  -.80000000E-01  .17664185E+01
  -.40000000E-01  .17566393E+01
   .12351231E-14  .17468233E+01
   .40000000E-01  .17369699E+01
   .80000000E-01  .17270790E+01
   .12000000E+00  .17171501E+01
   .16000000E+00  .17071829E+01
   .20000000E+00  .16971770E+01
   .24000000E+00  .16871320E+01
   .28000000E+00  .16770477E+01
   .32000000E+00  .16669235E+01
   .36000000E+00  .16567591E+01
   .40000000E+00  .16465541E+01
   .44000000E+00  .16363082E+01
   .48000000E+00  .16260208E+01
   .52000000E+00  .16156917E+01
   .56000000E+00  .16053204E+01
   .60000000E+00  .15949064E+01
   .64000000E+00  .15844494E+01
   .68000000E+00  .15739488E+01
   .72000000E+00  .15634043E+01
   .76000000E+00  .15528155E+01
   .80000000E+00  .15421818E+01
   .84000000E+00  .15315028E+01
   .88000000E+00  .15207781E+01
   .92000000E+00  .15100071E+01
   .96000000E+00  .14991894E+01
   .10000000E+01  .14883245E+01
   .10400000E+01  .14774119E+01
   .10800000E+01  .14664510E+01
   .11200000E+01  .14554415E+01
   .11600000E+01  .14443827E+01
   .12000000E+01  .14332741E+01
   .12400000E+01  .14221153E+01
   .12800000E+01  .14109056E+01
   .13200000E+01  .13996444E+01
   .13600000E+01  .13883314E+01
   .14000000E+01  .13769658E+01
   .14400000E+01  .13655470E+01
   .14800000E+01  .13540746E+01
   .15200000E+01  .13425478E+01
   .15600000E+01  .13309662E+01
   .16000000E+01  .13193290E+01
   .16400000E+01  .13076356E+01
   .16800000E+01  .12958855E+01
   .17200000E+01  .12840779E+01
   .17600000E+01  .12722122E+01
   .18000000E+01  .12602876E+01
   .18400000E+01  .12483037E+01
   .18800000E+01  .12362595E+01
   .19200000E+01  .12241545E+01
   .19600000E+01  .12119879E+01
   .20000000E+01  .11997590E+01
Potential  L  =        3.00000    .00000
  -.20000000E+01  .21962985E+01
  -.19600000E+01  .21879209E+01
  -.19200000E+01  .21795182E+01
  -.18800000E+01  .21710902E+01
  -.18400000E+01  .21626367E+01
  -.18000000E+01  .21541575E+01
  -.17600000E+01  .21456524E+01
  -.17200000E+01  .21371212E+01
  -.16800000E+01  .21285637E+01
  -.16400000E+01  .21199797E+01
  -.16000000E+01  .21113689E+01
  -.15600000E+01  .21027312E+01
  -.15200000E+01  .20940663E+01
  -.14800000E+01  .20853740E+01
  -.14400000E+01  .20766541E+01
  -.14000000E+01  .20679063E+01
  -.13600000E+01  .20591306E+01
  -.13200000E+01  .20503265E+01
  -.12800000E+01  .20414938E+01
  -.12400000E+01  .20326325E+01
  -.12000000E+01  .20237421E+01
  -.11600000E+01  .20148224E+01
  -.11200000E+01  .20058733E+01
  -.10800000E+01  .19968945E+01
  -.10400000E+01  .19878856E+01
  -.10000000E+01  .19788465E+01
  -.96000000E+00  .19697769E+01
  -.92000000E+00  .19606765E+01
  -.88000000E+00  .19515451E+01
  -.84000000E+00  .19423824E+01
  -.80000000E+00  .19331881E+01
  -.76000000E+00  .19239620E+01
  -.72000000E+00  .19147038E+01
  -.68000000E+00  .19054131E+01
  -.64000000E+00  .18960898E+01
  -.60000000E+00  .18867335E+01
  -.56000000E+00  .18773439E+01
  -.52000000E+00  .18679207E+01
  -.48000000E+00  .18584637E+01
  -.44000000E+00  .18489724E+01
  -.40000000E+00  .18394467E+01
  -.36000000E+00  .18298862E+01
  -.32000000E+00  .18202906E+01
  -.28000000E+00  .18106595E+01
  -.24000000E+00  .18009926E+01
  -.20000000E+00  .17912897E+01
  -.16000000E+00  .17815503E+01
  -.12000000E+00  .17717742E+01
  -.80000000E-01  .17619609E+01
  -.40000000E-01  .17521101E+01
   .12351231E-14  .17422216E+01
   .40000000E-01  .17322948E+01
   .80000000E-01  .17223295E+01
   .12000000E+00  .17123253E+01
   .16000000E+00  .17022817E+01
   .20000000E+00  .16921985E+01
   .24000000E+00  .16820753E+01
   .28000000E+00  .16719116E+01
   .32000000E+00  .16617070E+01
   .36000000E+00  .16514612E+01
   .40000000E+00  .16411738E+01
   .44000000E+00  .16308442E+01
   .48000000E+00  .16204722E+01
   .52000000E+00  .16100572E+01
   .56000000E+00  .15995989E+01
   .60000000E+00  .15890968E+01
   .64000000E+00  .15785505E+01
   .68000000E+00  .15679595E+01
   .72000000E+00  .15573233E+01
   .76000000E+00  .15466415E+01
   .80000000E+00  .15359136E+01
   .84000000E+00  .15251392E+01
   .88000000E+00  .15143176E+01
   .92000000E+00  .15034486E+01
   .96000000E+00  .14925314E+01
   .10000000E+01  .14815658E+01
   .10400000E+01  .14705510E+01
   .10800000E+01  .14594866E+01
   .11200000E+01  .14483720E+01
   .11600000E+01  .14372068E+01
   .12000000E+01  .14259903E+01
   .12400000E+01  .14147220E+01
   .12800000E+01  .14034014E+01
   .13200000E+01  .13920278E+01
   .13600000E+01  .13806006E+01
   .14000000E+01  .13691193E+01
   .14400000E+01  .13575833E+01
   .14800000E+01  .13459919E+01
   .15200000E+01  .13343445E+01
   .15600000E+01  .13226405E+01
   .16000000E+01  .13108792E+01
   .16400000E+01  .12990599E+01
   .16800000E+01  .12871821E+01
   .17200000E+01  .12752449E+01
   .17600000E+01  .12632478E+01
   .18000000E+01  .12511900E+01
   .18400000E+01  .12390708E+01
   .18800000E+01  .12268895E+01
   .19200000E+01  .12146452E+01
   .19600000E+01  .12023374E+01
   .20000000E+01  .11899652E+01
Core Pot   L  =        4.00000    .00000
  -.20000000E+01  .27754884E+01
  -.19600000E+01  .27688286E+01
  -.19200000E+01  .27621584E+01
  -.18800000E+01  .27554741E+01
  -.18400000E+01  .27487771E+01
  -.18000000E+01  .27420663E+01
  -.17600000E+01  .27353435E+01
  -.17200000E+01  .27286069E+01
  -.16800000E+01  .27218561E+01
  -.16400000E+01  .27150948E+01
  -.16000000E+01  .27083186E+01
  -.15600000E+01  .27015288E+01
  -.15200000E+01  .26947261E+01
  -.14800000E+01  .26879095E+01
  -.14400000E+01  .26810781E+01
  -.14000000E+01  .26742358E+01
  -.13600000E+01  .26673782E+01
  -.13200000E+01  .26605067E+01
  -.12800000E+01  .26536217E+01
  -.12400000E+01  .26467226E+01
  -.12000000E+01  .26398079E+01
  -.11600000E+01  .26328820E+01
  -.11200000E+01  .26259406E+01
  -.10800000E+01  .26189850E+01
  -.10400000E+01  .26120147E+01
  -.10000000E+01  .26050289E+01
  -.96000000E+00  .25980315E+01
  -.92000000E+00  .25910176E+01
  -.88000000E+00  .25839894E+01
  -.84000000E+00  .25769467E+01
  -.80000000E+00  .25698889E+01
  -.76000000E+00  .25628148E+01
  -.72000000E+00  .25557288E+01
  -.68000000E+00  .25486261E+01
  -.64000000E+00  .25415084E+01
  -.60000000E+00  .25343754E+01
  -.56000000E+00  .25272269E+01
  -.52000000E+00  .25200634E+01
  -.48000000E+00  .25128843E+01
  -.44000000E+00  .25056894E+01
  -.40000000E+00  .24984792E+01
  -.36000000E+00  .24912529E+01
  -.32000000E+00  .24840113E+01
  -.28000000E+00  .24767533E+01
  -.24000000E+00  .24694793E+01
  -.20000000E+00  .24621895E+01
  -.16000000E+00  .24548822E+01
  -.12000000E+00  .24475610E+01
  -.80000000E-01  .24402221E+01
  -.40000000E-01  .24328671E+01
   .12351231E-14  .24254952E+01
   .40000000E-01  .24181069E+01
   .80000000E-01  .24107015E+01
   .12000000E+00  .24032793E+01
   .16000000E+00  .23958392E+01
   .20000000E+00  .23883844E+01
   .24000000E+00  .23809112E+01
   .28000000E+00  .23734206E+01
   .32000000E+00  .23659129E+01
   .36000000E+00  .23583876E+01
   .40000000E+00  .23508448E+01
   .44000000E+00  .23432842E+01
   .48000000E+00  .23357060E+01
   .52000000E+00  .23281098E+01
   .56000000E+00  .23204956E+01
   .60000000E+00  .23128634E+01
   .64000000E+00  .23052130E+01
   .68000000E+00  .22975442E+01
   .72000000E+00  .22898570E+01
   .76000000E+00  .22821512E+01
   .80000000E+00  .22744269E+01
   .84000000E+00  .22666838E+01
   .88000000E+00  .22589217E+01
   .92000000E+00  .22511406E+01
   .96000000E+00  .22433406E+01
   .10000000E+01  .22355212E+01
   .10400000E+01  .22276824E+01
   .10800000E+01  .22198242E+01
   .11200000E+01  .22119464E+01
   .11600000E+01  .22040488E+01
   .12000000E+01  .21961314E+01
   .12400000E+01  .21881941E+01
   .12800000E+01  .21802366E+01
   .13200000E+01  .21722589E+01
   .13600000E+01  .21642609E+01
   .14000000E+01  .21562423E+01
   .14400000E+01  .21482032E+01
   .14800000E+01  .21401432E+01
   .15200000E+01  .21320624E+01
   .15600000E+01  .21239606E+01
   .16000000E+01  .21158377E+01
   .16400000E+01  .21076934E+01
   .16800000E+01  .20995277E+01
   .17200000E+01  .20913403E+01
   .17600000E+01  .20831313E+01
   .18000000E+01  .20749004E+01
   .18400000E+01  .20666475E+01
   .18800000E+01  .20583724E+01
   .19200000E+01  .20500750E+01
   .19600000E+01  .20417552E+01
   .20000000E+01  .20334127E+01
Potential  L  =        4.00000    .00000
  -.20000000E+01  .27762791E+01
  -.19600000E+01  .27696100E+01
  -.19200000E+01  .27629275E+01
  -.18800000E+01  .27562323E+01
  -.18400000E+01  .27495246E+01
  -.18000000E+01  .27428028E+01
  -.17600000E+01  .27360686E+01
  -.17200000E+01  .27293207E+01
  -.16800000E+01  .27225596E+01
  -.16400000E+01  .27157855E+01
  -.16000000E+01  .27089974E+01
  -.15600000E+01  .27021962E+01
  -.15200000E+01  .26953811E+01
  -.14800000E+01  .26885525E+01
  -.14400000E+01  .26817104E+01
  -.14000000E+01  .26748542E+01
  -.13600000E+01  .26679842E+01
  -.13200000E+01  .26611001E+01
  -.12800000E+01  .26542022E+01
  -.12400000E+01  .26472903E+01
  -.12000000E+01  .26403639E+01
  -.11600000E+01  .26334235E+01
  -.11200000E+01  .26264686E+01
  -.10800000E+01  .26194995E+01
  -.10400000E+01  .26125159E+01
  -.10000000E+01  .26055175E+01
  -.96000000E+00  .25985045E+01
  -.92000000E+00  .25914772E+01
  -.88000000E+00  .25844346E+01
  -.84000000E+00  .25773773E+01
  -.80000000E+00  .25703051E+01
  -.76000000E+00  .25632178E+01
  -.72000000E+00  .25561154E+01
  -.68000000E+00  .25489976E+01
  -.64000000E+00  .25418649E+01
  -.60000000E+00  .25347165E+01
  -.56000000E+00  .25275526E+01
  -.52000000E+00  .25203733E+01
  -.48000000E+00  .25131782E+01
  -.44000000E+00  .25059675E+01
  -.40000000E+00  .24987412E+01
  -.36000000E+00  .24914985E+01
  -.32000000E+00  .24842400E+01
  -.28000000E+00  .24769655E+01
  -.24000000E+00  .24696748E+01
  -.20000000E+00  .24623677E+01
  -.16000000E+00  .24550444E+01
  -.12000000E+00  .24477044E+01
  -.80000000E-01  .24403480E+01
  -.40000000E-01  .24329748E+01
   .12351231E-14  .24255850E+01
   .40000000E-01  .24181782E+01
   .80000000E-01  .24107546E+01
   .12000000E+00  .24033137E+01
   .16000000E+00  .23958559E+01
   .20000000E+00  .23883807E+01
   .24000000E+00  .23808883E+01
   .28000000E+00  .23733782E+01
   .32000000E+00  .23658507E+01
   .36000000E+00  .23583054E+01
   .40000000E+00  .23507424E+01
   .44000000E+00  .23431615E+01
   .48000000E+00  .23355626E+01
   .52000000E+00  .23279456E+01
   .56000000E+00  .23203103E+01
   .60000000E+00  .23126568E+01
   .64000000E+00  .23049848E+01
   .68000000E+00  .22972942E+01
   .72000000E+00  .22895849E+01
   .76000000E+00  .22818570E+01
   .80000000E+00  .22741100E+01
   .84000000E+00  .22663440E+01
   .88000000E+00  .22585590E+01
   .92000000E+00  .22507546E+01
   .96000000E+00  .22429309E+01
   .10000000E+01  .22350877E+01
   .10400000E+01  .22272249E+01
   .10800000E+01  .22193423E+01
   .11200000E+01  .22114398E+01
   .11600000E+01  .22035174E+01
   .12000000E+01  .21955748E+01
   .12400000E+01  .21876119E+01
   .12800000E+01  .21796287E+01
   .13200000E+01  .21716249E+01
   .13600000E+01  .21636005E+01
   .14000000E+01  .21555553E+01
   .14400000E+01  .21474892E+01
   .14800000E+01  .21394020E+01
   .15200000E+01  .21312935E+01
   .15600000E+01  .21231638E+01
   .16000000E+01  .21150125E+01
   .16400000E+01  .21068397E+01
   .16800000E+01  .20986451E+01
   .17200000E+01  .20904285E+01
   .17600000E+01  .20821900E+01
   .18000000E+01  .20739292E+01
   .18400000E+01  .20656460E+01
   .18800000E+01  .20573404E+01
   .19200000E+01  .20490120E+01
   .19600000E+01  .20406609E+01
   .20000000E+01  .20322868E+01
KBPotential  L  =       .00000  -1.13964
  -.20000000E+01  .93838679E+00
  -.19600000E+01  .92249493E+00
  -.19200000E+01  .90647642E+00
  -.18800000E+01  .89032908E+00
  -.18400000E+01  .87405068E+00
  -.18000000E+01  .85763890E+00
  -.17600000E+01  .84109140E+00
  -.17200000E+01  .82440576E+00
  -.16800000E+01  .80757952E+00
  -.16400000E+01  .79061012E+00
  -.16000000E+01  .77349497E+00
  -.15600000E+01  .75623139E+00
  -.15200000E+01  .73881664E+00
  -.14800000E+01  .72124789E+00
  -.14400000E+01  .70352224E+00
  -.14000000E+01  .68563673E+00
  -.13600000E+01  .66758828E+00
  -.13200000E+01  .64937376E+00
  -.12800000E+01  .63098991E+00
  -.12400000E+01  .61243341E+00
  -.12000000E+01  .59370081E+00
  -.11600000E+01  .57478858E+00
  -.11200000E+01  .55569305E+00
  -.10800000E+01  .53641047E+00
  -.10400000E+01  .51693690E+00
  -.10000000E+01  .49726831E+00
  -.96000000E+00  .47740054E+00
  -.92000000E+00  .45732922E+00
  -.88000000E+00  .43704983E+00
  -.84000000E+00  .41655767E+00
  -.80000000E+00  .39584778E+00
  -.76000000E+00  .37491500E+00
  -.72000000E+00  .35375385E+00
  -.68000000E+00  .33235853E+00
  -.64000000E+00  .31072282E+00
  -.60000000E+00  .28884001E+00
  -.56000000E+00  .26670276E+00
  -.52000000E+00  .24430289E+00
  -.48000000E+00  .22163113E+00
  -.44000000E+00  .19867662E+00
  -.40000000E+00  .17542626E+00
  -.36000000E+00  .15186350E+00
  -.32000000E+00  .12796627E+00
  -.28000000E+00  .10370309E+00
  -.24000000E+00  .79025238E-01
  -.20000000E+00  .53849337E-01
  -.16000000E+00  .28012968E-01
  -.12000000E+00  .11380542E-02
  -.80000000E-01 -.27940758E-01
  -.40000000E-01 -.65625597E-01
   .12351231E-14  .10295125E+00
   .40000000E-01 -.77787698E-01
   .80000000E-01 -.11299303E+00
   .12000000E+00 -.14314638E+00
   .16000000E+00 -.17220238E+00
   .20000000E+00 -.20103099E+00
   .24000000E+00 -.22993976E+00
   .28000000E+00 -.25906925E+00
   .32000000E+00 -.28849619E+00
   .36000000E+00 -.31826866E+00
   .40000000E+00 -.34842052E+00
   .44000000E+00 -.37897794E+00
   .48000000E+00 -.40996283E+00
   .52000000E+00 -.44139463E+00
   .56000000E+00 -.47329137E+00
   .60000000E+00 -.50567031E+00
   .64000000E+00 -.53854837E+00
   .68000000E+00 -.57194247E+00
   .72000000E+00 -.60586962E+00
   .76000000E+00 -.64034712E+00
   .80000000E+00 -.67539270E+00
   .84000000E+00 -.71102457E+00
   .88000000E+00 -.74726153E+00
   .92000000E+00 -.78412299E+00
   .96000000E+00 -.82162913E+00
   .10000000E+01 -.85980083E+00
   .10400000E+01 -.89865986E+00
   .10800000E+01 -.93822884E+00
   .11200000E+01 -.97853137E+00
   .11600000E+01 -.10195920E+01
   .12000000E+01 -.10614365E+01
   .12400000E+01 -.11040916E+01
   .12800000E+01 -.11475854E+01
   .13200000E+01 -.11919472E+01
   .13600000E+01 -.12372077E+01
   .14000000E+01 -.12833991E+01
   .14400000E+01 -.13305550E+01
   .14800000E+01 -.13787109E+01
   .15200000E+01 -.14279038E+01
   .15600000E+01 -.14781727E+01
   .16000000E+01 -.15295585E+01
   .16400000E+01 -.15821044E+01
   .16800000E+01 -.16358556E+01
   .17200000E+01 -.16908598E+01
   .17600000E+01 -.17471673E+01
   .18000000E+01 -.18048312E+01
   .18400000E+01 -.18639074E+01
   .18800000E+01 -.19244551E+01
   .19200000E+01 -.19865365E+01
   .19600000E+01 -.20502179E+01
   .20000000E+01 -.21155692E+01
KBPotential  L  =      1.00000   -.39866
  -.20000000E+01  .12890386E+01
  -.19600000E+01  .12754174E+01
  -.19200000E+01  .12617052E+01
  -.18800000E+01  .12479004E+01
  -.18400000E+01  .12340017E+01
  -.18000000E+01  .12200076E+01
  -.17600000E+01  .12059166E+01
  -.17200000E+01  .11917272E+01
  -.16800000E+01  .11774378E+01
  -.16400000E+01  .11630468E+01
  -.16000000E+01  .11485525E+01
  -.15600000E+01  .11339531E+01
  -.15200000E+01  .11192468E+01
  -.14800000E+01  .11044318E+01
  -.14400000E+01  .10895062E+01
  -.14000000E+01  .10744678E+01
  -.13600000E+01  .10593146E+01
  -.13200000E+01  .10440442E+01
  -.12800000E+01  .10286544E+01
  -.12400000E+01  .10131424E+01
  -.12000000E+01  .99750551E+00
  -.11600000E+01  .98174057E+00
  -.11200000E+01  .96584411E+00
  -.10800000E+01  .94981215E+00
  -.10400000E+01  .93364000E+00
  -.10000000E+01  .91732194E+00
  -.96000000E+00  .90085079E+00
  -.92000000E+00  .88421703E+00
  -.88000000E+00  .86740739E+00
  -.84000000E+00  .85040211E+00
  -.80000000E+00  .83316950E+00
  -.76000000E+00  .81565361E+00
  -.72000000E+00  .79774290E+00
  -.68000000E+00  .77917262E+00
  -.64000000E+00  .75911081E+00
  -.60000000E+00  .73281777E+00
  -.56000000E+00  .82095198E+00
  -.52000000E+00  .72488262E+00
  -.48000000E+00  .70128087E+00
  -.44000000E+00  .68099657E+00
  -.40000000E+00  .66150962E+00
  -.36000000E+00  .64225444E+00
  -.32000000E+00  .62303108E+00
  -.28000000E+00  .60374956E+00
  -.24000000E+00  .58436235E+00
  -.20000000E+00  .56484111E+00
  -.16000000E+00  .54516721E+00
  -.12000000E+00  .52532731E+00
  -.80000000E-01  .50531118E+00
  -.40000000E-01  .48511044E+00
   .12351231E-14  .46471785E+00
   .40000000E-01  .44412697E+00
   .80000000E-01  .42333179E+00
   .12000000E+00  .40232664E+00
   .16000000E+00  .38110598E+00
   .20000000E+00  .35966443E+00
   .24000000E+00  .33799663E+00
   .28000000E+00  .31609713E+00
   .32000000E+00  .29396058E+00
   .36000000E+00  .27158145E+00
   .40000000E+00  .24895420E+00
   .44000000E+00  .22607313E+00
   .48000000E+00  .20293241E+00
   .52000000E+00  .17952619E+00
   .56000000E+00  .15584835E+00
   .60000000E+00  .13189264E+00
   .64000000E+00  .10765268E+00
   .68000000E+00  .83121855E-01
   .72000000E+00  .58293414E-01
   .76000000E+00  .33160381E-01
   .80000000E+00  .77155783E-02
   .84000000E+00 -.18048391E-01
   .88000000E+00 -.44139143E-01
   .92000000E+00 -.70564558E-01
   .96000000E+00 -.97332741E-01
   .10000000E+01 -.12445207E+00
   .10400000E+01 -.15193118E+00
   .10800000E+01 -.17977902E+00
   .11200000E+01 -.20800474E+00
   .11600000E+01 -.23661801E+00
   .12000000E+01 -.26562862E+00
   .12400000E+01 -.29504686E+00
   .12800000E+01 -.32488314E+00
   .13200000E+01 -.35514845E+00
   .13600000E+01 -.38585411E+00
   .14000000E+01 -.41701182E+00
   .14400000E+01 -.44863373E+00
   .14800000E+01 -.48073242E+00
   .15200000E+01 -.51332093E+00
   .15600000E+01 -.54641278E+00
   .16000000E+01 -.58002200E+00
   .16400000E+01 -.61416317E+00
   .16800000E+01 -.64885140E+00
   .17200000E+01 -.68410240E+00
   .17600000E+01 -.71993249E+00
   .18000000E+01 -.75635862E+00
   .18400000E+01 -.79339844E+00
   .18800000E+01 -.83107029E+00
   .19200000E+01 -.86939326E+00
   .19600000E+01 -.90838722E+00
   .20000000E+01 -.94807288E+00
KBPotential  L  =      2.00000    .00000
  -.20000000E+01  .15654998E+01
  -.19600000E+01  .15537112E+01
  -.19200000E+01  .15418553E+01
  -.18800000E+01  .15299311E+01
  -.18400000E+01  .15179376E+01
  -.18000000E+01  .15058738E+01
  -.17600000E+01  .14937388E+01
  -.17200000E+01  .14815314E+01
  -.16800000E+01  .14692507E+01
  -.16400000E+01  .14568955E+01
  -.16000000E+01  .14444648E+01
  -.15600000E+01  .14319573E+01
  -.15200000E+01  .14193721E+01
  -.14800000E+01  .14067078E+01
  -.14400000E+01  .13939633E+01
  -.14000000E+01  .13811374E+01
  -.13600000E+01  .13682287E+01
  -.13200000E+01  .13552361E+01
  -.12800000E+01  .13421582E+01
  -.12400000E+01  .13289936E+01
  -.12000000E+01  .13157410E+01
  -.11600000E+01  .13023990E+01
  -.11200000E+01  .12889660E+01
  -.10800000E+01  .12754408E+01
  -.10400000E+01  .12618217E+01
  -.10000000E+01  .12481072E+01
  -.96000000E+00  .12342957E+01
  -.92000000E+00  .12203856E+01
  -.88000000E+00  .12063753E+01
  -.84000000E+00  .11922630E+01
  -.80000000E+00  .11780470E+01
  -.76000000E+00  .11637256E+01
  -.72000000E+00  .11492968E+01
  -.68000000E+00  .11347589E+01
  -.64000000E+00  .11201099E+01
  -.60000000E+00  .11053479E+01
  -.56000000E+00  .10904708E+01
  -.52000000E+00  .10754765E+01
  -.48000000E+00  .10603629E+01
  -.44000000E+00  .10451280E+01
  -.40000000E+00  .10297693E+01
  -.36000000E+00  .10142847E+01
  -.32000000E+00  .99867174E+00
  -.28000000E+00  .98292804E+00
  -.24000000E+00  .96705113E+00
  -.20000000E+00  .95103843E+00
  -.16000000E+00  .93488735E+00
  -.12000000E+00  .91859518E+00
  -.80000000E-01  .90215915E+00
  -.40000000E-01  .88557643E+00
   .12351231E-14  .86884409E+00
   .40000000E-01  .85195913E+00
   .80000000E-01  .83491844E+00
   .12000000E+00  .81771885E+00
   .16000000E+00  .80035710E+00
   .20000000E+00  .78282979E+00
   .24000000E+00  .76513348E+00
   .28000000E+00  .74726457E+00
   .32000000E+00  .72921941E+00
   .36000000E+00  .71099419E+00
   .40000000E+00  .69258501E+00
   .44000000E+00  .67398784E+00
   .48000000E+00  .65519855E+00
   .52000000E+00  .63621283E+00
   .56000000E+00  .61702630E+00
   .60000000E+00  .59763438E+00
   .64000000E+00  .57803238E+00
   .68000000E+00  .55821546E+00
   .72000000E+00  .53817860E+00
   .76000000E+00  .51791663E+00
   .80000000E+00  .49742421E+00
   .84000000E+00  .47669582E+00
   .88000000E+00  .45572575E+00
   .92000000E+00  .43450810E+00
   .96000000E+00  .41303677E+00
   .10000000E+01  .39130544E+00
   .10400000E+01  .36930759E+00
   .10800000E+01  .34703644E+00
   .11200000E+01  .32448500E+00
   .11600000E+01  .30164602E+00
   .12000000E+01  .27851196E+00
   .12400000E+01  .25507505E+00
   .12800000E+01  .23132721E+00
   .13200000E+01  .20726005E+00
   .13600000E+01  .18286489E+00
   .14000000E+01  .15813269E+00
   .14400000E+01  .13305409E+00
   .14800000E+01  .10761937E+00
   .15200000E+01  .81818398E-01
   .15600000E+01  .55640673E-01
   .16000000E+01  .29075263E-01
   .16400000E+01  .21107965E-02
   .16800000E+01 -.25264561E-01
   .17200000E+01 -.53063129E-01
   .17600000E+01 -.81297743E-01
   .18000000E+01 -.10998178E+00
   .18400000E+01 -.13912917E+00
   .18800000E+01 -.16875446E+00
   .19200000E+01 -.19887282E+00
   .19600000E+01 -.22950009E+00
   .20000000E+01 -.26065282E+00
KBPotential  L  =      3.00000    .00000
  -.20000000E+01  .21962985E+01
  -.19600000E+01  .21879209E+01
  -.19200000E+01  .21795182E+01
  -.18800000E+01  .21710902E+01
  -.18400000E+01  .21626367E+01
  -.18000000E+01  .21541575E+01
  -.17600000E+01  .21456524E+01
  -.17200000E+01  .21371212E+01
  -.16800000E+01  .21285637E+01
  -.16400000E+01  .21199797E+01
  -.16000000E+01  .21113689E+01
  -.15600000E+01  .21027312E+01
  -.15200000E+01  .20940663E+01
  -.14800000E+01  .20853740E+01
  -.14400000E+01  .20766541E+01
  -.14000000E+01  .20679063E+01
  -.13600000E+01  .20591306E+01
  -.13200000E+01  .20503265E+01
  -.12800000E+01  .20414938E+01
  -.12400000E+01  .20326325E+01
  -.12000000E+01  .20237421E+01
  -.11600000E+01  .20148224E+01
  -.11200000E+01  .20058733E+01
  -.10800000E+01  .19968945E+01
  -.10400000E+01  .19878856E+01
  -.10000000E+01  .19788465E+01
  -.96000000E+00  .19697769E+01
  -.92000000E+00  .19606765E+01
  -.88000000E+00  .19515451E+01
  -.84000000E+00  .19423824E+01
  -.80000000E+00  .19331881E+01
  -.76000000E+00  .19239620E+01
  -.72000000E+00  .19147038E+01
  -.68000000E+00  .19054131E+01
  -.64000000E+00  .18960898E+01
  -.60000000E+00  .18867335E+01
  -.56000000E+00  .18773439E+01
  -.52000000E+00  .18679207E+01
  -.48000000E+00  .18584637E+01
  -.44000000E+00  .18489724E+01
  -.40000000E+00  .18394467E+01
  -.36000000E+00  .18298862E+01
  -.32000000E+00  .18202906E+01
  -.28000000E+00  .18106595E+01
  -.24000000E+00  .18009926E+01
  -.20000000E+00  .17912897E+01
  -.16000000E+00  .17815503E+01
  -.12000000E+00  .17717742E+01
  -.80000000E-01  .17619609E+01
  -.40000000E-01  .17521101E+01
   .12351231E-14  .17422216E+01
   .40000000E-01  .17322948E+01
   .80000000E-01  .17223295E+01
   .12000000E+00  .17123253E+01
   .16000000E+00  .17022817E+01
   .20000000E+00  .16921985E+01
   .24000000E+00  .16820753E+01
   .28000000E+00  .16719116E+01
   .32000000E+00  .16617070E+01
   .36000000E+00  .16514612E+01
   .40000000E+00  .16411738E+01
   .44000000E+00  .16308442E+01
   .48000000E+00  .16204722E+01
   .52000000E+00  .16100572E+01
   .56000000E+00  .15995989E+01
   .60000000E+00  .15890968E+01
   .64000000E+00  .15785505E+01
   .68000000E+00  .15679595E+01
   .72000000E+00  .15573233E+01
   .76000000E+00  .15466415E+01
   .80000000E+00  .15359136E+01
   .84000000E+00  .15251392E+01
   .88000000E+00  .15143176E+01
   .92000000E+00  .15034486E+01
   .96000000E+00  .14925314E+01
   .10000000E+01  .14815658E+01
   .10400000E+01  .14705510E+01
   .10800000E+01  .14594866E+01
   .11200000E+01  .14483720E+01
   .11600000E+01  .14372068E+01
   .12000000E+01  .14259903E+01
   .12400000E+01  .14147220E+01
   .12800000E+01  .14034014E+01
   .13200000E+01  .13920278E+01
   .13600000E+01  .13806006E+01
   .14000000E+01  .13691193E+01
   .14400000E+01  .13575833E+01
   .14800000E+01  .13459919E+01
   .15200000E+01  .13343445E+01
   .15600000E+01  .13226405E+01
   .16000000E+01  .13108792E+01
   .16400000E+01  .12990599E+01
   .16800000E+01  .12871821E+01
   .17200000E+01  .12752449E+01
   .17600000E+01  .12632478E+01
   .18000000E+01  .12511900E+01
   .18400000E+01  .12390708E+01
   .18800000E+01  .12268895E+01
   .19200000E+01  .12146452E+01
   .19600000E+01  .12023374E+01
   .20000000E+01  .11899652E+01
KBPotential  L  =      4.00000    .00000
  -.20000000E+01  .27762791E+01
  -.19600000E+01  .27696100E+01
  -.19200000E+01  .27629275E+01
  -.18800000E+01  .27562323E+01
  -.18400000E+01  .27495246E+01
  -.18000000E+01  .27428028E+01
  -.17600000E+01  .27360686E+01
  -.17200000E+01  .27293207E+01
  -.16800000E+01  .27225596E+01
  -.16400000E+01  .27157855E+01
  -.16000000E+01  .27089974E+01
  -.15600000E+01  .27021962E+01
  -.15200000E+01  .26953811E+01
  -.14800000E+01  .26885525E+01
  -.14400000E+01  .26817104E+01
  -.14000000E+01  .26748542E+01
  -.13600000E+01  .26679842E+01
  -.13200000E+01  .26611001E+01
  -.12800000E+01  .26542022E+01
  -.12400000E+01  .26472903E+01
  -.12000000E+01  .26403639E+01
  -.11600000E+01  .26334235E+01
  -.11200000E+01  .26264686E+01
  -.10800000E+01  .26194995E+01
  -.10400000E+01  .26125159E+01
  -.10000000E+01  .26055175E+01
  -.96000000E+00  .25985045E+01
  -.92000000E+00  .25914772E+01
  -.88000000E+00  .25844346E+01
  -.84000000E+00  .25773773E+01
  -.80000000E+00  .25703051E+01
  -.76000000E+00  .25632178E+01
  -.72000000E+00  .25561154E+01
  -.68000000E+00  .25489976E+01
  -.64000000E+00  .25418649E+01
  -.60000000E+00  .25347165E+01
  -.56000000E+00  .25275526E+01
  -.52000000E+00  .25203733E+01
  -.48000000E+00  .25131782E+01
  -.44000000E+00  .25059675E+01
  -.40000000E+00  .24987412E+01
  -.36000000E+00  .24914985E+01
  -.32000000E+00  .24842400E+01
  -.28000000E+00  .24769655E+01
  -.24000000E+00  .24696748E+01
  -.20000000E+00  .24623677E+01
  -.16000000E+00  .24550444E+01
  -.12000000E+00  .24477044E+01
  -.80000000E-01  .24403480E+01
  -.40000000E-01  .24329748E+01
   .12351231E-14  .24255850E+01
   .40000000E-01  .24181782E+01
   .80000000E-01  .24107546E+01
   .12000000E+00  .24033137E+01
   .16000000E+00  .23958559E+01
   .20000000E+00  .23883807E+01
   .24000000E+00  .23808883E+01
   .28000000E+00  .23733782E+01
   .32000000E+00  .23658507E+01
   .36000000E+00  .23583054E+01
   .40000000E+00  .23507424E+01
   .44000000E+00  .23431615E+01
   .48000000E+00  .23355626E+01
   .52000000E+00  .23279456E+01
   .56000000E+00  .23203103E+01
   .60000000E+00  .23126568E+01
   .64000000E+00  .23049848E+01
   .68000000E+00  .22972942E+01
   .72000000E+00  .22895849E+01
   .76000000E+00  .22818570E+01
   .80000000E+00  .22741100E+01
   .84000000E+00  .22663440E+01
   .88000000E+00  .22585590E+01
   .92000000E+00  .22507546E+01
   .96000000E+00  .22429309E+01
   .10000000E+01  .22350877E+01
   .10400000E+01  .22272249E+01
   .10800000E+01  .22193423E+01
   .11200000E+01  .22114398E+01
   .11600000E+01  .22035174E+01
   .12000000E+01  .21955748E+01
   .12400000E+01  .21876119E+01
   .12800000E+01  .21796287E+01
   .13200000E+01  .21716249E+01
   .13600000E+01  .21636005E+01
   .14000000E+01  .21555553E+01
   .14400000E+01  .21474892E+01
   .14800000E+01  .21394020E+01
   .15200000E+01  .21312935E+01
   .15600000E+01  .21231638E+01
   .16000000E+01  .21150125E+01
   .16400000E+01  .21068397E+01
   .16800000E+01  .20986451E+01
   .17200000E+01  .20904285E+01
   .17600000E+01  .20821900E+01
   .18000000E+01  .20739292E+01
   .18400000E+01  .20656460E+01
   .18800000E+01  .20573404E+01
   .19200000E+01  .20490120E+01
   .19600000E+01  .20406609E+01
   .20000000E+01  .20322868E+01
