Al: s2p1                                
  .818100233E-04  .831223088E-04  .844556348E-04  .858103384E-04  .871867622E-04
  .885852541E-04  .900061677E-04  .914498622E-04  .929167026E-04  .944070598E-04
  .959213105E-04  .974598374E-04  .990230295E-04  .100611282E-03  .102224996E-03
  .103864580E-03  .105530448E-03  .107223020E-03  .108942726E-03  .110689999E-03
  .112465282E-03  .114269021E-03  .116101675E-03  .117963705E-03  .119855582E-03
  .121777784E-03  .123730797E-03  .125715114E-03  .127731237E-03  .129779675E-03
  .131860946E-03  .133975574E-03  .136124096E-03  .138307052E-03  .140524995E-03
  .142778485E-03  .145068092E-03  .147394393E-03  .149757975E-03  .152159437E-03
  .154599384E-03  .157078433E-03  .159597210E-03  .162156350E-03  .164756501E-03
  .167398318E-03  .170082468E-03  .172809630E-03  .175580492E-03  .178395753E-03
  .181256125E-03  .184162328E-03  .187115098E-03  .190115179E-03  .193163329E-03
  .196260316E-03  .199406924E-03  .202603945E-03  .205852187E-03  .209152469E-03
  .212505625E-03  .215912500E-03  .219373955E-03  .222890862E-03  .226464109E-03
  .230094598E-03  .233783244E-03  .237530979E-03  .241338746E-03  .245207509E-03
  .249138241E-03  .253131934E-03  .257189597E-03  .261312252E-03  .265500938E-03
  .269756714E-03  .274080651E-03  .278473839E-03  .282937388E-03  .287472422E-03
  .292080084E-03  .296761537E-03  .301517961E-03  .306350554E-03  .311260535E-03
  .316249141E-03  .321317631E-03  .326467281E-03  .331699389E-03  .337015275E-03
  .342416277E-03  .347903756E-03  .353479096E-03  .359143701E-03  .364898999E-03
  .370746438E-03  .376687494E-03  .382723661E-03  .388856461E-03  .395087438E-03
  .401418162E-03  .407850227E-03  .414385252E-03  .421024885E-03  .427770796E-03
  .434624684E-03  .441588275E-03  .448663322E-03  .455851606E-03  .463154937E-03
  .470575152E-03  .478114121E-03  .485773740E-03  .493555936E-03  .501462669E-03
  .509495928E-03  .517657734E-03  .525950141E-03  .534375236E-03  .542935137E-03
  .551631998E-03  .560468006E-03  .569445385E-03  .578566391E-03  .587833319E-03
  .597248499E-03  .606814299E-03  .616533123E-03  .626407416E-03  .636439659E-03
  .646632375E-03  .656988125E-03  .667509512E-03  .678199181E-03  .689059819E-03
  .700094153E-03  .711304957E-03  .722695047E-03  .734267286E-03  .746024579E-03
  .757969881E-03  .770106191E-03  .782436558E-03  .794964078E-03  .807691896E-03
  .820623210E-03  .833761265E-03  .847109360E-03  .860670844E-03  .874449124E-03
  .888447655E-03  .902669952E-03  .917119584E-03  .931800176E-03  .946715411E-03
  .961869031E-03  .977264838E-03  .992906693E-03  .100879852E-02  .102494430E-02
  .104134809E-02  .105801400E-02  .107494620E-02  .109214895E-02  .110962654E-02
  .112738338E-02  .114542389E-02  .116375262E-02  .118237414E-02  .120129312E-02
  .122051430E-02  .124004251E-02  .125988262E-02  .128003961E-02  .130051852E-02
  .132132449E-02  .134246271E-02  .136393849E-02  .138575720E-02  .140792430E-02
  .143044534E-02  .145332594E-02  .147657185E-02  .150018887E-02  .152418290E-02
  .154855996E-02  .157332614E-02  .159848762E-02  .162405071E-02  .165002179E-02
  .167640736E-02  .170321400E-02  .173044842E-02  .175811743E-02  .178622793E-02
  .181478695E-02  .184380162E-02  .187327920E-02  .190322703E-02  .193365260E-02
  .196456351E-02  .199596746E-02  .202787231E-02  .206028601E-02  .209321664E-02
  .212667243E-02  .216066173E-02  .219519300E-02  .223027486E-02  .226591607E-02
  .230212550E-02  .233891218E-02  .237628528E-02  .241425412E-02  .245282815E-02
  .249201699E-02  .253183041E-02  .257227830E-02  .261337076E-02  .265511801E-02
  .269753045E-02  .274061863E-02  .278439327E-02  .282886528E-02  .287404571E-02
  .291994580E-02  .296657698E-02  .301395084E-02  .306207915E-02  .311097389E-02
  .316064720E-02  .321111144E-02  .326237914E-02  .331446304E-02  .336737608E-02
  .342113140E-02  .347574234E-02  .353122248E-02  .358758557E-02  .364484561E-02
  .370301680E-02  .376211359E-02  .382215062E-02  .388314279E-02  .394510522E-02
  .400805328E-02  .407200256E-02  .413696892E-02  .420296846E-02  .427001751E-02
  .433813270E-02  .440733089E-02  .447762920E-02  .454904506E-02  .462159611E-02
  .469530033E-02  .477017595E-02  .484624147E-02  .492351572E-02  .500201780E-02
  .508176712E-02  .516278338E-02  .524508660E-02  .532869711E-02  .541363556E-02
  .549992293E-02  .558758052E-02  .567662995E-02  .576709322E-02  .585899263E-02
  .595235085E-02  .604719090E-02  .614353616E-02  .624141039E-02  .634083769E-02
  .644184257E-02  .654444990E-02  .664868494E-02  .675457337E-02  .686214123E-02
  .697141501E-02  .708242157E-02  .719518823E-02  .730974270E-02  .742611315E-02
  .754432818E-02  .766441683E-02  .778640860E-02  .791033343E-02  .803622177E-02
  .816410450E-02  .829401300E-02  .842597914E-02  .856003527E-02  .869621427E-02
  .883454952E-02  .897507490E-02  .911782483E-02  .926283429E-02  .941013876E-02
  .955977431E-02  .971177753E-02  .986618561E-02  .100230363E-01  .101823680E-01
  .103442195E-01  .105086305E-01  .106756411E-01  .108452921E-01  .110176248E-01
  .111926814E-01  .113705045E-01  .115511375E-01  .117346244E-01  .119210100E-01
  .121103395E-01  .123026593E-01  .124980160E-01  .126964572E-01  .128980312E-01
  .131027870E-01  .133107743E-01  .135220439E-01  .137366468E-01  .139546354E-01
  .141760624E-01  .144009817E-01  .146294478E-01  .148615161E-01  .150972429E-01
  .153366852E-01  .155799011E-01  .158269495E-01  .160778902E-01  .163327838E-01
  .165916921E-01  .168546777E-01  .171218040E-01  .173931357E-01  .176687382E-01
  .179486781E-01  .182330229E-01  .185218411E-01  .188152026E-01  .191131778E-01
  .194158387E-01  .197232580E-01  .200355098E-01  .203526691E-01  .206748123E-01
  .210020168E-01  .213343612E-01  .216719253E-01  .220147901E-01  .223630379E-01
  .227167522E-01  .230760178E-01  .234409208E-01  .238115486E-01  .241879898E-01
  .245703346E-01  .249586744E-01  .253531019E-01  .257537115E-01  .261605988E-01
  .265738610E-01  .269935964E-01  .274199054E-01  .278528894E-01  .282926516E-01
  .287392967E-01  .291929310E-01  .296536622E-01  .301216000E-01  .305968555E-01
  .310795415E-01  .315697725E-01  .320676649E-01  .325733367E-01  .330869075E-01
  .336084991E-01  .341382349E-01  .346762400E-01  .352226418E-01  .357775692E-01
  .363411532E-01  .369135269E-01  .374948252E-01  .380851850E-01  .386847455E-01
  .392936476E-01  .399120347E-01  .405400520E-01  .411778472E-01  .418255700E-01
  .424833722E-01  .431514082E-01  .438298345E-01  .445188099E-01  .452184956E-01
  .459290553E-01  .466506550E-01  .473834632E-01  .481276509E-01  .488833916E-01
  .496508616E-01  .504302394E-01  .512217064E-01  .520254468E-01  .528416472E-01
  .536704972E-01  .545121890E-01  .553669179E-01  .562348818E-01  .571162817E-01
  .580113215E-01  .589202080E-01  .598431512E-01  .607803640E-01  .617320626E-01
  .626984663E-01  .636797975E-01  .646762820E-01  .656881489E-01  .667156305E-01
  .677589626E-01  .688183844E-01  .698941387E-01  .709864715E-01  .720956328E-01
  .732218760E-01  .743654581E-01  .755266400E-01  .767056864E-01  .779028655E-01
  .791184499E-01  .803527156E-01  .816059430E-01  .828784163E-01  .841704238E-01
  .854822582E-01  .868142160E-01  .881665983E-01  .895397104E-01  .909338619E-01
  .923493669E-01  .937865440E-01  .952457164E-01  .967272118E-01  .982313625E-01
  .997585058E-01  .101308984E+00  .102883143E+00  .104481335E+00  .106103917E+00
  .107751250E+00  .109423701E+00  .111121643E+00  .112845453E+00  .114595513E+00
  .116372211E+00  .118175941E+00  .120007101E+00  .121866097E+00  .123753338E+00
  .125669240E+00  .127614226E+00  .129588723E+00  .131593164E+00  .133627989E+00
  .135693643E+00  .137790580E+00  .139919257E+00  .142080138E+00  .144273694E+00
  .146500404E+00  .148760750E+00  .151055224E+00  .153384323E+00  .155748551E+00
  .158148419E+00  .160584446E+00  .163057157E+00  .165567084E+00  .168114766E+00
  .170700752E+00  .173325594E+00  .175989855E+00  .178694105E+00  .181438920E+00
  .184224885E+00  .187052594E+00  .189922647E+00  .192835653E+00  .195792229E+00
  .198793000E+00  .201838600E+00  .204929670E+00  .208066861E+00  .211250833E+00
  .214482253E+00  .217761798E+00  .221090154E+00  .224468014E+00  .227896084E+00
  .231375076E+00  .234905712E+00  .238488724E+00  .242124853E+00  .245814851E+00
  .249559478E+00  .253359504E+00  .257215710E+00  .261128887E+00  .265099835E+00
  .269129365E+00  .273218298E+00  .277367467E+00  .281577714E+00  .285849892E+00
  .290184865E+00  .294583508E+00  .299046706E+00  .303575358E+00  .308170370E+00
  .312832664E+00  .317563170E+00  .322362831E+00  .327232602E+00  .332173448E+00
  .337186349E+00  .342272295E+00  .347432287E+00  .352667342E+00  .357978485E+00
  .363366758E+00  .368833212E+00  .374378912E+00  .380004936E+00  .385712376E+00
  .391502334E+00  .397375929E+00  .403334291E+00  .409378564E+00  .415509905E+00
  .421729485E+00  .428038490E+00  .434438117E+00  .440929581E+00  .447514107E+00
  .454192938E+00  .460967327E+00  .467838546E+00  .474807878E+00  .481876623E+00
  .489046095E+00  .496317622E+00  .503692548E+00  .511172233E+00  .518758049E+00
  .526451386E+00  .534253649E+00  .542166259E+00  .550190651E+00  .558328276E+00
  .566580603E+00  .574949114E+00  .583435309E+00  .592040702E+00  .600766826E+00
  .609615229E+00  .618587474E+00  .627685142E+00  .636909831E+00  .646263154E+00
  .655746741E+00  .665362241E+00  .675111316E+00  .684995649E+00  .695016937E+00
  .705176896E+00  .715477256E+00  .725919769E+00  .736506201E+00  .747238335E+00
  .758117973E+00  .769146935E+00  .780327055E+00  .791660187E+00  .803148204E+00
  .814792994E+00  .826596462E+00  .838560535E+00  .850687152E+00  .862978273E+00
  .875435876E+00  .888061955E+00  .900858523E+00  .913827610E+00  .926971263E+00
  .940291549E+00  .953790550E+00  .967470368E+00  .981333120E+00  .995380944E+00
  .100961599E+01  .102404043E+01  .103865646E+01  .105346628E+01  .106847211E+01
  .108367620E+01  .109908079E+01  .111468817E+01  .113050064E+01  .114652048E+01
  .116275004E+01  .117919166E+01  .119584768E+01  .121272050E+01  .122981249E+01
  .124712607E+01  .126466366E+01  .128242770E+01  .130042065E+01  .131864496E+01
  .133710314E+01  .135579768E+01  .137473109E+01  .139390590E+01  .141332466E+01
  .143298993E+01  .145290427E+01  .147307028E+01  .149349055E+01  .151416769E+01
  .153510433E+01  .155630310E+01  .157776664E+01  .159949763E+01  .162149873E+01
  .164377262E+01  .166632200E+01  .168914956E+01  .171225801E+01  .173565009E+01
  .175932851E+01  .178329602E+01  .180755536E+01  .183210928E+01  .185696054E+01
  .188211191E+01  .190756616E+01  .193332606E+01  .195939440E+01  .198577395E+01
  .201246752E+01  .203947788E+01  .206680782E+01  .209446015E+01  .212243766E+01
  .215074313E+01  .217937937E+01  .220834916E+01  .223765529E+01  .226730054E+01
  .229728771E+01  .232761955E+01  .235829885E+01  .238932837E+01  .242071086E+01
  .245244907E+01  .248454574E+01  .251700359E+01  .254982534E+01  .258301370E+01
  .261657135E+01  .265050098E+01  .268480522E+01  .271948674E+01  .275454816E+01
  .278999207E+01  .282582106E+01  .286203770E+01  .289864453E+01  .293564406E+01
  .297303878E+01  .301083116E+01  .304902362E+01  .308761858E+01  .312661841E+01
  .316602545E+01  .320584201E+01  .324607035E+01  .328671272E+01  .332777132E+01
  .336924829E+01  .341114575E+01  .345346577E+01  .349621038E+01  .353938156E+01
  .358298123E+01  .362701128E+01  .367147354E+01  .371636977E+01  .376170170E+01
  .380747098E+01  .385367922E+01  .390032796E+01  .394741866E+01  .399495274E+01
  .404293154E+01  .409135633E+01  .414022831E+01  .418954861E+01  .423931828E+01
  .428953830E+01  .434020954E+01  .439133283E+01  .444290888E+01  .449493833E+01
  .454742173E+01  .460035954E+01  .465375211E+01  .470759971E+01  .476190251E+01
  .481666056E+01  .487187383E+01  .492754218E+01  .498366534E+01  .504024295E+01
  .509727452E+01  .515475947E+01  .521269707E+01  .527108648E+01  .532992674E+01
  .538921676E+01  .544895532E+01  .550914106E+01  .556977250E+01  .563084800E+01
  .569236581E+01  .575432401E+01  .581672055E+01  .587955321E+01  .594281965E+01
  .600651735E+01  .607064364E+01  .613519569E+01  .620017050E+01  .626556493E+01
  .633137565E+01  .639759915E+01  .646423177E+01  .653126966E+01  .659870879E+01
  .666654495E+01  .673477375E+01  .680339060E+01  .687239073E+01  .694176917E+01
  .701152077E+01  .708164016E+01  .715212178E+01  .722295987E+01  .729414844E+01
  .736568134E+01  .743755215E+01  .750975428E+01  .758228090E+01  .765512497E+01
  .772827924E+01  .780173622E+01  .787548819E+01  .794952723E+01  .802384516E+01
  .809843358E+01  .817328386E+01  .824838714E+01  .832373429E+01  .839931599E+01
  .847512264E+01  .855114442E+01  .862737124E+01  .870379279E+01  .878039850E+01
  .885717755E+01  .893411888E+01  .901121117E+01  .908844286E+01  .916580213E+01
  .924327689E+01  .932085482E+01  .939852335E+01  .947626963E+01  .955408056E+01
  .963194282E+01  .970984278E+01  .978776659E+01  .986570015E+01  .994362908E+01
  .100215388E+02  .100994143E+02  .101772406E+02  .102550023E+02  .103326838E+02
  .104102691E+02  .104877422E+02  .105650867E+02  .106422860E+02  .107193232E+02
  .107961813E+02  .108728429E+02  .109492905E+02  .110255063E+02  .111014723E+02
  .111771702E+02  .112525817E+02  .113276880E+02  .114024702E+02  .114769094E+02
  .115509861E+02  .116246810E+02  .116979743E+02  .117708462E+02  .118432766E+02
  .119152454E+02  .119867320E+02  .120577161E+02  .121281769E+02  .121980934E+02
  .122674448E+02  .123362100E+02  .124043675E+02  .124718962E+02  .125387744E+02
  .126049806E+02  .126704932E+02  .127352903E+02  .127993501E+02  .128626508E+02
  .129251703E+02  .129868867E+02  .130477779E+02  .131078219E+02  .131669966E+02
  .132252800E+02  .132826499E+02  .133390845E+02  .133945615E+02  .134490592E+02
  .135025557E+02  .135550290E+02  .136064576E+02  .136568197E+02  .137060940E+02
  .137542589E+02  .138012934E+02  .138471762E+02  .138918866E+02  .139354038E+02
  .139777073E+02  .140187768E+02  .140585924E+02  .140971341E+02  .141343826E+02
  .141703185E+02  .142049229E+02  .142381772E+02  .142700632E+02  .143005629E+02
  .143296588E+02  .143573337E+02  .143835708E+02  .144083539E+02  .144316670E+02
  .144534947E+02  .144738220E+02  .144926346E+02  .145099185E+02  .145256602E+02
  .145398469E+02  .145524664E+02  .145635069E+02  .145729574E+02  .145808073E+02
  .145870469E+02  .145916670E+02  .145946591E+02  .145960154E+02  .145957289E+02
  .145937932E+02  .145902027E+02  .145849526E+02  .145780389E+02  .145694582E+02
  .145592082E+02  .145472873E+02  .145336947E+02  .145184305E+02  .145014957E+02
  .144828923E+02  .144626230E+02  .144406915E+02  .144171025E+02  .143918615E+02
  .143649752E+02  .143364511E+02  .143062976E+02  .142745243E+02  .142411418E+02
  .142061614E+02  .141695959E+02  .141314588E+02  .140917646E+02  .140505292E+02
  .140077691E+02  .139635023E+02  .139177475E+02  .138705246E+02  .138218547E+02
  .137717598E+02  .137202630E+02  .136673885E+02  .136131616E+02  .135576086E+02
  .135007570E+02  .134426352E+02  .133832727E+02  .133227002E+02  .132609493E+02
  .131980526E+02  .131340439E+02  .130689579E+02  .130028302E+02  .129356978E+02
  .128675982E+02  .127985702E+02  .127286534E+02  .126578883E+02  .125863166E+02
  .125139805E+02  .124409235E+02  .123671895E+02  .122928236E+02  .122178716E+02
  .121423801E+02  .120663963E+02  .119899684E+02  .119131451E+02  .118359759E+02
  .117585110E+02  .116808009E+02  .116028969E+02  .115248511E+02  .114467155E+02
  .113685432E+02  .112903873E+02  .112123015E+02  .111343398E+02  .110565566E+02
  .109790064E+02  .109017441E+02  .108248247E+02  .107483034E+02  .106722355E+02
  .105966764E+02  .105216813E+02  .104473056E+02  .103736045E+02  .103006332E+02
  .102284465E+02  .101570990E+02  .100866453E+02  .100171394E+02  .994863490E+01
  .988118512E+01  .981484282E+01  .974966022E+01  .968568895E+01  .962298001E+01
  .956158371E+01  .950154960E+01  .944292644E+01  .938576214E+01  .933010371E+01
  .927599721E+01  .922348769E+01  .917261914E+01  .912343446E+01  .907597538E+01
  .903028242E+01  .898639487E+01  .894435070E+01  .890418651E+01  .886593754E+01
  .882963754E+01  .879531881E+01  .876301209E+01  .873274653E+01  .870454969E+01
  .867844742E+01  .865446389E+01  .863262151E+01  .861294092E+01  .859544090E+01
  .858013839E+01  .856704844E+01  .855618415E+01  .854755665E+01  .854117509E+01
  .853704658E+01  .853517619E+01  .853556689E+01  .853821954E+01  .854313291E+01
  .855030357E+01  .855972596E+01  .857139230E+01  .858529263E+01  .860141479E+01
  .861974437E+01  .864026474E+01  .866295705E+01  .868780018E+01  .871477081E+01
  .874384337E+01  .877499005E+01  .880818086E+01  .884338356E+01  .888056376E+01
  .891968487E+01  .896070815E+01  .900359276E+01  .904829572E+01  .909477201E+01
  .914297455E+01  .919285429E+01  .924436018E+01  .929743926E+01  .935203670E+01
  .940809581E+01  .946555815E+01  .952436351E+01  .958445002E+01  .964575415E+01
  .970821083E+01  .977175346E+01  .983631398E+01  .990182294E+01  .996820957E+01
  .100354018E+02  .101033264E+02  .101719090E+02  .102410742E+02  .103107455E+02
  .103808456E+02  .104512963E+02  .105220186E+02  .105929328E+02  .106639588E+02
  .107350156E+02  .108060221E+02  .108768965E+02  .109475569E+02  .110179211E+02
  .110879068E+02  .111574316E+02  .112264133E+02  .112947696E+02  .113624184E+02
  .114292781E+02  .114952673E+02  .115603051E+02  .116243111E+02  .116872055E+02
  .117489094E+02  .118093444E+02  .118684332E+02  .119260994E+02  .119822676E+02
  .120368634E+02  .120898139E+02  .121410473E+02  .121904930E+02  .122380822E+02
  .122837473E+02  .123274224E+02  .123690432E+02  .124085472E+02  .124458737E+02
  .124809637E+02  .125137603E+02  .125442084E+02  .125722552E+02  .125978498E+02
  .126209435E+02  .126414898E+02  .126594446E+02  .126747660E+02  .126874143E+02
  .126973525E+02  .127045459E+02  .127089622E+02  .127105718E+02  .127093474E+02
  .127052646E+02  .126983012E+02  .126884381E+02  .126756584E+02  .126599481E+02
  .126412958E+02  .126196929E+02  .125951333E+02  .125676137E+02  .125371337E+02
  .125036952E+02  .124673031E+02  .124279649E+02  .123856907E+02  .123404935E+02
  .122923887E+02  .122413945E+02  .121875315E+02  .121308230E+02  .120712951E+02
  .120089759E+02  .119438965E+02  .118760901E+02  .118055924E+02  .117324416E+02
  .116566782E+02  .115783447E+02  .114974861E+02  .114141496E+02  .113283843E+02
  .112402415E+02  .111497746E+02  .110570386E+02  .109620908E+02  .108649899E+02
  .107657967E+02  .106645734E+02  .105613840E+02  .104562938E+02  .103493699E+02
  .102406803E+02  .101302948E+02  .100182840E+02  .990471992E+01  .978967547E+01
  .967322463E+01  .955544222E+01  .943640390E+01  .931618603E+01  .919486565E+01
  .907252028E+01  .894922800E+01  .882506718E+01  .870011658E+01  .857445507E+01
  .844816173E+01  .832131562E+01  .819399579E+01  .806628112E+01  .793825033E+01
  .780998175E+01  .768155342E+01  .755304284E+01  .742452702E+01  .729608227E+01
  .716778428E+01  .703970785E+01  .691192703E+01  .678451482E+01  .665754331E+01
  .653108340E+01  .640520496E+01  .627997651E+01  .615546538E+01  .603173747E+01
  .590885734E+01  .578688799E+01  .566589098E+01  .554592617E+01  .542705189E+01
  .530932468E+01  .519279942E+01  .507752912E+01  .496356506E+01  .485095654E+01
  .473975107E+01  .462999411E+01  .452172925E+01  .441499799E+01  .430983988E+01
  .420629237E+01  .410439090E+01  .400416876E+01  .390565723E+01  .380888540E+01
  .371388035E+01  .362066694E+01  .352926803E+01  .343970427E+01  .335199430E+01
  .326615457E+01  .318219953E+01  .310014154E+01  .301999089E+01  .294175587E+01
  .286544275E+01  .279105585E+01  .271859750E+01  .264806814E+01  .257946634E+01
  .251278879E+01  .244803040E+01  .238518429E+01  .232424188E+01  .226519290E+01
  .220802544E+01  .215272602E+01  .209927961E+01  .204766971E+01  .199787840E+01
  .194988638E+01  .190367302E+01  .185921645E+01  .181649359E+01  .177548023E+01
  .173615108E+01  .169847982E+01  .166243919E+01  .162800101E+01  .159513630E+01
  .156381528E+01  .153400748E+01  .150568174E+01  .147880634E+01  .145334900E+01
  .142927693E+01  .140655692E+01  .138515531E+01  .136503811E+01  .134617097E+01
  .132851924E+01  .131204795E+01  .129672189E+01  .128250555E+01  .126936320E+01
  .125725883E+01  .124615621E+01  .123601886E+01  .122681009E+01  .121849301E+01
  .121103054E+01  .120438546E+01  .119852042E+01  .119339804E+01  .118898091E+01
  .118523166E+01  .118211307E+01  .117958807E+01  .117761987E+01  .117617197E+01
  .117520829E+01  .117469316E+01  .117459146E+01  .117486858E+01  .117549054E+01
  .117642399E+01  .117763627E+01  .117909542E+01  .118077024E+01  .118263024E+01
  .118464575E+01  .118678788E+01  .118902854E+01  .119134047E+01  .119369722E+01
  .119607318E+01  .119844360E+01  .120078456E+01  .120307301E+01  .120528673E+01
  .120740439E+01  .120940551E+01  .121127049E+01  .121298057E+01  .121451791E+01
  .121586547E+01  .121700715E+01  .121792766E+01  .121861263E+01  .121904850E+01
  .121922262E+01  .121912314E+01  .121873913E+01  .121806044E+01  .121707781E+01
  .121578277E+01  .121416771E+01  .121222580E+01  .120995104E+01  .120733820E+01
  .120438286E+01  .120108134E+01  .119743073E+01  .119342886E+01  .118907429E+01
  .118436626E+01  .117930477E+01  .117389042E+01  .116812453E+01  .116200903E+01
  .115554648E+01  .114874004E+01  .114159347E+01  .113411107E+01  .112629769E+01
  .111815871E+01  .110970000E+01  .110092789E+01  .109184922E+01  .108247119E+01
  .107280147E+01  .106284808E+01  .105261944E+01  .104212426E+01  .103137162E+01
  .102037086E+01  .100913161E+01  .997663740E+00  .985977362E+00  .974082765E+00
  .961990451E+00  .949711048E+00  .937255353E+00  .924634247E+00  .911858735E+00
  .898939863E+00  .885888758E+00  .872716551E+00  .859434408E+00  .846053462E+00
  .832584842E+00  .819039605E+00  .805428769E+00  .791763242E+00  .778053860E+00
  .764311313E+00  .750546184E+00  .736768891E+00  .722989698E+00  .709218687E+00
  .695465750E+00  .681740577E+00  .668052641E+00  .654411187E+00  .640825225E+00
  .627303512E+00  .613854551E+00  .600486577E+00  .587207552E+00  .574025156E+00
  .560946782E+00  .547979526E+00  .535130193E+00  .522405278E+00  .509810976E+00
  .497353167E+00  .485037428E+00  .472869017E+00  .460852887E+00  .448993670E+00
  .437295696E+00  .425762979E+00  .414399229E+00  .403207846E+00  .392191938E+00
  .381354304E+00  .370697462E+00  .360223631E+00  .349934758E+00  .339832504E+00
  .329918270E+00  .320193184E+00  .310658128E+00  .301313728E+00  .292160374E+00
  .283198221E+00  .274427203E+00  .265847034E+00  .257457227E+00  .249257091E+00
  .241245751E+00  .233422146E+00  .225785052E+00  .218333074E+00  .211064670E+00
  .203978150E+00  .197071693E+00  .190343345E+00  .183791042E+00  .177412603E+00
  .171205751E+00  .165168113E+00  .159297235E+00  .153590581E+00  .148045550E+00
  .142659477E+00  .137429640E+00  .132353274E+00  .127427567E+00  .122649676E+00
  .118016727E+00  .113525823E+00  .109174050E+00  .104958481E+00  .100876183E+00
  .969242198E-01  .930996567E-01  .893995662E-01  .858210309E-01  .823611475E-01
  .790170300E-01  .757858137E-01  .726646574E-01  .696507468E-01  .667412967E-01
  .639335535E-01  .612247974E-01  .586123442E-01  .560935472E-01  .536657988E-01
  .513265316E-01  .490732200E-01  .469033810E-01  .448145755E-01  .428044084E-01
  .408705299E-01  .390106357E-01  .372224675E-01  .355038131E-01  .338525067E-01
  .322664292E-01  .307435077E-01  .292817158E-01  .278790734E-01  .265336461E-01
  .252435455E-01  .240069283E-01  .228219962E-01  .216869953E-01  .206002157E-01
  .195599908E-01  .185646971E-01  .176127532E-01  .167026194E-01  .158327971E-01
  .150018280E-01  .142082936E-01  .134508144E-01  .127280494E-01  .120386952E-01
  .113814855E-01  .107551903E-01  .101586154E-01  .959060133E-02  .905002321E-02
  .853578968E-02  .804684239E-02  .758215529E-02  .714073403E-02  .672161529E-02
  .632386614E-02  .594658340E-02  .558889305E-02  .524994960E-02  .492893546E-02
  .462506039E-02  .433756086E-02  .406569948E-02  .380876444E-02  .356606890E-02
  .333695046E-02  .312077058E-02  .291691401E-02  .272478827E-02  .254382308E-02
  .237346982E-02  .221320102E-02  .206250980E-02  .192090932E-02  .178793233E-02
  .166313058E-02  .154607433E-02  .143635184E-02  .133356886E-02  .123734813E-02
  .114732888E-02  .106316632E-02  .984531183E-03  .911109212E-03  .842600692E-03
  .778719974E-03  .719195011E-03  .663766889E-03  .612189375E-03  .564228467E-03
  .519661949E-03  .478278957E-03  .439879552E-03  .404274292E-03  .371283827E-03
  .340738490E-03  .312477901E-03  .286350576E-03  .262213555E-03  .239932022E-03
  .219378952E-03  .200434756E-03  .182986936E-03  .166929757E-03  .152163922E-03
  .138596258E-03  .126139412E-03  .114711560E-03  .104236122E-03  .946414855E-04
  .858607459E-04  .778314490E-04  .704953472E-04  .637981647E-04  .576893716E-04
  .521219677E-04  .470522757E-04  .424397429E-04  .382467523E-04  .344384421E-04
  .309825339E-04  .278491689E-04  .250107526E-04  .224418069E-04  .201188303E-04
  .180201646E-04  .161258703E-04  .144176069E-04  .128785220E-04  .114931446E-04
  .102472866E-04  .912794868E-05  .812323286E-05  .722225969E-05  .641509121E-05
  .569265853E-05  .504669422E-05  .446966916E-05  .395473360E-05  .349566227E-05
  .308680333E-05  .272303085E-05  .239970077E-05  .211261004E-05  .185795872E-05
  .163231503E-05  .143258300E-05  .125597257E-05  .109997217E-05  .962323334E-06
  .840997427E-06  .734174301E-06  .640222662E-06  .557682115E-06  .485246737E-06
  .421750058E-06  .366151358E-06  .317523181E-06  .275039957E-06  .237967669E-06
  .205654464E-06  .177522135E-06  .153058412E-06  .131809985E-06  .113376198E-06
  .974033652E-07  .835796417E-07  .716304144E-07  .613141540E-07  .524186945E-07
  .447578967E-07  .381686616E-07  .325082608E-07  .276519514E-07  .234908508E-07
  .199300435E-07  .168868976E-07  .142895699E-07  .120756806E-07  .101911386E-07
  .858910372E-08  .722906978E-08  .607605576E-08  .509989393E-08  .427460359E-08
  .357784124E-08  .299041850E-08  .249587988E-08  .208013382E-08  .173113042E-08
  .143858064E-08  .119371181E-08  .989055191E-09  .818261615E-09  .675941726E-09
  .557527798E-09  .459154354E-09  .377555213E-09  .309974841E-09  .254092126E-09
  .207954962E-09  .169924173E-09  .138625546E-09  .112908849E-09  .918128834E-10
  .745357246E-10  .604094317E-10  .488785821E-10  .394820891E-10  .318378228E-10
  .256296216E-10  .205963773E-10  .165227401E-10  .132315694E-10  .105772009E-10
  .844026929E-11  .672297879E-11  .534540665E-11  .424235453E-11  .336073256E-11
  .265738978E-11  .209731836E-11  .165216979E-11  .129903121E-11  .101941826E-11
  .798447586E-12  .624158386E-12  .486957167E-12  .379164243E-12  .294644063E-12
  .228504481E-12  .176852575E-12  .136596817E-12  .105287090E-12  .809855957E-13
  .621629003E-13  .476143912E-13  .363932865E-13  .277570254E-13  .211244617E-13
  .160417549E-13  .121552515E-13  .918997146E-14  .693257775E-14  .521792552E-14
  .391846209E-14  .293589225E-14  .219463977E-14  .163672969E-14  .121779199E-14
  .903948075E-15  .669390886E-15  .494508429E-15  .364432233E-15  .267917181E-15
  .196479162E-15  .143732825E-15  .104884250E-15  .763432568E-16  .554278912E-16
  .401397257E-16  .289934468E-16  .208879424E-16  .150090335E-16  .107562741E-16
  .768800768E-17  .548023567E-17  .389590838E-17  .276205821E-17  .195281882E-17
  .137684952E-17  .968047551E-18  .678707743E-18  .474498614E-18  .330782998E-18
  .229930969E-18  .159363079E-18  .110129514E-18  .758813816E-19  .521280985E-19
  .357028799E-19  .243791641E-19  .165961735E-19  .112631541E-19  .762016237E-20
  .513936781E-20  .345529798E-20  .231569102E-20  .154697713E-20  .103011128E-20
  .683707054E-21  .452303820E-21  .298231316E-21  .195987086E-21  .128363403E-21
  .837881855E-22  .545054952E-22  .353347308E-22  .228273361E-22  .146956394E-22
  .942734305E-23  .602622536E-23  .383834693E-23  .243597792E-23  .154035243E-23
  .970446829E-24  .609137657E-24  .380923940E-24  .237316076E-24  .147288546E-24
  .910647837E-25  .560864893E-25  .344095424E-25  .210280406E-25  .127998330E-25
  .776035515E-26  .468615642E-26  .281835595E-26  .168812522E-26  .100699887E-26
  .598211108E-27  .353888667E-27  .208473543E-27  .122290480E-27  .714293904E-28
  .415421431E-28  .240554482E-28  .138686899E-28  .796048548E-29  .454894184E-29
  .258780999E-29  .146551373E-29  .826165616E-30  .463605029E-30  .258950597E-30
  .143965118E-30  .796623150E-31  .438719988E-31  .240460757E-31  .131161568E-31
  .711963549E-32  .384574719E-32  .206708540E-32  .110553779E-32  .588313592E-33
  .311491917E-33  .164085289E-33  .859923240E-34  .448331215E-34  .232524891E-34
  .119964539E-34  .615645825E-35  .314257097E-35  .159549962E-35  .805651044E-36
  .404591686E-36  .202063350E-36  .100355114E-36  .495625265E-37  .243393948E-37
  .118847163E-37  .576993211E-38  .278506546E-38  .133648089E-38  .637576651E-39
  .302359670E-39  .142533342E-39  .667866102E-40  .311043892E-40  .143976677E-40
  .662337722E-41  .302804434E-41  .137568409E-41  .621050792E-42  .278589959E-42
  .124168538E-42  .549848586E-43  .241900954E-43  .105723685E-43  .459012359E-44
  .197956975E-44  .847985370E-45  .360789290E-45  .152455487E-45  .639783258E-46
  .266623929E-46  .110336116E-46  .453381981E-47  .184975546E-47  .749278363E-48
  .301318637E-48  .120292253E-48  .476708533E-49  .187519459E-49  .732136840E-50
  .283703596E-50  .109103339E-50  .416375949E-51  .157681659E-51  .592513213E-52
  .220906947E-52  .817124299E-53  .299852056E-53  .109153751E-53  .394144332E-54
  .141165716E-54  .501457936E-55  .176662537E-55  .617222186E-56  .213871954E-56
  .735082095E-57  .250768996E-57  .852292809E-58  .289803930E-58  .101346713E-58
  .382512022E-59  .180741477E-59  .136439306E-59  .000000000E+00  .000000000E+00
  .000000000E+00  .000000000E+00  .000000000E+00  .000000000E+00  .000000000E+00
  .000000000E+00  .000000000E+00  .000000000E+00  .000000000E+00  .000000000E+00
  .000000000E+00  .000000000E+00  .000000000E+00  .000000000E+00  .000000000E+00
  .000000000E+00  .000000000E+00  .000000000E+00  .000000000E+00  .000000000E+00
  .000000000E+00  .000000000E+00  .000000000E+00  .000000000E+00  .000000000E+00
  .000000000E+00  .000000000E+00  .000000000E+00  .000000000E+00  .000000000E+00
  .000000000E+00  .000000000E+00  .000000000E+00  .000000000E+00  .000000000E+00
  .000000000E+00  .000000000E+00  .000000000E+00  .000000000E+00  .000000000E+00
  .000000000E+00  .000000000E+00  .000000000E+00  .000000000E+00  .000000000E+00
  .000000000E+00  .000000000E+00  .000000000E+00  .000000000E+00  .000000000E+00
  .000000000E+00  .000000000E+00  .000000000E+00  .000000000E+00  .000000000E+00
  .000000000E+00  .000000000E+00  .000000000E+00  .000000000E+00  .000000000E+00
  .000000000E+00  .000000000E+00  .000000000E+00  .000000000E+00  .000000000E+00
  .000000000E+00  .000000000E+00  .000000000E+00  .000000000E+00  .000000000E+00
  .000000000E+00  .000000000E+00  .000000000E+00  .000000000E+00  .000000000E+00
  .000000000E+00  .000000000E+00  .000000000E+00  .000000000E+00  .000000000E+00
  .000000000E+00  .000000000E+00  .000000000E+00  .000000000E+00  .000000000E+00
  .000000000E+00  .000000000E+00  .000000000E+00  .000000000E+00  .000000000E+00
  .000000000E+00  .000000000E+00  .000000000E+00  .000000000E+00  .000000000E+00
  .000000000E+00  .000000000E+00  .000000000E+00  .000000000E+00  .000000000E+00
  .000000000E+00  .000000000E+00  .000000000E+00  .000000000E+00  .000000000E+00
  .000000000E+00  .000000000E+00  .000000000E+00  .000000000E+00  .000000000E+00
  .000000000E+00  .000000000E+00  .000000000E+00  .000000000E+00  .000000000E+00
  .000000000E+00  .000000000E+00  .000000000E+00  .000000000E+00  .000000000E+00
  .000000000E+00  .000000000E+00  .000000000E+00  .000000000E+00  .000000000E+00
  .000000000E+00  .000000000E+00  .000000000E+00  .000000000E+00  .000000000E+00
  .000000000E+00  .000000000E+00  .000000000E+00  .000000000E+00  .000000000E+00
  .000000000E+00  .000000000E+00  .000000000E+00  .000000000E+00  .000000000E+00
  .000000000E+00  .000000000E+00  .000000000E+00  .000000000E+00  .000000000E+00
  .000000000E+00  .000000000E+00  .000000000E+00  .000000000E+00  .000000000E+00
  .000000000E+00  .000000000E+00  .000000000E+00  .000000000E+00  .000000000E+00
  .000000000E+00  .000000000E+00  .000000000E+00  .000000000E+00  .000000000E+00
