Eu : [core=Kr4d]                        
   1463.00   .002000 151.96500 125.   .50E-05 .100  800FPE 55.00000
   .7  1.0   0
  1.0   .0   .5-3534.7463 2.0000
  2.0   .0   .5 -581.0826 2.0000
  2.0  1.0  1.5 -518.2467 6.0000
  3.0   .0   .5 -127.9393 2.0000
  3.0  1.0  1.5 -108.3270 6.0000
  3.0  2.0  2.5  -82.043110.0000
  4.0   .0   .5  -25.3921 2.0000
  4.0  1.0  1.5  -18.9276 6.0000
  4.0  2.0  2.5   -9.898210.0000
  4.0  3.0  2.5    -.2091 7.0000
  5.0   .0   .5   -3.2672 2.0000
  6.0   .0   .5    -.2660 2.0000
  5.0  1.0  1.5   -1.7423 6.0000
  5.0  2.0  2.5    -.0965  .0000
