  PAW_PBE Tc 17Jan2003                   
 100
Core Pot   L  =         .00000   -.30645
  -.30000000E+01  .14652653E+01
  -.29500000E+01  .14476258E+01
  -.29000000E+01  .14298356E+01
  -.28500000E+01  .14118884E+01
  -.28000000E+01  .13937777E+01
  -.27500000E+01  .13754969E+01
  -.27000000E+01  .13570395E+01
  -.26500000E+01  .13383986E+01
  -.26000000E+01  .13195673E+01
  -.25500000E+01  .13005386E+01
  -.25000000E+01  .12813052E+01
  -.24500000E+01  .12618596E+01
  -.24000000E+01  .12421943E+01
  -.23500000E+01  .12223011E+01
  -.23000000E+01  .12021720E+01
  -.22500000E+01  .11817983E+01
  -.22000000E+01  .11611713E+01
  -.21500000E+01  .11402818E+01
  -.21000000E+01  .11191202E+01
  -.20500000E+01  .10976765E+01
  -.20000000E+01  .10759403E+01
  -.19500000E+01  .10539008E+01
  -.19000000E+01  .10315466E+01
  -.18500000E+01  .10088658E+01
  -.18000000E+01  .98584589E+00
  -.17500000E+01  .96247374E+00
  -.17000000E+01  .93873559E+00
  -.16500000E+01  .91461696E+00
  -.16000000E+01  .89010260E+00
  -.15500000E+01  .86517642E+00
  -.15000000E+01  .83982146E+00
  -.14500000E+01  .81401981E+00
  -.14000000E+01  .78775253E+00
  -.13500000E+01  .76099958E+00
  -.13000000E+01  .73373971E+00
  -.12500000E+01  .70595042E+00
  -.12000000E+01  .67760778E+00
  -.11500000E+01  .64868639E+00
  -.11000000E+01  .61915921E+00
  -.10500000E+01  .58899744E+00
  -.10000000E+01  .55817035E+00
  -.95000000E+00  .52664516E+00
  -.90000000E+00  .49438680E+00
  -.85000000E+00  .46135774E+00
  -.80000000E+00  .42751776E+00
  -.75000000E+00  .39282369E+00
  -.70000000E+00  .35722914E+00
  -.65000000E+00  .32068418E+00
  -.60000000E+00  .28313501E+00
  -.55000000E+00  .24452354E+00
  -.50000000E+00  .20478698E+00
  -.45000000E+00  .16385732E+00
  -.40000000E+00  .12166080E+00
  -.35000000E+00  .78117265E-01
  -.30000000E+00  .33139463E-01
  -.25000000E+00 -.13367785E-01
  -.20000000E+00 -.61508496E-01
  -.15000000E+00 -.11139659E+00
  -.10000000E+00 -.16315709E+00
  -.50000000E-01 -.21692756E+00
  -.22898350E-14 -.27285965E+00
   .50000000E-01 -.33112105E+00
   .10000000E+00 -.39189758E+00
   .15000000E+00 -.45539581E+00
   .20000000E+00 -.52184597E+00
   .25000000E+00 -.59150554E+00
   .30000000E+00 -.66466330E+00
   .35000000E+00 -.74164436E+00
   .40000000E+00 -.82281602E+00
   .45000000E+00 -.90859487E+00
   .50000000E+00 -.99945534E+00
   .55000000E+00 -.10959402E+01
   .60000000E+00 -.11986731E+01
   .65000000E+00 -.13083748E+01
   .70000000E+00 -.14258822E+01
   .75000000E+00 -.15521730E+01
   .80000000E+00 -.16883968E+01
   .85000000E+00 -.18359148E+01
   .90000000E+00 -.19963499E+01
   .95000000E+00 -.21716544E+01
   .10000000E+01 -.23641965E+01
   .10500000E+01 -.25768785E+01
   .11000000E+01 -.28132958E+01
   .11500000E+01 -.30779573E+01
   .12000000E+01 -.33765952E+01
   .12500000E+01 -.37166102E+01
   .13000000E+01 -.41077263E+01
   .13500000E+01 -.45629803E+01
   .14000000E+01 -.51002645E+01
   .14500000E+01 -.57448188E+01
   .15000000E+01 -.65334347E+01
   .15500000E+01 -.75219185E+01
   .16000000E+01 -.87991981E+01
   .16500000E+01 -.10516178E+02
   .17000000E+01 -.12951122E+02
   .17500000E+01 -.16679956E+02
   .18000000E+01 -.23119558E+02
   .18500000E+01 -.36945179E+02
   .19000000E+01 -.88125235E+02
   .19500000E+01  .25330896E+03
   .20000000E+01  .53028873E+02
Potential  L  =         .00000   -.30645
  -.30000000E+01  .14525340E+01
  -.29500000E+01  .14357590E+01
  -.29000000E+01  .14188124E+01
  -.28500000E+01  .14016892E+01
  -.28000000E+01  .13843845E+01
  -.27500000E+01  .13668932E+01
  -.27000000E+01  .13492099E+01
  -.26500000E+01  .13313289E+01
  -.26000000E+01  .13132442E+01
  -.25500000E+01  .12949498E+01
  -.25000000E+01  .12764392E+01
  -.24500000E+01  .12577056E+01
  -.24000000E+01  .12387419E+01
  -.23500000E+01  .12195408E+01
  -.23000000E+01  .12000943E+01
  -.22500000E+01  .11803943E+01
  -.22000000E+01  .11604323E+01
  -.21500000E+01  .11401991E+01
  -.21000000E+01  .11196852E+01
  -.20500000E+01  .10988807E+01
  -.20000000E+01  .10777750E+01
  -.19500000E+01  .10563568E+01
  -.19000000E+01  .10346145E+01
  -.18500000E+01  .10125355E+01
  -.18000000E+01  .99010686E+00
  -.17500000E+01  .96731449E+00
  -.17000000E+01  .94414368E+00
  -.16500000E+01  .92057878E+00
  -.16000000E+01  .89660315E+00
  -.15500000E+01  .87219915E+00
  -.15000000E+01  .84734796E+00
  -.14500000E+01  .82202958E+00
  -.14000000E+01  .79622264E+00
  -.13500000E+01  .76990435E+00
  -.13000000E+01  .74305033E+00
  -.12500000E+01  .71563450E+00
  -.12000000E+01  .68762890E+00
  -.11500000E+01  .65900352E+00
  -.11000000E+01  .62972612E+00
  -.10500000E+01  .59976197E+00
  -.10000000E+01  .56907367E+00
  -.95000000E+00  .53762083E+00
  -.90000000E+00  .50535975E+00
  -.85000000E+00  .47224313E+00
  -.80000000E+00  .43821961E+00
  -.75000000E+00  .40323338E+00
  -.70000000E+00  .36722361E+00
  -.65000000E+00  .33012396E+00
  -.60000000E+00  .29186184E+00
  -.55000000E+00  .25235769E+00
  -.50000000E+00  .21152411E+00
  -.45000000E+00  .16926484E+00
  -.40000000E+00  .12547362E+00
  -.35000000E+00  .80032807E-01
  -.30000000E+00  .32811840E-01
  -.25000000E+00 -.16334666E-01
  -.20000000E+00 -.67569046E-01
  -.15000000E+00 -.12107317E+00
  -.10000000E+00 -.17705154E+00
  -.50000000E-01 -.23573489E+00
  -.22898350E-14 -.29738457E+00
   .50000000E-01 -.36229790E+00
   .10000000E+00 -.43081452E+00
   .15000000E+00 -.50332433E+00
   .20000000E+00 -.58027714E+00
   .25000000E+00 -.66219470E+00
   .30000000E+00 -.74968576E+00
   .35000000E+00 -.84346507E+00
   .40000000E+00 -.94437756E+00
   .45000000E+00 -.10534295E+01
   .50000000E+00 -.11718291E+01
   .55000000E+00 -.13010397E+01
   .60000000E+00 -.14428517E+01
   .65000000E+00 -.15994786E+01
   .70000000E+00 -.17736907E+01
   .75000000E+00 -.19690019E+01
   .80000000E+00 -.21899377E+01
   .85000000E+00 -.24424275E+01
   .90000000E+00 -.27343952E+01
   .95000000E+00 -.30766760E+01
   .10000000E+01 -.34844886E+01
   .10500000E+01 -.39799030E+01
   .11000000E+01 -.45961855E+01
   .11500000E+01 -.53859327E+01
   .12000000E+01 -.64374998E+01
   .12500000E+01 -.79116166E+01
   .13000000E+01 -.10134583E+02
   .13500000E+01 -.13885426E+02
   .14000000E+01 -.21598082E+02
   .14500000E+01 -.46733077E+02
   .15000000E+01  .35716783E+03
   .15500000E+01  .37884979E+02
   .16000000E+01  .20208217E+02
   .16500000E+01  .13858698E+02
   .17000000E+01  .10582348E+02
   .17500000E+01  .85772752E+01
   .18000000E+01  .72198540E+01
   .18500000E+01  .62369493E+01
   .19000000E+01  .54900190E+01
   .19500000E+01  .49013004E+01
   .20000000E+01  .44237715E+01
Core Pot   L  =        1.00000    .40000
  -.30000000E+01  .35782541E+01
  -.29500000E+01  .27619811E+01
  -.29000000E+01  .24064965E+01
  -.28500000E+01  .22029310E+01
  -.28000000E+01  .20679981E+01
  -.27500000E+01  .19698468E+01
  -.27000000E+01  .18936644E+01
  -.26500000E+01  .18316266E+01
  -.26000000E+01  .17792104E+01
  -.25500000E+01  .17336183E+01
  -.25000000E+01  .16930267E+01
  -.24500000E+01  .16561955E+01
  -.24000000E+01  .16222516E+01
  -.23500000E+01  .15905620E+01
  -.23000000E+01  .15606563E+01
  -.22500000E+01  .15321773E+01
  -.22000000E+01  .15048486E+01
  -.21500000E+01  .14784525E+01
  -.21000000E+01  .14528152E+01
  -.20500000E+01  .14277957E+01
  -.20000000E+01  .14032783E+01
  -.19500000E+01  .13791672E+01
  -.19000000E+01  .13553814E+01
  -.18500000E+01  .13318527E+01
  -.18000000E+01  .13085223E+01
  -.17500000E+01  .12853393E+01
  -.17000000E+01  .12622592E+01
  -.16500000E+01  .12392429E+01
  -.16000000E+01  .12162552E+01
  -.15500000E+01  .11932647E+01
  -.15000000E+01  .11702429E+01
  -.14500000E+01  .11471636E+01
  -.14000000E+01  .11240027E+01
  -.13500000E+01  .11007376E+01
  -.13000000E+01  .10773470E+01
  -.12500000E+01  .10538110E+01
  -.12000000E+01  .10301103E+01
  -.11500000E+01  .10062263E+01
  -.11000000E+01  .98214114E+00
  -.10500000E+01  .95783710E+00
  -.10000000E+01  .93329687E+00
  -.95000000E+00  .90850325E+00
  -.90000000E+00  .88343906E+00
  -.85000000E+00  .85808708E+00
  -.80000000E+00  .83242993E+00
  -.75000000E+00  .80644998E+00
  -.70000000E+00  .78012929E+00
  -.65000000E+00  .75344948E+00
  -.60000000E+00  .72639170E+00
  -.55000000E+00  .69893653E+00
  -.50000000E+00  .67106387E+00
  -.45000000E+00  .64275288E+00
  -.40000000E+00  .61398190E+00
  -.35000000E+00  .58472832E+00
  -.30000000E+00  .55496851E+00
  -.25000000E+00  .52467774E+00
  -.20000000E+00  .49383001E+00
  -.15000000E+00  .46239797E+00
  -.10000000E+00  .43035280E+00
  -.50000000E-01  .39766405E+00
  -.22898350E-14  .36429953E+00
   .50000000E-01  .33022509E+00
   .10000000E+00  .29540450E+00
   .15000000E+00  .25979923E+00
   .20000000E+00  .22336825E+00
   .25000000E+00  .18606779E+00
   .30000000E+00  .14785108E+00
   .35000000E+00  .10866810E+00
   .40000000E+00  .68465196E-01
   .45000000E+00  .27184815E-01
   .50000000E+00 -.15234952E-01
   .55000000E+00 -.58860769E-01
   .60000000E+00 -.10376456E+00
   .65000000E+00 -.15002404E+00
   .70000000E+00 -.19772334E+00
   .75000000E+00 -.24695372E+00
   .80000000E+00 -.29781432E+00
   .85000000E+00 -.35041307E+00
   .90000000E+00 -.40486771E+00
   .95000000E+00 -.46130692E+00
   .10000000E+01 -.51987167E+00
   .10500000E+01 -.58071676E+00
   .11000000E+01 -.64401249E+00
   .11500000E+01 -.70994677E+00
   .12000000E+01 -.77872743E+00
   .12500000E+01 -.85058492E+00
   .13000000E+01 -.92577555E+00
   .13500000E+01 -.10045852E+01
   .14000000E+01 -.10873339E+01
   .14500000E+01 -.11743806E+01
   .15000000E+01 -.12661300E+01
   .15500000E+01 -.13630397E+01
   .16000000E+01 -.14656291E+01
   .16500000E+01 -.15744904E+01
   .17000000E+01 -.16903018E+01
   .17500000E+01 -.18138436E+01
   .18000000E+01 -.19460187E+01
   .18500000E+01 -.20878769E+01
   .19000000E+01 -.22406466E+01
   .19500000E+01 -.24057747E+01
   .20000000E+01 -.25849767E+01
Potential  L  =        1.00000    .40000
  -.30000000E+01  .16192386E+01
  -.29500000E+01  .16044839E+01
  -.29000000E+01  .15896130E+01
  -.28500000E+01  .15746234E+01
  -.28000000E+01  .15595124E+01
  -.27500000E+01  .15442775E+01
  -.27000000E+01  .15289159E+01
  -.26500000E+01  .15134247E+01
  -.26000000E+01  .14978010E+01
  -.25500000E+01  .14820417E+01
  -.25000000E+01  .14661438E+01
  -.24500000E+01  .14501038E+01
  -.24000000E+01  .14339185E+01
  -.23500000E+01  .14175843E+01
  -.23000000E+01  .14010975E+01
  -.22500000E+01  .13844545E+01
  -.22000000E+01  .13676512E+01
  -.21500000E+01  .13506836E+01
  -.21000000E+01  .13335475E+01
  -.20500000E+01  .13162385E+01
  -.20000000E+01  .12987519E+01
  -.19500000E+01  .12810830E+01
  -.19000000E+01  .12632269E+01
  -.18500000E+01  .12451784E+01
  -.18000000E+01  .12269322E+01
  -.17500000E+01  .12084825E+01
  -.17000000E+01  .11898236E+01
  -.16500000E+01  .11709494E+01
  -.16000000E+01  .11518535E+01
  -.15500000E+01  .11325292E+01
  -.15000000E+01  .11129697E+01
  -.14500000E+01  .10931675E+01
  -.14000000E+01  .10731151E+01
  -.13500000E+01  .10528046E+01
  -.13000000E+01  .10322275E+01
  -.12500000E+01  .10113750E+01
  -.12000000E+01  .99023815E+00
  -.11500000E+01  .96880711E+00
  -.11000000E+01  .94707177E+00
  -.10500000E+01  .92502149E+00
  -.10000000E+01  .90264503E+00
  -.95000000E+00  .87993058E+00
  -.90000000E+00  .85686570E+00
  -.85000000E+00  .83343724E+00
  -.80000000E+00  .80963137E+00
  -.75000000E+00  .78543343E+00
  -.70000000E+00  .76082795E+00
  -.65000000E+00  .73579855E+00
  -.60000000E+00  .71032788E+00
  -.55000000E+00  .68439755E+00
  -.50000000E+00  .65798805E+00
  -.45000000E+00  .63107864E+00
  -.40000000E+00  .60364728E+00
  -.35000000E+00  .57567050E+00
  -.30000000E+00  .54712330E+00
  -.25000000E+00  .51797901E+00
  -.20000000E+00  .48820912E+00
  -.15000000E+00  .45778319E+00
  -.10000000E+00  .42666858E+00
  -.50000000E-01  .39483033E+00
  -.22898350E-14  .36223090E+00
   .50000000E-01  .32882993E+00
   .10000000E+00  .29458398E+00
   .15000000E+00  .25944623E+00
   .20000000E+00  .22336610E+00
   .25000000E+00  .18628891E+00
   .30000000E+00  .14815541E+00
   .35000000E+00  .10890131E+00
   .40000000E+00  .68456736E-01
   .45000000E+00  .26745554E-01
   .50000000E+00 -.16315302E-01
   .55000000E+00 -.60816673E-01
   .60000000E+00 -.10685811E+00
   .65000000E+00 -.15454895E+00
   .70000000E+00 -.20400956E+00
   .75000000E+00 -.25537280E+00
   .80000000E+00 -.30878566E+00
   .85000000E+00 -.36441123E+00
   .90000000E+00 -.42243097E+00
   .95000000E+00 -.48304740E+00
   .10000000E+01 -.54648727E+00
   .10500000E+01 -.61300529E+00
   .11000000E+01 -.68288864E+00
   .11500000E+01 -.75646230E+00
   .12000000E+01 -.83409553E+00
   .12500000E+01 -.91620971E+00
   .13000000E+01 -.10032879E+01
   .13500000E+01 -.10958867E+01
   .14000000E+01 -.11946505E+01
   .14500000E+01 -.13003300E+01
   .15000000E+01 -.14138049E+01
   .15500000E+01 -.15361130E+01
   .16000000E+01 -.16684873E+01
   .16500000E+01 -.18124043E+01
   .17000000E+01 -.19696476E+01
   .17500000E+01 -.21423919E+01
   .18000000E+01 -.23333167E+01
   .18500000E+01 -.25457618E+01
   .19000000E+01 -.27839447E+01
   .19500000E+01 -.30532688E+01
   .20000000E+01 -.33607725E+01
Core Pot   L  =        2.00000   -.32882
  -.30000000E+01  .16880878E+01
  -.29500000E+01  .16724625E+01
  -.29000000E+01  .16566598E+01
  -.28500000E+01  .16406730E+01
  -.28000000E+01  .16244951E+01
  -.27500000E+01  .16081183E+01
  -.27000000E+01  .15915347E+01
  -.26500000E+01  .15747354E+01
  -.26000000E+01  .15577112E+01
  -.25500000E+01  .15404523E+01
  -.25000000E+01  .15229478E+01
  -.24500000E+01  .15051865E+01
  -.24000000E+01  .14871558E+01
  -.23500000E+01  .14688426E+01
  -.23000000E+01  .14502324E+01
  -.22500000E+01  .14313096E+01
  -.22000000E+01  .14120575E+01
  -.21500000E+01  .13924575E+01
  -.21000000E+01  .13724897E+01
  -.20500000E+01  .13521324E+01
  -.20000000E+01  .13313615E+01
  -.19500000E+01  .13101509E+01
  -.19000000E+01  .12884717E+01
  -.18500000E+01  .12662922E+01
  -.18000000E+01  .12435771E+01
  -.17500000E+01  .12202876E+01
  -.17000000E+01  .11963801E+01
  -.16500000E+01  .11718062E+01
  -.16000000E+01  .11465116E+01
  -.15500000E+01  .11204353E+01
  -.15000000E+01  .10935083E+01
  -.14500000E+01  .10656525E+01
  -.14000000E+01  .10367790E+01
  -.13500000E+01  .10067859E+01
  -.13000000E+01  .97555634E+00
  -.12500000E+01  .94295501E+00
  -.12000000E+01  .90882472E+00
  -.11500000E+01  .87298152E+00
  -.11000000E+01  .83520880E+00
  -.10500000E+01  .79524959E+00
  -.10000000E+01  .75279660E+00
  -.95000000E+00  .70747921E+00
  -.90000000E+00  .65884612E+00
  -.85000000E+00  .60634199E+00
  -.80000000E+00  .54927551E+00
  -.75000000E+00  .48677484E+00
  -.70000000E+00  .41772438E+00
  -.65000000E+00  .34067284E+00
  -.60000000E+00  .25369641E+00
  -.55000000E+00  .15418897E+00
  -.50000000E+00  .38529662E-01
  -.45000000E+00 -.98464992E-01
  -.40000000E+00 -.26448685E+00
  -.35000000E+00 -.47146357E+00
  -.30000000E+00 -.73894160E+00
  -.25000000E+00 -.11013279E+01
  -.20000000E+00 -.16253308E+01
  -.15000000E+00 -.24594981E+01
  -.10000000E+00 -.40152581E+01
  -.50000000E-01 -.80098998E+01
  -.22898350E-14 -.42556337E+02
   .50000000E-01  .16243009E+02
   .10000000E+00  .74247729E+01
   .15000000E+00  .50289814E+01
   .20000000E+00  .39034280E+01
   .25000000E+00  .32439722E+01
   .30000000E+00  .28068691E+01
   .35000000E+00  .24930304E+01
   .40000000E+00  .22545740E+01
   .45000000E+00  .20655291E+01
   .50000000E+00  .19105874E+01
   .55000000E+00  .17801389E+01
   .60000000E+00  .16678453E+01
   .65000000E+00  .15693550E+01
   .70000000E+00  .14815807E+01
   .75000000E+00  .14022700E+01
   .80000000E+00  .13297401E+01
   .85000000E+00  .12627077E+01
   .90000000E+00  .12001760E+01
   .95000000E+00  .11413581E+01
   .10000000E+01  .10856240E+01
   .10500000E+01  .10324623E+01
   .11000000E+01  .98145283E+00
   .11500000E+01  .93224662E+00
   .12000000E+01  .88455047E+00
   .12500000E+01  .83811565E+00
   .13000000E+01  .79272905E+00
   .13500000E+01  .74820635E+00
   .14000000E+01  .70438662E+00
   .14500000E+01  .66112804E+00
   .15000000E+01  .61830452E+00
   .15500000E+01  .57580286E+00
   .16000000E+01  .53352053E+00
   .16500000E+01  .49136378E+00
   .17000000E+01  .44924610E+00
   .17500000E+01  .40708688E+00
   .18000000E+01  .36481032E+00
   .18500000E+01  .32234446E+00
   .19000000E+01  .27962036E+00
   .19500000E+01  .23657135E+00
   .20000000E+01  .19313241E+00
Potential  L  =        2.00000   -.32882
  -.30000000E+01  .16343867E+01
  -.29500000E+01  .16173781E+01
  -.29000000E+01  .16001436E+01
  -.28500000E+01  .15826743E+01
  -.28000000E+01  .15649609E+01
  -.27500000E+01  .15469933E+01
  -.27000000E+01  .15287609E+01
  -.26500000E+01  .15102524E+01
  -.26000000E+01  .14914557E+01
  -.25500000E+01  .14723581E+01
  -.25000000E+01  .14529457E+01
  -.24500000E+01  .14332039E+01
  -.24000000E+01  .14131170E+01
  -.23500000E+01  .13926681E+01
  -.23000000E+01  .13718392E+01
  -.22500000E+01  .13506107E+01
  -.22000000E+01  .13289617E+01
  -.21500000E+01  .13068697E+01
  -.21000000E+01  .12843101E+01
  -.20500000E+01  .12612565E+01
  -.20000000E+01  .12376804E+01
  -.19500000E+01  .12135506E+01
  -.19000000E+01  .11888332E+01
  -.18500000E+01  .11634913E+01
  -.18000000E+01  .11374847E+01
  -.17500000E+01  .11107691E+01
  -.17000000E+01  .10832962E+01
  -.16500000E+01  .10550127E+01
  -.16000000E+01  .10258598E+01
  -.15500000E+01  .99577257E+00
  -.15000000E+01  .96467915E+00
  -.14500000E+01  .93249950E+00
  -.14000000E+01  .89914446E+00
  -.13500000E+01  .86451422E+00
  -.13000000E+01  .82849689E+00
  -.12500000E+01  .79096636E+00
  -.12000000E+01  .75178013E+00
  -.11500000E+01  .71077644E+00
  -.11000000E+01  .66777088E+00
  -.10500000E+01  .62255233E+00
  -.10000000E+01  .57487784E+00
  -.95000000E+00  .52446642E+00
  -.90000000E+00  .47099131E+00
  -.85000000E+00  .41406980E+00
  -.80000000E+00  .35325151E+00
  -.75000000E+00  .28800197E+00
  -.70000000E+00  .21768218E+00
  -.65000000E+00  .14152195E+00
  -.60000000E+00  .58583915E-01
  -.55000000E+00 -.32284337E-01
  -.50000000E+00 -.13251570E+00
  -.45000000E+00 -.24391458E+00
  -.40000000E+00 -.36878583E+00
  -.35000000E+00 -.51012128E+00
  -.30000000E+00 -.67187653E+00
  -.25000000E+00 -.85939326E+00
  -.20000000E+00 -.10800650E+01
  -.15000000E+00 -.13444271E+01
  -.10000000E+00 -.16680252E+01
  -.50000000E-01 -.20747954E+01
  -.22898350E-14 -.26036093E+01
   .50000000E-01 -.33220775E+01
   .10000000E+00 -.43591346E+01
   .15000000E+00 -.59949575E+01
   .20000000E+00 -.89747538E+01
   .25000000E+00 -.16157874E+02
   .30000000E+00 -.58303620E+02
   .35000000E+00  .42346182E+02
   .40000000E+00  .16375358E+02
   .45000000E+00  .10445325E+02
   .50000000E+00  .78090431E+01
   .55000000E+00  .63136578E+01
   .60000000E+00  .53468009E+01
   .65000000E+00  .46677943E+01
   .70000000E+00  .41627967E+01
   .75000000E+00  .37709754E+01
   .80000000E+00  .34568694E+01
   .85000000E+00  .31984108E+01
   .90000000E+00  .29811458E+01
   .95000000E+00  .27952115E+01
   .10000000E+01  .26336466E+01
   .10500000E+01  .24913970E+01
   .11000000E+01  .23647041E+01
   .11500000E+01  .22507141E+01
   .12000000E+01  .21472212E+01
   .12500000E+01  .20524928E+01
   .13000000E+01  .19651488E+01
   .13500000E+01  .18840762E+01
   .14000000E+01  .18083669E+01
   .14500000E+01  .17372723E+01
   .15000000E+01  .16701696E+01
   .15500000E+01  .16065362E+01
   .16000000E+01  .15459298E+01
   .16500000E+01  .14879735E+01
   .17000000E+01  .14323438E+01
   .17500000E+01  .13787611E+01
   .18000000E+01  .13269824E+01
   .18500000E+01  .12767951E+01
   .19000000E+01  .12280124E+01
   .19500000E+01  .11804689E+01
   .20000000E+01  .11340174E+01
Core Pot   L  =        3.00000    .00000
  -.30000000E+01  .19725030E+01
  -.29500000E+01  .19600170E+01
  -.29000000E+01  .19474553E+01
  -.28500000E+01  .19348164E+01
  -.28000000E+01  .19220992E+01
  -.27500000E+01  .19093020E+01
  -.27000000E+01  .18964235E+01
  -.26500000E+01  .18834622E+01
  -.26000000E+01  .18704165E+01
  -.25500000E+01  .18572848E+01
  -.25000000E+01  .18440655E+01
  -.24500000E+01  .18307569E+01
  -.24000000E+01  .18173572E+01
  -.23500000E+01  .18038645E+01
  -.23000000E+01  .17902772E+01
  -.22500000E+01  .17765932E+01
  -.22000000E+01  .17628105E+01
  -.21500000E+01  .17489271E+01
  -.21000000E+01  .17349409E+01
  -.20500000E+01  .17208496E+01
  -.20000000E+01  .17066510E+01
  -.19500000E+01  .16923428E+01
  -.19000000E+01  .16779225E+01
  -.18500000E+01  .16633876E+01
  -.18000000E+01  .16487355E+01
  -.17500000E+01  .16339635E+01
  -.17000000E+01  .16190687E+01
  -.16500000E+01  .16040484E+01
  -.16000000E+01  .15888993E+01
  -.15500000E+01  .15736185E+01
  -.15000000E+01  .15582026E+01
  -.14500000E+01  .15426483E+01
  -.14000000E+01  .15269520E+01
  -.13500000E+01  .15111101E+01
  -.13000000E+01  .14951188E+01
  -.12500000E+01  .14789740E+01
  -.12000000E+01  .14626717E+01
  -.11500000E+01  .14462074E+01
  -.11000000E+01  .14295768E+01
  -.10500000E+01  .14127750E+01
  -.10000000E+01  .13957972E+01
  -.95000000E+00  .13786383E+01
  -.90000000E+00  .13612928E+01
  -.85000000E+00  .13437551E+01
  -.80000000E+00  .13260193E+01
  -.75000000E+00  .13080793E+01
  -.70000000E+00  .12899285E+01
  -.65000000E+00  .12715602E+01
  -.60000000E+00  .12529671E+01
  -.55000000E+00  .12341419E+01
  -.50000000E+00  .12150765E+01
  -.45000000E+00  .11957626E+01
  -.40000000E+00  .11761915E+01
  -.35000000E+00  .11563539E+01
  -.30000000E+00  .11362400E+01
  -.25000000E+00  .11158396E+01
  -.20000000E+00  .10951416E+01
  -.15000000E+00  .10741345E+01
  -.10000000E+00  .10528061E+01
  -.50000000E-01  .10311433E+01
  -.22898350E-14  .10091324E+01
   .50000000E-01  .98675867E+00
   .10000000E+00  .96400646E+00
   .15000000E+00  .94085914E+00
   .20000000E+00  .91729894E+00
   .25000000E+00  .89330689E+00
   .30000000E+00  .86886269E+00
   .35000000E+00  .84394460E+00
   .40000000E+00  .81852930E+00
   .45000000E+00  .79259174E+00
   .50000000E+00  .76610498E+00
   .55000000E+00  .73904001E+00
   .60000000E+00  .71136549E+00
   .65000000E+00  .68304758E+00
   .70000000E+00  .65404961E+00
   .75000000E+00  .62433182E+00
   .80000000E+00  .59385101E+00
   .85000000E+00  .56256012E+00
   .90000000E+00  .53040780E+00
   .95000000E+00  .49733791E+00
   .10000000E+01  .46328892E+00
   .10500000E+01  .42819325E+00
   .11000000E+01  .39197646E+00
   .11500000E+01  .35455638E+00
   .12000000E+01  .31584206E+00
   .12500000E+01  .27573249E+00
   .13000000E+01  .23411523E+00
   .13500000E+01  .19086467E+00
   .14000000E+01  .14584003E+00
   .14500000E+01  .98882971E-01
   .15000000E+01  .49814731E-01
   .15500000E+01 -.15672978E-02
   .16000000E+01 -.55493739E-01
   .16500000E+01 -.11222828E+00
   .17000000E+01 -.17207390E+00
   .17500000E+01 -.23538047E+00
   .18000000E+01 -.30255430E+00
   .18500000E+01 -.37407011E+00
   .19000000E+01 -.45048603E+00
   .19500000E+01 -.53246297E+00
   .20000000E+01 -.62078951E+00
Potential  L  =        3.00000    .00000
  -.30000000E+01  .19771211E+01
  -.29500000E+01  .19647714E+01
  -.29000000E+01  .19523509E+01
  -.28500000E+01  .19398585E+01
  -.28000000E+01  .19272929E+01
  -.27500000E+01  .19146531E+01
  -.27000000E+01  .19019378E+01
  -.26500000E+01  .18891458E+01
  -.26000000E+01  .18762757E+01
  -.25500000E+01  .18633262E+01
  -.25000000E+01  .18502961E+01
  -.24500000E+01  .18371838E+01
  -.24000000E+01  .18239881E+01
  -.23500000E+01  .18107074E+01
  -.23000000E+01  .17973402E+01
  -.22500000E+01  .17838849E+01
  -.22000000E+01  .17703401E+01
  -.21500000E+01  .17567040E+01
  -.21000000E+01  .17429751E+01
  -.20500000E+01  .17291514E+01
  -.20000000E+01  .17152314E+01
  -.19500000E+01  .17012131E+01
  -.19000000E+01  .16870947E+01
  -.18500000E+01  .16728743E+01
  -.18000000E+01  .16585498E+01
  -.17500000E+01  .16441192E+01
  -.17000000E+01  .16295804E+01
  -.16500000E+01  .16149312E+01
  -.16000000E+01  .16001694E+01
  -.15500000E+01  .15852926E+01
  -.15000000E+01  .15702985E+01
  -.14500000E+01  .15551846E+01
  -.14000000E+01  .15399483E+01
  -.13500000E+01  .15245870E+01
  -.13000000E+01  .15090981E+01
  -.12500000E+01  .14934786E+01
  -.12000000E+01  .14777258E+01
  -.11500000E+01  .14618366E+01
  -.11000000E+01  .14458078E+01
  -.10500000E+01  .14296365E+01
  -.10000000E+01  .14133190E+01
  -.95000000E+00  .13968522E+01
  -.90000000E+00  .13802324E+01
  -.85000000E+00  .13634559E+01
  -.80000000E+00  .13465189E+01
  -.75000000E+00  .13294175E+01
  -.70000000E+00  .13121475E+01
  -.65000000E+00  .12947047E+01
  -.60000000E+00  .12770847E+01
  -.55000000E+00  .12592829E+01
  -.50000000E+00  .12412945E+01
  -.45000000E+00  .12231146E+01
  -.40000000E+00  .12047381E+01
  -.35000000E+00  .11861594E+01
  -.30000000E+00  .11673732E+01
  -.25000000E+00  .11483736E+01
  -.20000000E+00  .11291545E+01
  -.15000000E+00  .11097097E+01
  -.10000000E+00  .10900325E+01
  -.50000000E-01  .10701161E+01
  -.22898350E-14  .10499535E+01
   .50000000E-01  .10295370E+01
   .10000000E+00  .10088590E+01
   .15000000E+00  .98791117E+00
   .20000000E+00  .96668509E+00
   .25000000E+00  .94517180E+00
   .30000000E+00  .92336196E+00
   .35000000E+00  .90124577E+00
   .40000000E+00  .87881297E+00
   .45000000E+00  .85605277E+00
   .50000000E+00  .83295387E+00
   .55000000E+00  .80950439E+00
   .60000000E+00  .78569185E+00
   .65000000E+00  .76150310E+00
   .70000000E+00  .73692431E+00
   .75000000E+00  .71194093E+00
   .80000000E+00  .68653760E+00
   .85000000E+00  .66069810E+00
   .90000000E+00  .63440535E+00
   .95000000E+00  .60764127E+00
   .10000000E+01  .58038673E+00
   .10500000E+01  .55262171E+00
   .11000000E+01  .52432436E+00
   .11500000E+01  .49547215E+00
   .12000000E+01  .46604096E+00
   .12500000E+01  .43600516E+00
   .13000000E+01  .40533748E+00
   .13500000E+01  .37400890E+00
   .14000000E+01  .34198850E+00
   .14500000E+01  .30924329E+00
   .15000000E+01  .27573803E+00
   .15500000E+01  .24143505E+00
   .16000000E+01  .20629400E+00
   .16500000E+01  .17027166E+00
   .17000000E+01  .13332160E+00
   .17500000E+01  .95393988E-01
   .18000000E+01  .56434879E-01
   .18500000E+01  .16386929E-01
   .19000000E+01 -.24812514E-01
   .19500000E+01 -.67230969E-01
   .20000000E+01 -.11094147E+00
Core Pot   L  =        4.00000    .00000
  -.30000000E+01  .22671690E+01
  -.29500000E+01  .22564985E+01
  -.29000000E+01  .22457824E+01
  -.28500000E+01  .22350204E+01
  -.28000000E+01  .22242118E+01
  -.27500000E+01  .22133560E+01
  -.27000000E+01  .22024526E+01
  -.26500000E+01  .21915008E+01
  -.26000000E+01  .21805002E+01
  -.25500000E+01  .21694501E+01
  -.25000000E+01  .21583498E+01
  -.24500000E+01  .21471988E+01
  -.24000000E+01  .21359964E+01
  -.23500000E+01  .21247419E+01
  -.23000000E+01  .21134346E+01
  -.22500000E+01  .21020740E+01
  -.22000000E+01  .20906592E+01
  -.21500000E+01  .20791896E+01
  -.21000000E+01  .20676644E+01
  -.20500000E+01  .20560829E+01
  -.20000000E+01  .20444443E+01
  -.19500000E+01  .20327478E+01
  -.19000000E+01  .20209927E+01
  -.18500000E+01  .20091782E+01
  -.18000000E+01  .19973033E+01
  -.17500000E+01  .19853673E+01
  -.17000000E+01  .19733693E+01
  -.16500000E+01  .19613084E+01
  -.16000000E+01  .19491837E+01
  -.15500000E+01  .19369943E+01
  -.15000000E+01  .19247392E+01
  -.14500000E+01  .19124175E+01
  -.14000000E+01  .19000282E+01
  -.13500000E+01  .18875702E+01
  -.13000000E+01  .18750425E+01
  -.12500000E+01  .18624441E+01
  -.12000000E+01  .18497739E+01
  -.11500000E+01  .18370307E+01
  -.11000000E+01  .18242135E+01
  -.10500000E+01  .18113210E+01
  -.10000000E+01  .17983521E+01
  -.95000000E+00  .17853055E+01
  -.90000000E+00  .17721800E+01
  -.85000000E+00  .17589743E+01
  -.80000000E+00  .17456871E+01
  -.75000000E+00  .17323170E+01
  -.70000000E+00  .17188626E+01
  -.65000000E+00  .17053226E+01
  -.60000000E+00  .16916954E+01
  -.55000000E+00  .16779795E+01
  -.50000000E+00  .16641735E+01
  -.45000000E+00  .16502757E+01
  -.40000000E+00  .16362845E+01
  -.35000000E+00  .16221983E+01
  -.30000000E+00  .16080153E+01
  -.25000000E+00  .15937337E+01
  -.20000000E+00  .15793519E+01
  -.15000000E+00  .15648678E+01
  -.10000000E+00  .15502796E+01
  -.50000000E-01  .15355854E+01
  -.22898350E-14  .15207830E+01
   .50000000E-01  .15058705E+01
   .10000000E+00  .14908457E+01
   .15000000E+00  .14757063E+01
   .20000000E+00  .14604501E+01
   .25000000E+00  .14450748E+01
   .30000000E+00  .14295779E+01
   .35000000E+00  .14139569E+01
   .40000000E+00  .13982094E+01
   .45000000E+00  .13823325E+01
   .50000000E+00  .13663237E+01
   .55000000E+00  .13501801E+01
   .60000000E+00  .13338987E+01
   .65000000E+00  .13174766E+01
   .70000000E+00  .13009107E+01
   .75000000E+00  .12841977E+01
   .80000000E+00  .12673344E+01
   .85000000E+00  .12503174E+01
   .90000000E+00  .12331430E+01
   .95000000E+00  .12158076E+01
   .10000000E+01  .11983075E+01
   .10500000E+01  .11806386E+01
   .11000000E+01  .11627970E+01
   .11500000E+01  .11447784E+01
   .12000000E+01  .11265784E+01
   .12500000E+01  .11081926E+01
   .13000000E+01  .10896161E+01
   .13500000E+01  .10708442E+01
   .14000000E+01  .10518718E+01
   .14500000E+01  .10326936E+01
   .15000000E+01  .10133041E+01
   .15500000E+01  .99369773E+00
   .16000000E+01  .97386853E+00
   .16500000E+01  .95381037E+00
   .17000000E+01  .93351685E+00
   .17500000E+01  .91298132E+00
   .18000000E+01  .89219684E+00
   .18500000E+01  .87115620E+00
   .19000000E+01  .84985186E+00
   .19500000E+01  .82827595E+00
   .20000000E+01  .80642027E+00
Potential  L  =        4.00000    .00000
  -.30000000E+01  .22685060E+01
  -.29500000E+01  .22578651E+01
  -.29000000E+01  .22471781E+01
  -.28500000E+01  .22364458E+01
  -.28000000E+01  .22256677E+01
  -.27500000E+01  .22148434E+01
  -.27000000E+01  .22039722E+01
  -.26500000E+01  .21930535E+01
  -.26000000E+01  .21820869E+01
  -.25500000E+01  .21710717E+01
  -.25000000E+01  .21600073E+01
  -.24500000E+01  .21488931E+01
  -.24000000E+01  .21377289E+01
  -.23500000E+01  .21265130E+01
  -.23000000E+01  .21152459E+01
  -.22500000E+01  .21039263E+01
  -.22000000E+01  .20925538E+01
  -.21500000E+01  .20811276E+01
  -.21000000E+01  .20696471E+01
  -.20500000E+01  .20581115E+01
  -.20000000E+01  .20465202E+01
  -.19500000E+01  .20348725E+01
  -.19000000E+01  .20231671E+01
  -.18500000E+01  .20114042E+01
  -.18000000E+01  .19995811E+01
  -.17500000E+01  .19877003E+01
  -.17000000E+01  .19757587E+01
  -.16500000E+01  .19637554E+01
  -.16000000E+01  .19516898E+01
  -.15500000E+01  .19395615E+01
  -.15000000E+01  .19273692E+01
  -.14500000E+01  .19151123E+01
  -.14000000E+01  .19027895E+01
  -.13500000E+01  .18903999E+01
  -.13000000E+01  .18779431E+01
  -.12500000E+01  .18654173E+01
  -.12000000E+01  .18528220E+01
  -.11500000E+01  .18401562E+01
  -.11000000E+01  .18274186E+01
  -.10500000E+01  .18146082E+01
  -.10000000E+01  .18017239E+01
  -.95000000E+00  .17887649E+01
  -.90000000E+00  .17757293E+01
  -.85000000E+00  .17626164E+01
  -.80000000E+00  .17494249E+01
  -.75000000E+00  .17361535E+01
  -.70000000E+00  .17228010E+01
  -.65000000E+00  .17093660E+01
  -.60000000E+00  .16958474E+01
  -.55000000E+00  .16822434E+01
  -.50000000E+00  .16685531E+01
  -.45000000E+00  .16547747E+01
  -.40000000E+00  .16409068E+01
  -.35000000E+00  .16269479E+01
  -.30000000E+00  .16128965E+01
  -.25000000E+00  .15987509E+01
  -.20000000E+00  .15845096E+01
  -.15000000E+00  .15701707E+01
  -.10000000E+00  .15557327E+01
  -.50000000E-01  .15411938E+01
  -.22898350E-14  .15265520E+01
   .50000000E-01  .15118056E+01
   .10000000E+00  .14969526E+01
   .15000000E+00  .14819911E+01
   .20000000E+00  .14669189E+01
   .25000000E+00  .14517342E+01
   .30000000E+00  .14364346E+01
   .35000000E+00  .14210179E+01
   .40000000E+00  .14054820E+01
   .45000000E+00  .13898245E+01
   .50000000E+00  .13740429E+01
   .55000000E+00  .13581348E+01
   .60000000E+00  .13420978E+01
   .65000000E+00  .13259289E+01
   .70000000E+00  .13096257E+01
   .75000000E+00  .12931853E+01
   .80000000E+00  .12766049E+01
   .85000000E+00  .12598814E+01
   .90000000E+00  .12430118E+01
   .95000000E+00  .12259930E+01
   .10000000E+01  .12088217E+01
   .10500000E+01  .11914945E+01
   .11000000E+01  .11740079E+01
   .11500000E+01  .11563584E+01
   .12000000E+01  .11385423E+01
   .12500000E+01  .11205557E+01
   .13000000E+01  .11023946E+01
   .13500000E+01  .10840550E+01
   .14000000E+01  .10655327E+01
   .14500000E+01  .10468231E+01
   .15000000E+01  .10279217E+01
   .15500000E+01  .10088240E+01
   .16000000E+01  .98952492E+00
   .16500000E+01  .97001946E+00
   .17000000E+01  .95030240E+00
   .17500000E+01  .93036827E+00
   .18000000E+01  .91021145E+00
   .18500000E+01  .88982609E+00
   .19000000E+01  .86920607E+00
   .19500000E+01  .84834509E+00
   .20000000E+01  .82723659E+00
KBPotential  L  =      2.00000   -.65764
  -.30000000E+01  .16881895E+01
  -.29500000E+01  .16725610E+01
  -.29000000E+01  .16567551E+01
  -.28500000E+01  .16407653E+01
  -.28000000E+01  .16245843E+01
  -.27500000E+01  .16082046E+01
  -.27000000E+01  .15916180E+01
  -.26500000E+01  .15748159E+01
  -.26000000E+01  .15577889E+01
  -.25500000E+01  .15405273E+01
  -.25000000E+01  .15230201E+01
  -.24500000E+01  .15052562E+01
  -.24000000E+01  .14872230E+01
  -.23500000E+01  .14689073E+01
  -.23000000E+01  .14502946E+01
  -.22500000E+01  .14313695E+01
  -.22000000E+01  .14121151E+01
  -.21500000E+01  .13925129E+01
  -.21000000E+01  .13725430E+01
  -.20500000E+01  .13521836E+01
  -.20000000E+01  .13314107E+01
  -.19500000E+01  .13101982E+01
  -.19000000E+01  .12885172E+01
  -.18500000E+01  .12663359E+01
  -.18000000E+01  .12436192E+01
  -.17500000E+01  .12203281E+01
  -.17000000E+01  .11964191E+01
  -.16500000E+01  .11718438E+01
  -.16000000E+01  .11465478E+01
  -.15500000E+01  .11204703E+01
  -.15000000E+01  .10935421E+01
  -.14500000E+01  .10656853E+01
  -.14000000E+01  .10368107E+01
  -.13500000E+01  .10068168E+01
  -.13000000E+01  .97558645E+00
  -.12500000E+01  .94298444E+00
  -.12000000E+01  .90885364E+00
  -.11500000E+01  .87300730E+00
  -.11000000E+01  .83523424E+00
  -.10500000E+01  .79525503E+00
  -.10000000E+01  .75280101E+00
  -.95000000E+00  .70748262E+00
  -.90000000E+00  .65884854E+00
  -.85000000E+00  .60634344E+00
  -.80000000E+00  .54927599E+00
  -.75000000E+00  .48677432E+00
  -.70000000E+00  .41772280E+00
  -.65000000E+00  .34067010E+00
  -.60000000E+00  .25369235E+00
  -.55000000E+00  .15418335E+00
  -.50000000E+00  .38522144E-01
  -.45000000E+00 -.98477976E-01
  -.40000000E+00 -.26450370E+00
  -.35000000E+00 -.47148409E+00
  -.30000000E+00 -.73898214E+00
  -.25000000E+00 -.11013897E+01
  -.20000000E+00 -.16254100E+01
  -.15000000E+00 -.24595857E+01
  -.10000000E+00 -.40154107E+01
  -.50000000E-01 -.80102868E+01
  -.22898350E-14 -.42562674E+02
   .50000000E-01  .16242636E+02
   .10000000E+00  .74247852E+01
   .15000000E+00  .50290253E+01
   .20000000E+00  .39034785E+01
   .25000000E+00  .32440233E+01
   .30000000E+00  .28069204E+01
   .35000000E+00  .24932607E+01
   .40000000E+00  .22546088E+01
   .45000000E+00  .20655639E+01
   .50000000E+00  .19106283E+01
   .55000000E+00  .17801806E+01
   .60000000E+00  .16678954E+01
   .65000000E+00  .15694098E+01
   .70000000E+00  .14816403E+01
   .75000000E+00  .14023345E+01
   .80000000E+00  .13298099E+01
   .85000000E+00  .12627830E+01
   .90000000E+00  .12002570E+01
   .95000000E+00  .11414454E+01
   .10000000E+01  .10857179E+01
   .10500000E+01  .10325633E+01
   .11000000E+01  .98156148E+00
   .11500000E+01  .93236343E+00
   .12000000E+01  .88467601E+00
   .12500000E+01  .83825062E+00
   .13000000E+01  .79287419E+00
   .13500000E+01  .74836243E+00
   .14000000E+01  .70455455E+00
   .14500000E+01  .66130880E+00
   .15000000E+01  .61849916E+00
   .15500000E+01  .57601255E+00
   .16000000E+01  .53374655E+00
   .16500000E+01  .49160755E+00
   .17000000E+01  .44950917E+00
   .17500000E+01  .40737096E+00
   .18000000E+01  .36511732E+00
   .18500000E+01  .32267645E+00
   .19000000E+01  .27997966E+00
   .19500000E+01  .23695999E+00
   .20000000E+01  .19355326E+00
KBPotential  L  =       .00000   -.61290
  -.30000000E+01  .14530076E+01
  -.29500000E+01  .14359770E+01
  -.29000000E+01  .14187685E+01
  -.28500000E+01  .14013774E+01
  -.28000000E+01  .13837985E+01
  -.27500000E+01  .13660269E+01
  -.27000000E+01  .13480571E+01
  -.26500000E+01  .13298834E+01
  -.26000000E+01  .13115001E+01
  -.25500000E+01  .12929009E+01
  -.25000000E+01  .12740795E+01
  -.24500000E+01  .12550292E+01
  -.24000000E+01  .12357432E+01
  -.23500000E+01  .12162141E+01
  -.23000000E+01  .11964344E+01
  -.22500000E+01  .11763961E+01
  -.22000000E+01  .11560910E+01
  -.21500000E+01  .11355103E+01
  -.21000000E+01  .11146449E+01
  -.20500000E+01  .10934854E+01
  -.20000000E+01  .10720216E+01
  -.19500000E+01  .10502430E+01
  -.19000000E+01  .10281387E+01
  -.18500000E+01  .10056970E+01
  -.18000000E+01  .98290575E+00
  -.17500000E+01  .95975202E+00
  -.17000000E+01  .93622233E+00
  -.16500000E+01  .91230241E+00
  -.16000000E+01  .88797722E+00
  -.15500000E+01  .86323088E+00
  -.15000000E+01  .83804660E+00
  -.14500000E+01  .81240664E+00
  -.14000000E+01  .78629222E+00
  -.13500000E+01  .75968345E+00
  -.13000000E+01  .73255924E+00
  -.12500000E+01  .70489721E+00
  -.12000000E+01  .67667356E+00
  -.11500000E+01  .64786306E+00
  -.11000000E+01  .61843878E+00
  -.10500000E+01  .58837206E+00
  -.10000000E+01  .55763231E+00
  -.95000000E+00  .52618689E+00
  -.90000000E+00  .49400088E+00
  -.85000000E+00  .46103692E+00
  -.80000000E+00  .42725496E+00
  -.75000000E+00  .39261202E+00
  -.70000000E+00  .35706193E+00
  -.65000000E+00  .32055499E+00
  -.60000000E+00  .28303766E+00
  -.55000000E+00  .24445214E+00
  -.50000000E+00  .20473594E+00
  -.45000000E+00  .16382143E+00
  -.40000000E+00  .12163526E+00
  -.35000000E+00  .78097701E-01
  -.30000000E+00  .33121998E-01
  -.25000000E+00 -.13386472E-01
  -.20000000E+00 -.61531143E-01
  -.15000000E+00 -.11142528E+00
  -.10000000E+00 -.16319322E+00
  -.50000000E-01 -.21697173E+00
  -.22898350E-14 -.27291171E+00
   .50000000E-01 -.33118007E+00
   .10000000E+00 -.39196187E+00
   .15000000E+00 -.45546296E+00
   .20000000E+00 -.52191305E+00
   .25000000E+00 -.59156929E+00
   .30000000E+00 -.66472064E+00
   .35000000E+00 -.74169288E+00
   .40000000E+00 -.82285514E+00
   .45000000E+00 -.90862722E+00
   .50000000E+00 -.99948887E+00
   .55000000E+00 -.10959914E+01
   .60000000E+00 -.11987719E+01
   .65000000E+00 -.13085712E+01
   .70000000E+00 -.14262565E+01
   .75000000E+00 -.15528514E+01
   .80000000E+00 -.16895742E+01
   .85000000E+00 -.18378892E+01
   .90000000E+00 -.19995767E+01
   .95000000E+00 -.21768298E+01
   .10000000E+01 -.23723913E+01
   .10500000E+01 -.25897570E+01
   .11000000E+01 -.28334828E+01
   .11500000E+01 -.31096766E+01
   .12000000E+01 -.34268252E+01
   .12500000E+01 -.37972896E+01
   .13000000E+01 -.42402541E+01
   .13500000E+01 -.47882506E+01
   .14000000E+01 -.55040356E+01
   .14500000E+01 -.65353246E+01
   .15000000E+01 -.83726878E+01
   .15500000E+01 -.14712686E+02
   .16000000E+01  .65814385E+01
   .16500000E+01 -.36785937E+01
   .17000000E+01 -.65591478E+01
   .17500000E+01 -.89809235E+01
   .18000000E+01 -.11875962E+02
   .18500000E+01 -.16052843E+02
   .19000000E+01 -.23220990E+02
   .19500000E+01 -.39248400E+02
   .20000000E+01 -.11078840E+03
KBPotential  L  =      1.00000    .80000
  -.30000000E+01  .16560808E+01
  -.29500000E+01  .16409797E+01
  -.29000000E+01  .16257540E+01
  -.28500000E+01  .16104011E+01
  -.28000000E+01  .15949183E+01
  -.27500000E+01  .15793027E+01
  -.27000000E+01  .15635515E+01
  -.26500000E+01  .15476616E+01
  -.26000000E+01  .15316300E+01
  -.25500000E+01  .15154534E+01
  -.25000000E+01  .14991286E+01
  -.24500000E+01  .14826521E+01
  -.24000000E+01  .14660204E+01
  -.23500000E+01  .14492299E+01
  -.23000000E+01  .14322768E+01
  -.22500000E+01  .14151571E+01
  -.22000000E+01  .13978668E+01
  -.21500000E+01  .13804017E+01
  -.21000000E+01  .13627575E+01
  -.20500000E+01  .13449296E+01
  -.20000000E+01  .13269133E+01
  -.19500000E+01  .13087039E+01
  -.19000000E+01  .12902962E+01
  -.18500000E+01  .12716851E+01
  -.18000000E+01  .12528651E+01
  -.17500000E+01  .12338305E+01
  -.17000000E+01  .12145756E+01
  -.16500000E+01  .11950941E+01
  -.16000000E+01  .11753798E+01
  -.15500000E+01  .11554260E+01
  -.15000000E+01  .11352259E+01
  -.14500000E+01  .11147723E+01
  -.14000000E+01  .10940576E+01
  -.13500000E+01  .10730741E+01
  -.13000000E+01  .10518138E+01
  -.12500000E+01  .10302681E+01
  -.12000000E+01  .10084281E+01
  -.11500000E+01  .98628459E+00
  -.11000000E+01  .96382783E+00
  -.10500000E+01  .94104771E+00
  -.10000000E+01  .91793360E+00
  -.95000000E+00  .89447441E+00
  -.90000000E+00  .87065844E+00
  -.85000000E+00  .84647356E+00
  -.80000000E+00  .82190690E+00
  -.75000000E+00  .79694496E+00
  -.70000000E+00  .77157369E+00
  -.65000000E+00  .74577816E+00
  -.60000000E+00  .71954272E+00
  -.55000000E+00  .69285091E+00
  -.50000000E+00  .66568535E+00
  -.45000000E+00  .63802772E+00
  -.40000000E+00  .60985871E+00
  -.35000000E+00  .58115790E+00
  -.30000000E+00  .55190370E+00
  -.25000000E+00  .52207328E+00
  -.20000000E+00  .49164252E+00
  -.15000000E+00  .46058565E+00
  -.10000000E+00  .42887555E+00
  -.50000000E-01  .39648333E+00
  -.22898350E-14  .36337828E+00
   .50000000E-01  .32952773E+00
   .10000000E+00  .29489687E+00
   .15000000E+00  .25944856E+00
   .20000000E+00  .22314315E+00
   .25000000E+00  .18593828E+00
   .30000000E+00  .14778857E+00
   .35000000E+00  .10864541E+00
   .40000000E+00  .68456611E-01
   .45000000E+00  .27166110E-01
   .50000000E+00 -.15286405E-01
   .55000000E+00 -.58965985E-01
   .60000000E+00 -.10394283E+00
   .65000000E+00 -.15029283E+00
   .70000000E+00 -.19809821E+00
   .75000000E+00 -.24744814E+00
   .80000000E+00 -.29843956E+00
   .85000000E+00 -.35117803E+00
   .90000000E+00 -.40577874E+00
   .95000000E+00 -.46236766E+00
   .10000000E+01 -.52108285E+00
   .10500000E+01 -.58207593E+00
   .11000000E+01 -.64551387E+00
   .11500000E+01 -.71158101E+00
   .12000000E+01 -.78048137E+00
   .12500000E+01 -.85244146E+00
   .13000000E+01 -.92771345E+00
   .13500000E+01 -.10065790E+01
   .14000000E+01 -.10893538E+01
   .14500000E+01 -.11763928E+01
   .15000000E+01 -.12680970E+01
   .15500000E+01 -.13649205E+01
   .16000000E+01 -.14673808E+01
   .16500000E+01 -.15760694E+01
   .17000000E+01 -.16916662E+01
   .17500000E+01 -.18149570E+01
   .18000000E+01 -.19468548E+01
   .18500000E+01 -.20884272E+01
   .19000000E+01 -.22409311E+01
   .19500000E+01 -.24058568E+01
   .20000000E+01 -.25849852E+01
KBPotential  L  =      3.00000    .00000
  -.30000000E+01  .19771211E+01
  -.29500000E+01  .19647714E+01
  -.29000000E+01  .19523509E+01
  -.28500000E+01  .19398585E+01
  -.28000000E+01  .19272929E+01
  -.27500000E+01  .19146531E+01
  -.27000000E+01  .19019378E+01
  -.26500000E+01  .18891458E+01
  -.26000000E+01  .18762757E+01
  -.25500000E+01  .18633262E+01
  -.25000000E+01  .18502961E+01
  -.24500000E+01  .18371838E+01
  -.24000000E+01  .18239881E+01
  -.23500000E+01  .18107074E+01
  -.23000000E+01  .17973402E+01
  -.22500000E+01  .17838849E+01
  -.22000000E+01  .17703401E+01
  -.21500000E+01  .17567040E+01
  -.21000000E+01  .17429751E+01
  -.20500000E+01  .17291514E+01
  -.20000000E+01  .17152314E+01
  -.19500000E+01  .17012131E+01
  -.19000000E+01  .16870947E+01
  -.18500000E+01  .16728743E+01
  -.18000000E+01  .16585498E+01
  -.17500000E+01  .16441192E+01
  -.17000000E+01  .16295804E+01
  -.16500000E+01  .16149312E+01
  -.16000000E+01  .16001694E+01
  -.15500000E+01  .15852926E+01
  -.15000000E+01  .15702985E+01
  -.14500000E+01  .15551846E+01
  -.14000000E+01  .15399483E+01
  -.13500000E+01  .15245870E+01
  -.13000000E+01  .15090981E+01
  -.12500000E+01  .14934786E+01
  -.12000000E+01  .14777258E+01
  -.11500000E+01  .14618366E+01
  -.11000000E+01  .14458078E+01
  -.10500000E+01  .14296365E+01
  -.10000000E+01  .14133190E+01
  -.95000000E+00  .13968522E+01
  -.90000000E+00  .13802324E+01
  -.85000000E+00  .13634559E+01
  -.80000000E+00  .13465189E+01
  -.75000000E+00  .13294175E+01
  -.70000000E+00  .13121475E+01
  -.65000000E+00  .12947047E+01
  -.60000000E+00  .12770847E+01
  -.55000000E+00  .12592829E+01
  -.50000000E+00  .12412945E+01
  -.45000000E+00  .12231146E+01
  -.40000000E+00  .12047381E+01
  -.35000000E+00  .11861594E+01
  -.30000000E+00  .11673732E+01
  -.25000000E+00  .11483736E+01
  -.20000000E+00  .11291545E+01
  -.15000000E+00  .11097097E+01
  -.10000000E+00  .10900325E+01
  -.50000000E-01  .10701161E+01
  -.22898350E-14  .10499535E+01
   .50000000E-01  .10295370E+01
   .10000000E+00  .10088590E+01
   .15000000E+00  .98791117E+00
   .20000000E+00  .96668509E+00
   .25000000E+00  .94517180E+00
   .30000000E+00  .92336196E+00
   .35000000E+00  .90124577E+00
   .40000000E+00  .87881297E+00
   .45000000E+00  .85605277E+00
   .50000000E+00  .83295387E+00
   .55000000E+00  .80950439E+00
   .60000000E+00  .78569185E+00
   .65000000E+00  .76150310E+00
   .70000000E+00  .73692431E+00
   .75000000E+00  .71194093E+00
   .80000000E+00  .68653760E+00
   .85000000E+00  .66069810E+00
   .90000000E+00  .63440535E+00
   .95000000E+00  .60764127E+00
   .10000000E+01  .58038673E+00
   .10500000E+01  .55262171E+00
   .11000000E+01  .52432436E+00
   .11500000E+01  .49547215E+00
   .12000000E+01  .46604096E+00
   .12500000E+01  .43600516E+00
   .13000000E+01  .40533748E+00
   .13500000E+01  .37400890E+00
   .14000000E+01  .34198850E+00
   .14500000E+01  .30924329E+00
   .15000000E+01  .27573803E+00
   .15500000E+01  .24143505E+00
   .16000000E+01  .20629400E+00
   .16500000E+01  .17027166E+00
   .17000000E+01  .13332160E+00
   .17500000E+01  .95393988E-01
   .18000000E+01  .56434879E-01
   .18500000E+01  .16386929E-01
   .19000000E+01 -.24812514E-01
   .19500000E+01 -.67230969E-01
   .20000000E+01 -.11094147E+00
KBPotential  L  =      4.00000    .00000
  -.30000000E+01  .22685060E+01
  -.29500000E+01  .22578651E+01
  -.29000000E+01  .22471781E+01
  -.28500000E+01  .22364458E+01
  -.28000000E+01  .22256677E+01
  -.27500000E+01  .22148434E+01
  -.27000000E+01  .22039722E+01
  -.26500000E+01  .21930535E+01
  -.26000000E+01  .21820869E+01
  -.25500000E+01  .21710717E+01
  -.25000000E+01  .21600073E+01
  -.24500000E+01  .21488931E+01
  -.24000000E+01  .21377289E+01
  -.23500000E+01  .21265130E+01
  -.23000000E+01  .21152459E+01
  -.22500000E+01  .21039263E+01
  -.22000000E+01  .20925538E+01
  -.21500000E+01  .20811276E+01
  -.21000000E+01  .20696471E+01
  -.20500000E+01  .20581115E+01
  -.20000000E+01  .20465202E+01
  -.19500000E+01  .20348725E+01
  -.19000000E+01  .20231671E+01
  -.18500000E+01  .20114042E+01
  -.18000000E+01  .19995811E+01
  -.17500000E+01  .19877003E+01
  -.17000000E+01  .19757587E+01
  -.16500000E+01  .19637554E+01
  -.16000000E+01  .19516898E+01
  -.15500000E+01  .19395615E+01
  -.15000000E+01  .19273692E+01
  -.14500000E+01  .19151123E+01
  -.14000000E+01  .19027895E+01
  -.13500000E+01  .18903999E+01
  -.13000000E+01  .18779431E+01
  -.12500000E+01  .18654173E+01
  -.12000000E+01  .18528220E+01
  -.11500000E+01  .18401562E+01
  -.11000000E+01  .18274186E+01
  -.10500000E+01  .18146082E+01
  -.10000000E+01  .18017239E+01
  -.95000000E+00  .17887649E+01
  -.90000000E+00  .17757293E+01
  -.85000000E+00  .17626164E+01
  -.80000000E+00  .17494249E+01
  -.75000000E+00  .17361535E+01
  -.70000000E+00  .17228010E+01
  -.65000000E+00  .17093660E+01
  -.60000000E+00  .16958474E+01
  -.55000000E+00  .16822434E+01
  -.50000000E+00  .16685531E+01
  -.45000000E+00  .16547747E+01
  -.40000000E+00  .16409068E+01
  -.35000000E+00  .16269479E+01
  -.30000000E+00  .16128965E+01
  -.25000000E+00  .15987509E+01
  -.20000000E+00  .15845096E+01
  -.15000000E+00  .15701707E+01
  -.10000000E+00  .15557327E+01
  -.50000000E-01  .15411938E+01
  -.22898350E-14  .15265520E+01
   .50000000E-01  .15118056E+01
   .10000000E+00  .14969526E+01
   .15000000E+00  .14819911E+01
   .20000000E+00  .14669189E+01
   .25000000E+00  .14517342E+01
   .30000000E+00  .14364346E+01
   .35000000E+00  .14210179E+01
   .40000000E+00  .14054820E+01
   .45000000E+00  .13898245E+01
   .50000000E+00  .13740429E+01
   .55000000E+00  .13581348E+01
   .60000000E+00  .13420978E+01
   .65000000E+00  .13259289E+01
   .70000000E+00  .13096257E+01
   .75000000E+00  .12931853E+01
   .80000000E+00  .12766049E+01
   .85000000E+00  .12598814E+01
   .90000000E+00  .12430118E+01
   .95000000E+00  .12259930E+01
   .10000000E+01  .12088217E+01
   .10500000E+01  .11914945E+01
   .11000000E+01  .11740079E+01
   .11500000E+01  .11563584E+01
   .12000000E+01  .11385423E+01
   .12500000E+01  .11205557E+01
   .13000000E+01  .11023946E+01
   .13500000E+01  .10840550E+01
   .14000000E+01  .10655327E+01
   .14500000E+01  .10468231E+01
   .15000000E+01  .10279217E+01
   .15500000E+01  .10088240E+01
   .16000000E+01  .98952492E+00
   .16500000E+01  .97001946E+00
   .17000000E+01  .95030240E+00
   .17500000E+01  .93036827E+00
   .18000000E+01  .91021145E+00
   .18500000E+01  .88982609E+00
   .19000000E+01  .86920607E+00
   .19500000E+01  .84834509E+00
   .20000000E+01  .82723659E+00
