   U                                     
 100
Core Pot   L  =         .00000  -3.69993
  -.30000000E+01  .16957735E+01
  -.29500000E+01  .16600860E+01
  -.29000000E+01  .16267855E+01
  -.28500000E+01  .15953898E+01
  -.28000000E+01  .15655293E+01
  -.27500000E+01  .15369154E+01
  -.27000000E+01  .15093197E+01
  -.26500000E+01  .14825583E+01
  -.26000000E+01  .14564812E+01
  -.25500000E+01  .14309651E+01
  -.25000000E+01  .14059067E+01
  -.24500000E+01  .13812191E+01
  -.24000000E+01  .13568282E+01
  -.23500000E+01  .13326704E+01
  -.23000000E+01  .13086902E+01
  -.22500000E+01  .12848392E+01
  -.22000000E+01  .12610743E+01
  -.21500000E+01  .12373573E+01
  -.21000000E+01  .12136534E+01
  -.20500000E+01  .11899314E+01
  -.20000000E+01  .11661624E+01
  -.19500000E+01  .11423196E+01
  -.19000000E+01  .11183782E+01
  -.18500000E+01  .10943147E+01
  -.18000000E+01  .10701068E+01
  -.17500000E+01  .10457333E+01
  -.17000000E+01  .10211734E+01
  -.16500000E+01  .99640725E+00
  -.16000000E+01  .97141516E+00
  -.15500000E+01  .94617779E+00
  -.15000000E+01  .92067591E+00
  -.14500000E+01  .89489031E+00
  -.14000000E+01  .86880168E+00
  -.13500000E+01  .84239049E+00
  -.13000000E+01  .81563691E+00
  -.12500000E+01  .78852071E+00
  -.12000000E+01  .76102114E+00
  -.11500000E+01  .73311684E+00
  -.11000000E+01  .70478576E+00
  -.10500000E+01  .67600503E+00
  -.10000000E+01  .64675088E+00
  -.95000000E+00  .61699850E+00
  -.90000000E+00  .58672197E+00
  -.85000000E+00  .55589411E+00
  -.80000000E+00  .52448633E+00
  -.75000000E+00  .49246854E+00
  -.70000000E+00  .45980897E+00
  -.65000000E+00  .42647399E+00
  -.60000000E+00  .39242800E+00
  -.55000000E+00  .35763315E+00
  -.50000000E+00  .32204920E+00
  -.45000000E+00  .28563327E+00
  -.40000000E+00  .24833955E+00
  -.35000000E+00  .21011905E+00
  -.30000000E+00  .17091931E+00
  -.25000000E+00  .13068400E+00
  -.20000000E+00  .89352550E-01
  -.15000000E+00  .46859743E-01
  -.10000000E+00  .31352015E-02
  -.50000000E-01 -.41897155E-01
  -.22898350E-14 -.88319700E-01
   .50000000E-01 -.13622183E+00
   .10000000E+00 -.18570072E+00
   .15000000E+00 -.23686221E+00
   .20000000E+00 -.28982187E+00
   .25000000E+00 -.34470607E+00
   .30000000E+00 -.40165344E+00
   .35000000E+00 -.46081623E+00
   .40000000E+00 -.52236224E+00
   .45000000E+00 -.58647672E+00
   .50000000E+00 -.65336485E+00
   .55000000E+00 -.72325441E+00
   .60000000E+00 -.79639909E+00
   .65000000E+00 -.87308229E+00
   .70000000E+00 -.95362155E+00
   .75000000E+00 -.10383740E+01
   .80000000E+00 -.11277427E+01
   .85000000E+00 -.12221842E+01
   .90000000E+00 -.13222180E+01
   .95000000E+00 -.14284376E+01
   .10000000E+01 -.15415241E+01
   .10500000E+01 -.16622634E+01
   .11000000E+01 -.17915669E+01
   .11500000E+01 -.19304978E+01
   .12000000E+01 -.20803039E+01
   .12500000E+01 -.22424599E+01
   .13000000E+01 -.24187210E+01
   .13500000E+01 -.26111934E+01
   .14000000E+01 -.28224265E+01
   .14500000E+01 -.30555364E+01
   .15000000E+01 -.33143721E+01
   .15500000E+01 -.36037448E+01
   .16000000E+01 -.39297493E+01
   .16500000E+01 -.43002217E+01
   .17000000E+01 -.47254102E+01
   .17500000E+01 -.52189804E+01
   .18000000E+01 -.57995697E+01
   .18500000E+01 -.64932745E+01
   .19000000E+01 -.73377974E+01
   .19500000E+01 -.83897068E+01
   .20000000E+01 -.97379252E+01
Potential  L  =         .00000  -3.69993
  -.30000000E+01  .15202763E+01
  -.29500000E+01  .14889049E+01
  -.29000000E+01  .14588405E+01
  -.28500000E+01  .14297801E+01
  -.28000000E+01  .14014875E+01
  -.27500000E+01  .13737748E+01
  -.27000000E+01  .13464896E+01
  -.26500000E+01  .13195064E+01
  -.26000000E+01  .12927192E+01
  -.25500000E+01  .12660377E+01
  -.25000000E+01  .12393832E+01
  -.24500000E+01  .12126858E+01
  -.24000000E+01  .11858825E+01
  -.23500000E+01  .11589156E+01
  -.23000000E+01  .11317312E+01
  -.22500000E+01  .11042780E+01
  -.22000000E+01  .10765066E+01
  -.21500000E+01  .10483687E+01
  -.21000000E+01  .10198162E+01
  -.20500000E+01  .99080067E+00
  -.20000000E+01  .96127294E+00
  -.19500000E+01  .93118221E+00
  -.19000000E+01  .90047566E+00
  -.18500000E+01  .86909785E+00
  -.18000000E+01  .83699015E+00
  -.17500000E+01  .80408998E+00
  -.17000000E+01  .77033027E+00
  -.16500000E+01  .73563857E+00
  -.16000000E+01  .69993628E+00
  -.15500000E+01  .66313759E+00
  -.15000000E+01  .62514843E+00
  -.14500000E+01  .58586517E+00
  -.14000000E+01  .54517312E+00
  -.13500000E+01  .50294482E+00
  -.13000000E+01  .45903794E+00
  -.12500000E+01  .41329290E+00
  -.12000000E+01  .36552991E+00
  -.11500000E+01  .31554555E+00
  -.11000000E+01  .26310852E+00
  -.10500000E+01  .20795448E+00
  -.10000000E+01  .14977984E+00
  -.95000000E+00  .88233947E-01
  -.90000000E+00  .22909432E-01
  -.85000000E+00 -.46669919E-01
  -.80000000E+00 -.12106454E+00
  -.75000000E+00 -.20093877E+00
  -.70000000E+00 -.28708628E+00
  -.65000000E+00 -.38046343E+00
  -.60000000E+00 -.48223334E+00
  -.55000000E+00 -.59382531E+00
  -.50000000E+00 -.71701580E+00
  -.45000000E+00 -.85404099E+00
  -.40000000E+00 -.10077561E+01
  -.35000000E+00 -.11818657E+01
  -.30000000E+00 -.13812661E+01
  -.25000000E+00 -.16125661E+01
  -.20000000E+00 -.18849083E+01
  -.15000000E+00 -.22113137E+01
  -.10000000E+00 -.26109824E+01
  -.50000000E-01 -.31134538E+01
  -.22898350E-14 -.37666517E+01
   .50000000E-01 -.46538232E+01
   .10000000E+00 -.59334409E+01
   .15000000E+00 -.79489771E+01
   .20000000E+00 -.11610139E+02
   .25000000E+00 -.20377786E+02
   .30000000E+00 -.70183468E+02
   .35000000E+00  .53581996E+02
   .40000000E+00  .20025827E+02
   .45000000E+00  .12530285E+02
   .50000000E+00  .92179596E+01
   .55000000E+00  .73448147E+01
   .60000000E+00  .61360975E+01
   .65000000E+00  .52884788E+01
   .70000000E+00  .46588287E+01
   .75000000E+00  .41707901E+01
   .80000000E+00  .37799064E+01
   .85000000E+00  .34585358E+01
   .90000000E+00  .31885872E+01
   .95000000E+00  .29577220E+01
   .10000000E+01  .27572353E+01
   .10500000E+01  .25808089E+01
   .11000000E+01  .24237449E+01
   .11500000E+01  .22824771E+01
   .12000000E+01  .21542478E+01
   .12500000E+01  .20368917E+01
   .13000000E+01  .19286836E+01
   .13500000E+01  .18282308E+01
   .14000000E+01  .17343969E+01
   .14500000E+01  .16462442E+01
   .15000000E+01  .15629917E+01
   .15500000E+01  .14839832E+01
   .16000000E+01  .14086625E+01
   .16500000E+01  .13365546E+01
   .17000000E+01  .12672508E+01
   .17500000E+01  .12003969E+01
   .18000000E+01  .11356840E+01
   .18500000E+01  .10728405E+01
   .19000000E+01  .10116266E+01
   .19500000E+01  .95182878E+00
   .20000000E+01  .89325596E+00
Core Pot   L  =        1.00000  -1.85413
  -.30000000E+01  .12508602E+01
  -.29500000E+01  .12221654E+01
  -.29000000E+01  .11922185E+01
  -.28500000E+01  .11608750E+01
  -.28000000E+01  .11279657E+01
  -.27500000E+01  .10932912E+01
  -.27000000E+01  .10566150E+01
  -.26500000E+01  .10176542E+01
  -.26000000E+01  .97606750E+00
  -.25500000E+01  .93143936E+00
  -.25000000E+01  .88325833E+00
  -.24500000E+01  .83088771E+00
  -.24000000E+01  .77352456E+00
  -.23500000E+01  .71014144E+00
  -.23000000E+01  .63940188E+00
  -.22500000E+01  .55953455E+00
  -.22000000E+01  .46814031E+00
  -.21500000E+01  .36188676E+00
  -.21000000E+01  .23600505E+00
  -.20500000E+01  .83421814E-01
  -.20000000E+01 -.10682532E+00
  -.19500000E+01 -.35268721E+00
  -.19000000E+01 -.68573002E+00
  -.18500000E+01 -.11670671E+01
  -.18000000E+01 -.19324977E+01
  -.17500000E+01 -.33567998E+01
  -.17000000E+01 -.69924231E+01
  -.16500000E+01 -.37143582E+02
  -.16000000E+01  .15597102E+02
  -.15500000E+01  .72418807E+01
  -.15000000E+01  .50012162E+01
  -.14500000E+01  .39532208E+01
  -.14000000E+01  .33408619E+01
  -.13500000E+01  .29358441E+01
  -.13000000E+01  .26456170E+01
  -.12500000E+01  .24255374E+01
  -.12000000E+01  .22514220E+01
  -.11500000E+01  .21090300E+01
  -.11000000E+01  .19894288E+01
  -.10500000E+01  .18867309E+01
  -.10000000E+01  .17968972E+01
  -.95000000E+00  .17170640E+01
  -.90000000E+00  .16451433E+01
  -.85000000E+00  .15795769E+01
  -.80000000E+00  .15191772E+01
  -.75000000E+00  .14630230E+01
  -.70000000E+00  .14103882E+01
  -.65000000E+00  .13606924E+01
  -.60000000E+00  .13134653E+01
  -.55000000E+00  .12683217E+01
  -.50000000E+00  .12249425E+01
  -.45000000E+00  .11830607E+01
  -.40000000E+00  .11424507E+01
  -.35000000E+00  .11029203E+01
  -.30000000E+00  .10643043E+01
  -.25000000E+00  .10264597E+01
  -.20000000E+00  .98926129E+00
  -.15000000E+00  .95259905E+00
  -.10000000E+00  .91637529E+00
  -.50000000E-01  .88050272E+00
  -.22898350E-14  .84490268E+00
   .50000000E-01  .80950377E+00
   .10000000E+00  .77424069E+00
   .15000000E+00  .73905326E+00
   .20000000E+00  .70388555E+00
   .25000000E+00  .66868522E+00
   .30000000E+00  .63340290E+00
   .35000000E+00  .59799163E+00
   .40000000E+00  .56240644E+00
   .45000000E+00  .52660392E+00
   .50000000E+00  .49054184E+00
   .55000000E+00  .45417886E+00
   .60000000E+00  .41747418E+00
   .65000000E+00  .38038729E+00
   .70000000E+00  .34287771E+00
   .75000000E+00  .30490469E+00
   .80000000E+00  .26642707E+00
   .85000000E+00  .22740294E+00
   .90000000E+00  .18778947E+00
   .95000000E+00  .14754263E+00
   .10000000E+01  .10661699E+00
   .10500000E+01  .64965471E-01
   .11000000E+01  .22539056E-01
   .11500000E+01 -.20713436E-01
   .12000000E+01 -.64845663E-01
   .12500000E+01 -.10991405E+00
   .13000000E+01 -.15597813E+00
   .13500000E+01 -.20310087E+00
   .14000000E+01 -.25134909E+00
   .14500000E+01 -.30079385E+00
   .15000000E+01 -.35151094E+00
   .15500000E+01 -.40358140E+00
   .16000000E+01 -.45709204E+00
   .16500000E+01 -.51213613E+00
   .17000000E+01 -.56881407E+00
   .17500000E+01 -.62723419E+00
   .18000000E+01 -.68751366E+00
   .18500000E+01 -.74977945E+00
   .19000000E+01 -.81416954E+00
   .19500000E+01 -.88083413E+00
   .20000000E+01 -.94993720E+00
Potential  L  =        1.00000  -1.85413
  -.30000000E+01  .12821973E+01
  -.29500000E+01  .12553256E+01
  -.29000000E+01  .12273496E+01
  -.28500000E+01  .11981403E+01
  -.28000000E+01  .11675454E+01
  -.27500000E+01  .11353849E+01
  -.27000000E+01  .11014438E+01
  -.26500000E+01  .10654630E+01
  -.26000000E+01  .10271276E+01
  -.25500000E+01  .98605099E+00
  -.25000000E+01  .94175228E+00
  -.24500000E+01  .89362641E+00
  -.24000000E+01  .84090057E+00
  -.23500000E+01  .78257165E+00
  -.23000000E+01  .71731316E+00
  -.22500000E+01  .64333268E+00
  -.22000000E+01  .55814870E+00
  -.21500000E+01  .45822074E+00
  -.21000000E+01  .33831837E+00
  -.20500000E+01  .19037442E+00
  -.20000000E+01  .12581720E-02
  -.19500000E+01 -.25193887E+00
  -.19000000E+01 -.61309299E+00
  -.18500000E+01 -.11781566E+01
  -.18000000E+01 -.22050417E+01
  -.17500000E+01 -.47048459E+01
  -.17000000E+01 -.20628727E+02
  -.16500000E+01  .13914492E+02
  -.16000000E+01  .60581629E+01
  -.15500000E+01  .41607301E+01
  -.15000000E+01  .32977214E+01
  -.14500000E+01  .27987723E+01
  -.14000000E+01  .24697666E+01
  -.13500000E+01  .22336916E+01
  -.13000000E+01  .20539012E+01
  -.12500000E+01  .19107339E+01
  -.12000000E+01  .17926857E+01
  -.11500000E+01  .16925807E+01
  -.11000000E+01  .16057068E+01
  -.10500000E+01  .15288407E+01
  -.10000000E+01  .14597014E+01
  -.95000000E+00  .13966284E+01
  -.90000000E+00  .13383825E+01
  -.85000000E+00  .12840193E+01
  -.80000000E+00  .12328051E+01
  -.75000000E+00  .11841603E+01
  -.70000000E+00  .11376199E+01
  -.65000000E+00  .10928055E+01
  -.60000000E+00  .10494049E+01
  -.55000000E+00  .10071576E+01
  -.50000000E+00  .96584294E+00
  -.45000000E+00  .92527248E+00
  -.40000000E+00  .88528290E+00
  -.35000000E+00  .84573121E+00
  -.30000000E+00  .80649068E+00
  -.25000000E+00  .76744770E+00
  -.20000000E+00  .72849917E+00
  -.15000000E+00  .68955041E+00
  -.10000000E+00  .65051344E+00
  -.50000000E-01  .61130552E+00
  -.22898350E-14  .57184784E+00
   .50000000E-01  .53206453E+00
   .10000000E+00  .49188165E+00
   .15000000E+00  .45122646E+00
   .20000000E+00  .41002625E+00
   .25000000E+00  .36820813E+00
   .30000000E+00  .32569806E+00
   .35000000E+00  .28242013E+00
   .40000000E+00  .23829596E+00
   .45000000E+00  .19324398E+00
   .50000000E+00  .14717866E+00
   .55000000E+00  .10000978E+00
   .60000000E+00  .51641370E-01
   .65000000E+00  .19716537E-02
   .70000000E+00 -.49109193E-01
   .75000000E+00 -.10171931E+00
   .80000000E+00 -.15598672E+00
   .85000000E+00 -.21205054E+00
   .90000000E+00 -.27006277E+00
   .95000000E+00 -.33019005E+00
   .10000000E+01 -.39261578E+00
   .10500000E+01 -.45754268E+00
   .11000000E+01 -.52519558E+00
   .11500000E+01 -.59582496E+00
   .12000000E+01 -.66971078E+00
   .12500000E+01 -.74716737E+00
   .13000000E+01 -.82854911E+00
   .13500000E+01 -.91425719E+00
   .14000000E+01 -.10047480E+01
   .14500000E+01 -.11005430E+01
   .15000000E+01 -.12022411E+01
   .15500000E+01 -.13105341E+01
   .16000000E+01 -.14262251E+01
   .16500000E+01 -.15502524E+01
   .17000000E+01 -.16837196E+01
   .17500000E+01 -.18279337E+01
   .18000000E+01 -.19844546E+01
   .18500000E+01 -.21551596E+01
   .19000000E+01 -.23423288E+01
   .19500000E+01 -.25487596E+01
   .20000000E+01 -.27779224E+01
Core Pot   L  =        2.00000   -.23011
  -.30000000E+01  .15672794E+01
  -.29500000E+01  .15505593E+01
  -.29000000E+01  .15336446E+01
  -.28500000E+01  .15165288E+01
  -.28000000E+01  .14992050E+01
  -.27500000E+01  .14816659E+01
  -.27000000E+01  .14639039E+01
  -.26500000E+01  .14459107E+01
  -.26000000E+01  .14276778E+01
  -.25500000E+01  .14091962E+01
  -.25000000E+01  .13904562E+01
  -.24500000E+01  .13714476E+01
  -.24000000E+01  .13521597E+01
  -.23500000E+01  .13325810E+01
  -.23000000E+01  .13126994E+01
  -.22500000E+01  .12925018E+01
  -.22000000E+01  .12719744E+01
  -.21500000E+01  .12511026E+01
  -.21000000E+01  .12298706E+01
  -.20500000E+01  .12082616E+01
  -.20000000E+01  .11862576E+01
  -.19500000E+01  .11638393E+01
  -.19000000E+01  .11409859E+01
  -.18500000E+01  .11176753E+01
  -.18000000E+01  .10938835E+01
  -.17500000E+01  .10695846E+01
  -.17000000E+01  .10447506E+01
  -.16500000E+01  .10193514E+01
  -.16000000E+01  .99335421E+00
  -.15500000E+01  .96672351E+00
  -.15000000E+01  .93942064E+00
  -.14500000E+01  .91140343E+00
  -.14000000E+01  .88262587E+00
  -.13500000E+01  .85303758E+00
  -.13000000E+01  .82258329E+00
  -.12500000E+01  .79120225E+00
  -.12000000E+01  .75882747E+00
  -.11500000E+01  .72538496E+00
  -.11000000E+01  .69079269E+00
  -.10500000E+01  .65495954E+00
  -.10000000E+01  .61778392E+00
  -.95000000E+00  .57915225E+00
  -.90000000E+00  .53893714E+00
  -.85000000E+00  .49699513E+00
  -.80000000E+00  .45316411E+00
  -.75000000E+00  .40726016E+00
  -.70000000E+00  .35907371E+00
  -.65000000E+00  .30836488E+00
  -.60000000E+00  .25485776E+00
  -.55000000E+00  .19823341E+00
  -.50000000E+00  .13812095E+00
  -.45000000E+00  .74086630E-01
  -.40000000E+00  .56197913E-02
  -.35000000E+00 -.67885013E-01
  -.30000000E+00 -.14715114E+00
  -.25000000E+00 -.23305014E+00
  -.20000000E+00 -.32664181E+00
  -.15000000E+00 -.42922804E+00
  -.10000000E+00 -.54242626E+00
  -.50000000E-01 -.66827137E+00
  -.22898350E-14 -.80935983E+00
   .50000000E-01 -.96905801E+00
   .10000000E+00 -.11518106E+01
   .15000000E+00 -.13636104E+01
   .20000000E+00 -.16127370E+01
   .25000000E+00 -.19109626E+01
   .30000000E+00 -.22756124E+01
   .35000000E+00 -.27332766E+01
   .40000000E+00 -.33269610E+01
   .45000000E+00 -.41310686E+01
   .50000000E+00 -.52864526E+01
   .55000000E+00 -.70959295E+01
   .60000000E+00 -.10351010E+02
   .65000000E+00 -.17984503E+02
   .70000000E+00 -.57443094E+02
   .75000000E+00  .54369571E+02
   .80000000E+00  .19175111E+02
   .85000000E+00  .11881460E+02
   .90000000E+00  .87191183E+01
   .95000000E+00  .69468140E+01
   .10000000E+01  .58091802E+01
   .10500000E+01  .50141599E+01
   .11000000E+01  .44250130E+01
   .11500000E+01  .39691833E+01
   .12000000E+01  .36045937E+01
   .12500000E+01  .33051614E+01
   .13000000E+01  .30538572E+01
   .13500000E+01  .28390899E+01
   .14000000E+01  .26526953E+01
   .14500000E+01  .24887563E+01
   .15000000E+01  .23428789E+01
   .15500000E+01  .22117311E+01
   .16000000E+01  .20927400E+01
   .16500000E+01  .19838863E+01
   .17000000E+01  .18835630E+01
   .17500000E+01  .17904745E+01
   .18000000E+01  .17035645E+01
   .18500000E+01  .16219622E+01
   .19000000E+01  .15449434E+01
   .19500000E+01  .14719003E+01
   .20000000E+01  .14023185E+01
Potential  L  =        2.00000   -.23011
  -.30000000E+01  .15762356E+01
  -.29500000E+01  .15597559E+01
  -.29000000E+01  .15430890E+01
  -.28500000E+01  .15262283E+01
  -.28000000E+01  .15091673E+01
  -.27500000E+01  .14918989E+01
  -.27000000E+01  .14744157E+01
  -.26500000E+01  .14567098E+01
  -.26000000E+01  .14387730E+01
  -.25500000E+01  .14205964E+01
  -.25000000E+01  .14021707E+01
  -.24500000E+01  .13834860E+01
  -.24000000E+01  .13645317E+01
  -.23500000E+01  .13452968E+01
  -.23000000E+01  .13257692E+01
  -.22500000E+01  .13059363E+01
  -.22000000E+01  .12857846E+01
  -.21500000E+01  .12652994E+01
  -.21000000E+01  .12444654E+01
  -.20500000E+01  .12232658E+01
  -.20000000E+01  .12016828E+01
  -.19500000E+01  .11796973E+01
  -.19000000E+01  .11572885E+01
  -.18500000E+01  .11344342E+01
  -.18000000E+01  .11111102E+01
  -.17500000E+01  .10872906E+01
  -.17000000E+01  .10629471E+01
  -.16500000E+01  .10380490E+01
  -.16000000E+01  .10125629E+01
  -.15500000E+01  .98645238E+00
  -.15000000E+01  .95967766E+00
  -.14500000E+01  .93219513E+00
  -.14000000E+01  .90395694E+00
  -.13500000E+01  .87491040E+00
  -.13000000E+01  .84499739E+00
  -.12500000E+01  .81415358E+00
  -.12000000E+01  .78230763E+00
  -.11500000E+01  .74938009E+00
  -.11000000E+01  .71528232E+00
  -.10500000E+01  .67991497E+00
  -.10000000E+01  .64316641E+00
  -.95000000E+00  .60491066E+00
  -.90000000E+00  .56500503E+00
  -.85000000E+00  .52328717E+00
  -.80000000E+00  .47957161E+00
  -.75000000E+00  .43364526E+00
  -.70000000E+00  .38526252E+00
  -.65000000E+00  .33413807E+00
  -.60000000E+00  .27993892E+00
  -.55000000E+00  .22227391E+00
  -.50000000E+00  .16068009E+00
  -.45000000E+00  .94605818E-01
  -.40000000E+00  .23387970E-01
  -.35000000E+00 -.53777695E-01
  -.30000000E+00 -.13787633E+00
  -.25000000E+00 -.23012807E+00
  -.20000000E+00 -.33206272E+00
  -.15000000E+00 -.44562486E+00
  -.10000000E+00 -.57332498E+00
  -.50000000E-01 -.71846174E+00
  -.22898350E-14 -.88545812E+00
   .50000000E-01 -.10803855E+01
   .10000000E+00 -.13118113E+01
   .15000000E+00 -.15922294E+01
   .20000000E+00 -.19406013E+01
   .25000000E+00 -.23871663E+01
   .30000000E+00 -.29832912E+01
   .35000000E+00 -.38238321E+01
   .40000000E+00 -.51055221E+01
   .45000000E+00 -.73139582E+01
   .50000000E+00 -.12061296E+02
   .55000000E+00 -.29864616E+02
   .60000000E+00  .81269344E+02
   .65000000E+00  .18157722E+02
   .70000000E+00  .10489884E+02
   .75000000E+00  .74904145E+01
   .80000000E+00  .58837290E+01
   .85000000E+00  .48776979E+01
   .90000000E+00  .41850625E+01
   .95000000E+00  .36764845E+01
   .10000000E+01  .32851356E+01
   .10500000E+01  .29730016E+01
   .11000000E+01  .27168624E+01
   .11500000E+01  .25017316E+01
   .12000000E+01  .23175028E+01
   .12500000E+01  .21571112E+01
   .13000000E+01  .20154686E+01
   .13500000E+01  .18888157E+01
   .14000000E+01  .17743142E+01
   .14500000E+01  .16697796E+01
   .15000000E+01  .15735027E+01
   .15500000E+01  .14841270E+01
   .16000000E+01  .14005577E+01
   .16500000E+01  .13219048E+01
   .17000000E+01  .12474342E+01
   .17500000E+01  .11765349E+01
   .18000000E+01  .11086931E+01
   .18500000E+01  .10434729E+01
   .19000000E+01  .98050116E+00
   .19500000E+01  .91945603E+00
   .20000000E+01  .86005738E+00
Core Pot   L  =        3.00000   -.48004
  -.30000000E+01  .18094986E+01
  -.29500000E+01  .17952738E+01
  -.29000000E+01  .17809163E+01
  -.28500000E+01  .17664217E+01
  -.28000000E+01  .17517852E+01
  -.27500000E+01  .17370013E+01
  -.27000000E+01  .17220647E+01
  -.26500000E+01  .17069694E+01
  -.26000000E+01  .16917088E+01
  -.25500000E+01  .16762762E+01
  -.25000000E+01  .16606642E+01
  -.24500000E+01  .16448645E+01
  -.24000000E+01  .16288686E+01
  -.23500000E+01  .16126669E+01
  -.23000000E+01  .15962491E+01
  -.22500000E+01  .15796038E+01
  -.22000000E+01  .15627187E+01
  -.21500000E+01  .15455801E+01
  -.21000000E+01  .15281730E+01
  -.20500000E+01  .15104806E+01
  -.20000000E+01  .14924844E+01
  -.19500000E+01  .14741638E+01
  -.19000000E+01  .14554954E+01
  -.18500000E+01  .14364532E+01
  -.18000000E+01  .14170076E+01
  -.17500000E+01  .13971249E+01
  -.17000000E+01  .13767667E+01
  -.16500000E+01  .13558888E+01
  -.16000000E+01  .13344400E+01
  -.15500000E+01  .13123609E+01
  -.15000000E+01  .12895817E+01
  -.14500000E+01  .12660197E+01
  -.14000000E+01  .12415767E+01
  -.13500000E+01  .12161345E+01
  -.13000000E+01  .11895496E+01
  -.12500000E+01  .11616457E+01
  -.12000000E+01  .11322038E+01
  -.11500000E+01  .11009484E+01
  -.11000000E+01  .10675269E+01
  -.10500000E+01  .10314814E+01
  -.10000000E+01  .99220470E+00
  -.95000000E+00  .94887437E+00
  -.90000000E+00  .90034687E+00
  -.85000000E+00  .84498305E+00
  -.80000000E+00  .78034603E+00
  -.75000000E+00  .70264671E+00
  -.70000000E+00  .60565256E+00
  -.65000000E+00  .47833561E+00
  -.60000000E+00  .29915593E+00
  -.55000000E+00  .19606663E-01
  -.50000000E+00 -.49723790E+00
  -.45000000E+00 -.18469510E+01
  -.40000000E+00 -.16897859E+02
  -.35000000E+00  .53530506E+01
  -.30000000E+00  .29384096E+01
  -.25000000E+00  .22298213E+01
  -.20000000E+00  .18822579E+01
  -.15000000E+00  .16701661E+01
  -.10000000E+00  .15233818E+01
  -.50000000E-01  .14129716E+01
  -.22898350E-14  .13248227E+01
   .50000000E-01  .12512272E+01
   .10000000E+00  .11876158E+01
   .15000000E+00  .11311055E+01
   .20000000E+00  .10797851E+01
   .25000000E+00  .10323350E+01
   .30000000E+00  .98781312E+00
   .35000000E+00  .94552684E+00
   .40000000E+00  .90495377E+00
   .45000000E+00  .86569074E+00
   .50000000E+00  .82742001E+00
   .55000000E+00  .78988616E+00
   .60000000E+00  .75287996E+00
   .65000000E+00  .71622688E+00
   .70000000E+00  .67977872E+00
   .75000000E+00  .64340736E+00
   .80000000E+00  .60700011E+00
   .85000000E+00  .57045610E+00
   .90000000E+00  .53368343E+00
   .95000000E+00  .49659698E+00
   .10000000E+01  .45911656E+00
   .10500000E+01  .42116544E+00
   .11000000E+01  .38266905E+00
   .11500000E+01  .34355391E+00
   .12000000E+01  .30374665E+00
   .12500000E+01  .26317310E+00
   .13000000E+01  .22175750E+00
   .13500000E+01  .17942162E+00
   .14000000E+01  .13608405E+00
   .14500000E+01  .91659335E-01
   .15000000E+01  .46057125E-01
   .15500000E+01 -.81868671E-03
   .16000000E+01 -.49070958E-01
   .16500000E+01 -.98810343E-01
   .17000000E+01 -.15015648E+00
   .17500000E+01 -.20323929E+00
   .18000000E+01 -.25820050E+00
   .18500000E+01 -.31519529E+00
   .19000000E+01 -.37439431E+00
   .19500000E+01 -.43598591E+00
   .20000000E+01 -.50017878E+00
Potential  L  =        3.00000   -.48004
  -.30000000E+01  .16909683E+01
  -.29500000E+01  .16735197E+01
  -.29000000E+01  .16558077E+01
  -.28500000E+01  .16378206E+01
  -.28000000E+01  .16195458E+01
  -.27500000E+01  .16009697E+01
  -.27000000E+01  .15820780E+01
  -.26500000E+01  .15628552E+01
  -.26000000E+01  .15432847E+01
  -.25500000E+01  .15233485E+01
  -.25000000E+01  .15030275E+01
  -.24500000E+01  .14823007E+01
  -.24000000E+01  .14611458E+01
  -.23500000E+01  .14395383E+01
  -.23000000E+01  .14174519E+01
  -.22500000E+01  .13948578E+01
  -.22000000E+01  .13717248E+01
  -.21500000E+01  .13480188E+01
  -.21000000E+01  .13237025E+01
  -.20500000E+01  .12987351E+01
  -.20000000E+01  .12730717E+01
  -.19500000E+01  .12466628E+01
  -.19000000E+01  .12194540E+01
  -.18500000E+01  .11913850E+01
  -.18000000E+01  .11623888E+01
  -.17500000E+01  .11323909E+01
  -.17000000E+01  .11013082E+01
  -.16500000E+01  .10690476E+01
  -.16000000E+01  .10355043E+01
  -.15500000E+01  .10005605E+01
  -.15000000E+01  .96408235E+00
  -.14500000E+01  .92591803E+00
  -.14000000E+01  .88589403E+00
  -.13500000E+01  .84381133E+00
  -.13000000E+01  .79944046E+00
  -.12500000E+01  .75251542E+00
  -.12000000E+01  .70272610E+00
  -.11500000E+01  .64970870E+00
  -.11000000E+01  .59303318E+00
  -.10500000E+01  .53218880E+00
  -.10000000E+01  .46656208E+00
  -.95000000E+00  .39541095E+00
  -.90000000E+00  .31782898E+00
  -.85000000E+00  .23269688E+00
  -.80000000E+00  .13861609E+00
  -.75000000E+00  .33816057E-01
  -.70000000E+00 -.83979518E-01
  -.65000000E+00 -.21774542E+00
  -.60000000E+00 -.37144675E+00
  -.55000000E+00 -.55048828E+00
  -.50000000E+00 -.76243339E+00
  -.45000000E+00 -.10182016E+01
  -.40000000E+00 -.13341631E+01
  -.35000000E+00 -.17360249E+01
  -.30000000E+00 -.22665964E+01
  -.25000000E+00 -.30028494E+01
  -.20000000E+00 -.40984927E+01
  -.15000000E+00 -.59113495E+01
  -.10000000E+00 -.95105619E+01
  -.50000000E-01 -.20190466E+02
  -.22898350E-14 -.17852966E+04
   .50000000E-01  .23220041E+02
   .10000000E+00  .12143640E+02
   .15000000E+00  .84704274E+01
   .20000000E+00  .66309800E+01
   .25000000E+00  .55222700E+01
   .30000000E+00  .47781153E+01
   .35000000E+00  .42419332E+01
   .40000000E+00  .38355624E+01
   .45000000E+00  .35156181E+01
   .50000000E+00  .32560905E+01
   .55000000E+00  .30404374E+01
   .60000000E+00  .28576346E+01
   .65000000E+00  .27000520E+01
   .70000000E+00  .25622403E+01
   .75000000E+00  .24402033E+01
   .80000000E+00  .23309434E+01
   .85000000E+00  .22321677E+01
   .90000000E+00  .21420922E+01
   .95000000E+00  .20593074E+01
   .10000000E+01  .19826850E+01
   .10500000E+01  .19113104E+01
   .11000000E+01  .18444344E+01
   .11500000E+01  .17814373E+01
   .12000000E+01  .17218012E+01
   .12500000E+01  .16650904E+01
   .13000000E+01  .16109350E+01
   .13500000E+01  .15590187E+01
   .14000000E+01  .15090694E+01
   .14500000E+01  .14608515E+01
   .15000000E+01  .14141593E+01
   .15500000E+01  .13688130E+01
   .16000000E+01  .13246535E+01
   .16500000E+01  .12815402E+01
   .17000000E+01  .12393477E+01
   .17500000E+01  .11979634E+01
   .18000000E+01  .11572863E+01
   .18500000E+01  .11172246E+01
   .19000000E+01  .10776951E+01
   .19500000E+01  .10386214E+01
   .20000000E+01  .99993349E+00
Core Pot   L  =        4.00000    .00000
  -.30000000E+01  .20868748E+01
  -.29500000E+01  .20751146E+01
  -.29000000E+01  .20632917E+01
  -.28500000E+01  .20514051E+01
  -.28000000E+01  .20394538E+01
  -.27500000E+01  .20274368E+01
  -.27000000E+01  .20153531E+01
  -.26500000E+01  .20032015E+01
  -.26000000E+01  .19909811E+01
  -.25500000E+01  .19786906E+01
  -.25000000E+01  .19663289E+01
  -.24500000E+01  .19538948E+01
  -.24000000E+01  .19413871E+01
  -.23500000E+01  .19288046E+01
  -.23000000E+01  .19161459E+01
  -.22500000E+01  .19034098E+01
  -.22000000E+01  .18905948E+01
  -.21500000E+01  .18776997E+01
  -.21000000E+01  .18647229E+01
  -.20500000E+01  .18516630E+01
  -.20000000E+01  .18385184E+01
  -.19500000E+01  .18252877E+01
  -.19000000E+01  .18119691E+01
  -.18500000E+01  .17985610E+01
  -.18000000E+01  .17850618E+01
  -.17500000E+01  .17714696E+01
  -.17000000E+01  .17577827E+01
  -.16500000E+01  .17439991E+01
  -.16000000E+01  .17301169E+01
  -.15500000E+01  .17161342E+01
  -.15000000E+01  .17020489E+01
  -.14500000E+01  .16878588E+01
  -.14000000E+01  .16735618E+01
  -.13500000E+01  .16591556E+01
  -.13000000E+01  .16446378E+01
  -.12500000E+01  .16300061E+01
  -.12000000E+01  .16152578E+01
  -.11500000E+01  .16003905E+01
  -.11000000E+01  .15854014E+01
  -.10500000E+01  .15702878E+01
  -.10000000E+01  .15550467E+01
  -.95000000E+00  .15396752E+01
  -.90000000E+00  .15241702E+01
  -.85000000E+00  .15085284E+01
  -.80000000E+00  .14927465E+01
  -.75000000E+00  .14768211E+01
  -.70000000E+00  .14607485E+01
  -.65000000E+00  .14445250E+01
  -.60000000E+00  .14281467E+01
  -.55000000E+00  .14116096E+01
  -.50000000E+00  .13949094E+01
  -.45000000E+00  .13780417E+01
  -.40000000E+00  .13610019E+01
  -.35000000E+00  .13437854E+01
  -.30000000E+00  .13263870E+01
  -.25000000E+00  .13088017E+01
  -.20000000E+00  .12910239E+01
  -.15000000E+00  .12730480E+01
  -.10000000E+00  .12548680E+01
  -.50000000E-01  .12364778E+01
  -.22898350E-14  .12178708E+01
   .50000000E-01  .11990402E+01
   .10000000E+00  .11799789E+01
   .15000000E+00  .11606793E+01
   .20000000E+00  .11411336E+01
   .25000000E+00  .11213335E+01
   .30000000E+00  .11012703E+01
   .35000000E+00  .10809349E+01
   .40000000E+00  .10603175E+01
   .45000000E+00  .10394081E+01
   .50000000E+00  .10181958E+01
   .55000000E+00  .99666933E+00
   .60000000E+00  .97481675E+00
   .65000000E+00  .95262534E+00
   .70000000E+00  .93008169E+00
   .75000000E+00  .90717156E+00
   .80000000E+00  .88387985E+00
   .85000000E+00  .86019052E+00
   .90000000E+00  .83608651E+00
   .95000000E+00  .81154966E+00
   .10000000E+01  .78656063E+00
   .10500000E+01  .76109875E+00
   .11000000E+01  .73514196E+00
   .11500000E+01  .70866666E+00
   .12000000E+01  .68164756E+00
   .12500000E+01  .65405755E+00
   .13000000E+01  .62586748E+00
   .13500000E+01  .59704601E+00
   .14000000E+01  .56755939E+00
   .14500000E+01  .53737117E+00
   .15000000E+01  .50644196E+00
   .15500000E+01  .47472912E+00
   .16000000E+01  .44218639E+00
   .16500000E+01  .40876351E+00
   .17000000E+01  .37440574E+00
   .17500000E+01  .33905337E+00
   .18000000E+01  .30264110E+00
   .18500000E+01  .26509741E+00
   .19000000E+01  .22634371E+00
   .19500000E+01  .18629350E+00
   .20000000E+01  .14485130E+00
Potential  L  =        4.00000    .00000
  -.30000000E+01  .20873163E+01
  -.29500000E+01  .20755721E+01
  -.29000000E+01  .20637640E+01
  -.28500000E+01  .20518947E+01
  -.28000000E+01  .20399593E+01
  -.27500000E+01  .20279602E+01
  -.27000000E+01  .20158963E+01
  -.26500000E+01  .20037628E+01
  -.26000000E+01  .19915635E+01
  -.25500000E+01  .19792931E+01
  -.25000000E+01  .19669543E+01
  -.24500000E+01  .19545426E+01
  -.24000000E+01  .19420587E+01
  -.23500000E+01  .19295014E+01
  -.23000000E+01  .19168690E+01
  -.22500000E+01  .19041604E+01
  -.22000000E+01  .18913741E+01
  -.21500000E+01  .18785086E+01
  -.21000000E+01  .18655631E+01
  -.20500000E+01  .18525360E+01
  -.20000000E+01  .18394265E+01
  -.19500000E+01  .18262306E+01
  -.19000000E+01  .18129496E+01
  -.18500000E+01  .17995806E+01
  -.18000000E+01  .17861225E+01
  -.17500000E+01  .17725743E+01
  -.17000000E+01  .17589310E+01
  -.16500000E+01  .17451948E+01
  -.16000000E+01  .17313630E+01
  -.15500000E+01  .17174307E+01
  -.15000000E+01  .17033998E+01
  -.14500000E+01  .16892666E+01
  -.14000000E+01  .16750291E+01
  -.13500000E+01  .16606854E+01
  -.13000000E+01  .16462330E+01
  -.12500000E+01  .16316702E+01
  -.12000000E+01  .16169941E+01
  -.11500000E+01  .16022027E+01
  -.11000000E+01  .15872932E+01
  -.10500000E+01  .15722633E+01
  -.10000000E+01  .15571101E+01
  -.95000000E+00  .15418311E+01
  -.90000000E+00  .15264232E+01
  -.85000000E+00  .15108837E+01
  -.80000000E+00  .14952095E+01
  -.75000000E+00  .14793974E+01
  -.70000000E+00  .14634443E+01
  -.65000000E+00  .14473464E+01
  -.60000000E+00  .14311006E+01
  -.55000000E+00  .14147031E+01
  -.50000000E+00  .13981502E+01
  -.45000000E+00  .13814379E+01
  -.40000000E+00  .13645623E+01
  -.35000000E+00  .13475189E+01
  -.30000000E+00  .13303035E+01
  -.25000000E+00  .13129114E+01
  -.20000000E+00  .12953379E+01
  -.15000000E+00  .12775781E+01
  -.10000000E+00  .12596268E+01
  -.50000000E-01  .12414787E+01
  -.22898350E-14  .12231280E+01
   .50000000E-01  .12045690E+01
   .10000000E+00  .11857956E+01
   .15000000E+00  .11668014E+01
   .20000000E+00  .11475798E+01
   .25000000E+00  .11281237E+01
   .30000000E+00  .11084259E+01
   .35000000E+00  .10884789E+01
   .40000000E+00  .10682745E+01
   .45000000E+00  .10478046E+01
   .50000000E+00  .10270602E+01
   .55000000E+00  .10060323E+01
   .60000000E+00  .98471104E+00
   .65000000E+00  .96308642E+00
   .70000000E+00  .94114774E+00
   .75000000E+00  .91888377E+00
   .80000000E+00  .89628268E+00
   .85000000E+00  .87333203E+00
   .90000000E+00  .85001868E+00
   .95000000E+00  .82632876E+00
   .10000000E+01  .80224763E+00
   .10500000E+01  .77775981E+00
   .11000000E+01  .75284894E+00
   .11500000E+01  .72749759E+00
   .12000000E+01  .70168743E+00
   .12500000E+01  .67539893E+00
   .13000000E+01  .64861135E+00
   .13500000E+01  .62130265E+00
   .14000000E+01  .59344938E+00
   .14500000E+01  .56502652E+00
   .15000000E+01  .53600742E+00
   .15500000E+01  .50636364E+00
   .16000000E+01  .47606470E+00
   .16500000E+01  .44507801E+00
   .17000000E+01  .41336863E+00
   .17500000E+01  .38089914E+00
   .18000000E+01  .34762911E+00
   .18500000E+01  .31351534E+00
   .19000000E+01  .27851112E+00
   .19500000E+01  .24256588E+00
   .20000000E+01  .20562514E+00
KBPotential  L  =       .00000  -7.39987
  -.30000000E+01  .16942512E+01
  -.29500000E+01  .16585821E+01
  -.29000000E+01  .16252982E+01
  -.28500000E+01  .15939177E+01
  -.28000000E+01  .15640713E+01
  -.27500000E+01  .15354711E+01
  -.27000000E+01  .15078886E+01
  -.26500000E+01  .14811402E+01
  -.26000000E+01  .14550763E+01
  -.25500000E+01  .14295732E+01
  -.25000000E+01  .14045282E+01
  -.24500000E+01  .13798546E+01
  -.24000000E+01  .13554781E+01
  -.23500000E+01  .13313354E+01
  -.23000000E+01  .13073709E+01
  -.22500000E+01  .12835364E+01
  -.22000000E+01  .12597890E+01
  -.21500000E+01  .12360903E+01
  -.21000000E+01  .12124059E+01
  -.20500000E+01  .11887043E+01
  -.20000000E+01  .11649569E+01
  -.19500000E+01  .11411369E+01
  -.19000000E+01  .11172195E+01
  -.18500000E+01  .10931813E+01
  -.18000000E+01  .10690001E+01
  -.17500000E+01  .10446546E+01
  -.17000000E+01  .10201243E+01
  -.16500000E+01  .99538913E+00
  -.16000000E+01  .97042954E+00
  -.15500000E+01  .94522616E+00
  -.15000000E+01  .91975979E+00
  -.14500000E+01  .89401124E+00
  -.14000000E+01  .86796105E+00
  -.13500000E+01  .84158981E+00
  -.13000000E+01  .81487769E+00
  -.12500000E+01  .78780437E+00
  -.12000000E+01  .76034908E+00
  -.11500000E+01  .73249034E+00
  -.11000000E+01  .70420595E+00
  -.10500000E+01  .67547292E+00
  -.10000000E+01  .64626722E+00
  -.95000000E+00  .61656393E+00
  -.90000000E+00  .58633682E+00
  -.85000000E+00  .55555831E+00
  -.80000000E+00  .52419942E+00
  -.75000000E+00  .49222971E+00
  -.70000000E+00  .45961681E+00
  -.65000000E+00  .42632647E+00
  -.60000000E+00  .39232229E+00
  -.55000000E+00  .35756551E+00
  -.50000000E+00  .32201501E+00
  -.45000000E+00  .28562674E+00
  -.40000000E+00  .24835329E+00
  -.35000000E+00  .21014411E+00
  -.30000000E+00  .17094497E+00
  -.25000000E+00  .13069734E+00
  -.20000000E+00  .89337895E-01
  -.15000000E+00  .46798690E-01
  -.10000000E+00  .30055999E-02
  -.50000000E-01 -.42121292E-01
  -.22898350E-14 -.88669162E-01
   .50000000E-01 -.13673286E+00
   .10000000E+00 -.18641620E+00
   .15000000E+00 -.23783237E+00
   .20000000E+00 -.29110595E+00
   .25000000E+00 -.34637361E+00
   .30000000E+00 -.40378631E+00
   .35000000E+00 -.46351040E+00
   .40000000E+00 -.52573147E+00
   .45000000E+00 -.59065446E+00
   .50000000E+00 -.65850863E+00
   .55000000E+00 -.72955032E+00
   .60000000E+00 -.80406751E+00
   .65000000E+00 -.88238494E+00
   .70000000E+00 -.96486859E+00
   .75000000E+00 -.10519355E+01
   .80000000E+00 -.11440610E+01
   .85000000E+00 -.12417895E+01
   .90000000E+00 -.13457486E+01
   .95000000E+00 -.14566643E+01
   .10000000E+01 -.15753820E+01
   .10500000E+01 -.17028931E+01
   .11000000E+01 -.18403656E+01
   .11500000E+01 -.19891883E+01
   .12000000E+01 -.21510242E+01
   .12500000E+01 -.23278814E+01
   .13000000E+01 -.25222093E+01
   .13500000E+01 -.27370265E+01
   .14000000E+01 -.29760971E+01
   .14500000E+01 -.32441746E+01
   .15000000E+01 -.35473554E+01
   .15500000E+01 -.38935816E+01
   .16000000E+01 -.42934058E+01
   .16500000E+01 -.47611565E+01
   .17000000E+01 -.53167974E+01
   .17500000E+01 -.59889966E+01
   .18000000E+01 -.68204616E+01
   .18500000E+01 -.78777327E+01
   .19000000E+01 -.92705027E+01
   .19500000E+01 -.11193392E+02
   .20000000E+01 -.14027859E+02
KBPotential  L  =      1.00000  -3.70826
  -.30000000E+01  .12479217E+01
  -.29500000E+01  .12192472E+01
  -.29000000E+01  .11893244E+01
  -.28500000E+01  .11580089E+01
  -.28000000E+01  .11251321E+01
  -.27500000E+01  .10904951E+01
  -.27000000E+01  .10538620E+01
  -.26500000E+01  .10149505E+01
  -.26000000E+01  .97342025E+00
  -.25500000E+01  .92885656E+00
  -.25000000E+01  .88074905E+00
  -.24500000E+01  .82846239E+00
  -.24000000E+01  .77119509E+00
  -.23500000E+01  .70792156E+00
  -.23000000E+01  .63730743E+00
  -.22500000E+01  .55758391E+00
  -.22000000E+01  .46635460E+00
  -.21500000E+01  .36029027E+00
  -.21000000E+01  .23462501E+00
  -.20500000E+01  .82287335E-01
  -.20000000E+01 -.10768718E+00
  -.19500000E+01 -.35326317E+00
  -.19000000E+01 -.68605477E+00
  -.18500000E+01 -.11673325E+01
  -.18000000E+01 -.19334565E+01
  -.17500000E+01 -.33617314E+01
  -.17000000E+01 -.70237291E+01
  -.16500000E+01 -.38329065E+02
  -.16000000E+01  .15353559E+02
  -.15500000E+01  .71799802E+01
  -.15000000E+01  .49675597E+01
  -.14500000E+01  .39297365E+01
  -.14000000E+01  .33223998E+01
  -.13500000E+01  .29203163E+01
  -.13000000E+01  .26319925E+01
  -.12500000E+01  .24132388E+01
  -.12000000E+01  .22400962E+01
  -.11500000E+01  .20984466E+01
  -.11000000E+01  .19794302E+01
  -.10500000E+01  .18772046E+01
  -.10000000E+01  .17877607E+01
  -.95000000E+00  .17082552E+01
  -.90000000E+00  .16366145E+01
  -.85000000E+00  .15712907E+01
  -.80000000E+00  .15111041E+01
  -.75000000E+00  .14551394E+01
  -.70000000E+00  .14026751E+01
  -.65000000E+00  .13531342E+01
  -.60000000E+00  .13060496E+01
  -.55000000E+00  .12610382E+01
  -.50000000E+00  .12177829E+01
  -.45000000E+00  .11760183E+01
  -.40000000E+00  .11355201E+01
  -.35000000E+00  .10960973E+01
  -.30000000E+00  .10575858E+01
  -.25000000E+00  .10198432E+01
  -.20000000E+00  .98274517E+00
  -.15000000E+00  .94618240E+00
  -.10000000E+00  .91005777E+00
  -.50000000E-01  .87428455E+00
  -.22898350E-14  .83878454E+00
   .50000000E-01  .80348686E+00
   .10000000E+00  .76832659E+00
   .15000000E+00  .73324392E+00
   .20000000E+00  .69818329E+00
   .25000000E+00  .66309271E+00
   .30000000E+00  .62792327E+00
   .35000000E+00  .59262804E+00
   .40000000E+00  .55716247E+00
   .45000000E+00  .52148340E+00
   .50000000E+00  .48554884E+00
   .55000000E+00  .44931771E+00
   .60000000E+00  .41274939E+00
   .65000000E+00  .37580358E+00
   .70000000E+00  .33843995E+00
   .75000000E+00  .30061792E+00
   .80000000E+00  .26229642E+00
   .85000000E+00  .22343360E+00
   .90000000E+00  .18398670E+00
   .95000000E+00  .14391168E+00
   .10000000E+01  .10316306E+00
   .10500000E+01  .61693646E-01
   .11000000E+01  .19454252E-01
   .11500000E+01 -.23606559E-01
   .12000000E+01 -.67542825E-01
   .12500000E+01 -.11241143E+00
   .13000000E+01 -.15827246E+00
   .13500000E+01 -.20518963E+00
   .14000000E+01 -.25323065E+00
   .14500000E+01 -.30246792E+00
   .15000000E+01 -.35297824E+00
   .15500000E+01 -.40484442E+00
   .16000000E+01 -.45815526E+00
   .16500000E+01 -.51300635E+00
   .17000000E+01 -.56950086E+00
   .17500000E+01 -.62775049E+00
   .18000000E+01 -.68787635E+00
   .18500000E+01 -.75001010E+00
   .19000000E+01 -.81429527E+00
   .19500000E+01 -.88088864E+00
   .20000000E+01 -.94996205E+00
KBPotential  L  =      2.00000   -.46023
  -.30000000E+01  .15668479E+01
  -.29500000E+01  .15501354E+01
  -.29000000E+01  .15332354E+01
  -.28500000E+01  .15161286E+01
  -.28000000E+01  .14988129E+01
  -.27500000E+01  .14812868E+01
  -.27000000E+01  .14635346E+01
  -.26500000E+01  .14455481E+01
  -.26000000E+01  .14273250E+01
  -.25500000E+01  .14088562E+01
  -.25000000E+01  .13901245E+01
  -.24500000E+01  .13711246E+01
  -.24000000E+01  .13518461E+01
  -.23500000E+01  .13322764E+01
  -.23000000E+01  .13124030E+01
  -.22500000E+01  .12922136E+01
  -.22000000E+01  .12716955E+01
  -.21500000E+01  .12508323E+01
  -.21000000E+01  .12296087E+01
  -.20500000E+01  .12080078E+01
  -.20000000E+01  .11860123E+01
  -.19500000E+01  .11636021E+01
  -.19000000E+01  .11407570E+01
  -.18500000E+01  .11174600E+01
  -.18000000E+01  .10936711E+01
  -.17500000E+01  .10693804E+01
  -.17000000E+01  .10445541E+01
  -.16500000E+01  .10191627E+01
  -.16000000E+01  .99317529E+00
  -.15500000E+01  .96655185E+00
  -.15000000E+01  .93925542E+00
  -.14500000E+01  .91124484E+00
  -.14000000E+01  .88247323E+00
  -.13500000E+01  .85289069E+00
  -.13000000E+01  .82244177E+00
  -.12500000E+01  .79106580E+00
  -.12000000E+01  .75869581E+00
  -.11500000E+01  .72525775E+00
  -.11000000E+01  .69066992E+00
  -.10500000E+01  .65484048E+00
  -.10000000E+01  .61766798E+00
  -.95000000E+00  .57903892E+00
  -.90000000E+00  .53882627E+00
  -.85000000E+00  .49688521E+00
  -.80000000E+00  .45305474E+00
  -.75000000E+00  .40715028E+00
  -.70000000E+00  .35896377E+00
  -.65000000E+00  .30825490E+00
  -.60000000E+00  .25474719E+00
  -.55000000E+00  .19812167E+00
  -.50000000E+00  .13800747E+00
  -.45000000E+00  .73971375E-01
  -.40000000E+00  .55021133E-02
  -.35000000E+00 -.68006162E-01
  -.30000000E+00 -.14727745E+00
  -.25000000E+00 -.23318122E+00
  -.20000000E+00 -.32677834E+00
  -.15000000E+00 -.42937077E+00
  -.10000000E+00 -.54257599E+00
  -.50000000E-01 -.66842904E+00
  -.22898350E-14 -.80952613E+00
   .50000000E-01 -.96923550E+00
   .10000000E+00 -.11520010E+01
   .15000000E+00 -.13638185E+01
   .20000000E+00 -.16129656E+01
   .25000000E+00 -.19112219E+01
   .30000000E+00 -.22759182E+01
   .35000000E+00 -.27336572E+01
   .40000000E+00 -.33274680E+01
   .45000000E+00 -.41318211E+01
   .50000000E+00 -.52877017E+01
   .55000000E+00 -.70983328E+01
   .60000000E+00 -.10356699E+02
   .65000000E+00 -.18004333E+02
   .70000000E+00 -.57681506E+02
   .75000000E+00  .54117869E+02
   .80000000E+00  .19137582E+02
   .85000000E+00  .11864211E+02
   .90000000E+00  .87080033E+01
   .95000000E+00  .69383871E+01
   .10000000E+01  .58021723E+01
   .10500000E+01  .50079686E+01
   .11000000E+01  .44193130E+01
   .11500000E+01  .39637817E+01
   .12000000E+01  .35993615E+01
   .12500000E+01  .33000109E+01
   .13000000E+01  .30487224E+01
   .13500000E+01  .28339183E+01
   .14000000E+01  .26474432E+01
   .14500000E+01  .24833867E+01
   .15000000E+01  .23373621E+01
   .15500000E+01  .22060371E+01
   .16000000E+01  .20868411E+01
   .16500000E+01  .19777558E+01
   .17000000E+01  .18771748E+01
   .17500000E+01  .17838010E+01
   .18000000E+01  .16965793E+01
   .18500000E+01  .16146376E+01
   .19000000E+01  .15372517E+01
   .19500000E+01  .14638124E+01
   .20000000E+01  .13938038E+01
KBPotential  L  =      3.00000   -.96007
  -.30000000E+01  .18100227E+01
  -.29500000E+01  .17957870E+01
  -.29000000E+01  .17814183E+01
  -.28500000E+01  .17669121E+01
  -.28000000E+01  .17522634E+01
  -.27500000E+01  .17374671E+01
  -.27000000E+01  .17225176E+01
  -.26500000E+01  .17074090E+01
  -.26000000E+01  .16921348E+01
  -.25500000E+01  .16766881E+01
  -.25000000E+01  .16610615E+01
  -.24500000E+01  .16452470E+01
  -.24000000E+01  .16292357E+01
  -.23500000E+01  .16130183E+01
  -.23000000E+01  .15965843E+01
  -.22500000E+01  .15799226E+01
  -.22000000E+01  .15630206E+01
  -.21500000E+01  .15458648E+01
  -.21000000E+01  .15284400E+01
  -.20500000E+01  .15107297E+01
  -.20000000E+01  .14927154E+01
  -.19500000E+01  .14743762E+01
  -.19000000E+01  .14556890E+01
  -.18500000E+01  .14366277E+01
  -.18000000E+01  .14171628E+01
  -.17500000E+01  .13972607E+01
  -.17000000E+01  .13768829E+01
  -.16500000E+01  .13559853E+01
  -.16000000E+01  .13345168E+01
  -.15500000E+01  .13124180E+01
  -.15000000E+01  .12896190E+01
  -.14500000E+01  .12660374E+01
  -.14000000E+01  .12415750E+01
  -.13500000E+01  .12161137E+01
  -.13000000E+01  .11895100E+01
  -.12500000E+01  .11615877E+01
  -.12000000E+01  .11321280E+01
  -.11500000E+01  .11008553E+01
  -.11000000E+01  .10674174E+01
  -.10500000E+01  .10313563E+01
  -.10000000E+01  .99206505E+00
  -.95000000E+00  .94872130E+00
  -.90000000E+00  .90018163E+00
  -.85000000E+00  .84480707E+00
  -.80000000E+00  .78016083E+00
  -.75000000E+00  .70245395E+00
  -.70000000E+00  .60545391E+00
  -.65000000E+00  .47813272E+00
  -.60000000E+00  .29895026E+00
  -.55000000E+00  .19399392E-01
  -.50000000E+00 -.49744506E+00
  -.45000000E+00 -.18471328E+01
  -.40000000E+00 -.16893939E+02
  -.35000000E+00  .53535513E+01
  -.30000000E+00  .29385435E+01
  -.25000000E+00  .22299127E+01
  -.20000000E+00  .18823612E+01
  -.15000000E+00  .16703043E+01
  -.10000000E+00  .15235702E+01
  -.50000000E-01  .14133785E+01
  -.22898350E-14  .13252624E+01
   .50000000E-01  .12517507E+01
   .10000000E+00  .11882359E+01
   .15000000E+00  .11318365E+01
   .20000000E+00  .10806423E+01
   .25000000E+00  .10333353E+01
   .30000000E+00  .98897472E+00
   .35000000E+00  .94685301E+00
   .40000000E+00  .90649995E+00
   .45000000E+00  .86746418E+00
   .50000000E+00  .82944709E+00
   .55000000E+00  .79219584E+00
   .60000000E+00  .75550406E+00
   .65000000E+00  .71920038E+00
   .70000000E+00  .68314008E+00
   .75000000E+00  .64719892E+00
   .80000000E+00  .61126848E+00
   .85000000E+00  .57557384E+00
   .90000000E+00  .53909603E+00
   .95000000E+00  .50267005E+00
   .10000000E+01  .46591976E+00
   .10500000E+01  .42877562E+00
   .11000000E+01  .39117109E+00
   .11500000E+01  .35304163E+00
   .12000000E+01  .31432384E+00
   .12500000E+01  .27495468E+00
   .13000000E+01  .23487080E+00
   .13500000E+01  .19400795E+00
   .14000000E+01  .15230031E+00
   .14500000E+01  .10967993E+00
   .15000000E+01  .66076257E-01
   .15500000E+01  .21415437E-01
   .16000000E+01 -.24380259E-01
   .16500000E+01 -.71393033E-01
   .17000000E+01 -.11971025E+00
   .17500000E+01 -.16942517E+00
   .18000000E+01 -.22063776E+00
   .18500000E+01 -.27345551E+00
   .19000000E+01 -.32798132E+00
   .19500000E+01 -.38436149E+00
   .20000000E+01 -.44349384E+00
KBPotential  L  =      4.00000    .00000
  -.30000000E+01  .20873163E+01
  -.29500000E+01  .20755721E+01
  -.29000000E+01  .20637640E+01
  -.28500000E+01  .20518947E+01
  -.28000000E+01  .20399593E+01
  -.27500000E+01  .20279602E+01
  -.27000000E+01  .20158963E+01
  -.26500000E+01  .20037628E+01
  -.26000000E+01  .19915635E+01
  -.25500000E+01  .19792931E+01
  -.25000000E+01  .19669543E+01
  -.24500000E+01  .19545426E+01
  -.24000000E+01  .19420587E+01
  -.23500000E+01  .19295014E+01
  -.23000000E+01  .19168690E+01
  -.22500000E+01  .19041604E+01
  -.22000000E+01  .18913741E+01
  -.21500000E+01  .18785086E+01
  -.21000000E+01  .18655631E+01
  -.20500000E+01  .18525360E+01
  -.20000000E+01  .18394265E+01
  -.19500000E+01  .18262306E+01
  -.19000000E+01  .18129496E+01
  -.18500000E+01  .17995806E+01
  -.18000000E+01  .17861225E+01
  -.17500000E+01  .17725743E+01
  -.17000000E+01  .17589310E+01
  -.16500000E+01  .17451948E+01
  -.16000000E+01  .17313630E+01
  -.15500000E+01  .17174307E+01
  -.15000000E+01  .17033998E+01
  -.14500000E+01  .16892666E+01
  -.14000000E+01  .16750291E+01
  -.13500000E+01  .16606854E+01
  -.13000000E+01  .16462330E+01
  -.12500000E+01  .16316702E+01
  -.12000000E+01  .16169941E+01
  -.11500000E+01  .16022027E+01
  -.11000000E+01  .15872932E+01
  -.10500000E+01  .15722633E+01
  -.10000000E+01  .15571101E+01
  -.95000000E+00  .15418311E+01
  -.90000000E+00  .15264232E+01
  -.85000000E+00  .15108837E+01
  -.80000000E+00  .14952095E+01
  -.75000000E+00  .14793974E+01
  -.70000000E+00  .14634443E+01
  -.65000000E+00  .14473464E+01
  -.60000000E+00  .14311006E+01
  -.55000000E+00  .14147031E+01
  -.50000000E+00  .13981502E+01
  -.45000000E+00  .13814379E+01
  -.40000000E+00  .13645623E+01
  -.35000000E+00  .13475189E+01
  -.30000000E+00  .13303035E+01
  -.25000000E+00  .13129114E+01
  -.20000000E+00  .12953379E+01
  -.15000000E+00  .12775781E+01
  -.10000000E+00  .12596268E+01
  -.50000000E-01  .12414787E+01
  -.22898350E-14  .12231280E+01
   .50000000E-01  .12045690E+01
   .10000000E+00  .11857956E+01
   .15000000E+00  .11668014E+01
   .20000000E+00  .11475798E+01
   .25000000E+00  .11281237E+01
   .30000000E+00  .11084259E+01
   .35000000E+00  .10884789E+01
   .40000000E+00  .10682745E+01
   .45000000E+00  .10478046E+01
   .50000000E+00  .10270602E+01
   .55000000E+00  .10060323E+01
   .60000000E+00  .98471104E+00
   .65000000E+00  .96308642E+00
   .70000000E+00  .94114774E+00
   .75000000E+00  .91888377E+00
   .80000000E+00  .89628268E+00
   .85000000E+00  .87333203E+00
   .90000000E+00  .85001868E+00
   .95000000E+00  .82632876E+00
   .10000000E+01  .80224763E+00
   .10500000E+01  .77775981E+00
   .11000000E+01  .75284894E+00
   .11500000E+01  .72749759E+00
   .12000000E+01  .70168743E+00
   .12500000E+01  .67539893E+00
   .13000000E+01  .64861135E+00
   .13500000E+01  .62130265E+00
   .14000000E+01  .59344938E+00
   .14500000E+01  .56502652E+00
   .15000000E+01  .53600742E+00
   .15500000E+01  .50636364E+00
   .16000000E+01  .47606470E+00
   .16500000E+01  .44507801E+00
   .17000000E+01  .41336863E+00
   .17500000E+01  .38089914E+00
   .18000000E+01  .34762911E+00
   .18500000E+01  .31351534E+00
   .19000000E+01  .27851112E+00
   .19500000E+01  .24256588E+00
   .20000000E+01  .20562514E+00
