  PAW O_s                                
 100
Core Pot   L  =         .00000  -1.75986
  -.20000000E+01 -.44076336E+00
  -.19600000E+01 -.52245803E+00
  -.19200000E+01 -.60909943E+00
  -.18800000E+01 -.70120464E+00
  -.18400000E+01 -.79936578E+00
  -.18000000E+01 -.90426417E+00
  -.17600000E+01 -.10166877E+01
  -.17200000E+01 -.11375527E+01
  -.16800000E+01 -.12679309E+01
  -.16400000E+01 -.14090843E+01
  -.16000000E+01 -.15625090E+01
  -.15600000E+01 -.17299921E+01
  -.15200000E+01 -.19136864E+01
  -.14800000E+01 -.21162088E+01
  -.14400000E+01 -.23407726E+01
  -.14000000E+01 -.25913673E+01
  -.13600000E+01 -.28730086E+01
  -.13200000E+01 -.31920909E+01
  -.12800000E+01 -.35568956E+01
  -.12400000E+01 -.39783431E+01
  -.12000000E+01 -.44711350E+01
  -.11600000E+01 -.50555455E+01
  -.11200000E+01 -.57603381E+01
  -.10800000E+01 -.66277294E+01
  -.10400000E+01 -.77222947E+01
  -.10000000E+01 -.91480299E+01
  -.96000000E+00 -.11083850E+02
  -.92000000E+00 -.13865872E+02
  -.88000000E+00 -.18208677E+02
  -.84000000E+00 -.25946686E+02
  -.80000000E+00 -.43640852E+02
  -.76000000E+00 -.12535716E+03
  -.72000000E+00  .15804818E+03
  -.68000000E+00  .49876110E+02
  -.64000000E+00  .30087712E+02
  -.60000000E+00  .21773128E+02
  -.56000000E+00  .17192930E+02
  -.52000000E+00  .14290551E+02
  -.48000000E+00  .12285297E+02
  -.44000000E+00  .10815777E+02
  -.40000000E+00  .96917208E+01
  -.36000000E+00  .88034170E+01
  -.32000000E+00  .80831589E+01
  -.28000000E+00  .74868975E+01
  -.24000000E+00  .69847388E+01
  -.20000000E+00  .65556808E+01
  -.16000000E+00  .61845359E+01
  -.12000000E+00  .58600494E+01
  -.80000000E-01  .55737034E+01
  -.40000000E-01  .53189327E+01
   .12351231E-14  .50905957E+01
   .40000000E-01  .48846082E+01
   .80000000E-01  .46976849E+01
   .12000000E+00  .45271531E+01
   .16000000E+00  .43708162E+01
   .20000000E+00  .42268525E+01
   .24000000E+00  .40937382E+01
   .28000000E+00  .39701888E+01
   .32000000E+00  .38551141E+01
   .36000000E+00  .37475829E+01
   .40000000E+00  .36467947E+01
   .44000000E+00  .35520575E+01
   .48000000E+00  .34627706E+01
   .52000000E+00  .33784092E+01
   .56000000E+00  .32985135E+01
   .60000000E+00  .32226784E+01
   .64000000E+00  .31505458E+01
   .68000000E+00  .30817982E+01
   .72000000E+00  .30161525E+01
   .76000000E+00  .29533561E+01
   .80000000E+00  .28931824E+01
   .84000000E+00  .28354280E+01
   .88000000E+00  .27799094E+01
   .92000000E+00  .27264607E+01
   .96000000E+00  .26749316E+01
   .10000000E+01  .26251857E+01
   .10400000E+01  .25770988E+01
   .10800000E+01  .25305576E+01
   .11200000E+01  .24854583E+01
   .11600000E+01  .24417060E+01
   .12000000E+01  .23992135E+01
   .12400000E+01  .23579008E+01
   .12800000E+01  .23176939E+01
   .13200000E+01  .22785247E+01
   .13600000E+01  .22403302E+01
   .14000000E+01  .22030521E+01
   .14400000E+01  .21666361E+01
   .14800000E+01  .21310322E+01
   .15200000E+01  .20961935E+01
   .15600000E+01  .20620765E+01
   .16000000E+01  .20286406E+01
   .16400000E+01  .19958479E+01
   .16800000E+01  .19636630E+01
   .17200000E+01  .19320526E+01
   .17600000E+01  .19009856E+01
   .18000000E+01  .18704328E+01
   .18400000E+01  .18403668E+01
   .18800000E+01  .18107617E+01
   .19200000E+01  .17815933E+01
   .19600000E+01  .17528386E+01
   .20000000E+01  .17244760E+01
Potential  L  =         .00000  -1.75986
  -.20000000E+01 -.37847168E+00
  -.19600000E+01 -.46624267E+00
  -.19200000E+01 -.56027000E+00
  -.18800000E+01 -.66132953E+00
  -.18400000E+01 -.77033162E+00
  -.18000000E+01 -.88835162E+00
  -.17600000E+01 -.10166690E+01
  -.17200000E+01 -.11568185E+01
  -.16800000E+01 -.13106564E+01
  -.16400000E+01 -.14804503E+01
  -.16000000E+01 -.16689993E+01
  -.15600000E+01 -.18797995E+01
  -.15200000E+01 -.21172750E+01
  -.14800000E+01 -.23871086E+01
  -.14400000E+01 -.26967230E+01
  -.14000000E+01 -.30560021E+01
  -.13600000E+01 -.34784035E+01
  -.13200000E+01 -.39827343E+01
  -.12800000E+01 -.45961024E+01
  -.12400000E+01 -.53590639E+01
  -.12000000E+01 -.63351443E+01
  -.11600000E+01 -.76297817E+01
  -.11200000E+01 -.94317209E+01
  -.10800000E+01 -.12115541E+02
  -.10400000E+01 -.16545047E+02
  -.10000000E+01 -.25259197E+02
  -.96000000E+00 -.50354219E+02
  -.92000000E+00 -.87649629E+03
  -.88000000E+00  .60016453E+02
  -.84000000E+00  .29730916E+02
  -.80000000E+00  .20058708E+02
  -.76000000E+00  .15293887E+02
  -.72000000E+00  .12454642E+02
  -.68000000E+00  .10568005E+02
  -.64000000E+00  .92220082E+01
  -.60000000E+00  .82122931E+01
  -.56000000E+00  .74259631E+01
  -.52000000E+00  .67955648E+01
  -.48000000E+00  .62783135E+01
  -.44000000E+00  .58457606E+01
  -.40000000E+00  .54782534E+01
  -.36000000E+00  .51617783E+01
  -.32000000E+00  .48860771E+01
  -.28000000E+00  .46434627E+01
  -.24000000E+00  .44280647E+01
  -.20000000E+00  .42353198E+01
  -.16000000E+00  .40616326E+01
  -.12000000E+00  .39041258E+01
  -.80000000E-01  .37604721E+01
  -.40000000E-01  .36287687E+01
   .12351231E-14  .35074446E+01
   .40000000E-01  .33951910E+01
   .80000000E-01  .32909090E+01
   .12000000E+00  .31936691E+01
   .16000000E+00  .31026796E+01
   .20000000E+00  .30172622E+01
   .24000000E+00  .29368321E+01
   .28000000E+00  .28608827E+01
   .32000000E+00  .27889725E+01
   .36000000E+00  .27207156E+01
   .40000000E+00  .26557726E+01
   .44000000E+00  .25938440E+01
   .48000000E+00  .25346646E+01
   .52000000E+00  .24779986E+01
   .56000000E+00  .24236354E+01
   .60000000E+00  .23713869E+01
   .64000000E+00  .23210840E+01
   .68000000E+00  .22725745E+01
   .72000000E+00  .22257208E+01
   .76000000E+00  .21803986E+01
   .80000000E+00  .21364949E+01
   .84000000E+00  .20939070E+01
   .88000000E+00  .20525411E+01
   .92000000E+00  .20123116E+01
   .96000000E+00  .19731401E+01
   .10000000E+01  .19349546E+01
   .10400000E+01  .18976888E+01
   .10800000E+01  .18612818E+01
   .11200000E+01  .18256773E+01
   .11600000E+01  .17908231E+01
   .12000000E+01  .17566711E+01
   .12400000E+01  .17231765E+01
   .12800000E+01  .16902977E+01
   .13200000E+01  .16579959E+01
   .13600000E+01  .16262352E+01
   .14000000E+01  .15949817E+01
   .14400000E+01  .15642040E+01
   .14800000E+01  .15338724E+01
   .15200000E+01  .15039595E+01
   .15600000E+01  .14744390E+01
   .16000000E+01  .14452866E+01
   .16400000E+01  .14164793E+01
   .16800000E+01  .13879952E+01
   .17200000E+01  .13598140E+01
   .17600000E+01  .13319162E+01
   .18000000E+01  .13042835E+01
   .18400000E+01  .12768984E+01
   .18800000E+01  .12497445E+01
   .19200000E+01  .12228059E+01
   .19600000E+01  .11960679E+01
   .20000000E+01  .11695161E+01
Core Pot   L  =        1.00000   -.66387
  -.20000000E+01  .90631751E+00
  -.19600000E+01  .88084446E+00
  -.19200000E+01  .85476119E+00
  -.18800000E+01  .82803608E+00
  -.18400000E+01  .80063518E+00
  -.18000000E+01  .77252202E+00
  -.17600000E+01  .74365739E+00
  -.17200000E+01  .71399901E+00
  -.16800000E+01  .68350133E+00
  -.16400000E+01  .65211508E+00
  -.16000000E+01  .61978699E+00
  -.15600000E+01  .58645929E+00
  -.15200000E+01  .55206930E+00
  -.14800000E+01  .51654882E+00
  -.14400000E+01  .47982356E+00
  -.14000000E+01  .44181242E+00
  -.13600000E+01  .40242671E+00
  -.13200000E+01  .36156921E+00
  -.12800000E+01  .31913312E+00
  -.12400000E+01  .27500088E+00
  -.12000000E+01  .22904274E+00
  -.11600000E+01  .18111515E+00
  -.11200000E+01  .13105888E+00
  -.10800000E+01  .78696801E-01
  -.10400000E+01  .23831303E-01
  -.10000000E+01 -.33758768E-01
  -.96000000E+00 -.94321714E-01
  -.92000000E+00 -.15813730E+00
  -.88000000E+00 -.22552190E+00
  -.84000000E+00 -.29683469E+00
  -.80000000E+00 -.37248514E+00
  -.76000000E+00 -.45294219E+00
  -.72000000E+00 -.53874539E+00
  -.68000000E+00 -.63051875E+00
  -.64000000E+00 -.72898797E+00
  -.60000000E+00 -.83500202E+00
  -.56000000E+00 -.94956048E+00
  -.52000000E+00 -.10738485E+01
  -.48000000E+00 -.12092821E+01
  -.44000000E+00 -.13575669E+01
  -.40000000E+00 -.15207768E+01
  -.36000000E+00 -.17014583E+01
  -.32000000E+00 -.19027740E+01
  -.28000000E+00 -.21287005E+01
  -.24000000E+00 -.23843084E+01
  -.20000000E+00 -.26761664E+01
  -.16000000E+00 -.30129388E+01
  -.12000000E+00 -.34062937E+01
  -.80000000E-01 -.38723278E+01
  -.40000000E-01 -.44338887E+01
   .12351231E-14 -.51245278E+01
   .40000000E-01 -.59956011E+01
   .80000000E-01 -.71298854E+01
   .12000000E+00 -.86699482E+01
   .16000000E+00 -.10884029E+02
   .20000000E+00 -.14343658E+02
   .24000000E+00 -.20521209E+02
   .28000000E+00 -.34719027E+02
   .32000000E+00 -.10168112E+03
   .36000000E+00  .12102499E+03
   .40000000E+00  .39110308E+02
   .44000000E+00  .23722643E+02
   .48000000E+00  .17217212E+02
   .52000000E+00  .13622411E+02
   .56000000E+00  .11339625E+02
   .60000000E+00  .97597500E+01
   .64000000E+00  .86001778E+01
   .68000000E+00  .77118864E+01
   .72000000E+00  .70088495E+01
   .76000000E+00  .64379309E+01
   .80000000E+00  .59645371E+01
   .84000000E+00  .55651780E+01
   .88000000E+00  .52233426E+01
   .92000000E+00  .49270868E+01
   .96000000E+00  .46675557E+01
   .10000000E+01  .44380463E+01
   .10400000E+01  .42333905E+01
   .10800000E+01  .40495400E+01
   .11200000E+01  .38832784E+01
   .11600000E+01  .37320177E+01
   .12000000E+01  .35936524E+01
   .12400000E+01  .34664516E+01
   .12800000E+01  .33489794E+01
   .13200000E+01  .32400346E+01
   .13600000E+01  .31386047E+01
   .14000000E+01  .30438300E+01
   .14400000E+01  .29549759E+01
   .14800000E+01  .28714111E+01
   .15200000E+01  .27925896E+01
   .15600000E+01  .27180373E+01
   .16000000E+01  .26473400E+01
   .16400000E+01  .25801346E+01
   .16800000E+01  .25161014E+01
   .17200000E+01  .24549574E+01
   .17600000E+01  .23964516E+01
   .18000000E+01  .23403605E+01
   .18400000E+01  .22864843E+01
   .18800000E+01  .22346437E+01
   .19200000E+01  .21846778E+01
   .19600000E+01  .21364412E+01
   .20000000E+01  .20898027E+01
Potential  L  =        1.00000   -.66387
  -.20000000E+01  .56882850E+00
  -.19600000E+01  .54302786E+00
  -.19200000E+01  .51678571E+00
  -.18800000E+01  .49008688E+00
  -.18400000E+01  .46291546E+00
  -.18000000E+01  .43525477E+00
  -.17600000E+01  .40708733E+00
  -.17200000E+01  .37839476E+00
  -.16800000E+01  .34915780E+00
  -.16400000E+01  .31935618E+00
  -.16000000E+01  .28896859E+00
  -.15600000E+01  .25797261E+00
  -.15200000E+01  .22634464E+00
  -.14800000E+01  .19405980E+00
  -.14400000E+01  .16109186E+00
  -.14000000E+01  .12741316E+00
  -.13600000E+01  .92994468E-01
  -.13200000E+01  .57804904E-01
  -.12800000E+01  .21811812E-01
  -.12400000E+01 -.15019377E-01
  -.12000000E+01 -.52725280E-01
  -.11600000E+01 -.91344717E-01
  -.11200000E+01 -.13091889E+00
  -.10800000E+01 -.17149154E+00
  -.10400000E+01 -.21310920E+00
  -.10000000E+01 -.25582136E+00
  -.96000000E+00 -.29968075E+00
  -.92000000E+00 -.34474357E+00
  -.88000000E+00 -.39106985E+00
  -.84000000E+00 -.43872370E+00
  -.80000000E+00 -.48777371E+00
  -.76000000E+00 -.53829335E+00
  -.72000000E+00 -.59036140E+00
  -.68000000E+00 -.64406243E+00
  -.64000000E+00 -.69948736E+00
  -.60000000E+00 -.75673407E+00
  -.56000000E+00 -.81590808E+00
  -.52000000E+00 -.87712328E+00
  -.48000000E+00 -.94050281E+00
  -.44000000E+00 -.10061800E+01
  -.40000000E+00 -.10742995E+01
  -.36000000E+00 -.11450185E+01
  -.32000000E+00 -.12185079E+01
  -.28000000E+00 -.12949542E+01
  -.24000000E+00 -.13745611E+01
  -.20000000E+00 -.14575516E+01
  -.16000000E+00 -.15441703E+01
  -.12000000E+00 -.16346861E+01
  -.80000000E-01 -.17293953E+01
  -.40000000E-01 -.18286252E+01
   .12351231E-14 -.19327382E+01
   .40000000E-01 -.20421368E+01
   .80000000E-01 -.21572691E+01
   .12000000E+00 -.22786355E+01
   .16000000E+00 -.24067967E+01
   .20000000E+00 -.25423830E+01
   .24000000E+00 -.26861051E+01
   .28000000E+00 -.28387682E+01
   .32000000E+00 -.30012872E+01
   .36000000E+00 -.31747070E+01
   .40000000E+00 -.33602255E+01
   .44000000E+00 -.35592238E+01
   .48000000E+00 -.37733013E+01
   .52000000E+00 -.40043220E+01
   .56000000E+00 -.42544702E+01
   .60000000E+00 -.45263236E+01
   .64000000E+00 -.48229454E+01
   .68000000E+00 -.51480043E+01
   .72000000E+00 -.55059320E+01
   .76000000E+00 -.59021325E+01
   .80000000E+00 -.63432642E+01
   .84000000E+00 -.68376260E+01
   .88000000E+00 -.73956965E+01
   .92000000E+00 -.80308990E+01
   .96000000E+00 -.87607146E+01
   .10000000E+01 -.96083410E+01
   .10400000E+01 -.10605237E+02
   .10800000E+01 -.11795159E+02
   .11200000E+01 -.13240823E+02
   .11600000E+01 -.15035418E+02
   .12000000E+01 -.17323675E+02
   .12400000E+01 -.20343222E+02
   .12800000E+01 -.24513355E+02
   .13200000E+01 -.30649680E+02
   .13600000E+01 -.40577207E+02
   .14000000E+01 -.59391532E+02
   .14400000E+01 -.10873201E+03
   .14800000E+01 -.58328511E+03
   .15200000E+01  .17799669E+03
   .15600000E+01  .78075046E+02
   .16000000E+01  .50344643E+02
   .16400000E+01  .37327922E+02
   .16800000E+01  .29767039E+02
   .17200000E+01  .24824319E+02
   .17600000E+01  .21339210E+02
   .18000000E+01  .18748767E+02
   .18400000E+01  .16746865E+02
   .18800000E+01  .15152734E+02
   .19200000E+01  .13852760E+02
   .19600000E+01  .12771943E+02
   .20000000E+01  .11858781E+02
Core Pot   L  =        2.00000    .00000
  -.20000000E+01  .18330928E+01
  -.19600000E+01  .18230100E+01
  -.19200000E+01  .18128838E+01
  -.18800000E+01  .18027139E+01
  -.18400000E+01  .17924998E+01
  -.18000000E+01  .17822409E+01
  -.17600000E+01  .17719369E+01
  -.17200000E+01  .17615871E+01
  -.16800000E+01  .17511911E+01
  -.16400000E+01  .17407483E+01
  -.16000000E+01  .17302583E+01
  -.15600000E+01  .17197204E+01
  -.15200000E+01  .17091341E+01
  -.14800000E+01  .16984989E+01
  -.14400000E+01  .16878142E+01
  -.14000000E+01  .16770793E+01
  -.13600000E+01  .16662938E+01
  -.13200000E+01  .16554570E+01
  -.12800000E+01  .16445683E+01
  -.12400000E+01  .16336271E+01
  -.12000000E+01  .16226328E+01
  -.11600000E+01  .16115846E+01
  -.11200000E+01  .16004820E+01
  -.10800000E+01  .15893243E+01
  -.10400000E+01  .15781108E+01
  -.10000000E+01  .15668409E+01
  -.96000000E+00  .15555137E+01
  -.92000000E+00  .15441286E+01
  -.88000000E+00  .15326849E+01
  -.84000000E+00  .15211818E+01
  -.80000000E+00  .15096186E+01
  -.76000000E+00  .14979945E+01
  -.72000000E+00  .14863086E+01
  -.68000000E+00  .14745603E+01
  -.64000000E+00  .14627486E+01
  -.60000000E+00  .14508729E+01
  -.56000000E+00  .14389321E+01
  -.52000000E+00  .14269254E+01
  -.48000000E+00  .14148520E+01
  -.44000000E+00  .14027110E+01
  -.40000000E+00  .13905014E+01
  -.36000000E+00  .13782223E+01
  -.32000000E+00  .13658728E+01
  -.28000000E+00  .13534518E+01
  -.24000000E+00  .13409585E+01
  -.20000000E+00  .13283917E+01
  -.16000000E+00  .13157504E+01
  -.12000000E+00  .13030336E+01
  -.80000000E-01  .12902403E+01
  -.40000000E-01  .12773692E+01
   .12351231E-14  .12644194E+01
   .40000000E-01  .12513895E+01
   .80000000E-01  .12382786E+01
   .12000000E+00  .12250853E+01
   .16000000E+00  .12118085E+01
   .20000000E+00  .11984469E+01
   .24000000E+00  .11849992E+01
   .28000000E+00  .11714642E+01
   .32000000E+00  .11578405E+01
   .36000000E+00  .11441268E+01
   .40000000E+00  .11303216E+01
   .44000000E+00  .11164235E+01
   .48000000E+00  .11024311E+01
   .52000000E+00  .10883430E+01
   .56000000E+00  .10741575E+01
   .60000000E+00  .10598732E+01
   .64000000E+00  .10454884E+01
   .68000000E+00  .10310015E+01
   .72000000E+00  .10164109E+01
   .76000000E+00  .10017149E+01
   .80000000E+00  .98691168E+00
   .84000000E+00  .97199949E+00
   .88000000E+00  .95697650E+00
   .92000000E+00  .94184085E+00
   .96000000E+00  .92659063E+00
   .10000000E+01  .91122386E+00
   .10400000E+01  .89573855E+00
   .10800000E+01  .88013262E+00
   .11200000E+01  .86440397E+00
   .11600000E+01  .84855044E+00
   .12000000E+01  .83256981E+00
   .12400000E+01  .81645980E+00
   .12800000E+01  .80021808E+00
   .13200000E+01  .78384226E+00
   .13600000E+01  .76732989E+00
   .14000000E+01  .75067843E+00
   .14400000E+01  .73388533E+00
   .14800000E+01  .71694790E+00
   .15200000E+01  .69986345E+00
   .15600000E+01  .68262916E+00
   .16000000E+01  .66524217E+00
   .16400000E+01  .64769952E+00
   .16800000E+01  .62999819E+00
   .17200000E+01  .61213506E+00
   .17600000E+01  .59410693E+00
   .18000000E+01  .57591050E+00
   .18400000E+01  .55754240E+00
   .18800000E+01  .53899915E+00
   .19200000E+01  .52027715E+00
   .19600000E+01  .50137274E+00
   .20000000E+01  .48228211E+00
Potential  L  =        2.00000    .00000
  -.20000000E+01  .18354540E+01
  -.19600000E+01  .18254115E+01
  -.19200000E+01  .18153266E+01
  -.18800000E+01  .18051988E+01
  -.18400000E+01  .17950276E+01
  -.18000000E+01  .17848126E+01
  -.17600000E+01  .17745533E+01
  -.17200000E+01  .17642491E+01
  -.16800000E+01  .17538997E+01
  -.16400000E+01  .17435044E+01
  -.16000000E+01  .17330629E+01
  -.15600000E+01  .17225745E+01
  -.15200000E+01  .17120387E+01
  -.14800000E+01  .17014551E+01
  -.14400000E+01  .16908230E+01
  -.14000000E+01  .16801419E+01
  -.13600000E+01  .16694113E+01
  -.13200000E+01  .16586305E+01
  -.12800000E+01  .16477990E+01
  -.12400000E+01  .16369162E+01
  -.12000000E+01  .16259815E+01
  -.11600000E+01  .16149943E+01
  -.11200000E+01  .16039539E+01
  -.10800000E+01  .15928597E+01
  -.10400000E+01  .15817111E+01
  -.10000000E+01  .15705074E+01
  -.96000000E+00  .15592480E+01
  -.92000000E+00  .15479321E+01
  -.88000000E+00  .15365590E+01
  -.84000000E+00  .15251282E+01
  -.80000000E+00  .15136387E+01
  -.76000000E+00  .15020900E+01
  -.72000000E+00  .14904812E+01
  -.68000000E+00  .14788117E+01
  -.64000000E+00  .14670805E+01
  -.60000000E+00  .14552870E+01
  -.56000000E+00  .14434303E+01
  -.52000000E+00  .14315097E+01
  -.48000000E+00  .14195242E+01
  -.44000000E+00  .14074730E+01
  -.40000000E+00  .13953554E+01
  -.36000000E+00  .13831703E+01
  -.32000000E+00  .13709168E+01
  -.28000000E+00  .13585942E+01
  -.24000000E+00  .13462014E+01
  -.20000000E+00  .13337374E+01
  -.16000000E+00  .13212014E+01
  -.12000000E+00  .13085922E+01
  -.80000000E-01  .12959090E+01
  -.40000000E-01  .12831506E+01
   .12351231E-14  .12703161E+01
   .40000000E-01  .12574043E+01
   .80000000E-01  .12444141E+01
   .12000000E+00  .12313445E+01
   .16000000E+00  .12181943E+01
   .20000000E+00  .12049622E+01
   .24000000E+00  .11916472E+01
   .28000000E+00  .11782481E+01
   .32000000E+00  .11647634E+01
   .36000000E+00  .11511921E+01
   .40000000E+00  .11375329E+01
   .44000000E+00  .11237842E+01
   .48000000E+00  .11099450E+01
   .52000000E+00  .10960137E+01
   .56000000E+00  .10819889E+01
   .60000000E+00  .10678693E+01
   .64000000E+00  .10536532E+01
   .68000000E+00  .10393393E+01
   .72000000E+00  .10249260E+01
   .76000000E+00  .10104117E+01
   .80000000E+00  .99579483E+00
   .84000000E+00  .98107368E+00
   .88000000E+00  .96624660E+00
   .92000000E+00  .95131185E+00
   .96000000E+00  .93626768E+00
   .10000000E+01  .92111228E+00
   .10400000E+01  .90584380E+00
   .10800000E+01  .89046034E+00
   .11200000E+01  .87495998E+00
   .11600000E+01  .85934071E+00
   .12000000E+01  .84360052E+00
   .12400000E+01  .82773731E+00
   .12800000E+01  .81174896E+00
   .13200000E+01  .79563327E+00
   .13600000E+01  .77938801E+00
   .14000000E+01  .76301088E+00
   .14400000E+01  .74649952E+00
   .14800000E+01  .72985153E+00
   .15200000E+01  .71306442E+00
   .15600000E+01  .69613565E+00
   .16000000E+01  .67906262E+00
   .16400000E+01  .66184265E+00
   .16800000E+01  .64447301E+00
   .17200000E+01  .62695086E+00
   .17600000E+01  .60927333E+00
   .18000000E+01  .59143745E+00
   .18400000E+01  .57344016E+00
   .18800000E+01  .55527834E+00
   .19200000E+01  .53694876E+00
   .19600000E+01  .51844812E+00
   .20000000E+01  .49977302E+00
Core Pot   L  =        3.00000    .00000
  -.20000000E+01  .24372914E+01
  -.19600000E+01  .24297353E+01
  -.19200000E+01  .24221607E+01
  -.18800000E+01  .24145676E+01
  -.18400000E+01  .24069558E+01
  -.18000000E+01  .23993252E+01
  -.17600000E+01  .23916757E+01
  -.17200000E+01  .23840071E+01
  -.16800000E+01  .23763194E+01
  -.16400000E+01  .23686123E+01
  -.16000000E+01  .23608858E+01
  -.15600000E+01  .23531398E+01
  -.15200000E+01  .23453741E+01
  -.14800000E+01  .23375886E+01
  -.14400000E+01  .23297832E+01
  -.14000000E+01  .23219576E+01
  -.13600000E+01  .23141119E+01
  -.13200000E+01  .23062459E+01
  -.12800000E+01  .22983593E+01
  -.12400000E+01  .22904522E+01
  -.12000000E+01  .22825243E+01
  -.11600000E+01  .22745755E+01
  -.11200000E+01  .22666057E+01
  -.10800000E+01  .22586147E+01
  -.10400000E+01  .22506024E+01
  -.10000000E+01  .22425686E+01
  -.96000000E+00  .22345132E+01
  -.92000000E+00  .22264361E+01
  -.88000000E+00  .22183370E+01
  -.84000000E+00  .22102159E+01
  -.80000000E+00  .22020725E+01
  -.76000000E+00  .21939068E+01
  -.72000000E+00  .21857186E+01
  -.68000000E+00  .21775077E+01
  -.64000000E+00  .21692739E+01
  -.60000000E+00  .21610171E+01
  -.56000000E+00  .21527371E+01
  -.52000000E+00  .21444338E+01
  -.48000000E+00  .21361070E+01
  -.44000000E+00  .21277565E+01
  -.40000000E+00  .21193822E+01
  -.36000000E+00  .21109838E+01
  -.32000000E+00  .21025613E+01
  -.28000000E+00  .20941143E+01
  -.24000000E+00  .20856429E+01
  -.20000000E+00  .20771467E+01
  -.16000000E+00  .20686256E+01
  -.12000000E+00  .20600794E+01
  -.80000000E-01  .20515079E+01
  -.40000000E-01  .20429109E+01
   .12351231E-14  .20342883E+01
   .40000000E-01  .20256399E+01
   .80000000E-01  .20169654E+01
   .12000000E+00  .20082646E+01
   .16000000E+00  .19995374E+01
   .20000000E+00  .19907836E+01
   .24000000E+00  .19820029E+01
   .28000000E+00  .19731951E+01
   .32000000E+00  .19643601E+01
   .36000000E+00  .19554976E+01
   .40000000E+00  .19466075E+01
   .44000000E+00  .19376894E+01
   .48000000E+00  .19287432E+01
   .52000000E+00  .19197687E+01
   .56000000E+00  .19107656E+01
   .60000000E+00  .19017337E+01
   .64000000E+00  .18926728E+01
   .68000000E+00  .18835826E+01
   .72000000E+00  .18744630E+01
   .76000000E+00  .18653137E+01
   .80000000E+00  .18561343E+01
   .84000000E+00  .18469248E+01
   .88000000E+00  .18376849E+01
   .92000000E+00  .18284142E+01
   .96000000E+00  .18191126E+01
   .10000000E+01  .18097798E+01
   .10400000E+01  .18004156E+01
   .10800000E+01  .17910196E+01
   .11200000E+01  .17815916E+01
   .11600000E+01  .17721314E+01
   .12000000E+01  .17626387E+01
   .12400000E+01  .17531132E+01
   .12800000E+01  .17435546E+01
   .13200000E+01  .17339627E+01
   .13600000E+01  .17243371E+01
   .14000000E+01  .17146776E+01
   .14400000E+01  .17049839E+01
   .14800000E+01  .16952557E+01
   .15200000E+01  .16854927E+01
   .15600000E+01  .16756946E+01
   .16000000E+01  .16658611E+01
   .16400000E+01  .16559919E+01
   .16800000E+01  .16460866E+01
   .17200000E+01  .16361450E+01
   .17600000E+01  .16261667E+01
   .18000000E+01  .16161514E+01
   .18400000E+01  .16060987E+01
   .18800000E+01  .15960084E+01
   .19200000E+01  .15858801E+01
   .19600000E+01  .15757134E+01
   .20000000E+01  .15655081E+01
Potential  L  =        3.00000    .00000
  -.20000000E+01  .24374602E+01
  -.19600000E+01  .24299059E+01
  -.19200000E+01  .24223332E+01
  -.18800000E+01  .24147420E+01
  -.18400000E+01  .24071321E+01
  -.18000000E+01  .23995034E+01
  -.17600000E+01  .23918559E+01
  -.17200000E+01  .23841893E+01
  -.16800000E+01  .23765036E+01
  -.16400000E+01  .23687986E+01
  -.16000000E+01  .23610743E+01
  -.15600000E+01  .23533304E+01
  -.15200000E+01  .23455669E+01
  -.14800000E+01  .23377837E+01
  -.14400000E+01  .23299805E+01
  -.14000000E+01  .23221573E+01
  -.13600000E+01  .23143139E+01
  -.13200000E+01  .23064503E+01
  -.12800000E+01  .22985662E+01
  -.12400000E+01  .22906615E+01
  -.12000000E+01  .22827362E+01
  -.11600000E+01  .22747900E+01
  -.11200000E+01  .22668228E+01
  -.10800000E+01  .22588345E+01
  -.10400000E+01  .22508249E+01
  -.10000000E+01  .22427938E+01
  -.96000000E+00  .22347413E+01
  -.92000000E+00  .22266670E+01
  -.88000000E+00  .22185708E+01
  -.84000000E+00  .22104526E+01
  -.80000000E+00  .22023123E+01
  -.76000000E+00  .21941496E+01
  -.72000000E+00  .21859645E+01
  -.68000000E+00  .21777567E+01
  -.64000000E+00  .21695261E+01
  -.60000000E+00  .21612726E+01
  -.56000000E+00  .21529960E+01
  -.52000000E+00  .21446960E+01
  -.48000000E+00  .21363726E+01
  -.44000000E+00  .21280256E+01
  -.40000000E+00  .21196549E+01
  -.36000000E+00  .21112601E+01
  -.32000000E+00  .21028412E+01
  -.28000000E+00  .20943980E+01
  -.24000000E+00  .20859303E+01
  -.20000000E+00  .20774380E+01
  -.16000000E+00  .20689208E+01
  -.12000000E+00  .20603786E+01
  -.80000000E-01  .20518111E+01
  -.40000000E-01  .20432183E+01
   .12351231E-14  .20345999E+01
   .40000000E-01  .20259556E+01
   .80000000E-01  .20172854E+01
   .12000000E+00  .20085891E+01
   .16000000E+00  .19998663E+01
   .20000000E+00  .19911170E+01
   .24000000E+00  .19823409E+01
   .28000000E+00  .19735378E+01
   .32000000E+00  .19647076E+01
   .36000000E+00  .19558499E+01
   .40000000E+00  .19469647E+01
   .44000000E+00  .19380516E+01
   .48000000E+00  .19291105E+01
   .52000000E+00  .19201411E+01
   .56000000E+00  .19111433E+01
   .60000000E+00  .19021167E+01
   .64000000E+00  .18930612E+01
   .68000000E+00  .18839765E+01
   .72000000E+00  .18748625E+01
   .76000000E+00  .18657188E+01
   .80000000E+00  .18565453E+01
   .84000000E+00  .18473416E+01
   .88000000E+00  .18381076E+01
   .92000000E+00  .18288430E+01
   .96000000E+00  .18195476E+01
   .10000000E+01  .18102211E+01
   .10400000E+01  .18008632E+01
   .10800000E+01  .17914736E+01
   .11200000E+01  .17820523E+01
   .11600000E+01  .17725987E+01
   .12000000E+01  .17631128E+01
   .12400000E+01  .17535942E+01
   .12800000E+01  .17440426E+01
   .13200000E+01  .17344578E+01
   .13600000E+01  .17248395E+01
   .14000000E+01  .17151874E+01
   .14400000E+01  .17055011E+01
   .14800000E+01  .16957805E+01
   .15200000E+01  .16860253E+01
   .15600000E+01  .16762350E+01
   .16000000E+01  .16664095E+01
   .16400000E+01  .16565484E+01
   .16800000E+01  .16466513E+01
   .17200000E+01  .16367181E+01
   .17600000E+01  .16267483E+01
   .18000000E+01  .16167417E+01
   .18400000E+01  .16066979E+01
   .18800000E+01  .15966165E+01
   .19200000E+01  .15864973E+01
   .19600000E+01  .15763399E+01
   .20000000E+01  .15661440E+01
Core Pot   L  =        4.00000    .00000
  -.20000000E+01  .30208007E+01
  -.19600000E+01  .30146606E+01
  -.19200000E+01  .30085101E+01
  -.18800000E+01  .30023517E+01
  -.18400000E+01  .29961812E+01
  -.18000000E+01  .29900008E+01
  -.17600000E+01  .29838085E+01
  -.17200000E+01  .29776077E+01
  -.16800000E+01  .29713960E+01
  -.16400000E+01  .29651739E+01
  -.16000000E+01  .29589416E+01
  -.15600000E+01  .29527002E+01
  -.15200000E+01  .29464474E+01
  -.14800000E+01  .29401818E+01
  -.14400000E+01  .29339071E+01
  -.14000000E+01  .29276221E+01
  -.13600000E+01  .29213267E+01
  -.13200000E+01  .29150203E+01
  -.12800000E+01  .29087023E+01
  -.12400000E+01  .29023744E+01
  -.12000000E+01  .28960364E+01
  -.11600000E+01  .28896852E+01
  -.11200000E+01  .28833238E+01
  -.10800000E+01  .28769520E+01
  -.10400000E+01  .28705691E+01
  -.10000000E+01  .28641741E+01
  -.96000000E+00  .28577702E+01
  -.92000000E+00  .28513517E+01
  -.88000000E+00  .28449237E+01
  -.84000000E+00  .28384842E+01
  -.80000000E+00  .28320333E+01
  -.76000000E+00  .28255711E+01
  -.72000000E+00  .28190971E+01
  -.68000000E+00  .28126132E+01
  -.64000000E+00  .28061142E+01
  -.60000000E+00  .27996061E+01
  -.56000000E+00  .27930854E+01
  -.52000000E+00  .27865533E+01
  -.48000000E+00  .27800093E+01
  -.44000000E+00  .27734544E+01
  -.40000000E+00  .27668848E+01
  -.36000000E+00  .27603049E+01
  -.32000000E+00  .27537132E+01
  -.28000000E+00  .27471090E+01
  -.24000000E+00  .27404926E+01
  -.20000000E+00  .27338639E+01
  -.16000000E+00  .27272246E+01
  -.12000000E+00  .27205696E+01
  -.80000000E-01  .27139040E+01
  -.40000000E-01  .27072261E+01
   .12351231E-14  .27005352E+01
   .40000000E-01  .26938322E+01
   .80000000E-01  .26871158E+01
   .12000000E+00  .26803885E+01
   .16000000E+00  .26736456E+01
   .20000000E+00  .26668916E+01
   .24000000E+00  .26601243E+01
   .28000000E+00  .26533441E+01
   .32000000E+00  .26465519E+01
   .36000000E+00  .26397441E+01
   .40000000E+00  .26329248E+01
   .44000000E+00  .26260919E+01
   .48000000E+00  .26192460E+01
   .52000000E+00  .26123863E+01
   .56000000E+00  .26055132E+01
   .60000000E+00  .25986270E+01
   .64000000E+00  .25917273E+01
   .68000000E+00  .25848134E+01
   .72000000E+00  .25778863E+01
   .76000000E+00  .25709449E+01
   .80000000E+00  .25639900E+01
   .84000000E+00  .25570211E+01
   .88000000E+00  .25500383E+01
   .92000000E+00  .25430412E+01
   .96000000E+00  .25360301E+01
   .10000000E+01  .25290049E+01
   .10400000E+01  .25219653E+01
   .10800000E+01  .25149112E+01
   .11200000E+01  .25078429E+01
   .11600000E+01  .25007600E+01
   .12000000E+01  .24936627E+01
   .12400000E+01  .24865505E+01
   .12800000E+01  .24794237E+01
   .13200000E+01  .24722819E+01
   .13600000E+01  .24651253E+01
   .14000000E+01  .24579538E+01
   .14400000E+01  .24507672E+01
   .14800000E+01  .24435655E+01
   .15200000E+01  .24363485E+01
   .15600000E+01  .24291162E+01
   .16000000E+01  .24218686E+01
   .16400000E+01  .24146055E+01
   .16800000E+01  .24073269E+01
   .17200000E+01  .24000327E+01
   .17600000E+01  .23927227E+01
   .18000000E+01  .23853969E+01
   .18400000E+01  .23780553E+01
   .18800000E+01  .23706975E+01
   .19200000E+01  .23633238E+01
   .19600000E+01  .23559340E+01
   .20000000E+01  .23485280E+01
Potential  L  =        4.00000    .00000
  -.20000000E+01  .30208356E+01
  -.19600000E+01  .30146961E+01
  -.19200000E+01  .30085460E+01
  -.18800000E+01  .30023856E+01
  -.18400000E+01  .29962135E+01
  -.18000000E+01  .29900331E+01
  -.17600000E+01  .29838444E+01
  -.17200000E+01  .29776430E+01
  -.16800000E+01  .29714313E+01
  -.16400000E+01  .29652101E+01
  -.16000000E+01  .29589780E+01
  -.15600000E+01  .29527351E+01
  -.15200000E+01  .29464819E+01
  -.14800000E+01  .29402168E+01
  -.14400000E+01  .29339425E+01
  -.14000000E+01  .29276576E+01
  -.13600000E+01  .29213634E+01
  -.13200000E+01  .29150571E+01
  -.12800000E+01  .29087401E+01
  -.12400000E+01  .29024121E+01
  -.12000000E+01  .28960730E+01
  -.11600000E+01  .28897217E+01
  -.11200000E+01  .28833609E+01
  -.10800000E+01  .28769904E+01
  -.10400000E+01  .28706076E+01
  -.10000000E+01  .28642131E+01
  -.96000000E+00  .28578082E+01
  -.92000000E+00  .28513915E+01
  -.88000000E+00  .28449623E+01
  -.84000000E+00  .28385245E+01
  -.80000000E+00  .28320740E+01
  -.76000000E+00  .28256118E+01
  -.72000000E+00  .28191381E+01
  -.68000000E+00  .28126518E+01
  -.64000000E+00  .28061552E+01
  -.60000000E+00  .27996478E+01
  -.56000000E+00  .27931277E+01
  -.52000000E+00  .27865961E+01
  -.48000000E+00  .27800522E+01
  -.44000000E+00  .27734968E+01
  -.40000000E+00  .27669292E+01
  -.36000000E+00  .27603496E+01
  -.32000000E+00  .27537563E+01
  -.28000000E+00  .27471542E+01
  -.24000000E+00  .27405384E+01
  -.20000000E+00  .27339102E+01
  -.16000000E+00  .27272697E+01
  -.12000000E+00  .27206168E+01
  -.80000000E-01  .27139503E+01
  -.40000000E-01  .27072743E+01
   .12351231E-14  .27005839E+01
   .40000000E-01  .26938810E+01
   .80000000E-01  .26871655E+01
   .12000000E+00  .26804374E+01
   .16000000E+00  .26736964E+01
   .20000000E+00  .26669430E+01
   .24000000E+00  .26601762E+01
   .28000000E+00  .26533963E+01
   .32000000E+00  .26466035E+01
   .36000000E+00  .26397979E+01
   .40000000E+00  .26329777E+01
   .44000000E+00  .26261470E+01
   .48000000E+00  .26193014E+01
   .52000000E+00  .26124428E+01
   .56000000E+00  .26055703E+01
   .60000000E+00  .25986847E+01
   .64000000E+00  .25917856E+01
   .68000000E+00  .25848726E+01
   .72000000E+00  .25779458E+01
   .76000000E+00  .25710053E+01
   .80000000E+00  .25640513E+01
   .84000000E+00  .25570833E+01
   .88000000E+00  .25501012E+01
   .92000000E+00  .25431050E+01
   .96000000E+00  .25360946E+01
   .10000000E+01  .25290703E+01
   .10400000E+01  .25220315E+01
   .10800000E+01  .25149784E+01
   .11200000E+01  .25079108E+01
   .11600000E+01  .25008288E+01
   .12000000E+01  .24937322E+01
   .12400000E+01  .24866209E+01
   .12800000E+01  .24794951E+01
   .13200000E+01  .24723544E+01
   .13600000E+01  .24651987E+01
   .14000000E+01  .24580280E+01
   .14400000E+01  .24508423E+01
   .14800000E+01  .24436415E+01
   .15200000E+01  .24364255E+01
   .15600000E+01  .24291943E+01
   .16000000E+01  .24219476E+01
   .16400000E+01  .24146856E+01
   .16800000E+01  .24074080E+01
   .17200000E+01  .24001149E+01
   .17600000E+01  .23928060E+01
   .18000000E+01  .23854813E+01
   .18400000E+01  .23781407E+01
   .18800000E+01  .23707842E+01
   .19200000E+01  .23634116E+01
   .19600000E+01  .23560229E+01
   .20000000E+01  .23486180E+01
KBPotential  L  =       .00000  -3.51973
  -.20000000E+01 -.44078768E+00
  -.19600000E+01 -.52248543E+00
  -.19200000E+01 -.60912986E+00
  -.18800000E+01 -.70123802E+00
  -.18400000E+01 -.79940195E+00
  -.18000000E+01 -.90430291E+00
  -.17600000E+01 -.10167287E+01
  -.17200000E+01 -.11375956E+01
  -.16800000E+01 -.12679753E+01
  -.16400000E+01 -.14091295E+01
  -.16000000E+01 -.15625543E+01
  -.15600000E+01 -.17300366E+01
  -.15200000E+01 -.19137290E+01
  -.14800000E+01 -.21162484E+01
  -.14400000E+01 -.23408077E+01
  -.14000000E+01 -.25913963E+01
  -.13600000E+01 -.28730298E+01
  -.13200000E+01 -.31921022E+01
  -.12800000E+01 -.35568950E+01
  -.12400000E+01 -.39783286E+01
  -.12000000E+01 -.44711049E+01
  -.11600000E+01 -.50554990E+01
  -.11200000E+01 -.57602769E+01
  -.10800000E+01 -.66276595E+01
  -.10400000E+01 -.77222320E+01
  -.10000000E+01 -.91480117E+01
  -.96000000E+00 -.11083962E+02
  -.92000000E+00 -.13866324E+02
  -.88000000E+00 -.18210040E+02
  -.84000000E+00 -.25950857E+02
  -.80000000E+00 -.43657271E+02
  -.76000000E+00 -.12553645E+03
  -.72000000E+00  .15768597E+03
  -.68000000E+00  .49831235E+02
  -.64000000E+00  .30067832E+02
  -.60000000E+00  .21760663E+02
  -.56000000E+00  .17183748E+02
  -.52000000E+00  .14283142E+02
  -.48000000E+00  .12278962E+02
  -.44000000E+00  .10810143E+02
  -.40000000E+00  .96865664E+01
  -.36000000E+00  .87986020E+01
  -.32000000E+00  .80785885E+01
  -.28000000E+00  .74825044E+01
  -.24000000E+00  .69804738E+01
  -.20000000E+00  .65515064E+01
  -.16000000E+00  .61804231E+01
  -.12000000E+00  .58559749E+01
  -.80000000E-01  .55696481E+01
  -.40000000E-01  .53148808E+01
   .12351231E-14  .50865338E+01
   .40000000E-01  .48805246E+01
   .80000000E-01  .46935695E+01
   .12000000E+00  .45229968E+01
   .16000000E+00  .43666110E+01
   .20000000E+00  .42225908E+01
   .24000000E+00  .40894132E+01
   .28000000E+00  .39657942E+01
   .32000000E+00  .38506439E+01
   .36000000E+00  .37430314E+01
   .40000000E+00  .36421563E+01
   .44000000E+00  .35473272E+01
   .48000000E+00  .34579432E+01
   .52000000E+00  .33734798E+01
   .56000000E+00  .32934772E+01
   .60000000E+00  .32175304E+01
   .64000000E+00  .31452814E+01
   .68000000E+00  .30764127E+01
   .72000000E+00  .30106412E+01
   .76000000E+00  .29477145E+01
   .80000000E+00  .28874058E+01
   .84000000E+00  .28295116E+01
   .88000000E+00  .27738485E+01
   .92000000E+00  .27202506E+01
   .96000000E+00  .26685676E+01
   .10000000E+01  .26186630E+01
   .10400000E+01  .25704124E+01
   .10800000E+01  .25237025E+01
   .11200000E+01  .24784296E+01
   .11600000E+01  .24344985E+01
   .12000000E+01  .23918222E+01
   .12400000E+01  .23503203E+01
   .12800000E+01  .23099188E+01
   .13200000E+01  .22705497E+01
   .13600000E+01  .22321496E+01
   .14000000E+01  .21946603E+01
   .14400000E+01  .21580274E+01
   .14800000E+01  .21222005E+01
   .15200000E+01  .20871330E+01
   .15600000E+01  .20527810E+01
   .16000000E+01  .20191039E+01
   .16400000E+01  .19860636E+01
   .16800000E+01  .19536245E+01
   .17200000E+01  .19217532E+01
   .17600000E+01  .18904186E+01
   .18000000E+01  .18595912E+01
   .18400000E+01  .18292434E+01
   .18800000E+01  .17993493E+01
   .19200000E+01  .17698844E+01
   .19600000E+01  .17408256E+01
   .20000000E+01  .17121511E+01
KBPotential  L  =      1.00000  -1.32773
  -.20000000E+01  .90324876E+00
  -.19600000E+01  .87782253E+00
  -.19200000E+01  .85179002E+00
  -.18800000E+01  .82511983E+00
  -.18400000E+01  .79777824E+00
  -.18000000E+01  .76972904E+00
  -.17600000E+01  .74093327E+00
  -.17200000E+01  .71134897E+00
  -.16800000E+01  .68093086E+00
  -.16400000E+01  .64963002E+00
  -.16000000E+01  .61739353E+00
  -.15600000E+01  .58416402E+00
  -.15200000E+01  .54987919E+00
  -.14800000E+01  .51447133E+00
  -.14400000E+01  .47786661E+00
  -.14000000E+01  .43998448E+00
  -.13600000E+01  .40073681E+00
  -.13200000E+01  .36002701E+00
  -.12800000E+01  .31774897E+00
  -.12400000E+01  .27378586E+00
  -.12000000E+01  .22800877E+00
  -.11600000E+01  .18027506E+00
  -.11200000E+01  .13042645E+00
  -.10800000E+01  .78286931E-01
  -.10400000E+01  .23660085E-01
  -.10000000E+01 -.33673872E-01
  -.96000000E+00 -.93961824E-01
  -.92000000E+00 -.15748182E+00
  -.88000000E+00 -.22454836E+00
  -.84000000E+00 -.29551858E+00
  -.80000000E+00 -.37079958E+00
  -.76000000E+00 -.45085764E+00
  -.72000000E+00 -.53622933E+00
  -.68000000E+00 -.62753520E+00
  -.64000000E+00 -.72549703E+00
  -.60000000E+00 -.83095929E+00
  -.56000000E+00 -.94491634E+00
  -.52000000E+00 -.10685473E+01
  -.48000000E+00 -.12032612E+01
  -.44000000E+00 -.13507554E+01
  -.40000000E+00 -.15130940E+01
  -.36000000E+00 -.16928122E+01
  -.32000000E+00 -.18930587E+01
  -.28000000E+00 -.21177937E+01
  -.24000000E+00 -.23720681E+01
  -.20000000E+00 -.26624266E+01
  -.16000000E+00 -.29975045E+01
  -.12000000E+00 -.33889349E+01
  -.80000000E-01 -.38527724E+01
  -.40000000E-01 -.44118159E+01
   .12351231E-14 -.50995649E+01
   .40000000E-01 -.59673315E+01
   .80000000E-01 -.70978962E+01
   .12000000E+00 -.86339989E+01
   .16000000E+00 -.10844631E+02
   .20000000E+00 -.14304247E+02
   .24000000E+00 -.20498272E+02
   .28000000E+00 -.34814990E+02
   .32000000E+00 -.10390123E+03
   .36000000E+00  .11626693E+03
   .40000000E+00  .38413571E+02
   .44000000E+00  .23396653E+02
   .48000000E+00  .17009525E+02
   .52000000E+00  .13470189E+02
   .56000000E+00  .11218927E+02
   .60000000E+00  .96591656E+01
   .64000000E+00  .85134556E+01
   .68000000E+00  .76352577E+01
   .72000000E+00  .69398783E+01
   .76000000E+00  .63749573E+01
   .80000000E+00  .59063816E+01
   .84000000E+00  .55109740E+01
   .88000000E+00  .51724359E+01
   .92000000E+00  .48789717E+01
   .96000000E+00  .46218340E+01
   .10000000E+01  .43943987E+01
   .10400000E+01  .41915577E+01
   .10800000E+01  .40093086E+01
   .11200000E+01  .38444706E+01
   .11600000E+01  .36944843E+01
   .12000000E+01  .35572669E+01
   .12400000E+01  .34311060E+01
   .12800000E+01  .33145809E+01
   .13200000E+01  .32065029E+01
   .13600000E+01  .31058700E+01
   .14000000E+01  .30118312E+01
   .14400000E+01  .29236595E+01
   .14800000E+01  .28407299E+01
   .15200000E+01  .27625022E+01
   .15600000E+01  .26885066E+01
   .16000000E+01  .26183334E+01
   .16400000E+01  .25516230E+01
   .16800000E+01  .24880587E+01
   .17200000E+01  .24273606E+01
   .17600000E+01  .23692800E+01
   .18000000E+01  .23135957E+01
   .18400000E+01  .22601099E+01
   .18800000E+01  .22086451E+01
   .19200000E+01  .21590420E+01
   .19600000E+01  .21111567E+01
   .20000000E+01  .20648593E+01
KBPotential  L  =      2.00000    .00000
  -.20000000E+01  .18354540E+01
  -.19600000E+01  .18254115E+01
  -.19200000E+01  .18153266E+01
  -.18800000E+01  .18051988E+01
  -.18400000E+01  .17950276E+01
  -.18000000E+01  .17848126E+01
  -.17600000E+01  .17745533E+01
  -.17200000E+01  .17642491E+01
  -.16800000E+01  .17538997E+01
  -.16400000E+01  .17435044E+01
  -.16000000E+01  .17330629E+01
  -.15600000E+01  .17225745E+01
  -.15200000E+01  .17120387E+01
  -.14800000E+01  .17014551E+01
  -.14400000E+01  .16908230E+01
  -.14000000E+01  .16801419E+01
  -.13600000E+01  .16694113E+01
  -.13200000E+01  .16586305E+01
  -.12800000E+01  .16477990E+01
  -.12400000E+01  .16369162E+01
  -.12000000E+01  .16259815E+01
  -.11600000E+01  .16149943E+01
  -.11200000E+01  .16039539E+01
  -.10800000E+01  .15928597E+01
  -.10400000E+01  .15817111E+01
  -.10000000E+01  .15705074E+01
  -.96000000E+00  .15592480E+01
  -.92000000E+00  .15479321E+01
  -.88000000E+00  .15365590E+01
  -.84000000E+00  .15251282E+01
  -.80000000E+00  .15136387E+01
  -.76000000E+00  .15020900E+01
  -.72000000E+00  .14904812E+01
  -.68000000E+00  .14788117E+01
  -.64000000E+00  .14670805E+01
  -.60000000E+00  .14552870E+01
  -.56000000E+00  .14434303E+01
  -.52000000E+00  .14315097E+01
  -.48000000E+00  .14195242E+01
  -.44000000E+00  .14074730E+01
  -.40000000E+00  .13953554E+01
  -.36000000E+00  .13831703E+01
  -.32000000E+00  .13709168E+01
  -.28000000E+00  .13585942E+01
  -.24000000E+00  .13462014E+01
  -.20000000E+00  .13337374E+01
  -.16000000E+00  .13212014E+01
  -.12000000E+00  .13085922E+01
  -.80000000E-01  .12959090E+01
  -.40000000E-01  .12831506E+01
   .12351231E-14  .12703161E+01
   .40000000E-01  .12574043E+01
   .80000000E-01  .12444141E+01
   .12000000E+00  .12313445E+01
   .16000000E+00  .12181943E+01
   .20000000E+00  .12049622E+01
   .24000000E+00  .11916472E+01
   .28000000E+00  .11782481E+01
   .32000000E+00  .11647634E+01
   .36000000E+00  .11511921E+01
   .40000000E+00  .11375329E+01
   .44000000E+00  .11237842E+01
   .48000000E+00  .11099450E+01
   .52000000E+00  .10960137E+01
   .56000000E+00  .10819889E+01
   .60000000E+00  .10678693E+01
   .64000000E+00  .10536532E+01
   .68000000E+00  .10393393E+01
   .72000000E+00  .10249260E+01
   .76000000E+00  .10104117E+01
   .80000000E+00  .99579483E+00
   .84000000E+00  .98107368E+00
   .88000000E+00  .96624660E+00
   .92000000E+00  .95131185E+00
   .96000000E+00  .93626768E+00
   .10000000E+01  .92111228E+00
   .10400000E+01  .90584380E+00
   .10800000E+01  .89046034E+00
   .11200000E+01  .87495998E+00
   .11600000E+01  .85934071E+00
   .12000000E+01  .84360052E+00
   .12400000E+01  .82773731E+00
   .12800000E+01  .81174896E+00
   .13200000E+01  .79563327E+00
   .13600000E+01  .77938801E+00
   .14000000E+01  .76301088E+00
   .14400000E+01  .74649952E+00
   .14800000E+01  .72985153E+00
   .15200000E+01  .71306442E+00
   .15600000E+01  .69613565E+00
   .16000000E+01  .67906262E+00
   .16400000E+01  .66184265E+00
   .16800000E+01  .64447301E+00
   .17200000E+01  .62695086E+00
   .17600000E+01  .60927333E+00
   .18000000E+01  .59143745E+00
   .18400000E+01  .57344016E+00
   .18800000E+01  .55527834E+00
   .19200000E+01  .53694876E+00
   .19600000E+01  .51844812E+00
   .20000000E+01  .49977302E+00
KBPotential  L  =      3.00000    .00000
  -.20000000E+01  .24374602E+01
  -.19600000E+01  .24299059E+01
  -.19200000E+01  .24223332E+01
  -.18800000E+01  .24147420E+01
  -.18400000E+01  .24071321E+01
  -.18000000E+01  .23995034E+01
  -.17600000E+01  .23918559E+01
  -.17200000E+01  .23841893E+01
  -.16800000E+01  .23765036E+01
  -.16400000E+01  .23687986E+01
  -.16000000E+01  .23610743E+01
  -.15600000E+01  .23533304E+01
  -.15200000E+01  .23455669E+01
  -.14800000E+01  .23377837E+01
  -.14400000E+01  .23299805E+01
  -.14000000E+01  .23221573E+01
  -.13600000E+01  .23143139E+01
  -.13200000E+01  .23064503E+01
  -.12800000E+01  .22985662E+01
  -.12400000E+01  .22906615E+01
  -.12000000E+01  .22827362E+01
  -.11600000E+01  .22747900E+01
  -.11200000E+01  .22668228E+01
  -.10800000E+01  .22588345E+01
  -.10400000E+01  .22508249E+01
  -.10000000E+01  .22427938E+01
  -.96000000E+00  .22347413E+01
  -.92000000E+00  .22266670E+01
  -.88000000E+00  .22185708E+01
  -.84000000E+00  .22104526E+01
  -.80000000E+00  .22023123E+01
  -.76000000E+00  .21941496E+01
  -.72000000E+00  .21859645E+01
  -.68000000E+00  .21777567E+01
  -.64000000E+00  .21695261E+01
  -.60000000E+00  .21612726E+01
  -.56000000E+00  .21529960E+01
  -.52000000E+00  .21446960E+01
  -.48000000E+00  .21363726E+01
  -.44000000E+00  .21280256E+01
  -.40000000E+00  .21196549E+01
  -.36000000E+00  .21112601E+01
  -.32000000E+00  .21028412E+01
  -.28000000E+00  .20943980E+01
  -.24000000E+00  .20859303E+01
  -.20000000E+00  .20774380E+01
  -.16000000E+00  .20689208E+01
  -.12000000E+00  .20603786E+01
  -.80000000E-01  .20518111E+01
  -.40000000E-01  .20432183E+01
   .12351231E-14  .20345999E+01
   .40000000E-01  .20259556E+01
   .80000000E-01  .20172854E+01
   .12000000E+00  .20085891E+01
   .16000000E+00  .19998663E+01
   .20000000E+00  .19911170E+01
   .24000000E+00  .19823409E+01
   .28000000E+00  .19735378E+01
   .32000000E+00  .19647076E+01
   .36000000E+00  .19558499E+01
   .40000000E+00  .19469647E+01
   .44000000E+00  .19380516E+01
   .48000000E+00  .19291105E+01
   .52000000E+00  .19201411E+01
   .56000000E+00  .19111433E+01
   .60000000E+00  .19021167E+01
   .64000000E+00  .18930612E+01
   .68000000E+00  .18839765E+01
   .72000000E+00  .18748625E+01
   .76000000E+00  .18657188E+01
   .80000000E+00  .18565453E+01
   .84000000E+00  .18473416E+01
   .88000000E+00  .18381076E+01
   .92000000E+00  .18288430E+01
   .96000000E+00  .18195476E+01
   .10000000E+01  .18102211E+01
   .10400000E+01  .18008632E+01
   .10800000E+01  .17914736E+01
   .11200000E+01  .17820523E+01
   .11600000E+01  .17725987E+01
   .12000000E+01  .17631128E+01
   .12400000E+01  .17535942E+01
   .12800000E+01  .17440426E+01
   .13200000E+01  .17344578E+01
   .13600000E+01  .17248395E+01
   .14000000E+01  .17151874E+01
   .14400000E+01  .17055011E+01
   .14800000E+01  .16957805E+01
   .15200000E+01  .16860253E+01
   .15600000E+01  .16762350E+01
   .16000000E+01  .16664095E+01
   .16400000E+01  .16565484E+01
   .16800000E+01  .16466513E+01
   .17200000E+01  .16367181E+01
   .17600000E+01  .16267483E+01
   .18000000E+01  .16167417E+01
   .18400000E+01  .16066979E+01
   .18800000E+01  .15966165E+01
   .19200000E+01  .15864973E+01
   .19600000E+01  .15763399E+01
   .20000000E+01  .15661440E+01
KBPotential  L  =      4.00000    .00000
  -.20000000E+01  .30208356E+01
  -.19600000E+01  .30146961E+01
  -.19200000E+01  .30085460E+01
  -.18800000E+01  .30023856E+01
  -.18400000E+01  .29962135E+01
  -.18000000E+01  .29900331E+01
  -.17600000E+01  .29838444E+01
  -.17200000E+01  .29776430E+01
  -.16800000E+01  .29714313E+01
  -.16400000E+01  .29652101E+01
  -.16000000E+01  .29589780E+01
  -.15600000E+01  .29527351E+01
  -.15200000E+01  .29464819E+01
  -.14800000E+01  .29402168E+01
  -.14400000E+01  .29339425E+01
  -.14000000E+01  .29276576E+01
  -.13600000E+01  .29213634E+01
  -.13200000E+01  .29150571E+01
  -.12800000E+01  .29087401E+01
  -.12400000E+01  .29024121E+01
  -.12000000E+01  .28960730E+01
  -.11600000E+01  .28897217E+01
  -.11200000E+01  .28833609E+01
  -.10800000E+01  .28769904E+01
  -.10400000E+01  .28706076E+01
  -.10000000E+01  .28642131E+01
  -.96000000E+00  .28578082E+01
  -.92000000E+00  .28513915E+01
  -.88000000E+00  .28449623E+01
  -.84000000E+00  .28385245E+01
  -.80000000E+00  .28320740E+01
  -.76000000E+00  .28256118E+01
  -.72000000E+00  .28191381E+01
  -.68000000E+00  .28126518E+01
  -.64000000E+00  .28061552E+01
  -.60000000E+00  .27996478E+01
  -.56000000E+00  .27931277E+01
  -.52000000E+00  .27865961E+01
  -.48000000E+00  .27800522E+01
  -.44000000E+00  .27734968E+01
  -.40000000E+00  .27669292E+01
  -.36000000E+00  .27603496E+01
  -.32000000E+00  .27537563E+01
  -.28000000E+00  .27471542E+01
  -.24000000E+00  .27405384E+01
  -.20000000E+00  .27339102E+01
  -.16000000E+00  .27272697E+01
  -.12000000E+00  .27206168E+01
  -.80000000E-01  .27139503E+01
  -.40000000E-01  .27072743E+01
   .12351231E-14  .27005839E+01
   .40000000E-01  .26938810E+01
   .80000000E-01  .26871655E+01
   .12000000E+00  .26804374E+01
   .16000000E+00  .26736964E+01
   .20000000E+00  .26669430E+01
   .24000000E+00  .26601762E+01
   .28000000E+00  .26533963E+01
   .32000000E+00  .26466035E+01
   .36000000E+00  .26397979E+01
   .40000000E+00  .26329777E+01
   .44000000E+00  .26261470E+01
   .48000000E+00  .26193014E+01
   .52000000E+00  .26124428E+01
   .56000000E+00  .26055703E+01
   .60000000E+00  .25986847E+01
   .64000000E+00  .25917856E+01
   .68000000E+00  .25848726E+01
   .72000000E+00  .25779458E+01
   .76000000E+00  .25710053E+01
   .80000000E+00  .25640513E+01
   .84000000E+00  .25570833E+01
   .88000000E+00  .25501012E+01
   .92000000E+00  .25431050E+01
   .96000000E+00  .25360946E+01
   .10000000E+01  .25290703E+01
   .10400000E+01  .25220315E+01
   .10800000E+01  .25149784E+01
   .11200000E+01  .25079108E+01
   .11600000E+01  .25008288E+01
   .12000000E+01  .24937322E+01
   .12400000E+01  .24866209E+01
   .12800000E+01  .24794951E+01
   .13200000E+01  .24723544E+01
   .13600000E+01  .24651987E+01
   .14000000E+01  .24580280E+01
   .14400000E+01  .24508423E+01
   .14800000E+01  .24436415E+01
   .15200000E+01  .24364255E+01
   .15600000E+01  .24291943E+01
   .16000000E+01  .24219476E+01
   .16400000E+01  .24146856E+01
   .16800000E+01  .24074080E+01
   .17200000E+01  .24001149E+01
   .17600000E+01  .23928060E+01
   .18000000E+01  .23854813E+01
   .18400000E+01  .23781407E+01
   .18800000E+01  .23707842E+01
   .19200000E+01  .23634116E+01
   .19600000E+01  .23560229E+01
   .20000000E+01  .23486180E+01
