Tl:                                     
   1681.00   .002000 204.38000 125.   .50E-04 .100  400FPE 68.00000
   .7  1.0   0
  1.0   .0   .5-6250.7723 2.0000
  2.0   .0   .5-1113.8640 2.0000
  2.0  1.0  1.5 -959.0367 6.0000
  3.0   .0   .5 -266.0494 2.0000
  3.0  1.0  1.5 -221.4110 6.0000
  3.0  2.0  2.5 -175.153810.0000
  4.0   .0   .5  -59.3828 2.0000
  4.0  1.0  1.5  -44.7266 6.0000
  4.0  2.0  2.5  -27.521110.0000
  4.0  3.0  3.5   -8.413114.0000
  5.0   .0   .5   -9.5758 2.0000
  5.0  1.0  1.5   -5.5737 6.0000
  5.0  2.0  2.5   -1.141510.0000
  6.0   .0   .5    -.6982 2.0000
  6.0  1.0  1.5    -.1746 1.0000
  5.0  3.0  2.5    -.2000  .0000
