Tl:                                     
  .502697596E+00  .509143868E+00  .515672037E+00  .522283129E+00  .528978182E+00
  .535758247E+00  .542624386E+00  .549577676E+00  .556619207E+00  .563750081E+00
  .570971415E+00  .578284339E+00  .585689995E+00  .593189541E+00  .600784150E+00
  .608475006E+00  .616263309E+00  .624150274E+00  .632137131E+00  .640225123E+00
  .648415511E+00  .656709568E+00  .665108584E+00  .673613865E+00  .682226732E+00
  .690948522E+00  .699780589E+00  .708724302E+00  .717781047E+00  .726952227E+00
  .736239262E+00  .745643589E+00  .755166661E+00  .764809950E+00  .774574945E+00
  .784463152E+00  .794476098E+00  .804615325E+00  .814882394E+00  .825278886E+00
  .835806401E+00  .846466556E+00  .857260989E+00  .868191358E+00  .879259338E+00
  .890466628E+00  .901814943E+00  .913306021E+00  .924941621E+00  .936723521E+00
  .948653520E+00  .960733441E+00  .972965125E+00  .985350438E+00  .997891266E+00
  .101058952E+01  .102344713E+01  .103646604E+01  .104964825E+01  .106299574E+01
  .107651054E+01  .109019470E+01  .110405029E+01  .111807940E+01  .113228416E+01
  .114666672E+01  .116122923E+01  .117597391E+01  .119090296E+01  .120601864E+01
  .122132322E+01  .123681901E+01  .125250831E+01  .126839350E+01  .128447695E+01
  .130076107E+01  .131724829E+01  .133394108E+01  .135084194E+01  .136795338E+01
  .138527796E+01  .140281826E+01  .142057688E+01  .143855646E+01  .145675968E+01
  .147518924E+01  .149384787E+01  .151273833E+01  .153186341E+01  .155122594E+01
  .157082879E+01  .159067484E+01  .161076701E+01  .163110826E+01  .165170159E+01
  .167255002E+01  .169365660E+01  .171502443E+01  .173665664E+01  .175855639E+01
  .178072688E+01  .180317135E+01  .182589306E+01  .184889533E+01  .187218150E+01
  .189575494E+01  .191961909E+01  .194377740E+01  .196823337E+01  .199299053E+01
  .201805246E+01  .204342277E+01  .206910511E+01  .209510318E+01  .212142072E+01
  .214806151E+01  .217502935E+01  .220232811E+01  .222996170E+01  .225793405E+01
  .228624916E+01  .231491106E+01  .234392382E+01  .237329156E+01  .240301845E+01
  .243310870E+01  .246356655E+01  .249439632E+01  .252560235E+01  .255718904E+01
  .258916082E+01  .262152218E+01  .265427766E+01  .268743185E+01  .272098937E+01
  .275495492E+01  .278933322E+01  .282412907E+01  .285934728E+01  .289499275E+01
  .293107041E+01  .296758525E+01  .300454231E+01  .304194668E+01  .307980351E+01
  .311811800E+01  .315689539E+01  .319614100E+01  .323586020E+01  .327605839E+01
  .331674105E+01  .335791371E+01  .339958196E+01  .344175144E+01  .348442785E+01
  .352761695E+01  .357132455E+01  .361555654E+01  .366031884E+01  .370561746E+01
  .375145845E+01  .379784791E+01  .384479204E+01  .389229706E+01  .394036927E+01
  .398901505E+01  .403824080E+01  .408805303E+01  .413845827E+01  .418946316E+01
  .424107436E+01  .429329862E+01  .434614275E+01  .439961362E+01  .445371818E+01
  .450846344E+01  .456385647E+01  .461990441E+01  .467661447E+01  .473399393E+01
  .479205014E+01  .485079052E+01  .491022254E+01  .497035376E+01  .503119181E+01
  .509274438E+01  .515501923E+01  .521802422E+01  .528176723E+01  .534625626E+01
  .541149936E+01  .547750464E+01  .554428032E+01  .561183466E+01  .568017601E+01
  .574931278E+01  .581925347E+01  .589000665E+01  .596158095E+01  .603398511E+01
  .610722790E+01  .618131821E+01  .625626496E+01  .633207719E+01  .640876400E+01
  .648633455E+01  .656479809E+01  .664416396E+01  .672444156E+01  .680564037E+01
  .688776995E+01  .697083995E+01  .705486006E+01  .713984010E+01  .722578993E+01
  .731271951E+01  .740063886E+01  .748955808E+01  .757948737E+01  .767043700E+01
  .776241730E+01  .785543869E+01  .794951168E+01  .804464685E+01  .814085486E+01
  .823814644E+01  .833653241E+01  .843602366E+01  .853663116E+01  .863836597E+01
  .874123922E+01  .884526211E+01  .895044592E+01  .905680203E+01  .916434186E+01
  .927307694E+01  .938301885E+01  .949417928E+01  .960656996E+01  .972020271E+01
  .983508944E+01  .995124212E+01  .100686728E+02  .101873936E+02  .103074167E+02
  .104287543E+02  .105514189E+02  .106754228E+02  .108007786E+02  .109274987E+02
  .110555958E+02  .111850826E+02  .113159718E+02  .114482764E+02  .115820091E+02
  .117171829E+02  .118538109E+02  .119919062E+02  .121314820E+02  .122725513E+02
  .124151276E+02  .125592242E+02  .127048544E+02  .128520318E+02  .130007698E+02
  .131510820E+02  .133029820E+02  .134564836E+02  .136116004E+02  .137683462E+02
  .139267348E+02  .140867802E+02  .142484963E+02  .144118969E+02  .145769962E+02
  .147438081E+02  .149123468E+02  .150826264E+02  .152546609E+02  .154284647E+02
  .156040519E+02  .157814368E+02  .159606336E+02  .161416567E+02  .163245204E+02
  .165092389E+02  .166958268E+02  .168842982E+02  .170746677E+02  .172669496E+02
  .174611584E+02  .176573083E+02  .178554139E+02  .180554895E+02  .182575496E+02
  .184616084E+02  .186676805E+02  .188757801E+02  .190859217E+02  .192981195E+02
  .195123879E+02  .197287411E+02  .199471933E+02  .201677589E+02  .203904519E+02
  .206152866E+02  .208422769E+02  .210714369E+02  .213027807E+02  .215363220E+02
  .217720748E+02  .220100530E+02  .222502701E+02  .224927398E+02  .227374757E+02
  .229844913E+02  .232338000E+02  .234854151E+02  .237393496E+02  .239956169E+02
  .242542297E+02  .245152010E+02  .247785435E+02  .250442698E+02  .253123924E+02
  .255829236E+02  .258558757E+02  .261312606E+02  .264090903E+02  .266893764E+02
  .269721306E+02  .272573642E+02  .275450885E+02  .278353143E+02  .281280526E+02
  .284233139E+02  .287211087E+02  .290214471E+02  .293243391E+02  .296297944E+02
  .299378226E+02  .302484329E+02  .305616342E+02  .308774354E+02  .311958448E+02
  .315168707E+02  .318405209E+02  .321668031E+02  .324957247E+02  .328272925E+02
  .331615132E+02  .334983933E+02  .338379388E+02  .341801552E+02  .345250480E+02
  .348726220E+02  .352228819E+02  .355758319E+02  .359314757E+02  .362898169E+02
  .366508582E+02  .370146025E+02  .373810517E+02  .377502076E+02  .381220715E+02
  .384966441E+02  .388739258E+02  .392539163E+02  .396366152E+02  .400220211E+02
  .404101324E+02  .408009470E+02  .411944620E+02  .415906743E+02  .419895799E+02
  .423911745E+02  .427954531E+02  .432024101E+02  .436120393E+02  .440243340E+02
  .444392867E+02  .448568893E+02  .452771332E+02  .457000089E+02  .461255065E+02
  .465536152E+02  .469843235E+02  .474176193E+02  .478534898E+02  .482919214E+02
  .487328998E+02  .491764097E+02  .496224355E+02  .500709603E+02  .505219669E+02
  .509754369E+02  .514313512E+02  .518896901E+02  .523504326E+02  .528135573E+02
  .532790417E+02  .537468624E+02  .542169951E+02  .546894149E+02  .551640955E+02
  .556410100E+02  .561201306E+02  .566014283E+02  .570848733E+02  .575704348E+02
  .580580810E+02  .585477791E+02  .590394954E+02  .595331949E+02  .600288420E+02
  .605263996E+02  .610258299E+02  .615270939E+02  .620301515E+02  .625349616E+02
  .630414819E+02  .635496691E+02  .640594788E+02  .645708653E+02  .650837821E+02
  .655981813E+02  .661140138E+02  .666312297E+02  .671497776E+02  .676696051E+02
  .681906585E+02  .687128831E+02  .692362229E+02  .697606208E+02  .702860183E+02
  .708123558E+02  .713395727E+02  .718676069E+02  .723963952E+02  .729258733E+02
  .734559754E+02  .739866348E+02  .745177834E+02  .750493518E+02  .755812696E+02
  .761134650E+02  .766458650E+02  .771783956E+02  .777109812E+02  .782435453E+02
  .787760100E+02  .793082964E+02  .798403242E+02  .803720119E+02  .809032770E+02
  .814340357E+02  .819642030E+02  .824936927E+02  .830224177E+02  .835502894E+02
  .840772183E+02  .846031137E+02  .851278840E+02  .856514361E+02  .861736761E+02
  .866945091E+02  .872138390E+02  .877315688E+02  .882476003E+02  .887618345E+02
  .892741714E+02  .897845102E+02  .902927488E+02  .907987847E+02  .913025141E+02
  .918038326E+02  .923026351E+02  .927988155E+02  .932922670E+02  .937828821E+02
  .942705528E+02  .947551703E+02  .952366252E+02  .957148075E+02  .961896067E+02
  .966609120E+02  .971286118E+02  .975925945E+02  .980527478E+02  .985089593E+02
  .989611163E+02  .994091058E+02  .998528148E+02  .100292130E+03  .100726938E+03
  .101157126E+03  .101582580E+03  .102003188E+03  .102418837E+03  .102829413E+03
  .103234805E+03  .103634900E+03  .104029588E+03  .104418756E+03  .104802295E+03
  .105180094E+03  .105552044E+03  .105918037E+03  .106277966E+03  .106631724E+03
  .106979205E+03  .107320304E+03  .107654919E+03  .107982948E+03  .108304289E+03
  .108618843E+03  .108926513E+03  .109227202E+03  .109520815E+03  .109807261E+03
  .110086448E+03  .110358287E+03  .110622691E+03  .110879575E+03  .111128858E+03
  .111370458E+03  .111604298E+03  .111830303E+03  .112048400E+03  .112258519E+03
  .112460593E+03  .112654559E+03  .112840355E+03  .113017923E+03  .113187208E+03
  .113348159E+03  .113500729E+03  .113644872E+03  .113780548E+03  .113907721E+03
  .114026357E+03  .114136426E+03  .114237905E+03  .114330772E+03  .114415010E+03
  .114490607E+03  .114557556E+03  .114615854E+03  .114665501E+03  .114706505E+03
  .114738876E+03  .114762631E+03  .114777791E+03  .114784382E+03  .114782437E+03
  .114771991E+03  .114753089E+03  .114725777E+03  .114690110E+03  .114646146E+03
  .114593952E+03  .114533597E+03  .114465159E+03  .114388721E+03  .114304372E+03
  .114212206E+03  .114112326E+03  .114004839E+03  .113889859E+03  .113767506E+03
  .113637907E+03  .113501195E+03  .113357510E+03  .113206997E+03  .113049811E+03
  .112886109E+03  .112716059E+03  .112539832E+03  .112357607E+03  .112169572E+03
  .111975917E+03  .111776843E+03  .111572554E+03  .111363263E+03  .111149189E+03
  .110930556E+03  .110707598E+03  .110480551E+03  .110249661E+03  .110015178E+03
  .109777360E+03  .109536469E+03  .109292775E+03  .109046553E+03  .108798084E+03
  .108547656E+03  .108295560E+03  .108042094E+03  .107787563E+03  .107532274E+03
  .107276541E+03  .107020683E+03  .106765023E+03  .106509888E+03  .106255612E+03
  .106002531E+03  .105750984E+03  .105501316E+03  .105253875E+03  .105009010E+03
  .104767077E+03  .104528431E+03  .104293432E+03  .104062441E+03  .103835822E+03
  .103613938E+03  .103397157E+03  .103185845E+03  .102980371E+03  .102781102E+03
  .102588408E+03  .102402656E+03  .102224213E+03  .102053446E+03  .101890720E+03
  .101736398E+03  .101590840E+03  .101454406E+03  .101327450E+03  .101210324E+03
  .101103377E+03  .101006953E+03  .100921390E+03  .100847023E+03  .100784180E+03
  .100733185E+03  .100694352E+03  .100667993E+03  .100654407E+03  .100653891E+03
  .100666728E+03  .100693197E+03  .100733565E+03  .100788091E+03  .100857022E+03
  .100940596E+03  .101039040E+03  .101152567E+03  .101281381E+03  .101425672E+03
  .101585617E+03  .101761380E+03  .101953112E+03  .102160947E+03  .102385008E+03
  .102625400E+03  .102882213E+03  .103155521E+03  .103445383E+03  .103751840E+03
  .104074915E+03  .104414616E+03  .104770930E+03  .105143827E+03  .105533260E+03
  .105939162E+03  .106361445E+03  .106800004E+03  .107254714E+03  .107725429E+03
  .108211982E+03  .108714189E+03  .109231843E+03  .109764715E+03  .110312558E+03
  .110875103E+03  .111452059E+03  .112043115E+03  .112647939E+03  .113266177E+03
  .113897454E+03  .114541375E+03  .115197523E+03  .115865461E+03  .116544729E+03
  .117234851E+03  .117935326E+03  .118645635E+03  .119365241E+03  .120093584E+03
  .120830088E+03  .121574155E+03  .122325173E+03  .123082509E+03  .123845513E+03
  .124613520E+03  .125385846E+03  .126161793E+03  .126940649E+03  .127721686E+03
  .128504163E+03  .129287326E+03  .130070409E+03  .130852635E+03  .131633216E+03
  .132411356E+03  .133186248E+03  .133957079E+03  .134723030E+03  .135483275E+03
  .136236985E+03  .136983326E+03  .137721461E+03  .138450556E+03  .139169772E+03
  .139878275E+03  .140575231E+03  .141259812E+03  .141931192E+03  .142588554E+03
  .143231087E+03  .143857991E+03  .144468473E+03  .145061755E+03  .145637070E+03
  .146193666E+03  .146730807E+03  .147247774E+03  .147743867E+03  .148218404E+03
  .148670728E+03  .149100202E+03  .149506214E+03  .149888178E+03  .150245534E+03
  .150577751E+03  .150884327E+03  .151164790E+03  .151418704E+03  .151645661E+03
  .151845292E+03  .152017262E+03  .152161272E+03  .152277063E+03  .152364414E+03
  .152423145E+03  .152453115E+03  .152454227E+03  .152426427E+03  .152369703E+03
  .152284089E+03  .152169664E+03  .152026550E+03  .151854920E+03  .151654989E+03
  .151427021E+03  .151171328E+03  .150888269E+03  .150578250E+03  .150241724E+03
  .149879194E+03  .149491210E+03  .149078366E+03  .148641308E+03  .148180724E+03
  .147697351E+03  .147191970E+03  .146665407E+03  .146118530E+03  .145552253E+03
  .144967529E+03  .144365354E+03  .143746760E+03  .143112821E+03  .142464644E+03
  .141803372E+03  .141130184E+03  .140446286E+03  .139752915E+03  .139051339E+03
  .138342846E+03  .137628752E+03  .136910391E+03  .136189116E+03  .135466299E+03
  .134743323E+03  .134021582E+03  .133302481E+03  .132587427E+03  .131877832E+03
  .131175109E+03  .130480665E+03  .129795904E+03  .129122218E+03  .128460989E+03
  .127813584E+03  .127181349E+03  .126565611E+03  .125967672E+03  .125388803E+03
  .124830247E+03  .124293213E+03  .123778869E+03  .123288347E+03  .122822730E+03
  .122383059E+03  .121970323E+03  .121585457E+03  .121229343E+03  .120902802E+03
  .120606594E+03  .120341418E+03  .120107903E+03  .119906610E+03  .119738031E+03
  .119602581E+03  .119500602E+03  .119432358E+03  .119398035E+03  .119397735E+03
  .119431481E+03  .119499212E+03  .119600781E+03  .119735957E+03  .119904423E+03
  .120105774E+03  .120339519E+03  .120605081E+03  .120901795E+03  .121228909E+03
  .121585587E+03  .121970907E+03  .122383862E+03  .122823365E+03  .123288245E+03
  .123777253E+03  .124289063E+03  .124822274E+03  .125375410E+03  .125946927E+03
  .126535215E+03  .127138599E+03  .127755341E+03  .128383649E+03  .129021679E+03
  .129667533E+03  .130319273E+03  .130974917E+03  .131632449E+03  .132289819E+03
  .132944954E+03  .133595757E+03  .134240115E+03  .134875905E+03  .135500996E+03
  .136113260E+03  .136710571E+03  .137290816E+03  .137851898E+03  .138391742E+03
  .138908303E+03  .139399567E+03  .139863562E+03  .140298359E+03  .140702083E+03
  .141072913E+03  .141409091E+03  .141708926E+03  .141970802E+03  .142193178E+03
  .142374599E+03  .142513695E+03  .142609191E+03  .142659908E+03  .142664769E+03
  .142622802E+03  .142533143E+03  .142395044E+03  .142207868E+03  .141971102E+03
  .141684351E+03  .141347345E+03  .140959939E+03  .140522117E+03  .140033990E+03
  .139495799E+03  .138907916E+03  .138270843E+03  .137585210E+03  .136851781E+03
  .136071444E+03  .135245216E+03  .134374241E+03  .133459785E+03  .132503234E+03
  .131506092E+03  .130469978E+03  .129396624E+03  .128287864E+03  .127145639E+03
  .125971985E+03  .124769032E+03  .123538995E+03  .122284172E+03  .121006937E+03
  .119709731E+03  .118395058E+03  .117065479E+03  .115723601E+03  .114372074E+03
  .113013582E+03  .111650833E+03  .110286556E+03  .108923487E+03  .107564369E+03
  .106211936E+03  .104868910E+03  .103537990E+03  .102221848E+03  .100923115E+03
  .996443777E+02  .983881702E+02  .971569646E+02  .959531637E+02  .947790951E+02
  .936370019E+02  .925290378E+02  .914572587E+02  .904236176E+02  .894299571E+02
  .884780050E+02  .875693674E+02  .867055251E+02  .858878271E+02  .851174882E+02
  .843955830E+02  .837230442E+02  .831006581E+02  .825290633E+02  .820087470E+02
  .815400448E+02  .811231382E+02  .807580549E+02  .804446679E+02  .801826959E+02
  .799717041E+02  .798111058E+02  .797001633E+02  .796379912E+02  .796235585E+02
  .796556924E+02  .797330816E+02  .798542811E+02  .800177169E+02  .802216910E+02
  .804643875E+02  .807438786E+02  .810581311E+02  .814050133E+02  .817823025E+02
  .821876918E+02  .826187989E+02  .830731727E+02  .835483027E+02  .840416259E+02
  .845505365E+02  .850723927E+02  .856045269E+02  .861442526E+02  .866888739E+02
  .872356931E+02  .877820202E+02  .883251798E+02  .888625208E+02  .893914231E+02
  .899093071E+02  .904136397E+02  .909019436E+02  .913718031E+02  .918208730E+02
  .922468830E+02  .926476470E+02  .930210667E+02  .933651397E+02  .936779628E+02
  .939577394E+02  .942027819E+02  .944115178E+02  .945824920E+02  .947143721E+02
  .948059488E+02  .948561411E+02  .948639957E+02  .948286910E+02  .947495358E+02
  .946259721E+02  .944575735E+02  .942440462E+02  .939852270E+02  .936810835E+02
  .933317112E+02  .929373323E+02  .924982930E+02  .920150606E+02  .914882205E+02
  .909184726E+02  .903066275E+02  .896536020E+02  .889604154E+02  .882281838E+02
  .874581163E+02  .866515082E+02  .858097379E+02  .849342585E+02  .840265952E+02
  .830883363E+02  .821211302E+02  .811266768E+02  .801067238E+02  .790630578E+02
  .779975016E+02  .769119042E+02  .758081385E+02  .746880917E+02  .735536627E+02
  .724067528E+02  .712492635E+02  .700830869E+02  .689101045E+02  .677321773E+02
  .665511451E+02  .653688172E+02  .641869720E+02  .630073478E+02  .618316432E+02
  .606615082E+02  .594985452E+02  .583443005E+02  .572002659E+02  .560678705E+02
  .549484832E+02  .538434047E+02  .527538707E+02  .516810446E+02  .506260212E+02
  .495898196E+02  .485733877E+02  .475775959E+02  .466032418E+02  .456510446E+02
  .447216500E+02  .438156258E+02  .429334665E+02  .420755900E+02  .412423421E+02
  .404339941E+02  .396507477E+02  .388927327E+02  .381600124E+02  .374525819E+02
  .367703734E+02  .361132554E+02  .354810375E+02  .348734706E+02  .342902516E+02
  .337310235E+02  .331953813E+02  .326828711E+02  .321929967E+02  .317252191E+02
  .312789624E+02  .308536141E+02  .304485310E+02  .300630391E+02  .296964396E+02
  .293480094E+02  .290170063E+02  .287026701E+02  .284042272E+02  .281208919E+02
  .278518708E+02  .275963646E+02  .273535710E+02  .271226878E+02  .269029149E+02
  .266934572E+02  .264935268E+02  .263023453E+02  .261191457E+02  .259431751E+02
  .257736958E+02  .256099880E+02  .254513504E+02  .252971028E+02  .251465866E+02
  .249991668E+02  .248542327E+02  .247111991E+02  .245695069E+02  .244286245E+02
  .242880475E+02  .241473002E+02  .240059351E+02  .238635340E+02  .237197071E+02
  .235740946E+02  .234263648E+02  .232762155E+02  .231233729E+02  .229675917E+02
  .228086542E+02  .226463702E+02  .224805764E+02  .223111355E+02  .221379356E+02
  .219608897E+02  .217799342E+02  .215950289E+02  .214061553E+02  .212133162E+02
  .210165342E+02  .208158511E+02  .206113266E+02  .204030376E+02  .201910765E+02
  .199755507E+02  .197565812E+02  .195343017E+02  .193088571E+02  .190804034E+02
  .188491053E+02  .186151363E+02  .183786769E+02  .181399144E+02  .178990408E+02
  .176562531E+02  .174117514E+02  .171657387E+02  .169184194E+02  .166699991E+02
  .164206835E+02  .161706778E+02  .159201859E+02  .156694098E+02  .154185486E+02
  .151677991E+02  .149173534E+02  .146674004E+02  .144181236E+02  .141697022E+02
  .139223094E+02  .136761132E+02  .134312751E+02  .131879508E+02  .129462891E+02
  .127064324E+02  .124685159E+02  .122326684E+02  .119990112E+02  .117676588E+02
  .115387182E+02  .113122896E+02  .110884661E+02  .108673334E+02  .106489706E+02
  .104334496E+02  .102208357E+02  .100111874E+02  .980455675E+01  .960098944E+01
  .940052484E+01  .920319649E+01  .900903190E+01  .881805319E+01  .863027683E+01
  .844571431E+01  .826437195E+01  .808625153E+01  .791135007E+01  .773966055E+01
  .757117160E+01  .740586811E+01  .724373129E+01  .708473920E+01  .692886598E+01
  .677608443E+01  .662636253E+01  .647966811E+01  .633596441E+01  .619521488E+01
  .605737888E+01  .592241627E+01  .579028330E+01  .566093704E+01  .553433125E+01
  .541042095E+01  .528915810E+01  .517049626E+01  .505438619E+01  .494078058E+01
  .482962954E+01  .472088540E+01  .461449809E+01  .451042000E+01  .440860136E+01
  .430899504E+01  .421155187E+01  .411622554E+01  .402296782E+01  .393173353E+01
  .384247561E+01  .375515021E+01  .366971172E+01  .358611779E+01  .350432438E+01
  .342429083E+01  .334597480E+01  .326933739E+01  .319433808E+01  .312093980E+01
  .304910388E+01  .297879514E+01  .290997677E+01  .284261548E+01  .277667635E+01
  .271212798E+01  .264893728E+01  .258707468E+01  .252650893E+01  .246721224E+01
  .240915512E+01  .235231148E+01  .229665354E+01  .224215688E+01  .218879552E+01
  .213654574E+01  .208538414E+01  .203528802E+01  .198623542E+01  .193820508E+01
  .189117627E+01  .184512910E+01  .180004402E+01  .175590235E+01  .171268566E+01
  .167037638E+01  .162895711E+01  .158841128E+01  .154872244E+01  .150987492E+01
  .147185314E+01  .143464225E+01  .139822746E+01  .136259465E+01  .132772973E+01
  .129361925E+01  .126024973E+01  .122760835E+01  .119568218E+01  .116445887E+01
  .113392613E+01  .110407197E+01  .107488456E+01  .104635235E+01  .101846391E+01
  .991208056E+00  .964573711E+00  .938550029E+00  .913126247E+00  .888291821E+00
  .864036271E+00  .840349321E+00  .817220748E+00  .794640524E+00  .772598656E+00
  .751085343E+00  .730090809E+00  .709605462E+00  .689619727E+00  .670124210E+00
  .651109529E+00  .632566479E+00  .614485862E+00  .596858656E+00  .579675845E+00
  .562928589E+00  .546608050E+00  .530705567E+00  .515212484E+00  .500120323E+00
  .485420607E+00  .471105044E+00  .457165344E+00  .443593403E+00  .430381121E+00
  .417520589E+00  .405003902E+00  .392823352E+00  .380971233E+00  .369440042E+00
  .358222284E+00  .347310666E+00  .336697905E+00  .326376924E+00  .316340660E+00
  .306582260E+00  .297094882E+00  .287871899E+00  .278906699E+00  .270192887E+00
  .261724079E+00  .253494116E+00  .245496848E+00  .237726351E+00  .230176713E+00
  .222842246E+00  .215717274E+00  .208796349E+00  .202074029E+00  .195545103E+00
  .189204367E+00  .183046843E+00  .177067559E+00  .171261771E+00  .165624735E+00
  .160151938E+00  .154838861E+00  .149681214E+00  .144674698E+00  .139815244E+00
  .135098768E+00  .130521411E+00  .126079300E+00  .121768781E+00  .117586183E+00
  .113528050E+00  .109590905E+00  .105771472E+00  .102066501E+00  .984728536E-01
  .949874755E-01  .916074008E-01  .883297468E-01  .851517131E-01  .820705787E-01
  .790837003E-01  .761885104E-01  .733825145E-01  .706632895E-01  .680284815E-01
  .654758036E-01  .630030341E-01  .606080140E-01  .582886456E-01  .560428899E-01
  .538687652E-01  .517643448E-01  .497277554E-01  .477571752E-01  .458508319E-01
  .440070012E-01  .422240052E-01  .405002103E-01  .388340260E-01  .372239033E-01
  .356683327E-01  .341658436E-01  .327150019E-01  .313144095E-01  .299627022E-01
  .286585492E-01  .274006511E-01  .261877394E-01  .250185749E-01  .238919467E-01
  .228066716E-01  .217615924E-01  .207555776E-01  .197875203E-01  .188563371E-01
  .179609678E-01  .171003744E-01  .162735401E-01  .154794696E-01  .147171873E-01
  .139857377E-01  .132841845E-01  .126116099E-01  .119671148E-01  .113498178E-01
  .107588551E-01  .101933804E-01  .965256401E-02  .913559333E-02  .864167212E-02
  .817002047E-02  .771987466E-02  .729048695E-02  .688112549E-02  .649107421E-02
  .611963270E-02  .576611617E-02  .542985537E-02  .511019651E-02  .480650124E-02
  .451814659E-02  .424452491E-02  .398504387E-02  .373912637E-02  .350621051E-02
  .328574956E-02  .307721187E-02  .288008081E-02  .269385473E-02  .251804685E-02
  .235218516E-02  .219581234E-02  .204848563E-02  .190977671E-02  .177927155E-02
  .165657029E-02  .154128701E-02  .143304962E-02  .133149964E-02  .123629199E-02
  .114709479E-02  .106358912E-02  .985468797E-03  .912440117E-03  .844221604E-03
  .780543741E-03  .721148692E-03  .665790023E-03  .614232416E-03  .566251367E-03
  .521632890E-03  .480173216E-03  .441678481E-03  .405964417E-03  .372856043E-03
  .342187351E-03  .313800996E-03  .287547983E-03  .263287356E-03  .240885895E-03
  .220217805E-03  .201164421E-03  .183613907E-03  .167460965E-03  .152606549E-03
  .138957580E-03  .126426672E-03  .114931867E-03  .104396363E-03  .947482687E-04
  .859203490E-04  .778497862E-04  .704779467E-04  .637501559E-04  .576154804E-04
  .520265187E-04  .469391995E-04  .423125879E-04  .381087000E-04  .342923248E-04
  .308308542E-04  .276941206E-04  .248542421E-04  .222854751E-04  .199640738E-04
  .178681578E-04  .159775855E-04  .142738347E-04  .127398898E-04  .113601351E-04
  .101202545E-04  .900713646E-05  .800878523E-05  .711423729E-05  .631348280E-05
  .559739226E-05  .495764775E-05  .438667879E-05  .387760241E-05  .342416738E-05
  .302070227E-05  .266206717E-05  .234360891E-05  .206111946E-05  .181079757E-05
  .158921310E-05  .139327426E-05  .122019725E-05  .106747840E-05  .932868465E-06
  .814349037E-06  .710110908E-06  .618534212E-06  .538170267E-06  .467724968E-06
  .406043627E-06  .352097145E-06  .304969427E-06  .263845926E-06  .228003244E-06
  .196799694E-06  .169666753E-06  .146101323E-06  .125658747E-06  .107946490E-06
  .926184636E-07  .793699017E-07  .679327618E-07  .580715952E-07  .495798434E-07
  .422765238E-07  .360032649E-07  .306216602E-07  .260109071E-07  .220657062E-07
  .186943918E-07  .158172721E-07  .133651580E-07  .112780586E-07  .950402951E-08
  .799815432E-08  .672164711E-08  .564106197E-08  .472759792E-08  .395648857E-08
  .330646704E-08  .275929740E-08  .229936518E-08  .191331976E-08  .158976281E-08
  .131897704E-08  .109269052E-08  .903872184E-09  .746554628E-09  .615680875E-09
  .506971990E-09  .416812930E-09  .342154260E-09  .280427670E-09  .229473459E-09
  .187478404E-09  .152922598E-09  .124534055E-09  .101249989E-09  .821838616E-10
  .665973684E-10  .538766732E-10  .435122776E-10  .350819982E-10  .282365974E-10
  .226876719E-10  .181974733E-10  .145703379E-10  .116455374E-10  .929125664E-11
  .739959834E-11  .588239675E-11  .466773953E-11  .369707831E-11  .292283281E-11
  .230640772E-11  .181655445E-11  .142802029E-11  .112043661E-11  .877405682E-12
  .685751960E-12  .534909496E-12  .416421658E-12  .323533399E-12  .250859612E-12
  .194115909E-12  .149900529E-12  .115518005E-12  .888369105E-13  .681753195E-13
  .522087794E-13  .398965294E-13  .304224686E-13  .231480290E-13  .175746316E-13
  .133138434E-13  .100637063E-13  .759000370E-14  .571146755E-14  .428812302E-14
  .321212618E-14  .240057774E-14  .178989964E-14  .133144479E-14  .988077480E-15
  .731516144E-15  .540273360E-15  .398062714E-15  .292569646E-15  .214505436E-15
  .156880869E-15  .114449955E-15  .832849371E-16  .604524161E-16  .437671561E-16
  .316054139E-16  .227637645E-16  .163526075E-16  .117160463E-16  .837176484E-17
  .596603088E-17  .424010972E-17  .300526191E-17  .212418153E-17  .149725357E-17
  .105240716E-17  .737644564E-18  .515555632E-18  .359301483E-18  .249682172E-18
  .173001949E-18  .119519618E-18  .823269195E-19  .565390672E-19  .387123091E-19
  .264260744E-19  .179841020E-19  .122013166E-19  .825231296E-20  .556397115E-20
  .373958390E-20  .250541622E-20  .167318341E-20  .111378934E-20  .739004523E-21
  .488724680E-21  .322138838E-21  .211627434E-21  .138560432E-21  .904134634E-22
  .587951816E-22  .381024727E-22  .246068106E-22  .158356568E-22  .101550760E-22
  .648909707E-23  .413168226E-23  .262119040E-23  .165686294E-23  .104346579E-23
  .654727549E-24  .409280293E-24  .254885903E-24  .158132961E-24  .977321226E-25
  .601696146E-25  .369001916E-25  .225412461E-25  .137154934E-25  .831218806E-26
  .501736601E-26  .301632878E-26  .180596741E-26  .107685003E-26  .639440676E-27
  .378120773E-27  .222654492E-27  .130553441E-27  .762230444E-28  .443108845E-28
  .256475355E-28  .147800794E-28  .847985623E-29  .484356776E-29  .275417723E-29
  .155902228E-29  .878478000E-30  .492733014E-30  .275092392E-30  .152867604E-30
  .845485157E-31  .465407868E-31  .254965890E-31  .139006264E-31  .754177797E-32
  .407176987E-32  .218748814E-32  .116934846E-32  .621957287E-33  .329138002E-33
  .173292070E-33  .907705035E-34  .472996853E-34  .245189081E-34  .126431457E-34
  .648487973E-35  .330843769E-35  .167880239E-35  .847252715E-36  .425249852E-36
  .212262889E-36  .105361855E-36  .520059175E-37  .255248130E-37  .124564160E-37
  .604400042E-38  .291565867E-38  .139832941E-38  .666687895E-39  .315976946E-39
  .148863183E-39  .697103790E-40  .324462734E-40  .150095708E-40  .690059382E-41
  .315281069E-41  .143146554E-41  .645823187E-42  .289517018E-42  .128955571E-42
  .570675611E-43  .250899147E-43  .109583968E-43  .475455575E-44  .204910823E-44
  .877179844E-45  .372956147E-45  .157488439E-45  .660446417E-46  .275042964E-46
  .113740042E-46  .467037540E-47  .190410650E-47  .770738433E-48  .309723551E-48
  .123557124E-48  .489285587E-49  .192323631E-49  .750330857E-50  .290534048E-50
  .111644999E-50  .425748642E-51  .161106317E-51  .604909651E-52  .225351390E-52
  .832903475E-53  .305398240E-53  .111083195E-53  .400785871E-54  .143427019E-54
  .509070620E-55  .179195408E-55  .625546825E-56  .216573258E-56  .743730516E-57
  .253499466E-57  .860813865E-58  .292431621E-58  .102167735E-58  .385204082E-59
  .181830751E-59  .137198934E-59  .000000000E+00  .000000000E+00  .000000000E+00
  .000000000E+00  .000000000E+00  .000000000E+00  .000000000E+00  .000000000E+00
  .000000000E+00  .000000000E+00  .000000000E+00  .000000000E+00  .000000000E+00
  .000000000E+00  .000000000E+00  .000000000E+00  .000000000E+00  .000000000E+00
  .000000000E+00  .000000000E+00  .000000000E+00  .000000000E+00  .000000000E+00
  .000000000E+00  .000000000E+00  .000000000E+00  .000000000E+00  .000000000E+00
  .000000000E+00  .000000000E+00  .000000000E+00  .000000000E+00  .000000000E+00
  .000000000E+00  .000000000E+00  .000000000E+00  .000000000E+00  .000000000E+00
  .000000000E+00  .000000000E+00  .000000000E+00  .000000000E+00  .000000000E+00
  .000000000E+00  .000000000E+00  .000000000E+00  .000000000E+00  .000000000E+00
  .000000000E+00  .000000000E+00  .000000000E+00  .000000000E+00  .000000000E+00
  .000000000E+00  .000000000E+00  .000000000E+00  .000000000E+00  .000000000E+00
  .000000000E+00  .000000000E+00  .000000000E+00  .000000000E+00  .000000000E+00
  .000000000E+00  .000000000E+00  .000000000E+00  .000000000E+00  .000000000E+00
  .000000000E+00  .000000000E+00  .000000000E+00  .000000000E+00  .000000000E+00
  .000000000E+00  .000000000E+00  .000000000E+00  .000000000E+00  .000000000E+00
  .000000000E+00  .000000000E+00  .000000000E+00  .000000000E+00  .000000000E+00
  .000000000E+00  .000000000E+00  .000000000E+00  .000000000E+00  .000000000E+00
  .000000000E+00  .000000000E+00  .000000000E+00  .000000000E+00  .000000000E+00
  .000000000E+00  .000000000E+00  .000000000E+00  .000000000E+00  .000000000E+00
  .000000000E+00  .000000000E+00  .000000000E+00  .000000000E+00  .000000000E+00
  .000000000E+00  .000000000E+00  .000000000E+00  .000000000E+00  .000000000E+00
  .000000000E+00  .000000000E+00  .000000000E+00  .000000000E+00  .000000000E+00
  .000000000E+00  .000000000E+00  .000000000E+00  .000000000E+00  .000000000E+00
  .000000000E+00  .000000000E+00  .000000000E+00  .000000000E+00  .000000000E+00
  .000000000E+00  .000000000E+00  .000000000E+00  .000000000E+00  .000000000E+00
  .000000000E+00  .000000000E+00  .000000000E+00  .000000000E+00  .000000000E+00
  .000000000E+00  .000000000E+00  .000000000E+00  .000000000E+00  .000000000E+00
  .000000000E+00  .000000000E+00  .000000000E+00  .000000000E+00  .000000000E+00
  .000000000E+00  .000000000E+00  .000000000E+00  .000000000E+00  .000000000E+00
  .000000000E+00  .000000000E+00  .000000000E+00  .000000000E+00  .000000000E+00
  .000000000E+00  .000000000E+00  .000000000E+00  .000000000E+00  .000000000E+00
  .000000000E+00  .000000000E+00  .000000000E+00  .000000000E+00  .000000000E+00
  .000000000E+00  .000000000E+00  .000000000E+00  .000000000E+00  .000000000E+00
  .000000000E+00  .000000000E+00  .000000000E+00  .000000000E+00  .000000000E+00
  .000000000E+00  .000000000E+00  .000000000E+00  .000000000E+00  .000000000E+00
  .000000000E+00  .000000000E+00  .000000000E+00  .000000000E+00  .000000000E+00
  .000000000E+00  .000000000E+00  .000000000E+00  .000000000E+00  .000000000E+00
  .000000000E+00  .000000000E+00  .000000000E+00  .000000000E+00  .000000000E+00
  .000000000E+00  .000000000E+00  .000000000E+00  .000000000E+00  .000000000E+00
  .000000000E+00  .000000000E+00  .000000000E+00  .000000000E+00  .000000000E+00
  .000000000E+00  .000000000E+00  .000000000E+00  .000000000E+00  .000000000E+00
  .000000000E+00  .000000000E+00  .000000000E+00  .000000000E+00  .000000000E+00
  .000000000E+00  .000000000E+00  .000000000E+00  .000000000E+00  .000000000E+00
  .000000000E+00  .000000000E+00  .000000000E+00  .000000000E+00  .000000000E+00
  .000000000E+00  .000000000E+00  .000000000E+00  .000000000E+00  .000000000E+00
  .000000000E+00  .000000000E+00  .000000000E+00  .000000000E+00  .000000000E+00
  .000000000E+00  .000000000E+00  .000000000E+00  .000000000E+00  .000000000E+00
