  PAW Au                                 
 100
Core Pot   L  =         .00000   -.42083
  -.30000000E+01  .14400308E+01
  -.29500000E+01  .14219383E+01
  -.29000000E+01  .14036164E+01
  -.28500000E+01  .13850570E+01
  -.28000000E+01  .13662519E+01
  -.27500000E+01  .13471924E+01
  -.27000000E+01  .13278692E+01
  -.26500000E+01  .13082727E+01
  -.26000000E+01  .12883925E+01
  -.25500000E+01  .12682179E+01
  -.25000000E+01  .12477375E+01
  -.24500000E+01  .12269390E+01
  -.24000000E+01  .12058098E+01
  -.23500000E+01  .11843361E+01
  -.23000000E+01  .11625037E+01
  -.22500000E+01  .11402971E+01
  -.22000000E+01  .11177001E+01
  -.21500000E+01  .10946954E+01
  -.21000000E+01  .10712645E+01
  -.20500000E+01  .10473877E+01
  -.20000000E+01  .10230440E+01
  -.19500000E+01  .99821090E+00
  -.19000000E+01  .97286436E+00
  -.18500000E+01  .94697855E+00
  -.18000000E+01  .92052580E+00
  -.17500000E+01  .89347635E+00
  -.17000000E+01  .86579817E+00
  -.16500000E+01  .83745673E+00
  -.16000000E+01  .80841477E+00
  -.15500000E+01  .77863198E+00
  -.15000000E+01  .74806473E+00
  -.14500000E+01  .71666565E+00
  -.14000000E+01  .68438328E+00
  -.13500000E+01  .65116159E+00
  -.13000000E+01  .61693943E+00
  -.12500000E+01  .58164996E+00
  -.12000000E+01  .54521995E+00
  -.11500000E+01  .50756899E+00
  -.11000000E+01  .46860861E+00
  -.10500000E+01  .42824117E+00
  -.10000000E+01  .38635869E+00
  -.95000000E+00  .34284142E+00
  -.90000000E+00  .29755620E+00
  -.85000000E+00  .25035442E+00
  -.80000000E+00  .20106984E+00
  -.75000000E+00  .14951578E+00
  -.70000000E+00  .95481935E-01
  -.65000000E+00  .38730416E-01
  -.60000000E+00 -.21008876E-01
  -.55000000E+00 -.84043937E-01
  -.50000000E+00 -.15072757E+00
  -.45000000E+00 -.22146588E+00
  -.40000000E+00 -.29672873E+00
  -.35000000E+00 -.37706285E+00
  -.30000000E+00 -.46310818E+00
  -.25000000E+00 -.55561876E+00
  -.20000000E+00 -.65548932E+00
  -.15000000E+00 -.76378974E+00
  -.10000000E+00 -.88181026E+00
  -.50000000E-01 -.10111213E+01
  -.22898350E-14 -.11536539E+01
   .50000000E-01 -.13118097E+01
   .10000000E+00 -.14886140E+01
   .15000000E+00 -.16879315E+01
   .20000000E+00 -.19147805E+01
   .25000000E+00 -.21757972E+01
   .30000000E+00 -.24799456E+01
   .35000000E+00 -.28396365E+01
   .40000000E+00 -.32725606E+01
   .45000000E+00 -.38048311E+01
   .50000000E+00 -.44766740E+01
   .55000000E+00 -.53534520E+01
   .60000000E+00 -.65489360E+01
   .65000000E+00 -.82803039E+01
   .70000000E+00 -.11020174E+02
   .75000000E+00 -.16028589E+02
   .80000000E+00 -.28163626E+02
   .85000000E+00 -.10076566E+03
   .90000000E+00  .68909430E+02
   .95000000E+00  .26361061E+02
   .10000000E+01  .16538812E+02
   .10500000E+01  .12164640E+02
   .11000000E+01  .96847276E+01
   .11500000E+01  .80840636E+01
   .12000000E+01  .69628695E+01
   .12500000E+01  .61317971E+01
   .13000000E+01  .54895741E+01
   .13500000E+01  .49771273E+01
   .14000000E+01  .45576755E+01
   .14500000E+01  .42071205E+01
   .15000000E+01  .39090136E+01
   .15500000E+01  .36517431E+01
   .16000000E+01  .34268777E+01
   .16500000E+01  .32281470E+01
   .17000000E+01  .30507906E+01
   .17500000E+01  .28911293E+01
   .18000000E+01  .27462737E+01
   .18500000E+01  .26139235E+01
   .19000000E+01  .24922240E+01
   .19500000E+01  .23796631E+01
   .20000000E+01  .22749952E+01
Potential  L  =         .00000   -.42083
  -.30000000E+01  .14724126E+01
  -.29500000E+01  .14551361E+01
  -.29000000E+01  .14376531E+01
  -.28500000E+01  .14199565E+01
  -.28000000E+01  .14020386E+01
  -.27500000E+01  .13838913E+01
  -.27000000E+01  .13655060E+01
  -.26500000E+01  .13468737E+01
  -.26000000E+01  .13279847E+01
  -.25500000E+01  .13088289E+01
  -.25000000E+01  .12893954E+01
  -.24500000E+01  .12696724E+01
  -.24000000E+01  .12496478E+01
  -.23500000E+01  .12293083E+01
  -.23000000E+01  .12086398E+01
  -.22500000E+01  .11876271E+01
  -.22000000E+01  .11662541E+01
  -.21500000E+01  .11445032E+01
  -.21000000E+01  .11223559E+01
  -.20500000E+01  .10997918E+01
  -.20000000E+01  .10767892E+01
  -.19500000E+01  .10533245E+01
  -.19000000E+01  .10293719E+01
  -.18500000E+01  .10049039E+01
  -.18000000E+01  .97989007E+00
  -.17500000E+01  .95429750E+00
  -.17000000E+01  .92809012E+00
  -.16500000E+01  .90122841E+00
  -.16000000E+01  .87366897E+00
  -.15500000E+01  .84536399E+00
  -.15000000E+01  .81626066E+00
  -.14500000E+01  .78630049E+00
  -.14000000E+01  .75541850E+00
  -.13500000E+01  .72354223E+00
  -.13000000E+01  .69059067E+00
  -.12500000E+01  .65647284E+00
  -.12000000E+01  .62108629E+00
  -.11500000E+01  .58431504E+00
  -.11000000E+01  .54602737E+00
  -.10500000E+01  .50607289E+00
  -.10000000E+01  .46427911E+00
  -.95000000E+00  .42044715E+00
  -.90000000E+00  .37434627E+00
  -.85000000E+00  .32570744E+00
  -.80000000E+00  .27421463E+00
  -.75000000E+00  .21949420E+00
  -.70000000E+00  .16110073E+00
  -.65000000E+00  .98498980E-01
  -.60000000E+00  .31039710E-01
  -.55000000E+00 -.42072562E-01
  -.50000000E+00 -.12182352E+00
  -.45000000E+00 -.20944982E+00
  -.40000000E+00 -.30652488E+00
  -.35000000E+00 -.41508236E+00
  -.30000000E+00 -.53779841E+00
  -.25000000E+00 -.67826794E+00
  -.20000000E+00 -.84143699E+00
  -.15000000E+00 -.10343047E+01
  -.10000000E+00 -.12671138E+01
  -.50000000E-01 -.15554781E+01
  -.22898350E-14 -.19244383E+01
   .50000000E-01 -.24168456E+01
   .10000000E+00 -.31126310E+01
   .15000000E+00 -.41799962E+01
   .20000000E+00 -.60437687E+01
   .25000000E+00 -.10176688E+02
   .30000000E+00 -.27528968E+02
   .35000000E+00  .46692371E+02
   .40000000E+00  .13186734E+02
   .45000000E+00  .78334632E+01
   .50000000E+00  .56332406E+01
   .55000000E+00  .44253403E+01
   .60000000E+00  .36559788E+01
   .65000000E+00  .31186442E+01
   .70000000E+00  .27187677E+01
   .75000000E+00  .24069158E+01
   .80000000E+00  .21547302E+01
   .85000000E+00  .19447700E+01
   .90000000E+00  .17657155E+01
   .95000000E+00  .16098941E+01
   .10000000E+01  .14719167E+01
   .10500000E+01  .13478827E+01
   .11000000E+01  .12348955E+01
   .11500000E+01  .11307544E+01
   .12000000E+01  .10337544E+01
   .12500000E+01  .94254954E+00
   .13000000E+01  .85605967E+00
   .13500000E+01  .77340404E+00
   .14000000E+01  .69385349E+00
   .14500000E+01  .61679537E+00
   .15000000E+01  .54170727E+00
   .15500000E+01  .46813688E+00
   .16000000E+01  .39568733E+00
   .16500000E+01  .32400405E+00
   .17000000E+01  .25276573E+00
   .17500000E+01  .18167646E+00
   .18000000E+01  .11045918E+00
   .18500000E+01  .38849482E-01
   .19000000E+01 -.33408007E-01
   .19500000E+01 -.10656481E+00
   .20000000E+01 -.18087242E+00
Core Pot   L  =        1.00000   -.20000
  -.30000000E+01  .16165064E+01
  -.29500000E+01  .15998371E+01
  -.29000000E+01  .15831017E+01
  -.28500000E+01  .15662893E+01
  -.28000000E+01  .15493902E+01
  -.27500000E+01  .15323951E+01
  -.27000000E+01  .15152953E+01
  -.26500000E+01  .14980825E+01
  -.26000000E+01  .14807488E+01
  -.25500000E+01  .14632866E+01
  -.25000000E+01  .14456883E+01
  -.24500000E+01  .14279467E+01
  -.24000000E+01  .14100545E+01
  -.23500000E+01  .13920045E+01
  -.23000000E+01  .13737897E+01
  -.22500000E+01  .13554026E+01
  -.22000000E+01  .13368362E+01
  -.21500000E+01  .13180831E+01
  -.21000000E+01  .12991357E+01
  -.20500000E+01  .12799865E+01
  -.20000000E+01  .12606276E+01
  -.19500000E+01  .12410511E+01
  -.19000000E+01  .12212487E+01
  -.18500000E+01  .12012118E+01
  -.18000000E+01  .11809318E+01
  -.17500000E+01  .11603994E+01
  -.17000000E+01  .11396052E+01
  -.16500000E+01  .11185393E+01
  -.16000000E+01  .10971916E+01
  -.15500000E+01  .10755513E+01
  -.15000000E+01  .10536072E+01
  -.14500000E+01  .10313476E+01
  -.14000000E+01  .10087603E+01
  -.13500000E+01  .98583246E+00
  -.13000000E+01  .96255054E+00
  -.12500000E+01  .93890035E+00
  -.12000000E+01  .91486696E+00
  -.11500000E+01  .89043461E+00
  -.11000000E+01  .86558669E+00
  -.10500000E+01  .84030564E+00
  -.10000000E+01  .81457289E+00
  -.95000000E+00  .78836880E+00
  -.90000000E+00  .76167252E+00
  -.85000000E+00  .73446196E+00
  -.80000000E+00  .70671362E+00
  -.75000000E+00  .67840254E+00
  -.70000000E+00  .64950211E+00
  -.65000000E+00  .61998399E+00
  -.60000000E+00  .58981791E+00
  -.55000000E+00  .55897152E+00
  -.50000000E+00  .52741022E+00
  -.45000000E+00  .49509692E+00
  -.40000000E+00  .46199182E+00
  -.35000000E+00  .42805218E+00
  -.30000000E+00  .39323198E+00
  -.25000000E+00  .35748166E+00
  -.20000000E+00  .32074770E+00
  -.15000000E+00  .28297227E+00
  -.10000000E+00  .24409274E+00
  -.50000000E-01  .20404118E+00
  -.22898350E-14  .16274380E+00
   .50000000E-01  .12012026E+00
   .10000000E+00  .76082921E-01
   .15000000E+00  .30536039E-01
   .20000000E+00 -.16625257E-01
   .25000000E+00 -.65516063E-01
   .30000000E+00 -.11626299E+00
   .35000000E+00 -.16900566E+00
   .40000000E+00 -.22389841E+00
   .45000000E+00 -.28111230E+00
   .50000000E+00 -.34083749E+00
   .55000000E+00 -.40328595E+00
   .60000000E+00 -.46869468E+00
   .65000000E+00 -.53732960E+00
   .70000000E+00 -.60949007E+00
   .75000000E+00 -.68551431E+00
   .80000000E+00 -.76578599E+00
   .85000000E+00 -.85074212E+00
   .90000000E+00 -.94088268E+00
   .95000000E+00 -.10367824E+01
   .10000000E+01 -.11391054E+01
   .10500000E+01 -.12486231E+01
   .11000000E+01 -.13662370E+01
   .11500000E+01 -.14930072E+01
   .12000000E+01 -.16301892E+01
   .12500000E+01 -.17792810E+01
   .13000000E+01 -.19420843E+01
   .13500000E+01 -.21207863E+01
   .14000000E+01 -.23180683E+01
   .14500000E+01 -.25372537E+01
   .15000000E+01 -.27825125E+01
   .15500000E+01 -.30591498E+01
   .16000000E+01 -.33740194E+01
   .16500000E+01 -.37361347E+01
   .17000000E+01 -.41575912E+01
   .17500000E+01 -.46550083E+01
   .18000000E+01 -.52518620E+01
   .18500000E+01 -.59824283E+01
   .19000000E+01 -.68988010E+01
   .19500000E+01 -.80842008E+01
   .20000000E+01 -.96803060E+01
Potential  L  =        1.00000   -.20000
  -.30000000E+01  .15888222E+01
  -.29500000E+01  .15733684E+01
  -.29000000E+01  .15577776E+01
  -.28500000E+01  .15420465E+01
  -.28000000E+01  .15261715E+01
  -.27500000E+01  .15101490E+01
  -.27000000E+01  .14939754E+01
  -.26500000E+01  .14776466E+01
  -.26000000E+01  .14611588E+01
  -.25500000E+01  .14445076E+01
  -.25000000E+01  .14276887E+01
  -.24500000E+01  .14106976E+01
  -.24000000E+01  .13935294E+01
  -.23500000E+01  .13761793E+01
  -.23000000E+01  .13586420E+01
  -.22500000E+01  .13409122E+01
  -.22000000E+01  .13229842E+01
  -.21500000E+01  .13048522E+01
  -.21000000E+01  .12865100E+01
  -.20500000E+01  .12679511E+01
  -.20000000E+01  .12491688E+01
  -.19500000E+01  .12301562E+01
  -.19000000E+01  .12109056E+01
  -.18500000E+01  .11914095E+01
  -.18000000E+01  .11716596E+01
  -.17500000E+01  .11516475E+01
  -.17000000E+01  .11313641E+01
  -.16500000E+01  .11107999E+01
  -.16000000E+01  .10899450E+01
  -.15500000E+01  .10687890E+01
  -.15000000E+01  .10473207E+01
  -.14500000E+01  .10255285E+01
  -.14000000E+01  .10034001E+01
  -.13500000E+01  .98092248E+00
  -.13000000E+01  .95808180E+00
  -.12500000E+01  .93486350E+00
  -.12000000E+01  .91125211E+00
  -.11500000E+01  .88723123E+00
  -.11000000E+01  .86278341E+00
  -.10500000E+01  .83789015E+00
  -.10000000E+01  .81253170E+00
  -.95000000E+00  .78668706E+00
  -.90000000E+00  .76033381E+00
  -.85000000E+00  .73344800E+00
  -.80000000E+00  .70600404E+00
  -.75000000E+00  .67797451E+00
  -.70000000E+00  .64933002E+00
  -.65000000E+00  .62003904E+00
  -.60000000E+00  .59006763E+00
  -.55000000E+00  .55937929E+00
  -.50000000E+00  .52793465E+00
  -.45000000E+00  .49569117E+00
  -.40000000E+00  .46260287E+00
  -.35000000E+00  .42861992E+00
  -.30000000E+00  .39368821E+00
  -.25000000E+00  .35774890E+00
  -.20000000E+00  .32073792E+00
  -.15000000E+00  .28258526E+00
  -.10000000E+00  .24321438E+00
  -.50000000E-01  .20254132E+00
  -.22898350E-14  .16047383E+00
   .50000000E-01  .11691029E+00
   .10000000E+00  .71738468E-01
   .15000000E+00  .24834083E-01
   .20000000E+00 -.23940849E-01
   .25000000E+00 -.74740022E-01
   .30000000E+00 -.12773510E+00
   .35000000E+00 -.18311850E+00
   .40000000E+00 -.24110658E+00
   .45000000E+00 -.30194365E+00
   .50000000E+00 -.36590646E+00
   .55000000E+00 -.43330997E+00
   .60000000E+00 -.50451416E+00
   .65000000E+00 -.57993240E+00
   .70000000E+00 -.66004178E+00
   .75000000E+00 -.74539597E+00
   .80000000E+00 -.83664123E+00
   .85000000E+00 -.93453672E+00
   .90000000E+00 -.10399803E+01
   .95000000E+00 -.11540420E+01
   .10000000E+01 -.12780072E+01
   .10500000E+01 -.14134338E+01
   .11000000E+01 -.15622291E+01
   .11500000E+01 -.17267530E+01
   .12000000E+01 -.19099614E+01
   .12500000E+01 -.21156074E+01
   .13000000E+01 -.23485292E+01
   .13500000E+01 -.26150737E+01
   .14000000E+01 -.29237343E+01
   .14500000E+01 -.32861428E+01
   .15000000E+01 -.37186674E+01
   .15500000E+01 -.42450975E+01
   .16000000E+01 -.49013882E+01
   .16500000E+01 -.57445787E+01
   .17000000E+01 -.68709043E+01
   .17500000E+01 -.84564529E+01
   .18000000E+01 -.10861671E+02
   .18500000E+01 -.14958186E+02
   .19000000E+01 -.23532813E+02
   .19500000E+01 -.52959119E+02
   .20000000E+01  .24515567E+03
Core Pot   L  =        2.00000   -.50730
  -.30000000E+01  .17176972E+01
  -.29500000E+01  .17023019E+01
  -.29000000E+01  .16867297E+01
  -.28500000E+01  .16709734E+01
  -.28000000E+01  .16550253E+01
  -.27500000E+01  .16388772E+01
  -.27000000E+01  .16225200E+01
  -.26500000E+01  .16059442E+01
  -.26000000E+01  .15891395E+01
  -.25500000E+01  .15720945E+01
  -.25000000E+01  .15547972E+01
  -.24500000E+01  .15372345E+01
  -.24000000E+01  .15193919E+01
  -.23500000E+01  .15012539E+01
  -.23000000E+01  .14828034E+01
  -.22500000E+01  .14640217E+01
  -.22000000E+01  .14448881E+01
  -.21500000E+01  .14253802E+01
  -.21000000E+01  .14054727E+01
  -.20500000E+01  .13851380E+01
  -.20000000E+01  .13643451E+01
  -.19500000E+01  .13430597E+01
  -.19000000E+01  .13212432E+01
  -.18500000E+01  .12988520E+01
  -.18000000E+01  .12758374E+01
  -.17500000E+01  .12521437E+01
  -.17000000E+01  .12277077E+01
  -.16500000E+01  .12024570E+01
  -.16000000E+01  .11763084E+01
  -.15500000E+01  .11491656E+01
  -.15000000E+01  .11209165E+01
  -.14500000E+01  .10914299E+01
  -.14000000E+01  .10605508E+01
  -.13500000E+01  .10280954E+01
  -.13000000E+01  .99384311E+00
  -.12500000E+01  .95752755E+00
  -.12000000E+01  .91882335E+00
  -.11500000E+01  .87732898E+00
  -.11000000E+01  .83254279E+00
  -.10500000E+01  .78382968E+00
  -.10000000E+01  .73037317E+00
  -.95000000E+00  .67110547E+00
  -.90000000E+00  .60460232E+00
  -.85000000E+00  .52892024E+00
  -.80000000E+00  .44133562E+00
  -.75000000E+00  .33790886E+00
  -.70000000E+00  .21271961E+00
  -.65000000E+00  .56441110E-01
  -.60000000E+00 -.14652270E+00
  -.55000000E+00 -.42437240E+00
  -.50000000E+00 -.83387562E+00
  -.45000000E+00 -.15088170E+01
  -.40000000E+00 -.28576716E+01
  -.35000000E+00 -.70122630E+01
  -.30000000E+00  .14814866E+03
  -.25000000E+00  .82661755E+01
  -.20000000E+00  .47077465E+01
  -.15000000E+00  .34680737E+01
  -.10000000E+00  .28301983E+01
  -.50000000E-01  .24366080E+01
  -.22898350E-14  .21660830E+01
   .50000000E-01  .19661578E+01
   .10000000E+00  .18104269E+01
   .15000000E+00  .16841497E+01
   .20000000E+00  .15784479E+01
   .25000000E+00  .14876534E+01
   .30000000E+00  .14079763E+01
   .35000000E+00  .13367850E+01
   .40000000E+00  .12721942E+01
   .45000000E+00  .12128165E+01
   .50000000E+00  .11576075E+01
   .55000000E+00  .11057648E+01
   .60000000E+00  .10566609E+01
   .65000000E+00  .10097971E+01
   .70000000E+00  .96477141E+00
   .75000000E+00  .92125510E+00
   .80000000E+00  .87897612E+00
   .85000000E+00  .83770656E+00
   .90000000E+00  .79725330E+00
   .95000000E+00  .75745086E+00
   .10000000E+01  .71815590E+00
   .10500000E+01  .67924292E+00
   .11000000E+01  .64060085E+00
   .11500000E+01  .60213035E+00
   .12000000E+01  .56374161E+00
   .12500000E+01  .52535257E+00
   .13000000E+01  .48688742E+00
   .13500000E+01  .44827540E+00
   .14000000E+01  .40944975E+00
   .14500000E+01  .37034683E+00
   .15000000E+01  .33090533E+00
   .15500000E+01  .29106562E+00
   .16000000E+01  .25076915E+00
   .16500000E+01  .20995789E+00
   .17000000E+01  .16857382E+00
   .17500000E+01  .12655850E+00
   .18000000E+01  .83852550E-01
   .18500000E+01  .40395290E-01
   .19000000E+01 -.38757609E-02
   .19500000E+01 -.49025294E-01
   .20000000E+01 -.95120674E-01
Potential  L  =        2.00000   -.50730
  -.30000000E+01  .16640039E+01
  -.29500000E+01  .16469985E+01
  -.29000000E+01  .16297496E+01
  -.28500000E+01  .16122463E+01
  -.28000000E+01  .15944771E+01
  -.27500000E+01  .15764294E+01
  -.27000000E+01  .15580901E+01
  -.26500000E+01  .15394447E+01
  -.26000000E+01  .15204780E+01
  -.25500000E+01  .15011734E+01
  -.25000000E+01  .14815128E+01
  -.24500000E+01  .14614771E+01
  -.24000000E+01  .14410452E+01
  -.23500000E+01  .14201943E+01
  -.23000000E+01  .13988999E+01
  -.22500000E+01  .13771348E+01
  -.22000000E+01  .13548698E+01
  -.21500000E+01  .13320726E+01
  -.21000000E+01  .13087080E+01
  -.20500000E+01  .12847372E+01
  -.20000000E+01  .12601175E+01
  -.19500000E+01  .12348017E+01
  -.19000000E+01  .12087376E+01
  -.18500000E+01  .11818670E+01
  -.18000000E+01  .11541254E+01
  -.17500000E+01  .11254403E+01
  -.17000000E+01  .10957308E+01
  -.16500000E+01  .10649054E+01
  -.16000000E+01  .10328610E+01
  -.15500000E+01  .99948067E+00
  -.15000000E+01  .96463103E+00
  -.14500000E+01  .92815948E+00
  -.14000000E+01  .88989056E+00
  -.13500000E+01  .84962140E+00
  -.13000000E+01  .80711612E+00
  -.12500000E+01  .76209883E+00
  -.12000000E+01  .71424472E+00
  -.11500000E+01  .66316862E+00
  -.11000000E+01  .60841030E+00
  -.10500000E+01  .54941513E+00
  -.10000000E+01  .48550867E+00
  -.95000000E+00  .41586173E+00
  -.90000000E+00  .33944432E+00
  -.85000000E+00  .25495986E+00
  -.80000000E+00  .16075311E+00
  -.75000000E+00  .54677134E-01
  -.70000000E+00 -.66104969E-01
  -.65000000E+00 -.20542098E+00
  -.60000000E+00 -.36856415E+00
  -.55000000E+00 -.56306915E+00
  -.50000000E+00 -.80003955E+00
  -.45000000E+00 -.10965454E+01
  -.40000000E+00 -.14802538E+01
  -.35000000E+00 -.19991645E+01
  -.30000000E+00 -.27444944E+01
  -.25000000E+00 -.39134483E+01
  -.20000000E+00 -.60261923E+01
  -.15000000E+00 -.11045357E+02
  -.10000000E+00 -.38677696E+02
  -.50000000E-01  .32745698E+02
  -.22898350E-14  .12435703E+02
   .50000000E-01  .79942873E+01
   .10000000E+00  .60397890E+01
   .15000000E+00  .49350980E+01
   .20000000E+00  .42213933E+01
   .25000000E+00  .37197242E+01
   .30000000E+00  .33458510E+01
   .35000000E+00  .30549077E+01
   .40000000E+00  .28208036E+01
   .45000000E+00  .26273310E+01
   .50000000E+00  .24638905E+01
   .55000000E+00  .23232570E+01
   .60000000E+00  .22003357E+01
   .65000000E+00  .20914300E+01
   .70000000E+00  .19937924E+01
   .75000000E+00  .19053377E+01
   .80000000E+00  .18244543E+01
   .85000000E+00  .17498764E+01
   .90000000E+00  .16805959E+01
   .95000000E+00  .16157993E+01
   .10000000E+01  .15548227E+01
   .10500000E+01  .14971185E+01
   .11000000E+01  .14422306E+01
   .11500000E+01  .13897758E+01
   .12000000E+01  .13394295E+01
   .12500000E+01  .12909143E+01
   .13000000E+01  .12439919E+01
   .13500000E+01  .11984555E+01
   .14000000E+01  .11541250E+01
   .14500000E+01  .11108422E+01
   .15000000E+01  .10684673E+01
   .15500000E+01  .10268762E+01
   .16000000E+01  .98595781E+00
   .16500000E+01  .94561206E+00
   .17000000E+01  .90574849E+00
   .17500000E+01  .86628464E+00
   .18000000E+01  .82714495E+00
   .18500000E+01  .78825976E+00
   .19000000E+01  .74956441E+00
   .19500000E+01  .71099851E+00
   .20000000E+01  .67250534E+00
Core Pot   L  =        3.00000    .00000
  -.30000000E+01  .19781124E+01
  -.29500000E+01  .19656499E+01
  -.29000000E+01  .19531122E+01
  -.28500000E+01  .19404980E+01
  -.28000000E+01  .19278060E+01
  -.27500000E+01  .19150348E+01
  -.27000000E+01  .19021829E+01
  -.26500000E+01  .18892488E+01
  -.26000000E+01  .18762310E+01
  -.25500000E+01  .18631279E+01
  -.25000000E+01  .18499380E+01
  -.24500000E+01  .18366596E+01
  -.24000000E+01  .18232909E+01
  -.23500000E+01  .18098302E+01
  -.23000000E+01  .17962756E+01
  -.22500000E+01  .17826253E+01
  -.22000000E+01  .17688773E+01
  -.21500000E+01  .17550297E+01
  -.21000000E+01  .17410802E+01
  -.20500000E+01  .17270269E+01
  -.20000000E+01  .17128675E+01
  -.19500000E+01  .16985996E+01
  -.19000000E+01  .16842210E+01
  -.18500000E+01  .16697292E+01
  -.18000000E+01  .16551216E+01
  -.17500000E+01  .16403956E+01
  -.17000000E+01  .16255485E+01
  -.16500000E+01  .16105774E+01
  -.16000000E+01  .15954795E+01
  -.15500000E+01  .15802517E+01
  -.15000000E+01  .15648908E+01
  -.14500000E+01  .15493936E+01
  -.14000000E+01  .15337567E+01
  -.13500000E+01  .15179765E+01
  -.13000000E+01  .15020494E+01
  -.12500000E+01  .14859715E+01
  -.12000000E+01  .14697388E+01
  -.11500000E+01  .14533473E+01
  -.11000000E+01  .14367926E+01
  -.10500000E+01  .14200701E+01
  -.10000000E+01  .14031752E+01
  -.95000000E+00  .13861030E+01
  -.90000000E+00  .13688484E+01
  -.85000000E+00  .13514059E+01
  -.80000000E+00  .13337701E+01
  -.75000000E+00  .13159349E+01
  -.70000000E+00  .12978944E+01
  -.65000000E+00  .12796421E+01
  -.60000000E+00  .12611712E+01
  -.55000000E+00  .12424746E+01
  -.50000000E+00  .12235450E+01
  -.45000000E+00  .12043745E+01
  -.40000000E+00  .11849550E+01
  -.35000000E+00  .11652777E+01
  -.30000000E+00  .11453337E+01
  -.25000000E+00  .11251132E+01
  -.20000000E+00  .11046063E+01
  -.15000000E+00  .10838021E+01
  -.10000000E+00  .10626895E+01
  -.50000000E-01  .10412565E+01
  -.22898350E-14  .10194905E+01
   .50000000E-01  .99737805E+00
   .10000000E+00  .97490494E+00
   .15000000E+00  .95205609E+00
   .20000000E+00  .92881546E+00
   .25000000E+00  .90516597E+00
   .30000000E+00  .88108943E+00
   .35000000E+00  .85656643E+00
   .40000000E+00  .83157623E+00
   .45000000E+00  .80609667E+00
   .50000000E+00  .78010401E+00
   .55000000E+00  .75357280E+00
   .60000000E+00  .72647570E+00
   .65000000E+00  .69878333E+00
   .70000000E+00  .67046404E+00
   .75000000E+00  .64148370E+00
   .80000000E+00  .61180544E+00
   .85000000E+00  .58138936E+00
   .90000000E+00  .55019220E+00
   .95000000E+00  .51816700E+00
   .10000000E+01  .48526265E+00
   .10500000E+01  .45142343E+00
   .11000000E+01  .41658851E+00
   .11500000E+01  .38069125E+00
   .12000000E+01  .34365854E+00
   .12500000E+01  .30541000E+00
   .13000000E+01  .26585697E+00
   .13500000E+01  .22490147E+00
   .14000000E+01  .18243490E+00
   .14500000E+01  .13833654E+00
   .15000000E+01  .92471796E-01
   .15500000E+01  .44690111E-01
   .16000000E+01 -.51774621E-02
   .16500000E+01 -.57321214E-01
   .17000000E+01 -.11195628E+00
   .17500000E+01 -.16932684E+00
   .18000000E+01 -.22971130E+00
   .18500000E+01 -.29342843E+00
   .19000000E+01 -.36084510E+00
   .19500000E+01 -.43238574E+00
   .20000000E+01 -.50854412E+00
Potential  L  =        3.00000    .00000
  -.30000000E+01  .19795824E+01
  -.29500000E+01  .19671761E+01
  -.29000000E+01  .19546969E+01
  -.28500000E+01  .19421434E+01
  -.28000000E+01  .19295145E+01
  -.27500000E+01  .19168089E+01
  -.27000000E+01  .19040253E+01
  -.26500000E+01  .18911623E+01
  -.26000000E+01  .18782185E+01
  -.25500000E+01  .18651925E+01
  -.25000000E+01  .18520828E+01
  -.24500000E+01  .18388879E+01
  -.24000000E+01  .18256063E+01
  -.23500000E+01  .18122364E+01
  -.23000000E+01  .17987765E+01
  -.22500000E+01  .17852249E+01
  -.22000000E+01  .17715799E+01
  -.21500000E+01  .17578398E+01
  -.21000000E+01  .17440025E+01
  -.20500000E+01  .17300664E+01
  -.20000000E+01  .17160293E+01
  -.19500000E+01  .17018893E+01
  -.19000000E+01  .16876443E+01
  -.18500000E+01  .16732921E+01
  -.18000000E+01  .16588305E+01
  -.17500000E+01  .16442573E+01
  -.17000000E+01  .16295700E+01
  -.16500000E+01  .16147663E+01
  -.16000000E+01  .15998435E+01
  -.15500000E+01  .15847991E+01
  -.15000000E+01  .15696304E+01
  -.14500000E+01  .15543346E+01
  -.14000000E+01  .15389089E+01
  -.13500000E+01  .15233501E+01
  -.13000000E+01  .15076553E+01
  -.12500000E+01  .14918212E+01
  -.12000000E+01  .14758445E+01
  -.11500000E+01  .14597218E+01
  -.11000000E+01  .14434495E+01
  -.10500000E+01  .14270239E+01
  -.10000000E+01  .14104411E+01
  -.95000000E+00  .13936972E+01
  -.90000000E+00  .13767881E+01
  -.85000000E+00  .13597093E+01
  -.80000000E+00  .13424564E+01
  -.75000000E+00  .13250249E+01
  -.70000000E+00  .13074097E+01
  -.65000000E+00  .12896060E+01
  -.60000000E+00  .12716083E+01
  -.55000000E+00  .12534114E+01
  -.50000000E+00  .12350093E+01
  -.45000000E+00  .12163962E+01
  -.40000000E+00  .11975659E+01
  -.35000000E+00  .11785118E+01
  -.30000000E+00  .11592272E+01
  -.25000000E+00  .11397049E+01
  -.20000000E+00  .11199376E+01
  -.15000000E+00  .10999175E+01
  -.10000000E+00  .10796364E+01
  -.50000000E-01  .10590858E+01
  -.22898350E-14  .10382567E+01
   .50000000E-01  .10171399E+01
   .10000000E+00  .99572527E+00
   .15000000E+00  .97400262E+00
   .20000000E+00  .95196101E+00
   .25000000E+00  .92958898E+00
   .30000000E+00  .90687445E+00
   .35000000E+00  .88380470E+00
   .40000000E+00  .86036629E+00
   .45000000E+00  .83654507E+00
   .50000000E+00  .81232606E+00
   .55000000E+00  .78769344E+00
   .60000000E+00  .76263046E+00
   .65000000E+00  .73711937E+00
   .70000000E+00  .71114136E+00
   .75000000E+00  .68467647E+00
   .80000000E+00  .65770350E+00
   .85000000E+00  .63019991E+00
   .90000000E+00  .60214168E+00
   .95000000E+00  .57350325E+00
   .10000000E+01  .54425715E+00
   .10500000E+01  .51437463E+00
   .11000000E+01  .48382434E+00
   .11500000E+01  .45257293E+00
   .12000000E+01  .42058467E+00
   .12500000E+01  .38782119E+00
   .13000000E+01  .35424124E+00
   .13500000E+01  .31980047E+00
   .14000000E+01  .28445103E+00
   .14500000E+01  .24814129E+00
   .15000000E+01  .21081544E+00
   .15500000E+01  .17241303E+00
   .16000000E+01  .13286848E+00
   .16500000E+01  .92110557E-01
   .17000000E+01  .50061927E-01
   .17500000E+01  .66374878E-02
   .18000000E+01 -.38255005E-01
   .18500000E+01 -.84716812E-01
   .19000000E+01 -.13285910E+00
   .19500000E+01 -.18280419E+00
   .20000000E+01 -.23468694E+00
Core Pot   L  =        4.00000    .00000
  -.30000000E+01  .22502891E+01
  -.29500000E+01  .22395062E+01
  -.29000000E+01  .22286762E+01
  -.28500000E+01  .22177984E+01
  -.28000000E+01  .22068721E+01
  -.27500000E+01  .21958969E+01
  -.27000000E+01  .21848720E+01
  -.26500000E+01  .21737969E+01
  -.26000000E+01  .21626708E+01
  -.25500000E+01  .21514932E+01
  -.25000000E+01  .21402634E+01
  -.24500000E+01  .21289806E+01
  -.24000000E+01  .21176442E+01
  -.23500000E+01  .21062535E+01
  -.23000000E+01  .20948077E+01
  -.22500000E+01  .20833060E+01
  -.22000000E+01  .20717479E+01
  -.21500000E+01  .20601323E+01
  -.21000000E+01  .20484586E+01
  -.20500000E+01  .20367260E+01
  -.20000000E+01  .20249335E+01
  -.19500000E+01  .20130805E+01
  -.19000000E+01  .20011659E+01
  -.18500000E+01  .19891889E+01
  -.18000000E+01  .19771486E+01
  -.17500000E+01  .19650441E+01
  -.17000000E+01  .19528744E+01
  -.16500000E+01  .19406385E+01
  -.16000000E+01  .19283355E+01
  -.15500000E+01  .19159644E+01
  -.15000000E+01  .19035240E+01
  -.14500000E+01  .18910133E+01
  -.14000000E+01  .18784313E+01
  -.13500000E+01  .18657768E+01
  -.13000000E+01  .18530486E+01
  -.12500000E+01  .18402457E+01
  -.12000000E+01  .18273667E+01
  -.11500000E+01  .18144104E+01
  -.11000000E+01  .18013757E+01
  -.10500000E+01  .17882611E+01
  -.10000000E+01  .17750653E+01
  -.95000000E+00  .17617870E+01
  -.90000000E+00  .17484248E+01
  -.85000000E+00  .17349772E+01
  -.80000000E+00  .17214427E+01
  -.75000000E+00  .17078199E+01
  -.70000000E+00  .16941071E+01
  -.65000000E+00  .16803028E+01
  -.60000000E+00  .16664053E+01
  -.55000000E+00  .16524129E+01
  -.50000000E+00  .16383239E+01
  -.45000000E+00  .16241364E+01
  -.40000000E+00  .16098487E+01
  -.35000000E+00  .15954588E+01
  -.30000000E+00  .15809648E+01
  -.25000000E+00  .15663646E+01
  -.20000000E+00  .15516563E+01
  -.15000000E+00  .15368376E+01
  -.10000000E+00  .15219064E+01
  -.50000000E-01  .15068604E+01
  -.22898350E-14  .14916972E+01
   .50000000E-01  .14764145E+01
   .10000000E+00  .14610098E+01
   .15000000E+00  .14454805E+01
   .20000000E+00  .14298239E+01
   .25000000E+00  .14140374E+01
   .30000000E+00  .13981180E+01
   .35000000E+00  .13820630E+01
   .40000000E+00  .13658692E+01
   .45000000E+00  .13495336E+01
   .50000000E+00  .13330529E+01
   .55000000E+00  .13164238E+01
   .60000000E+00  .12996429E+01
   .65000000E+00  .12827065E+01
   .70000000E+00  .12656110E+01
   .75000000E+00  .12483526E+01
   .80000000E+00  .12309272E+01
   .85000000E+00  .12133308E+01
   .90000000E+00  .11955590E+01
   .95000000E+00  .11776075E+01
   .10000000E+01  .11594716E+01
   .10500000E+01  .11411466E+01
   .11000000E+01  .11226274E+01
   .11500000E+01  .11039090E+01
   .12000000E+01  .10849859E+01
   .12500000E+01  .10658525E+01
   .13000000E+01  .10465031E+01
   .13500000E+01  .10269315E+01
   .14000000E+01  .10071316E+01
   .14500000E+01  .98709656E+00
   .15000000E+01  .96681967E+00
   .15500000E+01  .94629373E+00
   .16000000E+01  .92551127E+00
   .16500000E+01  .90446446E+00
   .17000000E+01  .88314515E+00
   .17500000E+01  .86154479E+00
   .18000000E+01  .83965445E+00
   .18500000E+01  .81746476E+00
   .19000000E+01  .79496593E+00
   .19500000E+01  .77214768E+00
   .20000000E+01  .74899922E+00
Potential  L  =        4.00000    .00000
  -.30000000E+01  .22508291E+01
  -.29500000E+01  .22400606E+01
  -.29000000E+01  .22292441E+01
  -.28500000E+01  .22183795E+01
  -.28000000E+01  .22074690E+01
  -.27500000E+01  .21965087E+01
  -.27000000E+01  .21854994E+01
  -.26500000E+01  .21744400E+01
  -.26000000E+01  .21633292E+01
  -.25500000E+01  .21521697E+01
  -.25000000E+01  .21409574E+01
  -.24500000E+01  .21296927E+01
  -.24000000E+01  .21183750E+01
  -.23500000E+01  .21070037E+01
  -.23000000E+01  .20955766E+01
  -.22500000E+01  .20840958E+01
  -.22000000E+01  .20725601E+01
  -.21500000E+01  .20609655E+01
  -.21000000E+01  .20493147E+01
  -.20500000E+01  .20376064E+01
  -.20000000E+01  .20258383E+01
  -.19500000E+01  .20140104E+01
  -.19000000E+01  .20021217E+01
  -.18500000E+01  .19901706E+01
  -.18000000E+01  .19781583E+01
  -.17500000E+01  .19660837E+01
  -.17000000E+01  .19539437E+01
  -.16500000E+01  .19417385E+01
  -.16000000E+01  .19294660E+01
  -.15500000E+01  .19171279E+01
  -.15000000E+01  .19047215E+01
  -.14500000E+01  .18922462E+01
  -.14000000E+01  .18797017E+01
  -.13500000E+01  .18670850E+01
  -.13000000E+01  .18543959E+01
  -.12500000E+01  .18416323E+01
  -.12000000E+01  .18287953E+01
  -.11500000E+01  .18158825E+01
  -.11000000E+01  .18028927E+01
  -.10500000E+01  .17898247E+01
  -.10000000E+01  .17766773E+01
  -.95000000E+00  .17634490E+01
  -.90000000E+00  .17501386E+01
  -.85000000E+00  .17367449E+01
  -.80000000E+00  .17232662E+01
  -.75000000E+00  .17097012E+01
  -.70000000E+00  .16960485E+01
  -.65000000E+00  .16823064E+01
  -.60000000E+00  .16684734E+01
  -.55000000E+00  .16545480E+01
  -.50000000E+00  .16405294E+01
  -.45000000E+00  .16264141E+01
  -.40000000E+00  .16122005E+01
  -.35000000E+00  .15978885E+01
  -.30000000E+00  .15834753E+01
  -.25000000E+00  .15689601E+01
  -.20000000E+00  .15543382E+01
  -.15000000E+00  .15396111E+01
  -.10000000E+00  .15247742E+01
  -.50000000E-01  .15098254E+01
  -.22898350E-14  .14947651E+01
   .50000000E-01  .14795885E+01
   .10000000E+00  .14642942E+01
   .15000000E+00  .14488798E+01
   .20000000E+00  .14333428E+01
   .25000000E+00  .14176808E+01
   .30000000E+00  .14018911E+01
   .35000000E+00  .13859711E+01
   .40000000E+00  .13699182E+01
   .45000000E+00  .13537292E+01
   .50000000E+00  .13374015E+01
   .55000000E+00  .13209319E+01
   .60000000E+00  .13043173E+01
   .65000000E+00  .12875545E+01
   .70000000E+00  .12706401E+01
   .75000000E+00  .12535707E+01
   .80000000E+00  .12363428E+01
   .85000000E+00  .12189526E+01
   .90000000E+00  .12013963E+01
   .95000000E+00  .11836699E+01
   .10000000E+01  .11657694E+01
   .10500000E+01  .11476905E+01
   .11000000E+01  .11294288E+01
   .11500000E+01  .11109798E+01
   .12000000E+01  .10923388E+01
   .12500000E+01  .10735008E+01
   .13000000E+01  .10544607E+01
   .13500000E+01  .10352133E+01
   .14000000E+01  .10157530E+01
   .14500000E+01  .99607429E+00
   .15000000E+01  .97617108E+00
   .15500000E+01  .95603726E+00
   .16000000E+01  .93566642E+00
   .16500000E+01  .91505188E+00
   .17000000E+01  .89418669E+00
   .17500000E+01  .87306361E+00
   .18000000E+01  .85167509E+00
   .18500000E+01  .83001329E+00
   .19000000E+01  .80806995E+00
   .19500000E+01  .78583651E+00
   .20000000E+01  .76330403E+00
KBPotential  L  =      2.00000  -1.01460
  -.30000000E+01  .17177351E+01
  -.29500000E+01  .17023382E+01
  -.29000000E+01  .16867645E+01
  -.28500000E+01  .16710068E+01
  -.28000000E+01  .16550574E+01
  -.27500000E+01  .16389080E+01
  -.27000000E+01  .16225498E+01
  -.26500000E+01  .16059729E+01
  -.26000000E+01  .15891671E+01
  -.25500000E+01  .15721211E+01
  -.25000000E+01  .15548230E+01
  -.24500000E+01  .15372594E+01
  -.24000000E+01  .15194161E+01
  -.23500000E+01  .15012774E+01
  -.23000000E+01  .14828263E+01
  -.22500000E+01  .14640440E+01
  -.22000000E+01  .14449100E+01
  -.21500000E+01  .14254017E+01
  -.21000000E+01  .14054939E+01
  -.20500000E+01  .13851590E+01
  -.20000000E+01  .13643660E+01
  -.19500000E+01  .13430805E+01
  -.19000000E+01  .13212639E+01
  -.18500000E+01  .12988728E+01
  -.18000000E+01  .12758583E+01
  -.17500000E+01  .12521542E+01
  -.17000000E+01  .12277181E+01
  -.16500000E+01  .12024673E+01
  -.16000000E+01  .11763187E+01
  -.15500000E+01  .11491730E+01
  -.15000000E+01  .11209239E+01
  -.14500000E+01  .10914372E+01
  -.14000000E+01  .10605582E+01
  -.13500000E+01  .10281027E+01
  -.13000000E+01  .99385045E+00
  -.12500000E+01  .95753483E+00
  -.12000000E+01  .91882899E+00
  -.11500000E+01  .87733439E+00
  -.11000000E+01  .83254789E+00
  -.10500000E+01  .78383435E+00
  -.10000000E+01  .73037725E+00
  -.95000000E+00  .67110876E+00
  -.90000000E+00  .60460455E+00
  -.85000000E+00  .52892107E+00
  -.80000000E+00  .44133461E+00
  -.75000000E+00  .33790540E+00
  -.70000000E+00  .21271279E+00
  -.65000000E+00  .56428458E-01
  -.60000000E+00 -.14654245E+00
  -.55000000E+00 -.42439327E+00
  -.50000000E+00 -.83390705E+00
  -.45000000E+00 -.15088725E+01
  -.40000000E+00 -.28578210E+01
  -.35000000E+00 -.70133098E+01
  -.30000000E+00  .14809205E+03
  -.25000000E+00  .82662312E+01
  -.20000000E+00  .47078080E+01
  -.15000000E+00  .34681204E+01
  -.10000000E+00  .28302318E+01
  -.50000000E-01  .24366307E+01
  -.22898350E-14  .21660980E+01
   .50000000E-01  .19661632E+01
   .10000000E+00  .18104219E+01
   .15000000E+00  .16841354E+01
   .20000000E+00  .15784241E+01
   .25000000E+00  .14876195E+01
   .30000000E+00  .14079317E+01
   .35000000E+00  .13367288E+01
   .40000000E+00  .12721676E+01
   .45000000E+00  .12127733E+01
   .50000000E+00  .11575017E+01
   .55000000E+00  .11056442E+01
   .60000000E+00  .10565229E+01
   .65000000E+00  .10096418E+01
   .70000000E+00  .96459497E+00
   .75000000E+00  .92105491E+00
   .80000000E+00  .87875166E+00
   .85000000E+00  .83745502E+00
   .90000000E+00  .79697216E+00
   .95000000E+00  .75713743E+00
   .10000000E+01  .71780723E+00
   .10500000E+01  .67885585E+00
   .11000000E+01  .64017191E+00
   .11500000E+01  .60165581E+00
   .12000000E+01  .56321741E+00
   .12500000E+01  .52477431E+00
   .13000000E+01  .48625035E+00
   .13500000E+01  .44757434E+00
   .14000000E+01  .40867910E+00
   .14500000E+01  .36950018E+00
   .15000000E+01  .32997639E+00
   .15500000E+01  .29004864E+00
   .16000000E+01  .24967599E+00
   .16500000E+01  .20875787E+00
   .17000000E+01  .16726000E+00
   .17500000E+01  .12511929E+00
   .18000000E+01  .82275801E-01
   .18500000E+01  .38667818E-01
   .19000000E+01 -.57645557E-02
   .19500000E+01 -.51111565E-01
   .20000000E+01 -.97398084E-01
KBPotential  L  =       .00000   -.84166
  -.30000000E+01  .14393632E+01
  -.29500000E+01  .14212935E+01
  -.29000000E+01  .14029940E+01
  -.28500000E+01  .13844570E+01
  -.28000000E+01  .13656739E+01
  -.27500000E+01  .13466360E+01
  -.27000000E+01  .13273343E+01
  -.26500000E+01  .13077589E+01
  -.26000000E+01  .12878996E+01
  -.25500000E+01  .12677456E+01
  -.25000000E+01  .12472854E+01
  -.24500000E+01  .12265069E+01
  -.24000000E+01  .12053973E+01
  -.23500000E+01  .11839430E+01
  -.23000000E+01  .11621295E+01
  -.22500000E+01  .11399416E+01
  -.22000000E+01  .11173629E+01
  -.21500000E+01  .10943761E+01
  -.21000000E+01  .10709627E+01
  -.20500000E+01  .10471031E+01
  -.20000000E+01  .10227761E+01
  -.19500000E+01  .99795933E+00
  -.19000000E+01  .97262866E+00
  -.18500000E+01  .94675830E+00
  -.18000000E+01  .92032054E+00
  -.17500000E+01  .89328558E+00
  -.17000000E+01  .86562140E+00
  -.16500000E+01  .83729345E+00
  -.16000000E+01  .80826445E+00
  -.15500000E+01  .77849407E+00
  -.15000000E+01  .74793867E+00
  -.14500000E+01  .71655086E+00
  -.14000000E+01  .68427917E+00
  -.13500000E+01  .65106754E+00
  -.13000000E+01  .61685481E+00
  -.12500000E+01  .58157415E+00
  -.12000000E+01  .54515227E+00
  -.11500000E+01  .50750879E+00
  -.11000000E+01  .46855519E+00
  -.10500000E+01  .42819386E+00
  -.10000000E+01  .38631679E+00
  -.95000000E+00  .34280424E+00
  -.90000000E+00  .29752303E+00
  -.85000000E+00  .25032461E+00
  -.80000000E+00  .20104268E+00
  -.75000000E+00  .14949060E+00
  -.70000000E+00  .95458097E-01
  -.65000000E+00  .38707310E-01
  -.60000000E+00 -.21031832E-01
  -.55000000E+00 -.84067282E-01
  -.50000000E+00 -.15075180E+00
  -.45000000E+00 -.22149134E+00
  -.40000000E+00 -.29675590E+00
  -.35000000E+00 -.37709204E+00
  -.30000000E+00 -.46313969E+00
  -.25000000E+00 -.55565282E+00
  -.20000000E+00 -.65552616E+00
  -.15000000E+00 -.76382966E+00
  -.10000000E+00 -.88185370E+00
  -.50000000E-01 -.10111690E+01
  -.22898350E-14 -.11537071E+01
   .50000000E-01 -.13118710E+01
   .10000000E+00 -.14886868E+01
   .15000000E+00 -.16880224E+01
   .20000000E+00 -.19149001E+01
   .25000000E+00 -.21759632E+01
   .30000000E+00 -.24801876E+01
   .35000000E+00 -.28400041E+01
   .40000000E+00 -.32731386E+01
   .45000000E+00 -.38057677E+01
   .50000000E+00 -.44782375E+01
   .55000000E+00 -.53561519E+01
   .60000000E+00 -.65538081E+01
   .65000000E+00 -.82896690E+01
   .70000000E+00 -.11040045E+02
   .75000000E+00 -.16078760E+02
   .80000000E+00 -.28348058E+02
   .85000000E+00 -.10361514E+03
   .90000000E+00  .67417758E+02
   .95000000E+00  .26102150E+02
   .10000000E+01  .16419500E+02
   .10500000E+01  .12089447E+02
   .11000000E+01  .96294080E+01
   .11500000E+01  .80394600E+01
   .12000000E+01  .69246813E+01
   .12500000E+01  .60976981E+01
   .13000000E+01  .54581732E+01
   .13500000E+01  .49475254E+01
   .14000000E+01  .45292547E+01
   .14500000E+01  .41794339E+01
   .15000000E+01  .38817195E+01
   .15500000E+01  .36245714E+01
   .16000000E+01  .33996059E+01
   .16500000E+01  .32005845E+01
   .17000000E+01  .30227690E+01
   .17500000E+01  .28624946E+01
   .18000000E+01  .27168816E+01
   .18500000E+01  .25836352E+01
   .19000000E+01  .24609031E+01
   .19500000E+01  .23471732E+01
   .20000000E+01  .22411965E+01
KBPotential  L  =      1.00000   -.40000
  -.30000000E+01  .15975665E+01
  -.29500000E+01  .15820159E+01
  -.29000000E+01  .15663239E+01
  -.28500000E+01  .15504873E+01
  -.28000000E+01  .15345023E+01
  -.27500000E+01  .15183654E+01
  -.27000000E+01  .15020726E+01
  -.26500000E+01  .14856200E+01
  -.26000000E+01  .14690035E+01
  -.25500000E+01  .14522187E+01
  -.25000000E+01  .14352611E+01
  -.24500000E+01  .14181263E+01
  -.24000000E+01  .14008092E+01
  -.23500000E+01  .13833049E+01
  -.23000000E+01  .13656082E+01
  -.22500000E+01  .13477135E+01
  -.22000000E+01  .13296152E+01
  -.21500000E+01  .13113074E+01
  -.21000000E+01  .12927839E+01
  -.20500000E+01  .12740383E+01
  -.20000000E+01  .12550637E+01
  -.19500000E+01  .12358531E+01
  -.19000000E+01  .12163993E+01
  -.18500000E+01  .11966944E+01
  -.18000000E+01  .11767305E+01
  -.17500000E+01  .11564990E+01
  -.17000000E+01  .11359912E+01
  -.16500000E+01  .11151977E+01
  -.16000000E+01  .10941088E+01
  -.15500000E+01  .10727143E+01
  -.15000000E+01  .10510034E+01
  -.14500000E+01  .10289649E+01
  -.14000000E+01  .10065869E+01
  -.13500000E+01  .98385682E+00
  -.13000000E+01  .96076154E+00
  -.12500000E+01  .93728715E+00
  -.12000000E+01  .91341902E+00
  -.11500000E+01  .88914158E+00
  -.11000000E+01  .86443849E+00
  -.10500000E+01  .83929244E+00
  -.10000000E+01  .81368507E+00
  -.95000000E+00  .78759694E+00
  -.90000000E+00  .76100744E+00
  -.85000000E+00  .73389470E+00
  -.80000000E+00  .70623537E+00
  -.75000000E+00  .67800470E+00
  -.70000000E+00  .64917633E+00
  -.65000000E+00  .61972211E+00
  -.60000000E+00  .58961202E+00
  -.55000000E+00  .55881393E+00
  -.50000000E+00  .52729352E+00
  -.45000000E+00  .49501396E+00
  -.40000000E+00  .46193576E+00
  -.35000000E+00  .42801648E+00
  -.30000000E+00  .39321051E+00
  -.25000000E+00  .35746862E+00
  -.20000000E+00  .32073774E+00
  -.15000000E+00  .28296049E+00
  -.10000000E+00  .24407475E+00
  -.50000000E-01  .20401322E+00
  -.22898350E-14  .16270264E+00
   .50000000E-01  .12006336E+00
   .10000000E+00  .76008484E-01
   .15000000E+00  .30443025E-01
   .20000000E+00 -.16737050E-01
   .25000000E+00 -.65645933E-01
   .30000000E+00 -.11640936E+00
   .35000000E+00 -.16916599E+00
   .40000000E+00 -.22406922E+00
   .45000000E+00 -.28128924E+00
   .50000000E+00 -.34101539E+00
   .55000000E+00 -.40345899E+00
   .60000000E+00 -.46885670E+00
   .65000000E+00 -.53747445E+00
   .70000000E+00 -.60961224E+00
   .75000000E+00 -.68560982E+00
   .80000000E+00 -.76585365E+00
   .85000000E+00 -.85078531E+00
   .90000000E+00 -.94091182E+00
   .95000000E+00 -.10368185E+01
   .10000000E+01 -.11391849E+01
   .10500000E+01 -.12488047E+01
   .11000000E+01 -.13666116E+01
   .11500000E+01 -.14937113E+01
   .12000000E+01 -.16314244E+01
   .12500000E+01 -.17813414E+01
   .13000000E+01 -.19453971E+01
   .13500000E+01 -.21259695E+01
   .14000000E+01 -.23260173E+01
   .14500000E+01 -.25492697E+01
   .15000000E+01 -.28004991E+01
   .15500000E+01 -.30859174E+01
   .16000000E+01 -.34137689E+01
   .16500000E+01 -.37952450E+01
   .17000000E+01 -.42459438E+01
   .17500000E+01 -.47882956E+01
   .18000000E+01 -.54557963E+01
   .18500000E+01 -.63008363E+01
   .19000000E+01 -.74103073E+01
   .19500000E+01 -.89397502E+01
   .20000000E+01 -.11198140E+02
KBPotential  L  =      3.00000    .00000
  -.30000000E+01  .19795824E+01
  -.29500000E+01  .19671761E+01
  -.29000000E+01  .19546969E+01
  -.28500000E+01  .19421434E+01
  -.28000000E+01  .19295145E+01
  -.27500000E+01  .19168089E+01
  -.27000000E+01  .19040253E+01
  -.26500000E+01  .18911623E+01
  -.26000000E+01  .18782185E+01
  -.25500000E+01  .18651925E+01
  -.25000000E+01  .18520828E+01
  -.24500000E+01  .18388879E+01
  -.24000000E+01  .18256063E+01
  -.23500000E+01  .18122364E+01
  -.23000000E+01  .17987765E+01
  -.22500000E+01  .17852249E+01
  -.22000000E+01  .17715799E+01
  -.21500000E+01  .17578398E+01
  -.21000000E+01  .17440025E+01
  -.20500000E+01  .17300664E+01
  -.20000000E+01  .17160293E+01
  -.19500000E+01  .17018893E+01
  -.19000000E+01  .16876443E+01
  -.18500000E+01  .16732921E+01
  -.18000000E+01  .16588305E+01
  -.17500000E+01  .16442573E+01
  -.17000000E+01  .16295700E+01
  -.16500000E+01  .16147663E+01
  -.16000000E+01  .15998435E+01
  -.15500000E+01  .15847991E+01
  -.15000000E+01  .15696304E+01
  -.14500000E+01  .15543346E+01
  -.14000000E+01  .15389089E+01
  -.13500000E+01  .15233501E+01
  -.13000000E+01  .15076553E+01
  -.12500000E+01  .14918212E+01
  -.12000000E+01  .14758445E+01
  -.11500000E+01  .14597218E+01
  -.11000000E+01  .14434495E+01
  -.10500000E+01  .14270239E+01
  -.10000000E+01  .14104411E+01
  -.95000000E+00  .13936972E+01
  -.90000000E+00  .13767881E+01
  -.85000000E+00  .13597093E+01
  -.80000000E+00  .13424564E+01
  -.75000000E+00  .13250249E+01
  -.70000000E+00  .13074097E+01
  -.65000000E+00  .12896060E+01
  -.60000000E+00  .12716083E+01
  -.55000000E+00  .12534114E+01
  -.50000000E+00  .12350093E+01
  -.45000000E+00  .12163962E+01
  -.40000000E+00  .11975659E+01
  -.35000000E+00  .11785118E+01
  -.30000000E+00  .11592272E+01
  -.25000000E+00  .11397049E+01
  -.20000000E+00  .11199376E+01
  -.15000000E+00  .10999175E+01
  -.10000000E+00  .10796364E+01
  -.50000000E-01  .10590858E+01
  -.22898350E-14  .10382567E+01
   .50000000E-01  .10171399E+01
   .10000000E+00  .99572527E+00
   .15000000E+00  .97400262E+00
   .20000000E+00  .95196101E+00
   .25000000E+00  .92958898E+00
   .30000000E+00  .90687445E+00
   .35000000E+00  .88380470E+00
   .40000000E+00  .86036629E+00
   .45000000E+00  .83654507E+00
   .50000000E+00  .81232606E+00
   .55000000E+00  .78769344E+00
   .60000000E+00  .76263046E+00
   .65000000E+00  .73711937E+00
   .70000000E+00  .71114136E+00
   .75000000E+00  .68467647E+00
   .80000000E+00  .65770350E+00
   .85000000E+00  .63019991E+00
   .90000000E+00  .60214168E+00
   .95000000E+00  .57350325E+00
   .10000000E+01  .54425715E+00
   .10500000E+01  .51437463E+00
   .11000000E+01  .48382434E+00
   .11500000E+01  .45257293E+00
   .12000000E+01  .42058467E+00
   .12500000E+01  .38782119E+00
   .13000000E+01  .35424124E+00
   .13500000E+01  .31980047E+00
   .14000000E+01  .28445103E+00
   .14500000E+01  .24814129E+00
   .15000000E+01  .21081544E+00
   .15500000E+01  .17241303E+00
   .16000000E+01  .13286848E+00
   .16500000E+01  .92110557E-01
   .17000000E+01  .50061927E-01
   .17500000E+01  .66374878E-02
   .18000000E+01 -.38255005E-01
   .18500000E+01 -.84716812E-01
   .19000000E+01 -.13285910E+00
   .19500000E+01 -.18280419E+00
   .20000000E+01 -.23468694E+00
KBPotential  L  =      4.00000    .00000
  -.30000000E+01  .22508291E+01
  -.29500000E+01  .22400606E+01
  -.29000000E+01  .22292441E+01
  -.28500000E+01  .22183795E+01
  -.28000000E+01  .22074690E+01
  -.27500000E+01  .21965087E+01
  -.27000000E+01  .21854994E+01
  -.26500000E+01  .21744400E+01
  -.26000000E+01  .21633292E+01
  -.25500000E+01  .21521697E+01
  -.25000000E+01  .21409574E+01
  -.24500000E+01  .21296927E+01
  -.24000000E+01  .21183750E+01
  -.23500000E+01  .21070037E+01
  -.23000000E+01  .20955766E+01
  -.22500000E+01  .20840958E+01
  -.22000000E+01  .20725601E+01
  -.21500000E+01  .20609655E+01
  -.21000000E+01  .20493147E+01
  -.20500000E+01  .20376064E+01
  -.20000000E+01  .20258383E+01
  -.19500000E+01  .20140104E+01
  -.19000000E+01  .20021217E+01
  -.18500000E+01  .19901706E+01
  -.18000000E+01  .19781583E+01
  -.17500000E+01  .19660837E+01
  -.17000000E+01  .19539437E+01
  -.16500000E+01  .19417385E+01
  -.16000000E+01  .19294660E+01
  -.15500000E+01  .19171279E+01
  -.15000000E+01  .19047215E+01
  -.14500000E+01  .18922462E+01
  -.14000000E+01  .18797017E+01
  -.13500000E+01  .18670850E+01
  -.13000000E+01  .18543959E+01
  -.12500000E+01  .18416323E+01
  -.12000000E+01  .18287953E+01
  -.11500000E+01  .18158825E+01
  -.11000000E+01  .18028927E+01
  -.10500000E+01  .17898247E+01
  -.10000000E+01  .17766773E+01
  -.95000000E+00  .17634490E+01
  -.90000000E+00  .17501386E+01
  -.85000000E+00  .17367449E+01
  -.80000000E+00  .17232662E+01
  -.75000000E+00  .17097012E+01
  -.70000000E+00  .16960485E+01
  -.65000000E+00  .16823064E+01
  -.60000000E+00  .16684734E+01
  -.55000000E+00  .16545480E+01
  -.50000000E+00  .16405294E+01
  -.45000000E+00  .16264141E+01
  -.40000000E+00  .16122005E+01
  -.35000000E+00  .15978885E+01
  -.30000000E+00  .15834753E+01
  -.25000000E+00  .15689601E+01
  -.20000000E+00  .15543382E+01
  -.15000000E+00  .15396111E+01
  -.10000000E+00  .15247742E+01
  -.50000000E-01  .15098254E+01
  -.22898350E-14  .14947651E+01
   .50000000E-01  .14795885E+01
   .10000000E+00  .14642942E+01
   .15000000E+00  .14488798E+01
   .20000000E+00  .14333428E+01
   .25000000E+00  .14176808E+01
   .30000000E+00  .14018911E+01
   .35000000E+00  .13859711E+01
   .40000000E+00  .13699182E+01
   .45000000E+00  .13537292E+01
   .50000000E+00  .13374015E+01
   .55000000E+00  .13209319E+01
   .60000000E+00  .13043173E+01
   .65000000E+00  .12875545E+01
   .70000000E+00  .12706401E+01
   .75000000E+00  .12535707E+01
   .80000000E+00  .12363428E+01
   .85000000E+00  .12189526E+01
   .90000000E+00  .12013963E+01
   .95000000E+00  .11836699E+01
   .10000000E+01  .11657694E+01
   .10500000E+01  .11476905E+01
   .11000000E+01  .11294288E+01
   .11500000E+01  .11109798E+01
   .12000000E+01  .10923388E+01
   .12500000E+01  .10735008E+01
   .13000000E+01  .10544607E+01
   .13500000E+01  .10352133E+01
   .14000000E+01  .10157530E+01
   .14500000E+01  .99607429E+00
   .15000000E+01  .97617108E+00
   .15500000E+01  .95603726E+00
   .16000000E+01  .93566642E+00
   .16500000E+01  .91505188E+00
   .17000000E+01  .89418669E+00
   .17500000E+01  .87306361E+00
   .18000000E+01  .85167509E+00
   .18500000E+01  .83001329E+00
   .19000000E+01  .80806995E+00
   .19500000E+01  .78583651E+00
   .20000000E+01  .76330403E+00
