Ce : [core=Xe4] s2d1f1                  
  .601514237E-01  .610232996E-01  .619077577E-01  .628049784E-01  .637151446E-01
  .646384418E-01  .655750580E-01  .665251842E-01  .674890138E-01  .684667430E-01
  .694585709E-01  .704646994E-01  .714853330E-01  .725206795E-01  .735709492E-01
  .746363558E-01  .757171158E-01  .768134487E-01  .779255773E-01  .790537273E-01
  .801981278E-01  .813590110E-01  .825366125E-01  .837311712E-01  .849429292E-01
  .861721321E-01  .874190292E-01  .886838730E-01  .899669197E-01  .912684290E-01
  .925886645E-01  .939278932E-01  .952863861E-01  .966644179E-01  .980622672E-01
  .994802165E-01  .100918552E+00  .102377565E+00  .103857549E+00  .105358804E+00
  .106881631E+00  .108426339E+00  .109993239E+00  .111582646E+00  .113194881E+00
  .114830269E+00  .116489139E+00  .118171824E+00  .119878665E+00  .121610002E+00
  .123366186E+00  .125147569E+00  .126954508E+00  .128787368E+00  .130646515E+00
  .132532323E+00  .134445170E+00  .136385440E+00  .138353522E+00  .140349811E+00
  .142374705E+00  .144428612E+00  .146511941E+00  .148625110E+00  .150768541E+00
  .152942663E+00  .155147910E+00  .157384724E+00  .159653550E+00  .161954841E+00
  .164289057E+00  .166656663E+00  .169058131E+00  .171493940E+00  .173964574E+00
  .176470526E+00  .179012294E+00  .181590384E+00  .184205308E+00  .186857587E+00
  .189547746E+00  .192276321E+00  .195043852E+00  .197850888E+00  .200697987E+00
  .203585712E+00  .206514635E+00  .209485336E+00  .212498404E+00  .215554433E+00
  .218654029E+00  .221797803E+00  .224986376E+00  .228220379E+00  .231500448E+00
  .234827231E+00  .238201383E+00  .241623570E+00  .245094464E+00  .248614749E+00
  .252185117E+00  .255806270E+00  .259478919E+00  .263203785E+00  .266981600E+00
  .270813104E+00  .274699048E+00  .278640194E+00  .282637312E+00  .286691186E+00
  .290802608E+00  .294972382E+00  .299201321E+00  .303490252E+00  .307840011E+00
  .312251447E+00  .316725419E+00  .321262797E+00  .325864466E+00  .330531320E+00
  .335264266E+00  .340064223E+00  .344932123E+00  .349868911E+00  .354875543E+00
  .359952990E+00  .365102234E+00  .370324271E+00  .375620111E+00  .380990777E+00
  .386437306E+00  .391960749E+00  .397562171E+00  .403242651E+00  .409003281E+00
  .414845172E+00  .420769444E+00  .426777238E+00  .432869705E+00  .439048014E+00
  .445313349E+00  .451666911E+00  .458109915E+00  .464643592E+00  .471269193E+00
  .477987980E+00  .484801236E+00  .491710260E+00  .498716368E+00  .505820891E+00
  .513025183E+00  .520330610E+00  .527738561E+00  .535250439E+00  .542867668E+00
  .550591691E+00  .558423968E+00  .566365980E+00  .574419226E+00  .582585226E+00
  .590865520E+00  .599261665E+00  .607775243E+00  .616407853E+00  .625161116E+00
  .634036676E+00  .643036194E+00  .652161357E+00  .661413872E+00  .670795468E+00
  .680307897E+00  .689952932E+00  .699732372E+00  .709648036E+00  .719701768E+00
  .729895436E+00  .740230932E+00  .750710171E+00  .761335095E+00  .772107667E+00
  .783029880E+00  .794103749E+00  .805331316E+00  .816714648E+00  .828255839E+00
  .839957012E+00  .851820312E+00  .863847915E+00  .876042024E+00  .888404870E+00
  .900938709E+00  .913645831E+00  .926528550E+00  .939589211E+00  .952830190E+00
  .966253891E+00  .979862747E+00  .993659225E+00  .100764582E+01  .102182506E+01
  .103619950E+01  .105077173E+01  .106554438E+01  .108052009E+01  .109570156E+01
  .111109152E+01  .112669270E+01  .114250791E+01  .115853996E+01  .117479171E+01
  .119126605E+01  .120796592E+01  .122489428E+01  .124205411E+01  .125944848E+01
  .127708043E+01  .129495310E+01  .131306962E+01  .133143318E+01  .135004700E+01
  .136891436E+01  .138803854E+01  .140742290E+01  .142707082E+01  .144698572E+01
  .146717107E+01  .148763036E+01  .150836715E+01  .152938502E+01  .155068761E+01
  .157227859E+01  .159416167E+01  .161634063E+01  .163881926E+01  .166160141E+01
  .168469098E+01  .170809190E+01  .173180817E+01  .175584381E+01  .178020291E+01
  .180488959E+01  .182990802E+01  .185526242E+01  .188095707E+01  .190699628E+01
  .193338441E+01  .196012589E+01  .198722519E+01  .201468681E+01  .204251534E+01
  .207071538E+01  .209929161E+01  .212824876E+01  .215759159E+01  .218732495E+01
  .221745371E+01  .224798281E+01  .227891725E+01  .231026206E+01  .234202236E+01
  .237420329E+01  .240681007E+01  .243984797E+01  .247332232E+01  .250723851E+01
  .254160196E+01  .257641820E+01  .261169276E+01  .264743128E+01  .268363943E+01
  .272032294E+01  .275748762E+01  .279513932E+01  .283328396E+01  .287192753E+01
  .291107606E+01  .295073566E+01  .299091250E+01  .303161281E+01  .307284289E+01
  .311460908E+01  .315691782E+01  .319977560E+01  .324318895E+01  .328716451E+01
  .333170894E+01  .337682901E+01  .342253152E+01  .346882336E+01  .351571148E+01
  .356320288E+01  .361130465E+01  .366002395E+01  .370936799E+01  .375934406E+01
  .380995952E+01  .386122178E+01  .391313835E+01  .396571678E+01  .401896472E+01
  .407288985E+01  .412749996E+01  .418280288E+01  .423880654E+01  .429551891E+01
  .435294805E+01  .441110208E+01  .446998921E+01  .452961769E+01  .458999587E+01
  .465113215E+01  .471303503E+01  .477571304E+01  .483917483E+01  .490342907E+01
  .496848454E+01  .503435008E+01  .510103460E+01  .516854708E+01  .523689657E+01
  .530609220E+01  .537614316E+01  .544705872E+01  .551884822E+01  .559152106E+01
  .566508672E+01  .573955475E+01  .581493477E+01  .589123647E+01  .596846960E+01
  .604664399E+01  .612576954E+01  .620585620E+01  .628691402E+01  .636895308E+01
  .645198356E+01  .653601569E+01  .662105976E+01  .670712615E+01  .679422526E+01
  .688236761E+01  .697156375E+01  .706182429E+01  .715315991E+01  .724558137E+01
  .733909945E+01  .743372503E+01  .752946902E+01  .762634241E+01  .772435622E+01
  .782352156E+01  .792384956E+01  .802535143E+01  .812803842E+01  .823192183E+01
  .833701302E+01  .844332339E+01  .855086439E+01  .865964752E+01  .876968432E+01
  .888098638E+01  .899356531E+01  .910743280E+01  .922260053E+01  .933908026E+01
  .945688376E+01  .957602285E+01  .969650935E+01  .981835515E+01  .994157215E+01
  .100661723E+02  .101921674E+02  .103195696E+02  .104483909E+02  .105786431E+02
  .107103384E+02  .108434888E+02  .109781063E+02  .111142030E+02  .112517908E+02
  .113908820E+02  .115314884E+02  .116736222E+02  .118172954E+02  .119625201E+02
  .121093082E+02  .122576717E+02  .124076227E+02  .125591730E+02  .127123347E+02
  .128671196E+02  .130235396E+02  .131816065E+02  .133413321E+02  .135027282E+02
  .136658064E+02  .138305784E+02  .139970558E+02  .141652501E+02  .143351727E+02
  .145068352E+02  .146802487E+02  .148554245E+02  .150323738E+02  .152111076E+02
  .153916370E+02  .155739727E+02  .157581256E+02  .159441064E+02  .161319255E+02
  .163215934E+02  .165131205E+02  .167065169E+02  .169017926E+02  .170989576E+02
  .172980216E+02  .174989942E+02  .177018849E+02  .179067029E+02  .181134574E+02
  .183221572E+02  .185328112E+02  .187454278E+02  .189600155E+02  .191765823E+02
  .193951363E+02  .196156850E+02  .198382361E+02  .200627968E+02  .202893741E+02
  .205179747E+02  .207486052E+02  .209812719E+02  .212159806E+02  .214527372E+02
  .216915470E+02  .219324151E+02  .221753463E+02  .224203452E+02  .226674159E+02
  .229165622E+02  .231677877E+02  .234210955E+02  .236764885E+02  .239339690E+02
  .241935391E+02  .244552005E+02  .247189545E+02  .249848020E+02  .252527434E+02
  .255227788E+02  .257949078E+02  .260691296E+02  .263454429E+02  .266238460E+02
  .269043366E+02  .271869122E+02  .274715694E+02  .277583047E+02  .280471137E+02
  .283379919E+02  .286309340E+02  .289259341E+02  .292229860E+02  .295220826E+02
  .298232166E+02  .301263799E+02  .304315637E+02  .307387589E+02  .310479554E+02
  .313591429E+02  .316723101E+02  .319874452E+02  .323045357E+02  .326235685E+02
  .329445298E+02  .332674050E+02  .335921789E+02  .339188355E+02  .342473582E+02
  .345777295E+02  .349099314E+02  .352439448E+02  .355797500E+02  .359173267E+02
  .362566535E+02  .365977083E+02  .369404684E+02  .372849099E+02  .376310084E+02
  .379787385E+02  .383280740E+02  .386789878E+02  .390314519E+02  .393854375E+02
  .397409148E+02  .400978534E+02  .404562215E+02  .408159869E+02  .411771160E+02
  .415395747E+02  .419033276E+02  .422683386E+02  .426345705E+02  .430019853E+02
  .433705439E+02  .437402061E+02  .441109310E+02  .444826766E+02  .448553999E+02
  .452290567E+02  .456036022E+02  .459789903E+02  .463551740E+02  .467321051E+02
  .471097348E+02  .474880128E+02  .478668881E+02  .482463085E+02  .486262209E+02
  .490065711E+02  .493873039E+02  .497683631E+02  .501496913E+02  .505312304E+02
  .509129210E+02  .512947028E+02  .516765145E+02  .520582936E+02  .524399770E+02
  .528215002E+02  .532027980E+02  .535838038E+02  .539644506E+02  .543446700E+02
  .547243927E+02  .551035486E+02  .554820666E+02  .558598746E+02  .562368997E+02
  .566130679E+02  .569883046E+02  .573625342E+02  .577356801E+02  .581076651E+02
  .584784111E+02  .588478390E+02  .592158693E+02  .595824215E+02  .599474143E+02
  .603107658E+02  .606723936E+02  .610322143E+02  .613901440E+02  .617460984E+02
  .620999922E+02  .624517399E+02  .628012554E+02  .631484521E+02  .634932429E+02
  .638355404E+02  .641752568E+02  .645123037E+02  .648465929E+02  .651780355E+02
  .655065425E+02  .658320250E+02  .661543935E+02  .664735588E+02  .667894314E+02
  .671019220E+02  .674109413E+02  .677163999E+02  .680182090E+02  .683162796E+02
  .686105231E+02  .689008514E+02  .691871764E+02  .694694107E+02  .697474675E+02
  .700212603E+02  .702907033E+02  .705557115E+02  .708162004E+02  .710720866E+02
  .713232873E+02  .715697209E+02  .718113067E+02  .720479650E+02  .722796174E+02
  .725061866E+02  .727275968E+02  .729437733E+02  .731546430E+02  .733601344E+02
  .735601776E+02  .737547041E+02  .739436475E+02  .741269432E+02  .743045282E+02
  .744763420E+02  .746423257E+02  .748024230E+02  .749565795E+02  .751047434E+02
  .752468651E+02  .753828976E+02  .755127966E+02  .756365202E+02  .757540296E+02
  .758652885E+02  .759702638E+02  .760689252E+02  .761612457E+02  .762472013E+02
  .763267713E+02  .763999384E+02  .764666888E+02  .765270120E+02  .765809013E+02
  .766283537E+02  .766693696E+02  .767039537E+02  .767321142E+02  .767538637E+02
  .767692185E+02  .767781993E+02  .767808307E+02  .767771420E+02  .767671665E+02
  .767509421E+02  .767285110E+02  .766999201E+02  .766652210E+02  .766244696E+02
  .765777268E+02  .765250582E+02  .764665341E+02  .764022300E+02  .763322258E+02
  .762566067E+02  .761754628E+02  .760888891E+02  .759969858E+02  .758998580E+02
  .757976160E+02  .756903752E+02  .755782561E+02  .754613841E+02  .753398901E+02
  .752139098E+02  .750835842E+02  .749490593E+02  .748104862E+02  .746680212E+02
  .745218254E+02  .743720651E+02  .742189114E+02  .740625404E+02  .739031332E+02
  .737408753E+02  .735759574E+02  .734085747E+02  .732389269E+02  .730672183E+02
  .728936577E+02  .727184582E+02  .725418370E+02  .723640155E+02  .721852193E+02
  .720056775E+02  .718256233E+02  .716452933E+02  .714649277E+02  .712847699E+02
  .711050665E+02  .709260672E+02  .707480244E+02  .705711931E+02  .703958308E+02
  .702221974E+02  .700505545E+02  .698811660E+02  .697142969E+02  .695502141E+02
  .693891853E+02  .692314793E+02  .690773655E+02  .689271138E+02  .687809943E+02
  .686392768E+02  .685022309E+02  .683701256E+02  .682432288E+02  .681218073E+02
  .680061264E+02  .678964494E+02  .677930377E+02  .676961502E+02  .676060429E+02
  .675229689E+02  .674471778E+02  .673789155E+02  .673184239E+02  .672659403E+02
  .672216974E+02  .671859229E+02  .671588389E+02  .671406617E+02  .671316018E+02
  .671318629E+02  .671416420E+02  .671611288E+02  .671905058E+02  .672299472E+02
  .672796194E+02  .673396799E+02  .674102776E+02  .674915519E+02  .675836328E+02
  .676866401E+02  .678006838E+02  .679258630E+02  .680622660E+02  .682099699E+02
  .683690403E+02  .685395310E+02  .687214837E+02  .689149278E+02  .691198800E+02
  .693363440E+02  .695643105E+02  .698037568E+02  .700546464E+02  .703169292E+02
  .705905410E+02  .708754031E+02  .711714228E+02  .714784926E+02  .717964903E+02
  .721252791E+02  .724647070E+02  .728146070E+02  .731747972E+02  .735450804E+02
  .739252441E+02  .743150609E+02  .747142878E+02  .751226671E+02  .755399256E+02
  .759657751E+02  .763999127E+02  .768420203E+02  .772917654E+02  .777488007E+02
  .782127648E+02  .786832820E+02  .791599627E+02  .796424037E+02  .801301884E+02
  .806228873E+02  .811200579E+02  .816212457E+02  .821259840E+02  .826337946E+02
  .831441884E+02  .836566655E+02  .841707158E+02  .846858197E+02  .852014485E+02
  .857170651E+02  .862321242E+02  .867460736E+02  .872583542E+02  .877684008E+02
  .882756434E+02  .887795068E+02  .892794124E+02  .897747783E+02  .902650204E+02
  .907495531E+02  .912277899E+02  .916991447E+02  .921630322E+02  .926188690E+02
  .930660744E+02  .935040715E+02  .939322878E+02  .943501562E+02  .947571161E+02
  .951526142E+02  .955361055E+02  .959070542E+02  .962649348E+02  .966092327E+02
  .969394457E+02  .972550845E+02  .975556739E+02  .978407537E+02  .981098797E+02
  .983626245E+02  .985985786E+02  .988173510E+02  .990185709E+02  .992018874E+02
  .993669716E+02  .995135165E+02  .996412385E+02  .997498777E+02  .998391991E+02
  .999089931E+02  .999590765E+02  .999892929E+02  .999995134E+02  .999896375E+02
  .999595935E+02  .999093390E+02  .998388615E+02  .997481790E+02  .996373401E+02
  .995064247E+02  .993555441E+02  .991848414E+02  .989944917E+02  .987847023E+02
  .985557125E+02  .983077944E+02  .980412519E+02  .977564215E+02  .974536718E+02
  .971334030E+02  .967960475E+02  .964420686E+02  .960719608E+02  .956862490E+02
  .952854883E+02  .948702629E+02  .944411861E+02  .939988990E+02  .935440699E+02
  .930773936E+02  .925995904E+02  .921114048E+02  .916136050E+02  .911069813E+02
  .905923450E+02  .900705273E+02  .895423778E+02  .890087633E+02  .884705662E+02
  .879286830E+02  .873840228E+02  .868375058E+02  .862900615E+02  .857426268E+02
  .851961445E+02  .846515618E+02  .841098276E+02  .835718915E+02  .830387012E+02
  .825112012E+02  .819903301E+02  .814770194E+02  .809721907E+02  .804767545E+02
  .799916073E+02  .795176303E+02  .790556868E+02  .786066206E+02  .781712536E+02
  .777503842E+02  .773447846E+02  .769551997E+02  .765823445E+02  .762269024E+02
  .758895235E+02  .755708222E+02  .752713762E+02  .749917240E+02  .747323636E+02
  .744937512E+02  .742762988E+02  .740803734E+02  .739062956E+02  .737543379E+02
  .736247236E+02  .735176260E+02  .734331669E+02  .733714159E+02  .733323895E+02
  .733160507E+02  .733223077E+02  .733510141E+02  .734019682E+02  .734749129E+02
  .735695354E+02  .736854675E+02  .738222855E+02  .739795107E+02  .741566095E+02
  .743529945E+02  .745680249E+02  .748010072E+02  .750511965E+02  .753177974E+02
  .755999656E+02  .758968089E+02  .762073891E+02  .765307235E+02  .768657868E+02
  .772115128E+02  .775667971E+02  .779304985E+02  .783014420E+02  .786784205E+02
  .790601982E+02  .794455123E+02  .798330768E+02  .802215840E+02  .806097087E+02
  .809961104E+02  .813794364E+02  .817583254E+02  .821314102E+02  .824973209E+02
  .828546889E+02  .832021493E+02  .835383447E+02  .838619285E+02  .841715685E+02
  .844659499E+02  .847437788E+02  .850037857E+02  .852447286E+02  .854653964E+02
  .856646124E+02  .858412369E+02  .859941711E+02  .861223592E+02  .862247925E+02
  .863005113E+02  .863486082E+02  .863682307E+02  .863585836E+02  .863189318E+02
  .862486020E+02  .861469855E+02  .860135396E+02  .858477900E+02  .856493321E+02
  .854178326E+02  .851530310E+02  .848547406E+02  .845228495E+02  .841573214E+02
  .837581962E+02  .833255903E+02  .828596971E+02  .823607865E+02  .818292051E+02
  .812653756E+02  .806697963E+02  .800430402E+02  .793857536E+02  .786986559E+02
  .779825366E+02  .772382554E+02  .764667389E+02  .756689795E+02  .748460326E+02
  .739990147E+02  .731291003E+02  .722375199E+02  .713255558E+02  .703945408E+02
  .694458532E+02  .684809147E+02  .675011860E+02  .665081642E+02  .655033777E+02
  .644883840E+02  .634647639E+02  .624341193E+02  .613980676E+02  .603582387E+02
  .593162697E+02  .582738021E+02  .572324757E+02  .561939263E+02  .551597795E+02
  .541316486E+02  .531111278E+02  .520997909E+02  .510991844E+02  .501108260E+02
  .491361983E+02  .481767470E+02  .472338753E+02  .463089422E+02  .454032569E+02
  .445180775E+02  .436546059E+02  .428139863E+02  .419973012E+02  .412055697E+02
  .404397439E+02  .397007080E+02  .389892744E+02  .383061838E+02  .376521016E+02
  .370276184E+02  .364332468E+02  .358694218E+02  .353364993E+02  .348347559E+02
  .343643878E+02  .339255118E+02  .335181640E+02  .331423014E+02  .327978008E+02
  .324844611E+02  .322020027E+02  .319500697E+02  .317282304E+02  .315359790E+02
  .313727373E+02  .312378566E+02  .311306197E+02  .310502436E+02  .309958815E+02
  .309666260E+02  .309615124E+02  .309795215E+02  .310195836E+02  .310805820E+02
  .311613574E+02  .312607113E+02  .313774110E+02  .315101933E+02  .316577693E+02
  .318188280E+02  .319920413E+02  .321760676E+02  .323695566E+02  .325711523E+02
  .327794982E+02  .329932400E+02  .332110306E+02  .334315325E+02  .336534230E+02
  .338753962E+02  .340961682E+02  .343144787E+02  .345290961E+02  .347388188E+02
  .349424804E+02  .351389506E+02  .353271398E+02  .355060003E+02  .356745300E+02
  .358317738E+02  .359768268E+02  .361088349E+02  .362269984E+02  .363305718E+02
  .364188669E+02  .364912525E+02  .365471568E+02  .365860670E+02  .366075309E+02
  .366111565E+02  .365966128E+02  .365636291E+02  .365119957E+02  .364415624E+02
  .363522388E+02  .362439926E+02  .361168496E+02  .359708917E+02  .358062559E+02
  .356231329E+02  .354217651E+02  .352024451E+02  .349655138E+02  .347113581E+02
  .344404092E+02  .341531396E+02  .338500615E+02  .335317241E+02  .331987108E+02
  .328516374E+02  .324911484E+02  .321179156E+02  .317326344E+02  .313360216E+02
  .309288127E+02  .305117592E+02  .300856255E+02  .296511872E+02  .292092271E+02
  .287605340E+02  .283058991E+02  .278461142E+02  .273819684E+02  .269142472E+02
  .264437285E+02  .259711816E+02  .254973643E+02  .250230219E+02  .245488836E+02
  .240756626E+02  .236040527E+02  .231347278E+02  .226683396E+02  .222055169E+02
  .217468636E+02  .212929582E+02  .208443519E+02  .204015690E+02  .199651044E+02
  .195354243E+02  .191129647E+02  .186981316E+02  .182913000E+02  .178928142E+02
  .175029872E+02  .171221013E+02  .167504072E+02  .163881251E+02  .160354445E+02
  .156925246E+02  .153594947E+02  .150364551E+02  .147234770E+02  .144206040E+02
  .141278520E+02  .138452107E+02  .135726439E+02  .133100912E+02  .130574677E+02
  .128146665E+02  .125815584E+02  .123579939E+02  .121438038E+02  .119388004E+02
  .117427789E+02  .115555182E+02  .113767824E+02  .112063215E+02  .110438733E+02
  .108891639E+02  .107419094E+02  .106018166E+02  .104685847E+02  .103419062E+02
  .102214679E+02  .101069526E+02  .999803951E+01  .989440606E+01  .979572854E+01
  .970168328E+01  .961194777E+01  .952620155E+01  .944412726E+01  .936541138E+01
  .928974542E+01  .921682636E+01  .914635782E+01  .907805038E+01  .901162269E+01
  .894680167E+01  .888332351E+01  .882093373E+01  .875938815E+01  .869845281E+01
  .863790484E+01  .857753225E+01  .851713477E+01  .845652348E+01  .839552159E+01
  .833396397E+01  .827169784E+01  .820858223E+01  .814448854E+01  .807929998E+01
  .801291201E+01  .794523171E+01  .787617817E+01  .780568177E+01  .773368452E+01
  .766013926E+01  .758500995E+01  .750827082E+01  .742990662E+01  .734991158E+01
  .726828960E+01  .718505404E+01  .710022606E+01  .701383666E+01  .692592277E+01
  .683653089E+01  .674571247E+01  .665352741E+01  .656003995E+01  .646532156E+01
  .636944729E+01  .627249845E+01  .617455888E+01  .607571792E+01  .597606636E+01
  .587569968E+01  .577471380E+01  .567320852E+01  .557128318E+01  .546904015E+01
  .536658050E+01  .526400753E+01  .516142253E+01  .505892801E+01  .495662416E+01
  .485461140E+01  .475298727E+01  .465184895E+01  .455129006E+01  .445140342E+01
  .435227770E+01  .425400034E+01  .415665416E+01  .406032037E+01  .396507518E+01
  .387099288E+01  .377814245E+01  .368659073E+01  .359639899E+01  .350762622E+01
  .342032567E+01  .333454820E+01  .325033887E+01  .316774029E+01  .308678925E+01
  .300752012E+01  .292996148E+01  .285413956E+01  .278007491E+01  .270778584E+01
  .263728532E+01  .256858349E+01  .250168645E+01  .243659693E+01  .237331403E+01
  .231183372E+01  .225214855E+01  .219424825E+01  .213811936E+01  .208374588E+01
  .203110892E+01  .198018733E+01  .193095734E+01  .188339324E+01  .183746699E+01
  .179314888E+01  .175040721E+01  .170920885E+01  .166951896E+01  .163130162E+01
  .159451941E+01  .155913410E+01  .152510625E+01  .149239586E+01  .146096196E+01
  .143076324E+01  .140175769E+01  .137390314E+01  .134715697E+01  .132147660E+01
  .129681917E+01  .127314210E+01  .125040269E+01  .122855870E+01  .120756795E+01
  .118738889E+01  .116798018E+01  .114930126E+01  .113131197E+01  .111397303E+01
  .109724570E+01  .108109228E+01  .106547570E+01  .105036005E+01  .103571018E+01
  .102149217E+01  .100767295E+01  .994220765E+00  .981104790E+00  .968295575E+00
  .955764632E+00  .943484912E+00  .931430359E+00  .919576376E+00  .907899383E+00
  .896377271E+00  .884988949E+00  .873714794E+00  .862536195E+00  .851435988E+00
  .840398007E+00  .829407501E+00  .818450688E+00  .807515169E+00  .796589473E+00
  .785663465E+00  .774727898E+00  .763774807E+00  .752797069E+00  .741788778E+00
  .730744822E+00  .719661239E+00  .708534807E+00  .697363383E+00  .686145503E+00
  .674880713E+00  .663569170E+00  .652211969E+00  .640810749E+00  .629368007E+00
  .617886717E+00  .606370630E+00  .594823923E+00  .583251375E+00  .571658282E+00
  .560050294E+00  .548433610E+00  .536814666E+00  .525200312E+00  .513597678E+00
  .502014071E+00  .490457134E+00  .478934523E+00  .467454154E+00  .456023941E+00
  .444651869E+00  .433345956E+00  .422114136E+00  .410964329E+00  .399904321E+00
  .388941765E+00  .378084173E+00  .367338817E+00  .356712816E+00  .346212905E+00
  .335845743E+00  .325617478E+00  .315534162E+00  .305601304E+00  .295824285E+00
  .286207918E+00  .276756869E+00  .267475248E+00  .258366898E+00  .249435259E+00
  .240683398E+00  .232114007E+00  .223729406E+00  .215531553E+00  .207522044E+00
  .199702126E+00  .192072706E+00  .184634359E+00  .177387338E+00  .170331591E+00
  .163466771E+00  .156792248E+00  .150307123E+00  .144010245E+00  .137900220E+00
  .131975431E+00  .126234047E+00  .120674041E+00  .115293200E+00  .110089144E+00
  .105059334E+00  .100201090E+00  .955115992E-01  .909879318E-01  .866270518E-01
  .824258280E-01  .783810457E-01  .744894168E-01  .707475899E-01  .671521600E-01
  .636996773E-01  .603866561E-01  .572095825E-01  .541649223E-01  .512491282E-01
  .484586465E-01  .457899234E-01  .432394112E-01  .408035738E-01  .384788918E-01
  .362618678E-01  .341490308E-01  .321369405E-01  .302221917E-01  .284014176E-01
  .266712938E-01  .250285414E-01  .234699303E-01  .219922820E-01  .205924721E-01
  .192674333E-01  .180141574E-01  .168296975E-01  .157111698E-01  .146557557E-01
  .136607032E-01  .127233286E-01  .118410171E-01  .110112248E-01  .102314788E-01
  .949937864E-02  .881259625E-02  .816887680E-02  .756603878E-02  .700197409E-02
  .647464797E-02  .598209878E-02  .552243759E-02  .509384767E-02  .469458379E-02
  .432297146E-02  .397740592E-02  .365635116E-02  .335833867E-02  .308196623E-02
  .282589650E-02  .258885557E-02  .236963140E-02  .216707223E-02  .198008490E-02
  .180763310E-02  .164873562E-02  .150246452E-02  .136794333E-02  .124434515E-02
  .113089081E-02  .102684697E-02  .931524275E-03  .844275491E-03  .764493639E-03
  .691610182E-03  .625093221E-03  .564445729E-03  .509203812E-03  .458935013E-03
  .413236664E-03  .371734272E-03  .334079961E-03  .299950963E-03  .269048155E-03
  .241094658E-03  .215834480E-03  .193031223E-03  .172466835E-03  .153940427E-03
  .137267138E-03  .122277054E-03  .108814189E-03  .967355038E-04  .859099911E-04
  .762178031E-04  .675494297E-04  .598049254E-04  .528931808E-04  .467312402E-04
  .412436609E-04  .363619141E-04  .320238252E-04  .281730519E-04  .247585974E-04
  .217343590E-04  .190587077E-04  .166940996E-04  .146067155E-04  .127661284E-04
  .111449961E-04  .971877813E-05  .846547597E-05  .736539339E-05  .640091730E-05
  .555631673E-05  .481755911E-05  .417214237E-05  .360894187E-05  .311807103E-05
  .269075455E-05  .231921332E-05  .199656004E-05  .171670476E-05  .147426943E-05
  .126451078E-05  .108325079E-05  .926814093E-06  .791971733E-06  .675890634E-06
  .576088348E-06  .490392535E-06  .416904757E-06  .353968159E-06  .300138672E-06
  .254159390E-06  .214937800E-06  .181525579E-06  .153100698E-06  .128951590E-06
  .108463164E-06  .911044682E-07  .764178303E-07  .640093004E-07  .535402644E-07
  .447200893E-07  .372996848E-07  .310658762E-07  .258364928E-07  .214560883E-07
  .177922170E-07  .147321989E-07  .121803144E-07  .100553742E-07  .828861843E-08
  .682190339E-08  .560613803E-08  .459993909E-08  .376847541E-08  .308247672E-08
  .251738487E-08  .205262810E-08  .167100165E-08  .135813998E-08  .110206775E-08
  .892818533E-09  .722111469E-09  .583077673E-09  .470029002E-09  .378263032E-09
  .303898841E-09  .243738966E-09  .195153574E-09  .155983445E-09  .124458844E-09
  .991318130E-10  .788197638E-10  .625585591E-10  .495635707E-10  .391974100E-10
  .309432386E-10  .243827356E-10  .191779409E-10  .150563288E-10  .117985400E-10
  .922835285E-11  .720445733E-11  .561376267E-11  .436593269E-11  .338894668E-11
  .262549765E-11  .203007554E-11  .156660994E-11  .120656885E-11  .927428226E-12
  .711442629E-12  .544659672E-12  .416131593E-12  .317285809E-12  .241423443E-12
  .183320648E-12  .138912330E-12  .105041754E-12  .792627560E-13  .596838279E-13
  .448454833E-13  .336240104E-13  .251560984E-13  .187799407E-13  .139893158E-13
  .103978657E-13  .771136975E-14  .570627307E-14  .421309594E-14  .310364450E-14
  .228117414E-14  .167284133E-14  .122392516E-14  .893413897E-15  .650642113E-15
  .472734300E-15  .342666265E-15  .247798488E-15  .178769218E-15  .128661111E-15
  .923753167E-16  .661625511E-16  .472726243E-16  .336931640E-16  .239553144E-16
  .169896041E-16  .120193002E-16  .848169804E-17  .597017693E-17  .419165331E-17
  .293541940E-17  .205038028E-17  .142846899E-17  .992594711E-18  .687907920E-18
  .475486552E-18  .327784178E-18  .225357319E-18  .154518778E-18  .105659518E-18
  .720519040E-19  .489985616E-19  .332287226E-19  .224712724E-19  .151536231E-19
  .101899261E-19  .683253845E-20  .456814867E-20  .304534071E-20  .202422740E-20
  .134153041E-20  .886440170E-21  .583976948E-21  .383556055E-21  .251152871E-21
  .163950493E-21  .106694366E-21  .692170605E-22  .447626955E-22  .288561937E-22
  .185425608E-22  .118767100E-22  .758238943E-23  .482488581E-23  .306003459E-23
  .193424333E-23  .121850774E-23  .765005628E-24  .478637450E-24  .298428842E-24
  .185418542E-24  .114796798E-24  .708200857E-25  .435330220E-25  .266625905E-25
  .162701784E-25  .989176653E-26  .599144980E-26  .361535803E-26  .217328486E-26
  .130140490E-26  .776288201E-27  .461245862E-27  .272976315E-27  .160910481E-27
  .944700913E-28  .552380827E-28  .321662627E-28  .186536455E-28  .107723678E-28
  .619478267E-29  .354724683E-29  .202250705E-29  .114816613E-29  .648960259E-30
  .365184789E-30  .204583627E-30  .114097200E-30  .633442507E-31  .350065741E-31
  .192568029E-31  .105436941E-31  .574588876E-32  .311644233E-32  .168220918E-32
  .903652340E-33  .483063898E-33  .256963156E-33  .136013289E-33  .716336499E-34
  .375369513E-34  .195698691E-34  .101504331E-34  .523756665E-35  .268845888E-35
  .137273427E-35  .697202727E-36  .352209754E-36  .176967470E-36  .884331740E-37
  .439487496E-37  .217203634E-37  .106747202E-37  .521668047E-38  .253489311E-38
  .122470636E-38  .588288426E-39  .280940029E-39  .133376948E-39  .629463397E-40
  .295298554E-40  .137699303E-40  .638204789E-41  .293984506E-41  .134586942E-41
  .612312888E-42  .276830291E-42  .124365853E-42  .555154004E-43  .246222584E-43
  .108497948E-43  .474975694E-44  .206563844E-44  .892374117E-45  .382935720E-45
  .163217756E-45  .690951764E-46  .290497826E-46  .121291042E-46  .502899203E-47
  .207049916E-47  .846420956E-48  .343550166E-48  .138439913E-48  .553827713E-49
  .219940343E-49  .867014603E-50  .339245031E-50  .131746847E-50  .507785763E-51
  .194226323E-51  .737218917E-52  .277663675E-52  .103764643E-52  .384734108E-53
  .141523367E-53  .516450566E-54  .186962450E-54  .671531827E-55  .238995057E-55
  .844135830E-56  .295689212E-56  .102727578E-56  .354016793E-57  .121097895E-57
  .412713979E-58  .140741092E-58  .493668339E-59  .186945796E-59  .886145638E-60
  .669902984E-60  .000000000E+00  .000000000E+00  .000000000E+00  .000000000E+00
  .000000000E+00  .000000000E+00  .000000000E+00  .000000000E+00  .000000000E+00
  .000000000E+00  .000000000E+00  .000000000E+00  .000000000E+00  .000000000E+00
  .000000000E+00  .000000000E+00  .000000000E+00  .000000000E+00  .000000000E+00
  .000000000E+00  .000000000E+00  .000000000E+00  .000000000E+00  .000000000E+00
  .000000000E+00  .000000000E+00  .000000000E+00  .000000000E+00  .000000000E+00
  .000000000E+00  .000000000E+00  .000000000E+00  .000000000E+00  .000000000E+00
  .000000000E+00  .000000000E+00  .000000000E+00  .000000000E+00  .000000000E+00
  .000000000E+00  .000000000E+00  .000000000E+00  .000000000E+00  .000000000E+00
  .000000000E+00  .000000000E+00  .000000000E+00  .000000000E+00  .000000000E+00
  .000000000E+00  .000000000E+00  .000000000E+00  .000000000E+00  .000000000E+00
  .000000000E+00  .000000000E+00  .000000000E+00  .000000000E+00  .000000000E+00
  .000000000E+00  .000000000E+00  .000000000E+00  .000000000E+00  .000000000E+00
  .000000000E+00  .000000000E+00  .000000000E+00  .000000000E+00  .000000000E+00
  .000000000E+00  .000000000E+00  .000000000E+00  .000000000E+00  .000000000E+00
  .000000000E+00  .000000000E+00  .000000000E+00  .000000000E+00  .000000000E+00
  .000000000E+00  .000000000E+00  .000000000E+00  .000000000E+00  .000000000E+00
  .000000000E+00  .000000000E+00  .000000000E+00  .000000000E+00  .000000000E+00
  .000000000E+00  .000000000E+00  .000000000E+00  .000000000E+00  .000000000E+00
  .000000000E+00  .000000000E+00  .000000000E+00  .000000000E+00  .000000000E+00
  .000000000E+00  .000000000E+00  .000000000E+00  .000000000E+00  .000000000E+00
  .000000000E+00  .000000000E+00  .000000000E+00  .000000000E+00  .000000000E+00
  .000000000E+00  .000000000E+00  .000000000E+00  .000000000E+00  .000000000E+00
  .000000000E+00  .000000000E+00  .000000000E+00  .000000000E+00  .000000000E+00
  .000000000E+00  .000000000E+00  .000000000E+00  .000000000E+00  .000000000E+00
  .000000000E+00  .000000000E+00  .000000000E+00  .000000000E+00  .000000000E+00
  .000000000E+00  .000000000E+00  .000000000E+00  .000000000E+00  .000000000E+00
  .000000000E+00  .000000000E+00  .000000000E+00  .000000000E+00  .000000000E+00
  .000000000E+00  .000000000E+00  .000000000E+00  .000000000E+00  .000000000E+00
  .000000000E+00  .000000000E+00  .000000000E+00  .000000000E+00  .000000000E+00
  .000000000E+00  .000000000E+00  .000000000E+00  .000000000E+00  .000000000E+00
  .000000000E+00  .000000000E+00  .000000000E+00  .000000000E+00  .000000000E+00
  .000000000E+00  .000000000E+00  .000000000E+00  .000000000E+00  .000000000E+00
  .000000000E+00  .000000000E+00  .000000000E+00  .000000000E+00  .000000000E+00
  .000000000E+00  .000000000E+00  .000000000E+00  .000000000E+00  .000000000E+00
  .000000000E+00  .000000000E+00  .000000000E+00  .000000000E+00  .000000000E+00
  .000000000E+00  .000000000E+00  .000000000E+00  .000000000E+00  .000000000E+00
  .000000000E+00  .000000000E+00  .000000000E+00  .000000000E+00  .000000000E+00
  .000000000E+00  .000000000E+00  .000000000E+00  .000000000E+00  .000000000E+00
  .000000000E+00  .000000000E+00  .000000000E+00  .000000000E+00  .000000000E+00
  .000000000E+00  .000000000E+00  .000000000E+00  .000000000E+00  .000000000E+00
  .000000000E+00  .000000000E+00  .000000000E+00  .000000000E+00  .000000000E+00
  .000000000E+00  .000000000E+00  .000000000E+00  .000000000E+00  .000000000E+00
  .000000000E+00  .000000000E+00  .000000000E+00  .000000000E+00  .000000000E+00
  .000000000E+00  .000000000E+00  .000000000E+00  .000000000E+00  .000000000E+00
  .000000000E+00  .000000000E+00  .000000000E+00  .000000000E+00  .000000000E+00
  .000000000E+00  .000000000E+00  .000000000E+00  .000000000E+00  .000000000E+00
  .000000000E+00  .000000000E+00  .000000000E+00  .000000000E+00  .000000000E+00
