  PAW_PBE I 06Sep2000                    
 100
Core Pot   L  =         .00000  -1.27929
  -.20000000E+01  .60690667E+00
  -.19600000E+01  .56633872E+00
  -.19200000E+01  .52369152E+00
  -.18800000E+01  .47874597E+00
  -.18400000E+01  .43125030E+00
  -.18000000E+01  .38091374E+00
  -.17600000E+01  .32739857E+00
  -.17200000E+01  .27031034E+00
  -.16800000E+01  .20918527E+00
  -.16400000E+01  .14347441E+00
  -.16000000E+01  .72523043E-01
  -.15600000E+01 -.44560732E-02
  -.15200000E+01 -.88418107E-01
  -.14800000E+01 -.18053348E+00
  -.14400000E+01 -.28225216E+00
  -.14000000E+01 -.39539254E+00
  -.13600000E+01 -.52226643E+00
  -.13200000E+01 -.66585869E+00
  -.12800000E+01 -.83009153E+00
  -.12400000E+01 -.10202240E+01
  -.12000000E+01 -.12434745E+01
  -.11600000E+01 -.15100276E+01
  -.11200000E+01 -.18347322E+01
  -.10800000E+01 -.22401172E+01
  -.10400000E+01 -.27620942E+01
  -.10000000E+01 -.34616296E+01
  -.96000000E+00 -.44512110E+01
  -.92000000E+00 -.59638515E+01
  -.88000000E+00 -.85735740E+01
  -.84000000E+00 -.14179172E+02
  -.80000000E+00 -.35038441E+02
  -.76000000E+00  .10036253E+03
  -.72000000E+00  .21973831E+02
  -.68000000E+00  .12735007E+02
  -.64000000E+00  .91436661E+01
  -.60000000E+00  .72289792E+01
  -.56000000E+00  .60358566E+01
  -.52000000E+00  .52188259E+01
  -.48000000E+00  .46225781E+01
  -.44000000E+00  .41669518E+01
  -.40000000E+00  .38063862E+01
  -.36000000E+00  .35130706E+01
  -.32000000E+00  .32690668E+01
  -.28000000E+00  .30622855E+01
  -.24000000E+00  .28842817E+01
  -.20000000E+00  .27289773E+01
  -.16000000E+00  .25918864E+01
  -.12000000E+00  .24696254E+01
  -.80000000E-01  .23595939E+01
  -.40000000E-01  .22597607E+01
   .12351231E-14  .21685153E+01
   .40000000E-01  .20845649E+01
   .80000000E-01  .20068591E+01
   .12000000E+00  .19345358E+01
   .16000000E+00  .18668806E+01
   .20000000E+00  .18032961E+01
   .24000000E+00  .17432794E+01
   .28000000E+00  .16864032E+01
   .32000000E+00  .16323027E+01
   .36000000E+00  .15806640E+01
   .40000000E+00  .15312159E+01
   .44000000E+00  .14837222E+01
   .48000000E+00  .14379766E+01
   .52000000E+00  .13937977E+01
   .56000000E+00  .13510256E+01
   .60000000E+00  .13095184E+01
   .64000000E+00  .12691498E+01
   .68000000E+00  .12298068E+01
   .72000000E+00  .11913883E+01
   .76000000E+00  .11538028E+01
   .80000000E+00  .11169679E+01
   .84000000E+00  .10808087E+01
   .88000000E+00  .10452569E+01
   .92000000E+00  .10102503E+01
   .96000000E+00  .97573175E+00
   .10000000E+01  .94164858E+00
   .10400000E+01  .90795228E+00
   .10800000E+01  .87459790E+00
   .11200000E+01  .84154362E+00
   .11600000E+01  .80875047E+00
   .12000000E+01  .77618197E+00
   .12400000E+01  .74380387E+00
   .12800000E+01  .71158390E+00
   .13200000E+01  .67949154E+00
   .13600000E+01  .64749784E+00
   .14000000E+01  .61557525E+00
   .14400000E+01  .58369742E+00
   .14800000E+01  .55183911E+00
   .15200000E+01  .51997602E+00
   .15600000E+01  .48808469E+00
   .16000000E+01  .45614237E+00
   .16400000E+01  .42412695E+00
   .16800000E+01  .39201683E+00
   .17200000E+01  .35979089E+00
   .17600000E+01  .32742833E+00
   .18000000E+01  .29490866E+00
   .18400000E+01  .26221160E+00
   .18800000E+01  .22931700E+00
   .19200000E+01  .19620482E+00
   .19600000E+01  .16285500E+00
   .20000000E+01  .12924746E+00
Potential  L  =         .00000  -1.27929
  -.20000000E+01  .75426520E+00
  -.19600000E+01  .71922341E+00
  -.19200000E+01  .68224267E+00
  -.18800000E+01  .64307036E+00
  -.18400000E+01  .60140569E+00
  -.18000000E+01  .55688767E+00
  -.17600000E+01  .50907889E+00
  -.17200000E+01  .45744483E+00
  -.16800000E+01  .40132387E+00
  -.16400000E+01  .33988800E+00
  -.16000000E+01  .27208645E+00
  -.15600000E+01  .19656515E+00
  -.15200000E+01  .11154859E+00
  -.14800000E+01  .14661021E-01
  -.14400000E+01 -.97349928E-01
  -.14000000E+01 -.22906025E+00
  -.13600000E+01 -.38711970E+00
  -.13200000E+01 -.58157766E+00
  -.12800000E+01 -.82837559E+00
  -.12400000E+01 -.11544091E+01
  -.12000000E+01 -.16088920E+01
  -.11600000E+01 -.22925705E+01
  -.11200000E+01 -.34491046E+01
  -.10800000E+01 -.58577613E+01
  -.10400000E+01 -.14100693E+02
  -.10000000E+01  .68869777E+02
  -.96000000E+00  .11222711E+02
  -.92000000E+00  .64374230E+01
  -.88000000E+00  .46495288E+01
  -.84000000E+00  .37077968E+01
  -.80000000E+00  .31220615E+01
  -.76000000E+00  .27193940E+01
  -.72000000E+00  .24231957E+01
  -.68000000E+00  .21943189E+01
  -.64000000E+00  .20106690E+01
  -.60000000E+00  .18588302E+01
  -.56000000E+00  .17301799E+01
  -.52000000E+00  .16189278E+01
  -.48000000E+00  .15210349E+01
  -.44000000E+00  .14335991E+01
  -.40000000E+00  .13544794E+01
  -.36000000E+00  .12820612E+01
  -.32000000E+00  .12151024E+01
  -.28000000E+00  .11526308E+01
  -.24000000E+00  .10938740E+01
  -.20000000E+00  .10382090E+01
  -.16000000E+00  .98512739E+00
  -.12000000E+00  .93420876E+00
  -.80000000E-01  .88510185E+00
  -.40000000E-01  .83750986E+00
   .12351231E-14  .79117944E+00
   .40000000E-01  .74589210E+00
   .80000000E-01  .70145757E+00
   .12000000E+00  .65770849E+00
   .16000000E+00  .61449618E+00
   .20000000E+00  .57168727E+00
   .24000000E+00  .52916085E+00
   .28000000E+00  .48680625E+00
   .32000000E+00  .44452121E+00
   .36000000E+00  .40220979E+00
   .40000000E+00  .35978174E+00
   .44000000E+00  .31715075E+00
   .48000000E+00  .27423367E+00
   .52000000E+00  .23094941E+00
   .56000000E+00  .18721822E+00
   .60000000E+00  .14296072E+00
   .64000000E+00  .98097792E-01
   .68000000E+00  .52548930E-01
   .72000000E+00  .62321909E-02
   .76000000E+00 -.40936588E-01
   .80000000E+00 -.89044634E-01
   .84000000E+00 -.13818280E+00
   .88000000E+00 -.18844643E+00
   .92000000E+00 -.23993602E+00
   .96000000E+00 -.29275831E+00
   .10000000E+01 -.34702701E+00
   .10400000E+01 -.40286399E+00
   .10800000E+01 -.46040038E+00
   .11200000E+01 -.51977784E+00
   .11600000E+01 -.58115016E+00
   .12000000E+01 -.64468479E+00
   .12400000E+01 -.71056495E+00
   .12800000E+01 -.77899162E+00
   .13200000E+01 -.85018624E+00
   .13600000E+01 -.92439361E+00
   .14000000E+01 -.10018854E+01
   .14400000E+01 -.10829642E+01
   .14800000E+01 -.11679683E+01
   .15200000E+01 -.12572775E+01
   .15600000E+01 -.13513199E+01
   .16000000E+01 -.14505798E+01
   .16400000E+01 -.15556080E+01
   .16800000E+01 -.16670336E+01
   .17200000E+01 -.17855784E+01
   .17600000E+01 -.19120756E+01
   .18000000E+01 -.20474916E+01
   .18400000E+01 -.21929545E+01
   .18800000E+01 -.23497896E+01
   .19200000E+01 -.25195644E+01
   .19600000E+01 -.27041474E+01
   .20000000E+01 -.29057836E+01
Core Pot   L  =        1.00000   -.52074
  -.20000000E+01  .10074669E+01
  -.19600000E+01  .98615969E+00
  -.19200000E+01  .96443135E+00
  -.18800000E+01  .94226167E+00
  -.18400000E+01  .91962906E+00
  -.18000000E+01  .89651037E+00
  -.17600000E+01  .87288080E+00
  -.17200000E+01  .84871370E+00
  -.16800000E+01  .82398043E+00
  -.16400000E+01  .79865013E+00
  -.16000000E+01  .77268954E+00
  -.15600000E+01  .74606273E+00
  -.15200000E+01  .71873084E+00
  -.14800000E+01  .69065177E+00
  -.14400000E+01  .66177982E+00
  -.14000000E+01  .63206529E+00
  -.13600000E+01  .60145405E+00
  -.13200000E+01  .56988702E+00
  -.12800000E+01  .53729959E+00
  -.12400000E+01  .50362095E+00
  -.12000000E+01  .46877331E+00
  -.11600000E+01  .43267103E+00
  -.11200000E+01  .39521962E+00
  -.10800000E+01  .35631448E+00
  -.10400000E+01  .31583960E+00
  -.10000000E+01  .27366590E+00
  -.96000000E+00  .22964933E+00
  -.92000000E+00  .18362863E+00
  -.88000000E+00  .13542270E+00
  -.84000000E+00  .84827374E-01
  -.80000000E+00  .31611695E-01
  -.76000000E+00 -.24486701E-01
  -.72000000E+00 -.83767103E-01
  -.68000000E+00 -.14657247E+00
  -.64000000E+00 -.21329774E+00
  -.60000000E+00 -.28440003E+00
  -.56000000E+00 -.36041147E+00
  -.52000000E+00 -.44195523E+00
  -.48000000E+00 -.52976588E+00
  -.44000000E+00 -.62471550E+00
  -.40000000E+00 -.72784745E+00
  -.36000000E+00 -.84042068E+00
  -.32000000E+00 -.96396843E+00
  -.28000000E+00 -.11003773E+01
  -.24000000E+00 -.12519955E+01
  -.20000000E+00 -.14217829E+01
  -.16000000E+00 -.16135246E+01
  -.12000000E+00 -.18321400E+01
  -.80000000E-01 -.20841418E+01
  -.40000000E-01 -.23783392E+01
   .12351231E-14 -.27269467E+01
   .40000000E-01 -.31474071E+01
   .80000000E-01 -.36655235E+01
   .12000000E+00 -.43211508E+01
   .16000000E+00 -.51792697E+01
   .20000000E+00 -.63534912E+01
   .24000000E+00 -.80620208E+01
   .28000000E+00 -.10784016E+02
   .32000000E+00 -.15816042E+02
   .36000000E+00 -.28311331E+02
   .40000000E+00 -.11321352E+03
   .44000000E+00  .60986538E+02
   .48000000E+00  .24687041E+02
   .52000000E+00  .15718345E+02
   .56000000E+00  .11648941E+02
   .60000000E+00  .93214908E+01
   .64000000E+00  .78118660E+01
   .68000000E+00  .67513646E+01
   .72000000E+00  .59639372E+01
   .76000000E+00  .53548942E+01
   .80000000E+00  .48687734E+01
   .84000000E+00  .44709328E+01
   .88000000E+00  .41386181E+01
   .92000000E+00  .38562668E+01
   .96000000E+00  .36128743E+01
   .10000000E+01  .34004388E+01
   .10400000E+01  .32130028E+01
   .10800000E+01  .30460386E+01
   .11200000E+01  .28960441E+01
   .11600000E+01  .27602673E+01
   .12000000E+01  .26365158E+01
   .12400000E+01  .25230213E+01
   .12800000E+01  .24183416E+01
   .13200000E+01  .23212885E+01
   .13600000E+01  .22308743E+01
   .14000000E+01  .21462711E+01
   .14400000E+01  .20667794E+01
   .14800000E+01  .19918044E+01
   .15200000E+01  .19208367E+01
   .15600000E+01  .18534375E+01
   .16000000E+01  .17892267E+01
   .16400000E+01  .17278734E+01
   .16800000E+01  .16690878E+01
   .17200000E+01  .16126152E+01
   .17600000E+01  .15582309E+01
   .18000000E+01  .15057352E+01
   .18400000E+01  .14549506E+01
   .18800000E+01  .14057183E+01
   .19200000E+01  .13578960E+01
   .19600000E+01  .13113554E+01
   .20000000E+01  .12659808E+01
Potential  L  =        1.00000   -.52074
  -.20000000E+01  .10432910E+01
  -.19600000E+01  .10228338E+01
  -.19200000E+01  .10019730E+01
  -.18800000E+01  .98068810E+00
  -.18400000E+01  .95895675E+00
  -.18000000E+01  .93675494E+00
  -.17600000E+01  .91405672E+00
  -.17200000E+01  .89083402E+00
  -.16800000E+01  .86705644E+00
  -.16400000E+01  .84269095E+00
  -.16000000E+01  .81770164E+00
  -.15600000E+01  .79204938E+00
  -.15200000E+01  .76569142E+00
  -.14800000E+01  .73858101E+00
  -.14400000E+01  .71066683E+00
  -.14000000E+01  .68189251E+00
  -.13600000E+01  .65219589E+00
  -.13200000E+01  .62150830E+00
  -.12800000E+01  .58975368E+00
  -.12400000E+01  .55684752E+00
  -.12000000E+01  .52269565E+00
  -.11600000E+01  .48719280E+00
  -.11200000E+01  .45022082E+00
  -.10800000E+01  .41164702E+00
  -.10400000E+01  .37132116E+00
  -.10000000E+01  .32907298E+00
  -.96000000E+00  .28470856E+00
  -.92000000E+00  .23800607E+00
  -.88000000E+00  .18871028E+00
  -.84000000E+00  .13652645E+00
  -.80000000E+00  .81112033E-01
  -.76000000E+00  .22066555E-01
  -.72000000E+00 -.41081157E-01
  -.68000000E+00 -.10888938E+00
  -.64000000E+00 -.18202466E+00
  -.60000000E+00 -.26128944E+00
  -.56000000E+00 -.34765867E+00
  -.52000000E+00 -.44232890E+00
  -.48000000E+00 -.54678510E+00
  -.44000000E+00 -.66289331E+00
  -.40000000E+00 -.79303139E+00
  -.36000000E+00 -.94027762E+00
  -.32000000E+00 -.11086893E+01
  -.28000000E+00 -.13037261E+01
  -.24000000E+00 -.15329129E+01
  -.20000000E+00 -.18069198E+01
  -.16000000E+00 -.21413969E+01
  -.12000000E+00 -.25602648E+01
  -.80000000E-01 -.31020098E+01
  -.40000000E-01 -.38327644E+01
   .12351231E-14 -.48765661E+01
   .40000000E-01 -.64965006E+01
   .80000000E-01 -.93654211E+01
   .12000000E+00 -.15872510E+02
   .16000000E+00 -.45228768E+02
   .20000000E+00  .61281536E+02
   .24000000E+00  .18998659E+02
   .28000000E+00  .11475254E+02
   .32000000E+00  .83260013E+01
   .36000000E+00  .65898619E+01
   .40000000E+00  .54862798E+01
   .44000000E+00  .47201253E+01
   .48000000E+00  .41551118E+01
   .52000000E+00  .37196028E+01
   .56000000E+00  .33723409E+01
   .60000000E+00  .30878862E+01
   .64000000E+00  .28496982E+01
   .68000000E+00  .26465566E+01
   .72000000E+00  .24705809E+01
   .76000000E+00  .23160730E+01
   .80000000E+00  .21788099E+01
   .84000000E+00  .20555953E+01
   .88000000E+00  .19439644E+01
   .92000000E+00  .18419860E+01
   .96000000E+00  .17481245E+01
   .10000000E+01  .16611445E+01
   .10400000E+01  .15800359E+01
   .10800000E+01  .15039725E+01
   .11200000E+01  .14322638E+01
   .11600000E+01  .13643318E+01
   .12000000E+01  .12996877E+01
   .12400000E+01  .12379151E+01
   .12800000E+01  .11786564E+01
   .13200000E+01  .11216028E+01
   .13600000E+01  .10664858E+01
   .14000000E+01  .10130700E+01
   .14400000E+01  .96114858E+00
   .14800000E+01  .91053811E+00
   .15200000E+01  .86107527E+00
   .15600000E+01  .81261372E+00
   .16000000E+01  .76502162E+00
   .16400000E+01  .71817954E+00
   .16800000E+01  .67197864E+00
   .17200000E+01  .62631917E+00
   .17600000E+01  .58110923E+00
   .18000000E+01  .53626379E+00
   .18400000E+01  .49170306E+00
   .18800000E+01  .44735267E+00
   .19200000E+01  .40314225E+00
   .19600000E+01  .35900504E+00
   .20000000E+01  .31487720E+00
Core Pot   L  =        2.00000   -.52000
  -.20000000E+01  .13852248E+01
  -.19600000E+01  .13706062E+01
  -.19200000E+01  .13558765E+01
  -.18800000E+01  .13410315E+01
  -.18400000E+01  .13260668E+01
  -.18000000E+01  .13109784E+01
  -.17600000E+01  .12957618E+01
  -.17200000E+01  .12804128E+01
  -.16800000E+01  .12649270E+01
  -.16400000E+01  .12492998E+01
  -.16000000E+01  .12335268E+01
  -.15600000E+01  .12176032E+01
  -.15200000E+01  .12015243E+01
  -.14800000E+01  .11852851E+01
  -.14400000E+01  .11688806E+01
  -.14000000E+01  .11523056E+01
  -.13600000E+01  .11355547E+01
  -.13200000E+01  .11186224E+01
  -.12800000E+01  .11015029E+01
  -.12400000E+01  .10841903E+01
  -.12000000E+01  .10666785E+01
  -.11600000E+01  .10489610E+01
  -.11200000E+01  .10310313E+01
  -.10800000E+01  .10128824E+01
  -.10400000E+01  .99450708E+00
  -.10000000E+01  .97589795E+00
  -.96000000E+00  .95704716E+00
  -.92000000E+00  .93794658E+00
  -.88000000E+00  .91858768E+00
  -.84000000E+00  .89896157E+00
  -.80000000E+00  .87905895E+00
  -.76000000E+00  .85887006E+00
  -.72000000E+00  .83838467E+00
  -.68000000E+00  .81759209E+00
  -.64000000E+00  .79648104E+00
  -.60000000E+00  .77503972E+00
  -.56000000E+00  .75325568E+00
  -.52000000E+00  .73111586E+00
  -.48000000E+00  .70860647E+00
  -.44000000E+00  .68571298E+00
  -.40000000E+00  .66242008E+00
  -.36000000E+00  .63871159E+00
  -.32000000E+00  .61457041E+00
  -.28000000E+00  .58997845E+00
  -.24000000E+00  .56491655E+00
  -.20000000E+00  .53936442E+00
  -.16000000E+00  .51330052E+00
  -.12000000E+00  .48670199E+00
  -.80000000E-01  .45954453E+00
  -.40000000E-01  .43180228E+00
   .12351231E-14  .40344768E+00
   .40000000E-01  .37445137E+00
   .80000000E-01  .34478197E+00
   .12000000E+00  .31440599E+00
   .16000000E+00  .28328754E+00
   .20000000E+00  .25138820E+00
   .24000000E+00  .21866675E+00
   .28000000E+00  .18507889E+00
   .32000000E+00  .15057700E+00
   .36000000E+00  .11510976E+00
   .40000000E+00  .78621798E-01
   .44000000E+00  .41053316E-01
   .48000000E+00  .23395829E-02
   .52000000E+00 -.37589560E-01
   .56000000E+00 -.78810291E-01
   .60000000E+00 -.12140547E+00
   .64000000E+00 -.16546541E+00
   .68000000E+00 -.21108868E+00
   .72000000E+00 -.25838318E+00
   .76000000E+00 -.30746717E+00
   .80000000E+00 -.35847060E+00
   .84000000E+00 -.41153661E+00
   .88000000E+00 -.46682324E+00
   .92000000E+00 -.52450540E+00
   .96000000E+00 -.58477723E+00
   .10000000E+01 -.64785482E+00
   .10400000E+01 -.71397938E+00
   .10800000E+01 -.78342105E+00
   .11200000E+01 -.85648334E+00
   .11600000E+01 -.93350852E+00
   .12000000E+01 -.10148840E+01
   .12400000E+01 -.11010498E+01
   .12800000E+01 -.11925085E+01
   .13200000E+01 -.12898359E+01
   .13600000E+01 -.13936954E+01
   .14000000E+01 -.15048552E+01
   .14400000E+01 -.16242102E+01
   .14800000E+01 -.17528086E+01
   .15200000E+01 -.18918867E+01
   .15600000E+01 -.20429131E+01
   .16000000E+01 -.22076457E+01
   .16400000E+01 -.23882070E+01
   .16800000E+01 -.25871838E+01
   .17200000E+01 -.28077612E+01
   .17600000E+01 -.30539067E+01
   .18000000E+01 -.33306257E+01
   .18400000E+01 -.36443256E+01
   .18800000E+01 -.40033429E+01
   .19200000E+01 -.44187286E+01
   .19600000E+01 -.49054514E+01
   .20000000E+01 -.54843025E+01
Potential  L  =        2.00000   -.52000
  -.20000000E+01  .13691510E+01
  -.19600000E+01  .13550352E+01
  -.19200000E+01  .13407945E+01
  -.18800000E+01  .13264259E+01
  -.18400000E+01  .13119264E+01
  -.18000000E+01  .12972928E+01
  -.17600000E+01  .12825220E+01
  -.17200000E+01  .12676106E+01
  -.16800000E+01  .12525550E+01
  -.16400000E+01  .12373516E+01
  -.16000000E+01  .12219967E+01
  -.15600000E+01  .12064865E+01
  -.15200000E+01  .11908167E+01
  -.14800000E+01  .11749833E+01
  -.14400000E+01  .11589818E+01
  -.14000000E+01  .11428077E+01
  -.13600000E+01  .11264562E+01
  -.13200000E+01  .11099224E+01
  -.12800000E+01  .10932012E+01
  -.12400000E+01  .10762871E+01
  -.12000000E+01  .10591747E+01
  -.11600000E+01  .10418581E+01
  -.11200000E+01  .10243311E+01
  -.10800000E+01  .10065875E+01
  -.10400000E+01  .98862064E+00
  -.10000000E+01  .97042350E+00
  -.96000000E+00  .95198885E+00
  -.92000000E+00  .93330911E+00
  -.88000000E+00  .91437630E+00
  -.84000000E+00  .89518209E+00
  -.80000000E+00  .87571774E+00
  -.76000000E+00  .85597406E+00
  -.72000000E+00  .83594143E+00
  -.68000000E+00  .81560972E+00
  -.64000000E+00  .79496830E+00
  -.60000000E+00  .77400597E+00
  -.56000000E+00  .75271094E+00
  -.52000000E+00  .73107080E+00
  -.48000000E+00  .70907245E+00
  -.44000000E+00  .68670207E+00
  -.40000000E+00  .66394508E+00
  -.36000000E+00  .64078605E+00
  -.32000000E+00  .61720868E+00
  -.28000000E+00  .59319568E+00
  -.24000000E+00  .56872875E+00
  -.20000000E+00  .54378848E+00
  -.16000000E+00  .51835426E+00
  -.12000000E+00  .49240418E+00
  -.80000000E-01  .46591494E+00
  -.40000000E-01  .43886173E+00
   .12351231E-14  .41121809E+00
   .40000000E-01  .38295579E+00
   .80000000E-01  .35404467E+00
   .12000000E+00  .32445245E+00
   .16000000E+00  .29414458E+00
   .20000000E+00  .26308401E+00
   .24000000E+00  .23123095E+00
   .28000000E+00  .19854260E+00
   .32000000E+00  .16497290E+00
   .36000000E+00  .13047218E+00
   .40000000E+00  .94986781E-01
   .44000000E+00  .58458696E-01
   .48000000E+00  .20825048E-01
   .52000000E+00 -.17982372E-01
   .56000000E+00 -.58037742E-01
   .60000000E+00 -.99421837E-01
   .64000000E+00 -.14222281E+00
   .68000000E+00 -.18653704E+00
   .72000000E+00 -.23247015E+00
   .76000000E+00 -.28013811E+00
   .80000000E+00 -.32966862E+00
   .84000000E+00 -.38120250E+00
   .88000000E+00 -.43489560E+00
   .92000000E+00 -.49092067E+00
   .96000000E+00 -.54946993E+00
   .10000000E+01 -.61075778E+00
   .10400000E+01 -.67502412E+00
   .10800000E+01 -.74253826E+00
   .11200000E+01 -.81360373E+00
   .11600000E+01 -.88856362E+00
   .12000000E+01 -.96780754E+00
   .12400000E+01 -.10517796E+01
   .12800000E+01 -.11409885E+01
   .13200000E+01 -.12360195E+01
   .13600000E+01 -.13375497E+01
   .14000000E+01 -.14463664E+01
   .14400000E+01 -.15633911E+01
   .14800000E+01 -.16897088E+01
   .15200000E+01 -.18266065E+01
   .15600000E+01 -.19756219E+01
   .16000000E+01 -.21386085E+01
   .16400000E+01 -.23178203E+01
   .16800000E+01 -.25160268E+01
   .17200000E+01 -.27366690E+01
   .17600000E+01 -.29840764E+01
   .18000000E+01 -.32637735E+01
   .18400000E+01 -.35829230E+01
   .18800000E+01 -.39509817E+01
   .19200000E+01 -.43806988E+01
   .19600000E+01 -.48896864E+01
   .20000000E+01 -.55029817E+01
Core Pot   L  =        3.00000   -.10000
  -.20000000E+01  .16500284E+01
  -.19600000E+01  .16380388E+01
  -.19200000E+01  .16259639E+01
  -.18800000E+01  .16138019E+01
  -.18400000E+01  .16015509E+01
  -.18000000E+01  .15892089E+01
  -.17600000E+01  .15767740E+01
  -.17200000E+01  .15642441E+01
  -.16800000E+01  .15516169E+01
  -.16400000E+01  .15388902E+01
  -.16000000E+01  .15260616E+01
  -.15600000E+01  .15131288E+01
  -.15200000E+01  .15000891E+01
  -.14800000E+01  .14869400E+01
  -.14400000E+01  .14736786E+01
  -.14000000E+01  .14603022E+01
  -.13600000E+01  .14468077E+01
  -.13200000E+01  .14331921E+01
  -.12800000E+01  .14194520E+01
  -.12400000E+01  .14055841E+01
  -.12000000E+01  .13915848E+01
  -.11600000E+01  .13774505E+01
  -.11200000E+01  .13631772E+01
  -.10800000E+01  .13487610E+01
  -.10400000E+01  .13341975E+01
  -.10000000E+01  .13194822E+01
  -.96000000E+00  .13046105E+01
  -.92000000E+00  .12895775E+01
  -.88000000E+00  .12743780E+01
  -.84000000E+00  .12590065E+01
  -.80000000E+00  .12434573E+01
  -.76000000E+00  .12277244E+01
  -.72000000E+00  .12118013E+01
  -.68000000E+00  .11956812E+01
  -.64000000E+00  .11793572E+01
  -.60000000E+00  .11628215E+01
  -.56000000E+00  .11460662E+01
  -.52000000E+00  .11290828E+01
  -.48000000E+00  .11118623E+01
  -.44000000E+00  .10943950E+01
  -.40000000E+00  .10766707E+01
  -.36000000E+00  .10586786E+01
  -.32000000E+00  .10404069E+01
  -.28000000E+00  .10218433E+01
  -.24000000E+00  .10029743E+01
  -.20000000E+00  .98378579E+00
  -.16000000E+00  .96426226E+00
  -.12000000E+00  .94438726E+00
  -.80000000E-01  .92414296E+00
  -.40000000E-01  .90351017E+00
   .12351231E-14  .88246808E+00
   .40000000E-01  .86099419E+00
   .80000000E-01  .83906405E+00
   .12000000E+00  .81665107E+00
   .16000000E+00  .79372625E+00
   .20000000E+00  .77025793E+00
   .24000000E+00  .74621139E+00
   .28000000E+00  .72154857E+00
   .32000000E+00  .69622753E+00
   .36000000E+00  .67020201E+00
   .40000000E+00  .64342079E+00
   .44000000E+00  .61582702E+00
   .48000000E+00  .58735739E+00
   .52000000E+00  .55794116E+00
   .56000000E+00  .52749903E+00
   .60000000E+00  .49594175E+00
   .64000000E+00  .46316846E+00
   .68000000E+00  .42906478E+00
   .72000000E+00  .39350033E+00
   .76000000E+00  .35632585E+00
   .80000000E+00  .31736955E+00
   .84000000E+00  .27643268E+00
   .88000000E+00  .23328394E+00
   .92000000E+00  .18765243E+00
   .96000000E+00  .13921871E+00
   .10000000E+01  .87603356E-01
   .10400000E+01  .32352002E-01
   .10800000E+01 -.27084219E-01
   .11200000E+01 -.91374785E-01
   .11600000E+01 -.16134503E+00
   .12000000E+01 -.23802453E+00
   .12400000E+01 -.32271478E+00
   .12800000E+01 -.41708555E+00
   .13200000E+01 -.52331562E+00
   .13600000E+01 -.64430313E+00
   .14000000E+01 -.78398997E+00
   .14400000E+01 -.94787881E+00
   .14800000E+01 -.11438918E+01
   .15200000E+01 -.13838656E+01
   .15600000E+01 -.16863127E+01
   .16000000E+01 -.20819026E+01
   .16400000E+01 -.26254059E+01
   .16800000E+01 -.34251642E+01
   .17200000E+01 -.47297996E+01
   .17600000E+01 -.72639623E+01
   .18000000E+01 -.14413791E+02
   .18400000E+01 -.18161768E+03
   .18800000E+01  .18240123E+02
   .19200000E+01  .89006030E+01
   .19600000E+01  .59624691E+01
   .20000000E+01  .45150748E+01
Potential  L  =        3.00000   -.10000
  -.20000000E+01  .16469044E+01
  -.19600000E+01  .16348550E+01
  -.19200000E+01  .16227199E+01
  -.18800000E+01  .16104976E+01
  -.18400000E+01  .15981861E+01
  -.18000000E+01  .15857837E+01
  -.17600000E+01  .15732884E+01
  -.17200000E+01  .15606983E+01
  -.16800000E+01  .15480113E+01
  -.16400000E+01  .15352252E+01
  -.16000000E+01  .15223379E+01
  -.15600000E+01  .15093472E+01
  -.15200000E+01  .14962507E+01
  -.14800000E+01  .14830459E+01
  -.14400000E+01  .14697304E+01
  -.14000000E+01  .14563015E+01
  -.13600000E+01  .14427566E+01
  -.13200000E+01  .14290929E+01
  -.12800000E+01  .14153073E+01
  -.12400000E+01  .14013971E+01
  -.12000000E+01  .13873589E+01
  -.11600000E+01  .13731896E+01
  -.11200000E+01  .13588858E+01
  -.10800000E+01  .13444440E+01
  -.10400000E+01  .13298604E+01
  -.10000000E+01  .13151315E+01
  -.96000000E+00  .13002531E+01
  -.92000000E+00  .12852211E+01
  -.88000000E+00  .12700313E+01
  -.84000000E+00  .12546792E+01
  -.80000000E+00  .12391601E+01
  -.76000000E+00  .12234691E+01
  -.72000000E+00  .12076012E+01
  -.68000000E+00  .11915510E+01
  -.64000000E+00  .11753130E+01
  -.60000000E+00  .11588813E+01
  -.56000000E+00  .11422499E+01
  -.52000000E+00  .11254123E+01
  -.48000000E+00  .11083620E+01
  -.44000000E+00  .10910918E+01
  -.40000000E+00  .10735945E+01
  -.36000000E+00  .10558622E+01
  -.32000000E+00  .10378870E+01
  -.28000000E+00  .10196601E+01
  -.24000000E+00  .10011728E+01
  -.20000000E+00  .98241539E+00
  -.16000000E+00  .96337804E+00
  -.12000000E+00  .94405018E+00
  -.80000000E-01  .92442073E+00
  -.40000000E-01  .90447794E+00
   .12351231E-14  .88420942E+00
   .40000000E-01  .86360204E+00
   .80000000E-01  .84264189E+00
   .12000000E+00  .82131425E+00
   .16000000E+00  .79960346E+00
   .20000000E+00  .77749290E+00
   .24000000E+00  .75496492E+00
   .28000000E+00  .73200070E+00
   .32000000E+00  .70858020E+00
   .36000000E+00  .68468205E+00
   .40000000E+00  .66028342E+00
   .44000000E+00  .63535990E+00
   .48000000E+00  .60988535E+00
   .52000000E+00  .58383177E+00
   .56000000E+00  .55716910E+00
   .60000000E+00  .52986502E+00
   .64000000E+00  .50188478E+00
   .68000000E+00  .47319089E+00
   .72000000E+00  .44374292E+00
   .76000000E+00  .41349712E+00
   .80000000E+00  .38240615E+00
   .84000000E+00  .35041866E+00
   .88000000E+00  .31747882E+00
   .92000000E+00  .28352589E+00
   .96000000E+00  .24849362E+00
   .10000000E+01  .21230959E+00
   .10400000E+01  .17489452E+00
   .10800000E+01  .13616137E+00
   .11200000E+01  .96014413E-01
   .11600000E+01  .54348101E-01
   .12000000E+01  .11045751E-01
   .12400000E+01 -.34021958E-01
   .12800000E+01 -.80998755E-01
   .13200000E+01 -.13004485E+00
   .13600000E+01 -.18133938E+00
   .14000000E+01 -.23508327E+00
   .14400000E+01 -.29150275E+00
   .14800000E+01 -.35085337E+00
   .15200000E+01 -.41342498E+00
   .15600000E+01 -.47954769E+00
   .16000000E+01 -.54959916E+00
   .16400000E+01 -.62401345E+00
   .16800000E+01 -.70329203E+00
   .17200000E+01 -.78801736E+00
   .17600000E+01 -.87887002E+00
   .18000000E+01 -.97665026E+00
   .18400000E+01 -.10823056E+01
   .18800000E+01 -.11969663E+01
   .19200000E+01 -.13219917E+01
   .19600000E+01 -.14590317E+01
   .20000000E+01 -.16101082E+01
Core Pot   L  =        4.00000    .00000
  -.20000000E+01  .19848151E+01
  -.19600000E+01  .19751390E+01
  -.19200000E+01  .19654212E+01
  -.18800000E+01  .19556612E+01
  -.18400000E+01  .19458586E+01
  -.18000000E+01  .19360127E+01
  -.17600000E+01  .19261230E+01
  -.17200000E+01  .19161891E+01
  -.16800000E+01  .19062104E+01
  -.16400000E+01  .18961862E+01
  -.16000000E+01  .18861162E+01
  -.15600000E+01  .18759996E+01
  -.15200000E+01  .18658358E+01
  -.14800000E+01  .18556244E+01
  -.14400000E+01  .18453646E+01
  -.14000000E+01  .18350559E+01
  -.13600000E+01  .18246975E+01
  -.13200000E+01  .18142889E+01
  -.12800000E+01  .18038294E+01
  -.12400000E+01  .17933183E+01
  -.12000000E+01  .17827550E+01
  -.11600000E+01  .17721386E+01
  -.11200000E+01  .17614685E+01
  -.10800000E+01  .17507440E+01
  -.10400000E+01  .17399642E+01
  -.10000000E+01  .17291285E+01
  -.96000000E+00  .17182361E+01
  -.92000000E+00  .17072861E+01
  -.88000000E+00  .16962777E+01
  -.84000000E+00  .16852101E+01
  -.80000000E+00  .16740824E+01
  -.76000000E+00  .16628937E+01
  -.72000000E+00  .16516433E+01
  -.68000000E+00  .16403300E+01
  -.64000000E+00  .16289531E+01
  -.60000000E+00  .16175115E+01
  -.56000000E+00  .16060043E+01
  -.52000000E+00  .15944304E+01
  -.48000000E+00  .15827889E+01
  -.44000000E+00  .15710786E+01
  -.40000000E+00  .15592986E+01
  -.36000000E+00  .15474476E+01
  -.32000000E+00  .15355247E+01
  -.28000000E+00  .15235285E+01
  -.24000000E+00  .15114580E+01
  -.20000000E+00  .14993119E+01
  -.16000000E+00  .14870890E+01
  -.12000000E+00  .14747879E+01
  -.80000000E-01  .14624075E+01
  -.40000000E-01  .14499463E+01
   .12351231E-14  .14374030E+01
   .40000000E-01  .14247762E+01
   .80000000E-01  .14120643E+01
   .12000000E+00  .13992660E+01
   .16000000E+00  .13863797E+01
   .20000000E+00  .13734038E+01
   .24000000E+00  .13603367E+01
   .28000000E+00  .13471768E+01
   .32000000E+00  .13339223E+01
   .36000000E+00  .13205716E+01
   .40000000E+00  .13071228E+01
   .44000000E+00  .12935741E+01
   .48000000E+00  .12799235E+01
   .52000000E+00  .12661692E+01
   .56000000E+00  .12523091E+01
   .60000000E+00  .12383411E+01
   .64000000E+00  .12242632E+01
   .68000000E+00  .12100731E+01
   .72000000E+00  .11957685E+01
   .76000000E+00  .11813472E+01
   .80000000E+00  .11668068E+01
   .84000000E+00  .11521447E+01
   .88000000E+00  .11373585E+01
   .92000000E+00  .11224454E+01
   .96000000E+00  .11074029E+01
   .10000000E+01  .10922280E+01
   .10400000E+01  .10769179E+01
   .10800000E+01  .10614697E+01
   .11200000E+01  .10458803E+01
   .11600000E+01  .10301464E+01
   .12000000E+01  .10142647E+01
   .12400000E+01  .99823202E+00
   .12800000E+01  .98204467E+00
   .13200000E+01  .96569905E+00
   .13600000E+01  .94919141E+00
   .14000000E+01  .93251786E+00
   .14400000E+01  .91567436E+00
   .14800000E+01  .89865673E+00
   .15200000E+01  .88146065E+00
   .15600000E+01  .86408164E+00
   .16000000E+01  .84651504E+00
   .16400000E+01  .82875602E+00
   .16800000E+01  .81079959E+00
   .17200000E+01  .79264053E+00
   .17600000E+01  .77427345E+00
   .18000000E+01  .75569273E+00
   .18400000E+01  .73689256E+00
   .18800000E+01  .71786685E+00
   .19200000E+01  .69860931E+00
   .19600000E+01  .67911335E+00
   .20000000E+01  .65937216E+00
Potential  L  =        4.00000    .00000
  -.20000000E+01  .19837273E+01
  -.19600000E+01  .19740206E+01
  -.19200000E+01  .19642714E+01
  -.18800000E+01  .19544792E+01
  -.18400000E+01  .19446434E+01
  -.18000000E+01  .19347635E+01
  -.17600000E+01  .19248391E+01
  -.17200000E+01  .19148694E+01
  -.16800000E+01  .19048539E+01
  -.16400000E+01  .18947922E+01
  -.16000000E+01  .18846835E+01
  -.15600000E+01  .18745272E+01
  -.15200000E+01  .18643227E+01
  -.14800000E+01  .18540695E+01
  -.14400000E+01  .18437669E+01
  -.14000000E+01  .18334140E+01
  -.13600000E+01  .18230105E+01
  -.13200000E+01  .18125554E+01
  -.12800000E+01  .18020483E+01
  -.12400000E+01  .17914882E+01
  -.12000000E+01  .17808746E+01
  -.11600000E+01  .17702065E+01
  -.11200000E+01  .17594834E+01
  -.10800000E+01  .17487043E+01
  -.10400000E+01  .17378685E+01
  -.10000000E+01  .17269752E+01
  -.96000000E+00  .17160236E+01
  -.92000000E+00  .17050127E+01
  -.88000000E+00  .16939419E+01
  -.84000000E+00  .16828099E+01
  -.80000000E+00  .16716162E+01
  -.76000000E+00  .16603596E+01
  -.72000000E+00  .16490393E+01
  -.68000000E+00  .16376542E+01
  -.64000000E+00  .16262034E+01
  -.60000000E+00  .16146857E+01
  -.56000000E+00  .16031003E+01
  -.52000000E+00  .15914460E+01
  -.48000000E+00  .15797217E+01
  -.44000000E+00  .15679262E+01
  -.40000000E+00  .15560585E+01
  -.36000000E+00  .15441173E+01
  -.32000000E+00  .15321014E+01
  -.28000000E+00  .15200096E+01
  -.24000000E+00  .15078406E+01
  -.20000000E+00  .14955931E+01
  -.16000000E+00  .14832657E+01
  -.12000000E+00  .14708571E+01
  -.80000000E-01  .14583658E+01
  -.40000000E-01  .14457904E+01
   .12351231E-14  .14331294E+01
   .40000000E-01  .14203813E+01
   .80000000E-01  .14075444E+01
   .12000000E+00  .13946172E+01
   .16000000E+00  .13815980E+01
   .20000000E+00  .13684850E+01
   .24000000E+00  .13552766E+01
   .28000000E+00  .13419709E+01
   .32000000E+00  .13285661E+01
   .36000000E+00  .13150602E+01
   .40000000E+00  .13014513E+01
   .44000000E+00  .12877373E+01
   .48000000E+00  .12739161E+01
   .52000000E+00  .12599856E+01
   .56000000E+00  .12459436E+01
   .60000000E+00  .12317878E+01
   .64000000E+00  .12175158E+01
   .68000000E+00  .12031252E+01
   .72000000E+00  .11886135E+01
   .76000000E+00  .11739781E+01
   .80000000E+00  .11592163E+01
   .84000000E+00  .11443254E+01
   .88000000E+00  .11293025E+01
   .92000000E+00  .11141447E+01
   .96000000E+00  .10988490E+01
   .10000000E+01  .10834122E+01
   .10400000E+01  .10678310E+01
   .10800000E+01  .10521022E+01
   .11200000E+01  .10362222E+01
   .11600000E+01  .10201874E+01
   .12000000E+01  .10039941E+01
   .12400000E+01  .98763854E+00
   .12800000E+01  .97111662E+00
   .13200000E+01  .95442423E+00
   .13600000E+01  .93755707E+00
   .14000000E+01  .92051071E+00
   .14400000E+01  .90328051E+00
   .14800000E+01  .88586168E+00
   .15200000E+01  .86824926E+00
   .15600000E+01  .85043807E+00
   .16000000E+01  .83242274E+00
   .16400000E+01  .81419768E+00
   .16800000E+01  .79575708E+00
   .17200000E+01  .77709490E+00
   .17600000E+01  .75820483E+00
   .18000000E+01  .73908034E+00
   .18400000E+01  .71971458E+00
   .18800000E+01  .70010044E+00
   .19200000E+01  .68023048E+00
   .19600000E+01  .66009698E+00
   .20000000E+01  .63969182E+00
KBPotential  L  =       .00000  -2.55858
  -.20000000E+01  .60684380E+00
  -.19600000E+01  .56627532E+00
  -.19200000E+01  .52362730E+00
  -.18800000E+01  .47868060E+00
  -.18400000E+01  .43118342E+00
  -.18000000E+01  .38084470E+00
  -.17600000E+01  .32732724E+00
  -.17200000E+01  .27023629E+00
  -.16800000E+01  .20910801E+00
  -.16400000E+01  .14339345E+00
  -.16000000E+01  .72437834E-01
  -.15600000E+01 -.45461184E-02
  -.15200000E+01 -.88513398E-01
  -.14800000E+01 -.18063485E+00
  -.14400000E+01 -.28236052E+00
  -.14000000E+01 -.39550874E+00
  -.13600000E+01 -.52239144E+00
  -.13200000E+01 -.66599369E+00
  -.12800000E+01 -.83023804E+00
  -.12400000E+01 -.10203836E+01
  -.12000000E+01 -.12436496E+01
  -.11600000E+01 -.15102215E+01
  -.11200000E+01 -.18349497E+01
  -.10800000E+01 -.22403658E+01
  -.10400000E+01 -.27623870E+01
  -.10000000E+01 -.34619908E+01
  -.96000000E+00 -.44516905E+01
  -.92000000E+00 -.59645679E+01
  -.88000000E+00 -.85748746E+01
  -.84000000E+00 -.14182527E+02
  -.80000000E+00 -.35059332E+02
  -.76000000E+00  .10017539E+03
  -.72000000E+00  .21963456E+02
  -.68000000E+00  .12730844E+02
  -.64000000E+00  .91410573E+01
  -.60000000E+00  .72269845E+01
  -.56000000E+00  .60341563E+01
  -.52000000E+00  .52172779E+01
  -.48000000E+00  .46211076E+01
  -.44000000E+00  .41655144E+01
  -.40000000E+00  .38049526E+01
  -.36000000E+00  .35116199E+01
  -.32000000E+00  .32675831E+01
  -.28000000E+00  .30607559E+01
  -.24000000E+00  .28826950E+01
  -.20000000E+00  .27273237E+01
  -.16000000E+00  .25901566E+01
  -.12000000E+00  .24678104E+01
  -.80000000E-01  .23576852E+01
  -.40000000E-01  .22577493E+01
   .12351231E-14  .21663926E+01
   .40000000E-01  .20823218E+01
   .80000000E-01  .20044863E+01
   .12000000E+00  .19320236E+01
   .16000000E+00  .18642188E+01
   .20000000E+00  .18004741E+01
   .24000000E+00  .17402858E+01
   .28000000E+00  .16832264E+01
   .32000000E+00  .16289301E+01
   .36000000E+00  .15770825E+01
   .40000000E+00  .15274113E+01
   .44000000E+00  .14796797E+01
   .48000000E+00  .14336803E+01
   .52000000E+00  .13892309E+01
   .56000000E+00  .13461702E+01
   .60000000E+00  .13043554E+01
   .64000000E+00  .12636588E+01
   .68000000E+00  .12239660E+01
   .72000000E+00  .11851746E+01
   .76000000E+00  .11471915E+01
   .80000000E+00  .11099325E+01
   .84000000E+00  .10733208E+01
   .88000000E+00  .10372864E+01
   .92000000E+00  .10017647E+01
   .96000000E+00  .96669623E+00
   .10000000E+01  .93202594E+00
   .10400000E+01  .89770220E+00
   .10800000E+01  .86367778E+00
   .11200000E+01  .82990826E+00
   .11600000E+01  .79634979E+00
   .12000000E+01  .76296279E+00
   .12400000E+01  .72970898E+00
   .12800000E+01  .69655164E+00
   .13200000E+01  .66345552E+00
   .13600000E+01  .63038643E+00
   .14000000E+01  .59731123E+00
   .14400000E+01  .56419716E+00
   .14800000E+01  .53101231E+00
   .15200000E+01  .49772496E+00
   .15600000E+01  .46430357E+00
   .16000000E+01  .43071630E+00
   .16400000E+01  .39693142E+00
   .16800000E+01  .36291649E+00
   .17200000E+01  .32863848E+00
   .17600000E+01  .29406353E+00
   .18000000E+01  .25915664E+00
   .18400000E+01  .22388152E+00
   .18800000E+01  .18820023E+00
   .19200000E+01  .15207295E+00
   .19600000E+01  .11545768E+00
   .20000000E+01  .78309748E-01
KBPotential  L  =      1.00000  -1.04148
  -.20000000E+01  .10073441E+01
  -.19600000E+01  .98603992E+00
  -.19200000E+01  .96431459E+00
  -.18800000E+01  .94214784E+00
  -.18400000E+01  .91951807E+00
  -.18000000E+01  .89640215E+00
  -.17600000E+01  .87277524E+00
  -.17200000E+01  .84861071E+00
  -.16800000E+01  .82387990E+00
  -.16400000E+01  .79855196E+00
  -.16000000E+01  .77259362E+00
  -.15600000E+01  .74596894E+00
  -.15200000E+01  .71863906E+00
  -.14800000E+01  .69056187E+00
  -.14400000E+01  .66169165E+00
  -.14000000E+01  .63197872E+00
  -.13600000E+01  .60136892E+00
  -.13200000E+01  .56980319E+00
  -.12800000E+01  .53721690E+00
  -.12400000E+01  .50353922E+00
  -.12000000E+01  .46869237E+00
  -.11600000E+01  .43259071E+00
  -.11200000E+01  .39513971E+00
  -.10800000E+01  .35623479E+00
  -.10400000E+01  .31575992E+00
  -.10000000E+01  .27358601E+00
  -.96000000E+00  .22956903E+00
  -.92000000E+00  .18354770E+00
  -.88000000E+00  .13534081E+00
  -.84000000E+00  .84744365E-01
  -.80000000E+00  .31527300E-01
  -.76000000E+00 -.24572669E-01
  -.72000000E+00 -.83855007E-01
  -.68000000E+00 -.14666261E+00
  -.64000000E+00 -.21339043E+00
  -.60000000E+00 -.28449562E+00
  -.56000000E+00 -.36051033E+00
  -.52000000E+00 -.44205776E+00
  -.48000000E+00 -.52987254E+00
  -.44000000E+00 -.62482682E+00
  -.40000000E+00 -.72796405E+00
  -.36000000E+00 -.84054331E+00
  -.32000000E+00 -.96409800E+00
  -.28000000E+00 -.11005151E+01
  -.24000000E+00 -.12521429E+01
  -.20000000E+00 -.14219421E+01
  -.16000000E+00 -.16136984E+01
  -.12000000E+00 -.18323324E+01
  -.80000000E-01 -.20843588E+01
  -.40000000E-01 -.23785896E+01
   .12351231E-14 -.27272437E+01
   .40000000E-01 -.31477719E+01
   .80000000E-01 -.36659905E+01
   .12000000E+00 -.43217793E+01
   .16000000E+00 -.51801670E+01
   .20000000E+00 -.63548681E+01
   .24000000E+00 -.80643362E+01
   .28000000E+00 -.10788433E+02
   .32000000E+00 -.15826350E+02
   .36000000E+00 -.28347672E+02
   .40000000E+00 -.11386213E+03
   .44000000E+00  .60777718E+02
   .48000000E+00  .24648456E+02
   .52000000E+00  .15700671E+02
   .56000000E+00  .11637955E+02
   .60000000E+00  .93135240E+01
   .64000000E+00  .78055283E+01
   .68000000E+00  .67460052E+01
   .72000000E+00  .59592060E+01
   .76000000E+00  .53505838E+01
   .80000000E+00  .48647514E+01
   .84000000E+00  .44671093E+01
   .88000000E+00  .41349295E+01
   .92000000E+00  .38526657E+01
   .96000000E+00  .36093243E+01
   .10000000E+01  .33969110E+01
   .10400000E+01  .32094735E+01
   .10800000E+01  .30424878E+01
   .11200000E+01  .28924544E+01
   .11600000E+01  .27566235E+01
   .12000000E+01  .26328040E+01
   .12400000E+01  .25192285E+01
   .12800000E+01  .24144557E+01
   .13200000E+01  .23172980E+01
   .13600000E+01  .22267679E+01
   .14000000E+01  .21420379E+01
   .14400000E+01  .20624086E+01
   .14800000E+01  .19872845E+01
   .15200000E+01  .19161571E+01
   .15600000E+01  .18485870E+01
   .16000000E+01  .17841940E+01
   .16400000E+01  .17226468E+01
   .16800000E+01  .16636556E+01
   .17200000E+01  .16069647E+01
   .17600000E+01  .15523491E+01
   .18000000E+01  .14996089E+01
   .18400000E+01  .14485658E+01
   .18800000E+01  .13990606E+01
   .19200000E+01  .13509503E+01
   .19600000E+01  .13041058E+01
   .20000000E+01  .12584108E+01
KBPotential  L  =      2.00000  -1.04000
  -.20000000E+01  .13730837E+01
  -.19600000E+01  .13590028E+01
  -.19200000E+01  .13447951E+01
  -.18800000E+01  .13304576E+01
  -.18400000E+01  .13159870E+01
  -.18000000E+01  .13013800E+01
  -.17600000E+01  .12866329E+01
  -.17200000E+01  .12717421E+01
  -.16800000E+01  .12567039E+01
  -.16400000E+01  .12415143E+01
  -.16000000E+01  .12261691E+01
  -.15600000E+01  .12106641E+01
  -.15200000E+01  .11949946E+01
  -.14800000E+01  .11791561E+01
  -.14400000E+01  .11631437E+01
  -.14000000E+01  .11469521E+01
  -.13600000E+01  .11305761E+01
  -.13200000E+01  .11140104E+01
  -.12800000E+01  .10972481E+01
  -.12400000E+01  .10802844E+01
  -.12000000E+01  .10631113E+01
  -.11600000E+01  .10457239E+01
  -.11200000E+01  .10281132E+01
  -.10800000E+01  .10102729E+01
  -.10400000E+01  .99219501E+00
  -.10000000E+01  .97387429E+00
  -.96000000E+00  .95529227E+00
  -.92000000E+00  .93644977E+00
  -.88000000E+00  .91733346E+00
  -.84000000E+00  .89793342E+00
  -.80000000E+00  .87823883E+00
  -.76000000E+00  .85823809E+00
  -.72000000E+00  .83791891E+00
  -.68000000E+00  .81726872E+00
  -.64000000E+00  .79627377E+00
  -.60000000E+00  .77491958E+00
  -.56000000E+00  .75319073E+00
  -.52000000E+00  .73107075E+00
  -.48000000E+00  .70854229E+00
  -.44000000E+00  .68558653E+00
  -.40000000E+00  .66218356E+00
  -.36000000E+00  .63831202E+00
  -.32000000E+00  .61394903E+00
  -.28000000E+00  .58907005E+00
  -.24000000E+00  .56364869E+00
  -.20000000E+00  .53765658E+00
  -.16000000E+00  .51106311E+00
  -.12000000E+00  .48383533E+00
  -.80000000E-01  .45593747E+00
  -.40000000E-01  .42733089E+00
   .12351231E-14  .39797363E+00
   .40000000E-01  .36782006E+00
   .80000000E-01  .33682059E+00
   .12000000E+00  .30492085E+00
   .16000000E+00  .27206167E+00
   .20000000E+00  .23817796E+00
   .24000000E+00  .20319833E+00
   .28000000E+00  .16704397E+00
   .32000000E+00  .12962816E+00
   .36000000E+00  .90854624E-01
   .40000000E+00  .50616352E-01
   .44000000E+00  .87945344E-02
   .48000000E+00 -.34743900E-01
   .52000000E+00 -.80148015E-01
   .56000000E+00 -.12757139E+00
   .60000000E+00 -.17722806E+00
   .64000000E+00 -.22936628E+00
   .68000000E+00 -.28414598E+00
   .72000000E+00 -.34186327E+00
   .76000000E+00 -.40288669E+00
   .80000000E+00 -.46756364E+00
   .84000000E+00 -.53632522E+00
   .88000000E+00 -.60967503E+00
   .92000000E+00 -.68820539E+00
   .96000000E+00 -.77261777E+00
   .10000000E+01 -.86374932E+00
   .10400000E+01 -.96260746E+00
   .10800000E+01 -.10704156E+01
   .11200000E+01 -.11886745E+01
   .11600000E+01 -.13192457E+01
   .12000000E+01 -.14644674E+01
   .12400000E+01 -.16273173E+01
   .12800000E+01 -.18116479E+01
   .13200000E+01 -.20225335E+01
   .13600000E+01 -.22667972E+01
   .14000000E+01 -.25538352E+01
   .14400000E+01 -.28969578E+01
   .14800000E+01 -.33156645E+01
   .15200000E+01 -.38397170E+01
   .15600000E+01 -.45169145E+01
   .16000000E+01 -.54292025E+01
   .16400000E+01 -.67297974E+01
   .16800000E+01 -.87422078E+01
   .17200000E+01 -.12287875E+02
   .17600000E+01 -.20243413E+02
   .18000000E+01 -.54702266E+02
   .18400000E+01  .82497675E+02
   .18800000E+01  .23839255E+02
   .19200000E+01  .14019284E+02
   .19600000E+01  .99604578E+01
   .20000000E+01  .77355673E+01
KBPotential  L  =      3.00000    .00000
  -.20000000E+01  .16469044E+01
  -.19600000E+01  .16348550E+01
  -.19200000E+01  .16227199E+01
  -.18800000E+01  .16104976E+01
  -.18400000E+01  .15981861E+01
  -.18000000E+01  .15857837E+01
  -.17600000E+01  .15732884E+01
  -.17200000E+01  .15606983E+01
  -.16800000E+01  .15480113E+01
  -.16400000E+01  .15352252E+01
  -.16000000E+01  .15223379E+01
  -.15600000E+01  .15093472E+01
  -.15200000E+01  .14962507E+01
  -.14800000E+01  .14830459E+01
  -.14400000E+01  .14697304E+01
  -.14000000E+01  .14563015E+01
  -.13600000E+01  .14427566E+01
  -.13200000E+01  .14290929E+01
  -.12800000E+01  .14153073E+01
  -.12400000E+01  .14013971E+01
  -.12000000E+01  .13873589E+01
  -.11600000E+01  .13731896E+01
  -.11200000E+01  .13588858E+01
  -.10800000E+01  .13444440E+01
  -.10400000E+01  .13298604E+01
  -.10000000E+01  .13151315E+01
  -.96000000E+00  .13002531E+01
  -.92000000E+00  .12852211E+01
  -.88000000E+00  .12700313E+01
  -.84000000E+00  .12546792E+01
  -.80000000E+00  .12391601E+01
  -.76000000E+00  .12234691E+01
  -.72000000E+00  .12076012E+01
  -.68000000E+00  .11915510E+01
  -.64000000E+00  .11753130E+01
  -.60000000E+00  .11588813E+01
  -.56000000E+00  .11422499E+01
  -.52000000E+00  .11254123E+01
  -.48000000E+00  .11083620E+01
  -.44000000E+00  .10910918E+01
  -.40000000E+00  .10735945E+01
  -.36000000E+00  .10558622E+01
  -.32000000E+00  .10378870E+01
  -.28000000E+00  .10196601E+01
  -.24000000E+00  .10011728E+01
  -.20000000E+00  .98241539E+00
  -.16000000E+00  .96337804E+00
  -.12000000E+00  .94405018E+00
  -.80000000E-01  .92442073E+00
  -.40000000E-01  .90447794E+00
   .12351231E-14  .88420942E+00
   .40000000E-01  .86360204E+00
   .80000000E-01  .84264189E+00
   .12000000E+00  .82131425E+00
   .16000000E+00  .79960346E+00
   .20000000E+00  .77749290E+00
   .24000000E+00  .75496492E+00
   .28000000E+00  .73200070E+00
   .32000000E+00  .70858020E+00
   .36000000E+00  .68468205E+00
   .40000000E+00  .66028342E+00
   .44000000E+00  .63535990E+00
   .48000000E+00  .60988535E+00
   .52000000E+00  .58383177E+00
   .56000000E+00  .55716910E+00
   .60000000E+00  .52986502E+00
   .64000000E+00  .50188478E+00
   .68000000E+00  .47319089E+00
   .72000000E+00  .44374292E+00
   .76000000E+00  .41349712E+00
   .80000000E+00  .38240615E+00
   .84000000E+00  .35041866E+00
   .88000000E+00  .31747882E+00
   .92000000E+00  .28352589E+00
   .96000000E+00  .24849362E+00
   .10000000E+01  .21230959E+00
   .10400000E+01  .17489452E+00
   .10800000E+01  .13616137E+00
   .11200000E+01  .96014413E-01
   .11600000E+01  .54348101E-01
   .12000000E+01  .11045751E-01
   .12400000E+01 -.34021958E-01
   .12800000E+01 -.80998755E-01
   .13200000E+01 -.13004485E+00
   .13600000E+01 -.18133938E+00
   .14000000E+01 -.23508327E+00
   .14400000E+01 -.29150275E+00
   .14800000E+01 -.35085337E+00
   .15200000E+01 -.41342498E+00
   .15600000E+01 -.47954769E+00
   .16000000E+01 -.54959916E+00
   .16400000E+01 -.62401345E+00
   .16800000E+01 -.70329203E+00
   .17200000E+01 -.78801736E+00
   .17600000E+01 -.87887002E+00
   .18000000E+01 -.97665026E+00
   .18400000E+01 -.10823056E+01
   .18800000E+01 -.11969663E+01
   .19200000E+01 -.13219917E+01
   .19600000E+01 -.14590317E+01
   .20000000E+01 -.16101082E+01
KBPotential  L  =      4.00000    .00000
  -.20000000E+01  .19837273E+01
  -.19600000E+01  .19740206E+01
  -.19200000E+01  .19642714E+01
  -.18800000E+01  .19544792E+01
  -.18400000E+01  .19446434E+01
  -.18000000E+01  .19347635E+01
  -.17600000E+01  .19248391E+01
  -.17200000E+01  .19148694E+01
  -.16800000E+01  .19048539E+01
  -.16400000E+01  .18947922E+01
  -.16000000E+01  .18846835E+01
  -.15600000E+01  .18745272E+01
  -.15200000E+01  .18643227E+01
  -.14800000E+01  .18540695E+01
  -.14400000E+01  .18437669E+01
  -.14000000E+01  .18334140E+01
  -.13600000E+01  .18230105E+01
  -.13200000E+01  .18125554E+01
  -.12800000E+01  .18020483E+01
  -.12400000E+01  .17914882E+01
  -.12000000E+01  .17808746E+01
  -.11600000E+01  .17702065E+01
  -.11200000E+01  .17594834E+01
  -.10800000E+01  .17487043E+01
  -.10400000E+01  .17378685E+01
  -.10000000E+01  .17269752E+01
  -.96000000E+00  .17160236E+01
  -.92000000E+00  .17050127E+01
  -.88000000E+00  .16939419E+01
  -.84000000E+00  .16828099E+01
  -.80000000E+00  .16716162E+01
  -.76000000E+00  .16603596E+01
  -.72000000E+00  .16490393E+01
  -.68000000E+00  .16376542E+01
  -.64000000E+00  .16262034E+01
  -.60000000E+00  .16146857E+01
  -.56000000E+00  .16031003E+01
  -.52000000E+00  .15914460E+01
  -.48000000E+00  .15797217E+01
  -.44000000E+00  .15679262E+01
  -.40000000E+00  .15560585E+01
  -.36000000E+00  .15441173E+01
  -.32000000E+00  .15321014E+01
  -.28000000E+00  .15200096E+01
  -.24000000E+00  .15078406E+01
  -.20000000E+00  .14955931E+01
  -.16000000E+00  .14832657E+01
  -.12000000E+00  .14708571E+01
  -.80000000E-01  .14583658E+01
  -.40000000E-01  .14457904E+01
   .12351231E-14  .14331294E+01
   .40000000E-01  .14203813E+01
   .80000000E-01  .14075444E+01
   .12000000E+00  .13946172E+01
   .16000000E+00  .13815980E+01
   .20000000E+00  .13684850E+01
   .24000000E+00  .13552766E+01
   .28000000E+00  .13419709E+01
   .32000000E+00  .13285661E+01
   .36000000E+00  .13150602E+01
   .40000000E+00  .13014513E+01
   .44000000E+00  .12877373E+01
   .48000000E+00  .12739161E+01
   .52000000E+00  .12599856E+01
   .56000000E+00  .12459436E+01
   .60000000E+00  .12317878E+01
   .64000000E+00  .12175158E+01
   .68000000E+00  .12031252E+01
   .72000000E+00  .11886135E+01
   .76000000E+00  .11739781E+01
   .80000000E+00  .11592163E+01
   .84000000E+00  .11443254E+01
   .88000000E+00  .11293025E+01
   .92000000E+00  .11141447E+01
   .96000000E+00  .10988490E+01
   .10000000E+01  .10834122E+01
   .10400000E+01  .10678310E+01
   .10800000E+01  .10521022E+01
   .11200000E+01  .10362222E+01
   .11600000E+01  .10201874E+01
   .12000000E+01  .10039941E+01
   .12400000E+01  .98763854E+00
   .12800000E+01  .97111662E+00
   .13200000E+01  .95442423E+00
   .13600000E+01  .93755707E+00
   .14000000E+01  .92051071E+00
   .14400000E+01  .90328051E+00
   .14800000E+01  .88586168E+00
   .15200000E+01  .86824926E+00
   .15600000E+01  .85043807E+00
   .16000000E+01  .83242274E+00
   .16400000E+01  .81419768E+00
   .16800000E+01  .79575708E+00
   .17200000E+01  .77709490E+00
   .17600000E+01  .75820483E+00
   .18000000E+01  .73908034E+00
   .18400000E+01  .71971458E+00
   .18800000E+01  .70010044E+00
   .19200000E+01  .68023048E+00
   .19600000E+01  .66009698E+00
   .20000000E+01  .63969182E+00
