I : s2p5                                
  .371000721E-01  .376479996E-01  .382039894E-01  .387681595E-01  .393406295E-01
  .399215209E-01  .405109568E-01  .411090621E-01  .417159636E-01  .423317899E-01
  .429566714E-01  .435907406E-01  .442341315E-01  .448869805E-01  .455494257E-01
  .462216073E-01  .469036674E-01  .475957503E-01  .482980025E-01  .490105722E-01
  .497336101E-01  .504672690E-01  .512117038E-01  .519670718E-01  .527335325E-01
  .535112476E-01  .543003813E-01  .551011000E-01  .559135727E-01  .567379706E-01
  .575744675E-01  .584232399E-01  .592844664E-01  .601583285E-01  .610450102E-01
  .619446983E-01  .628575820E-01  .637838535E-01  .647237075E-01  .656773418E-01
  .666449569E-01  .676267561E-01  .686229456E-01  .696337349E-01  .706593361E-01
  .716999645E-01  .727558386E-01  .738271798E-01  .749142130E-01  .760171659E-01
  .771362699E-01  .782717595E-01  .794238724E-01  .805928501E-01  .817789372E-01
  .829823820E-01  .842034362E-01  .854423553E-01  .866993983E-01  .879748280E-01
  .892689108E-01  .905819171E-01  .919141210E-01  .932658007E-01  .946372381E-01
  .960287194E-01  .974405347E-01  .988729782E-01  .100326349E+00  .101800949E+00
  .103297085E+00  .104815070E+00  .106355218E+00  .107917851E+00  .109503292E+00
  .111111873E+00  .112743926E+00  .114399791E+00  .116079812E+00  .117784337E+00
  .119513720E+00  .121268319E+00  .123048499E+00  .124854627E+00  .126687078E+00
  .128546232E+00  .130432474E+00  .132346192E+00  .134287784E+00  .136257650E+00
  .138256198E+00  .140283839E+00  .142340994E+00  .144428085E+00  .146545544E+00
  .148693807E+00  .150873317E+00  .153084523E+00  .155327879E+00  .157603848E+00
  .159912898E+00  .162255504E+00  .164632146E+00  .167043313E+00  .169489500E+00
  .171971209E+00  .174488949E+00  .177043236E+00  .179634593E+00  .182263552E+00
  .184930650E+00  .187636433E+00  .190381455E+00  .193166276E+00  .195991465E+00
  .198857599E+00  .201765263E+00  .204715050E+00  .207707562E+00  .210743407E+00
  .213823205E+00  .216947581E+00  .220117172E+00  .223332622E+00  .226594584E+00
  .229903721E+00  .233260704E+00  .236666214E+00  .240120941E+00  .243625585E+00
  .247180856E+00  .250787473E+00  .254446166E+00  .258157673E+00  .261922746E+00
  .265742143E+00  .269616635E+00  .273547004E+00  .277534040E+00  .281578548E+00
  .285681340E+00  .289843242E+00  .294065090E+00  .298347732E+00  .302692027E+00
  .307098847E+00  .311569075E+00  .316103606E+00  .320703348E+00  .325369220E+00
  .330102155E+00  .334903099E+00  .339773010E+00  .344712858E+00  .349723629E+00
  .354806319E+00  .359961941E+00  .365191520E+00  .370496095E+00  .375876718E+00
  .381334458E+00  .386870396E+00  .392485630E+00  .398181269E+00  .403958441E+00
  .409818288E+00  .415761966E+00  .421790648E+00  .427905523E+00  .434107794E+00
  .440398684E+00  .446779427E+00  .453251279E+00  .459815509E+00  .466473406E+00
  .473226273E+00  .480075433E+00  .487022225E+00  .494068008E+00  .501214156E+00
  .508462064E+00  .515813145E+00  .523268830E+00  .530830570E+00  .538499833E+00
  .546278109E+00  .554166907E+00  .562167756E+00  .570282205E+00  .578511823E+00
  .586858199E+00  .595322946E+00  .603907695E+00  .612614100E+00  .621443837E+00
  .630398602E+00  .639480115E+00  .648690118E+00  .658030376E+00  .667502677E+00
  .677108831E+00  .686850674E+00  .696730063E+00  .706748882E+00  .716909038E+00
  .727212461E+00  .737661109E+00  .748256964E+00  .759002033E+00  .769898350E+00
  .780947974E+00  .792152991E+00  .803515513E+00  .815037682E+00  .826721663E+00
  .838569651E+00  .850583871E+00  .862766571E+00  .875120033E+00  .887646566E+00
  .900348506E+00  .913228222E+00  .926288111E+00  .939530602E+00  .952958152E+00
  .966573251E+00  .980378419E+00  .994376209E+00  .100856920E+01  .102296002E+01
  .103755131E+01  .105234575E+01  .106734607E+01  .108255500E+01  .109797533E+01
  .111360988E+01  .112946150E+01  .114553308E+01  .116182755E+01  .117834785E+01
  .119509699E+01  .121207800E+01  .122929395E+01  .124674795E+01  .126444313E+01
  .128238268E+01  .130056982E+01  .131900782E+01  .133769997E+01  .135664960E+01
  .137586011E+01  .139533490E+01  .141507744E+01  .143509123E+01  .145537982E+01
  .147594678E+01  .149679575E+01  .151793040E+01  .153935444E+01  .156107163E+01
  .158308577E+01  .160540071E+01  .162802034E+01  .165094860E+01  .167418946E+01
  .169774697E+01  .172162519E+01  .174582824E+01  .177036030E+01  .179522558E+01
  .182042835E+01  .184597293E+01  .187186367E+01  .189810499E+01  .192470135E+01
  .195165727E+01  .197897732E+01  .200666609E+01  .203472827E+01  .206316857E+01
  .209199177E+01  .212120268E+01  .215080618E+01  .218080721E+01  .221121075E+01
  .224202183E+01  .227324556E+01  .230488709E+01  .233695160E+01  .236944438E+01
  .240237073E+01  .243573604E+01  .246954572E+01  .250380528E+01  .253852026E+01
  .257369626E+01  .260933895E+01  .264545405E+01  .268204735E+01  .271912468E+01
  .275669196E+01  .279475514E+01  .283332025E+01  .287239338E+01  .291198067E+01
  .295208834E+01  .299272265E+01  .303388994E+01  .307559661E+01  .311784911E+01
  .316065398E+01  .320401780E+01  .324794722E+01  .329244896E+01  .333752980E+01
  .338319658E+01  .342945623E+01  .347631571E+01  .352378207E+01  .357186241E+01
  .362056392E+01  .366989382E+01  .371985944E+01  .377046814E+01  .382172736E+01
  .387364462E+01  .392622748E+01  .397948359E+01  .403342067E+01  .408804648E+01
  .414336887E+01  .419939575E+01  .425613511E+01  .431359499E+01  .437178351E+01
  .443070886E+01  .449037927E+01  .455080308E+01  .461198867E+01  .467394449E+01
  .473667907E+01  .480020100E+01  .486451892E+01  .492964158E+01  .499557775E+01
  .506233630E+01  .512992614E+01  .519835628E+01  .526763577E+01  .533777372E+01
  .540877934E+01  .548066187E+01  .555343063E+01  .562709500E+01  .570166444E+01
  .577714844E+01  .585355659E+01  .593089853E+01  .600918394E+01  .608842258E+01
  .616862429E+01  .624979893E+01  .633195646E+01  .641510686E+01  .649926020E+01
  .658442659E+01  .667061619E+01  .675783925E+01  .684610603E+01  .693542688E+01
  .702581218E+01  .711727237E+01  .720981795E+01  .730345944E+01  .739820745E+01
  .749407261E+01  .759106560E+01  .768919715E+01  .778847803E+01  .788891905E+01
  .799053107E+01  .809332498E+01  .819731171E+01  .830250223E+01  .840890754E+01
  .851653868E+01  .862540670E+01  .873552271E+01  .884689783E+01  .895954320E+01
  .907347000E+01  .918868942E+01  .930521268E+01  .942305100E+01  .954221562E+01
  .966271781E+01  .978456884E+01  .990777997E+01  .100323625E+02  .101583277E+02
  .102856869E+02  .104144513E+02  .105446322E+02  .106762409E+02  .108092887E+02
  .109437868E+02  .110797464E+02  .112171787E+02  .113560949E+02  .114965063E+02
  .116384238E+02  .117818586E+02  .119268218E+02  .120733243E+02  .122213772E+02
  .123709914E+02  .125221777E+02  .126749470E+02  .128293100E+02  .129852774E+02
  .131428598E+02  .133020678E+02  .134629119E+02  .136254024E+02  .137895497E+02
  .139553640E+02  .141228553E+02  .142920338E+02  .144629093E+02  .146354916E+02
  .148097905E+02  .149858154E+02  .151635759E+02  .153430811E+02  .155243404E+02
  .157073627E+02  .158921568E+02  .160787316E+02  .162670955E+02  .164572570E+02
  .166492243E+02  .168430054E+02  .170386082E+02  .172360403E+02  .174353091E+02
  .176364220E+02  .178393860E+02  .180442079E+02  .182508943E+02  .184594515E+02
  .186698856E+02  .188822026E+02  .190964081E+02  .193125073E+02  .195305054E+02
  .197504071E+02  .199722169E+02  .201959392E+02  .204215777E+02  .206491361E+02
  .208786176E+02  .211100253E+02  .213433616E+02  .215786289E+02  .218158290E+02
  .220549636E+02  .222960338E+02  .225390403E+02  .227839837E+02  .230308638E+02
  .232796803E+02  .235304323E+02  .237831187E+02  .240377376E+02  .242942871E+02
  .245527644E+02  .248131665E+02  .250754899E+02  .253397306E+02  .256058840E+02
  .258739452E+02  .261439086E+02  .264157681E+02  .266895171E+02  .269651485E+02
  .272426546E+02  .275220272E+02  .278032573E+02  .280863355E+02  .283712519E+02
  .286579958E+02  .289465560E+02  .292369204E+02  .295290768E+02  .298230118E+02
  .301187116E+02  .304161618E+02  .307153472E+02  .310162519E+02  .313188594E+02
  .316231523E+02  .319291126E+02  .322367218E+02  .325459602E+02  .328568077E+02
  .331692432E+02  .334832451E+02  .337987908E+02  .341158570E+02  .344344196E+02
  .347544537E+02  .350759335E+02  .353988324E+02  .357231232E+02  .360487774E+02
  .363757662E+02  .367040594E+02  .370336263E+02  .373644351E+02  .376964534E+02
  .380296477E+02  .383639836E+02  .386994257E+02  .390359381E+02  .393734835E+02
  .397120239E+02  .400515205E+02  .403919333E+02  .407332216E+02  .410753435E+02
  .414182564E+02  .417619166E+02  .421062795E+02  .424512996E+02  .427969303E+02
  .431431241E+02  .434898327E+02  .438370066E+02  .441845953E+02  .445325477E+02
  .448808113E+02  .452293329E+02  .455780583E+02  .459269323E+02  .462758987E+02
  .466249004E+02  .469738794E+02  .473227768E+02  .476715324E+02  .480200856E+02
  .483683744E+02  .487163362E+02  .490639074E+02  .494110234E+02  .497576187E+02
  .501036271E+02  .504489815E+02  .507936137E+02  .511374549E+02  .514804354E+02
  .518224846E+02  .521635313E+02  .525035032E+02  .528423275E+02  .531799306E+02
  .535162381E+02  .538511749E+02  .541846653E+02  .545166328E+02  .548470004E+02
  .551756903E+02  .555026244E+02  .558277236E+02  .561509087E+02  .564720998E+02
  .567912164E+02  .571081777E+02  .574229026E+02  .577353093E+02  .580453159E+02
  .583528402E+02  .586577995E+02  .589601110E+02  .592596918E+02  .595564587E+02
  .598503284E+02  .601412175E+02  .604290427E+02  .607137206E+02  .609951679E+02
  .612733015E+02  .615480382E+02  .618192952E+02  .620869899E+02  .623510402E+02
  .626113641E+02  .628678801E+02  .631205072E+02  .633691651E+02  .636137736E+02
  .638542538E+02  .640905270E+02  .643225156E+02  .645501426E+02  .647733320E+02
  .649920088E+02  .652060991E+02  .654155298E+02  .656202294E+02  .658201272E+02
  .660151541E+02  .662052424E+02  .663903256E+02  .665703388E+02  .667452190E+02
  .669149045E+02  .670793354E+02  .672384538E+02  .673922036E+02  .675405306E+02
  .676833828E+02  .678207102E+02  .679524650E+02  .680786018E+02  .681990776E+02
  .683138515E+02  .684228856E+02  .685261442E+02  .686235946E+02  .687152065E+02
  .688009528E+02  .688808092E+02  .689547542E+02  .690227695E+02  .690848402E+02
  .691409542E+02  .691911030E+02  .692352813E+02  .692734874E+02  .693057230E+02
  .693319935E+02  .693523080E+02  .693666791E+02  .693751236E+02  .693776617E+02
  .693743180E+02  .693651208E+02  .693501027E+02  .693293001E+02  .693027539E+02
  .692705091E+02  .692326151E+02  .691891255E+02  .691400984E+02  .690855963E+02
  .690256862E+02  .689604396E+02  .688899325E+02  .688142458E+02  .687334646E+02
  .686476789E+02  .685569834E+02  .684614774E+02  .683612649E+02  .682564547E+02
  .681471603E+02  .680335000E+02  .679155966E+02  .677935779E+02  .676675763E+02
  .675377289E+02  .674041775E+02  .672670687E+02  .671265533E+02  .669827872E+02
  .668359306E+02  .666861482E+02  .665336092E+02  .663784872E+02  .662209601E+02
  .660612101E+02  .658994236E+02  .657357911E+02  .655705070E+02  .654037698E+02
  .652357818E+02  .650667489E+02  .648968808E+02  .647263905E+02  .645554943E+02
  .643844121E+02  .642133665E+02  .640425833E+02  .638722909E+02  .637027204E+02
  .635341055E+02  .633666819E+02  .632006878E+02  .630363630E+02  .628739492E+02
  .627136895E+02  .625558285E+02  .624006118E+02  .622482859E+02  .620990981E+02
  .619532961E+02  .618111276E+02  .616728404E+02  .615386822E+02  .614088999E+02
  .612837398E+02  .611634468E+02  .610482649E+02  .609384362E+02  .608342009E+02
  .607357972E+02  .606434608E+02  .605574243E+02  .604779178E+02  .604051676E+02
  .603393966E+02  .602808234E+02  .602296628E+02  .601861245E+02  .601504136E+02
  .601227299E+02  .601032677E+02  .600922154E+02  .600897551E+02  .600960627E+02
  .601113069E+02  .601356496E+02  .601692451E+02  .602122400E+02  .602647727E+02
  .603269732E+02  .603989631E+02  .604808547E+02  .605727510E+02  .606747456E+02
  .607869220E+02  .609093538E+02  .610421040E+02  .611852247E+02  .613387574E+02
  .615027321E+02  .616771674E+02  .618620702E+02  .620574354E+02  .622632458E+02
  .624794717E+02  .627060710E+02  .629429888E+02  .631901572E+02  .634474952E+02
  .637149088E+02  .639922903E+02  .642795189E+02  .645764599E+02  .648829652E+02
  .651988729E+02  .655240072E+02  .658581787E+02  .662011840E+02  .665528060E+02
  .669128139E+02  .672809630E+02  .676569949E+02  .680406377E+02  .684316059E+02
  .688296008E+02  .692343103E+02  .696454094E+02  .700625600E+02  .704854115E+02
  .709136010E+02  .713467531E+02  .717844809E+02  .722263856E+02  .726720574E+02
  .731210753E+02  .735730080E+02  .740274140E+02  .744838420E+02  .749418316E+02
  .754009134E+02  .758606098E+02  .763204353E+02  .767798971E+02  .772384957E+02
  .776957255E+02  .781510752E+02  .786040287E+02  .790540656E+02  .795006616E+02
  .799432897E+02  .803814205E+02  .808145230E+02  .812420655E+02  .816635161E+02
  .820783434E+02  .824860178E+02  .828860117E+02  .832778005E+02  .836608634E+02
  .840346846E+02  .843987534E+02  .847525656E+02  .850956241E+02  .854274400E+02
  .857475331E+02  .860554331E+02  .863506800E+02  .866328257E+02  .869014341E+02
  .871560823E+02  .873963616E+02  .876218779E+02  .878322531E+02  .880271254E+02
  .882061504E+02  .883690019E+02  .885153725E+02  .886449747E+02  .887575411E+02
  .888528258E+02  .889306047E+02  .889906761E+02  .890328619E+02  .890570073E+02
  .890629826E+02  .890506825E+02  .890200278E+02  .889709650E+02  .889034673E+02
  .888175349E+02  .887131952E+02  .885905036E+02  .884495431E+02  .882904253E+02
  .881132902E+02  .879183063E+02  .877056711E+02  .874756108E+02  .872283805E+02
  .869642640E+02  .866835742E+02  .863866520E+02  .860738672E+02  .857456175E+02
  .854023285E+02  .850444530E+02  .846724712E+02  .842868895E+02  .838882405E+02
  .834770820E+02  .830539965E+02  .826195907E+02  .821744942E+02  .817193591E+02
  .812548590E+02  .807816878E+02  .803005590E+02  .798122044E+02  .793173733E+02
  .788168308E+02  .783113570E+02  .778017456E+02  .772888025E+02  .767733443E+02
  .762561975E+02  .757381959E+02  .752201805E+02  .747029965E+02  .741874931E+02
  .736745207E+02  .731649300E+02  .726595702E+02  .721592870E+02  .716649212E+02
  .711773068E+02  .706972694E+02  .702256243E+02  .697631747E+02  .693107102E+02
  .688690047E+02  .684388149E+02  .680208782E+02  .676159115E+02  .672246089E+02
  .668476405E+02  .664856504E+02  .661392550E+02  .658090417E+02  .654955671E+02
  .651993554E+02  .649208973E+02  .646606480E+02  .644190263E+02  .641964130E+02
  .639931496E+02  .638095376E+02  .636458366E+02  .635022640E+02  .633789934E+02
  .632761542E+02  .631938307E+02  .631320610E+02  .630908371E+02  .630701036E+02
  .630697579E+02  .630896495E+02  .631295802E+02  .631893034E+02  .632685247E+02
  .633669017E+02  .634840443E+02  .636195152E+02  .637728302E+02  .639434586E+02
  .641308246E+02  .643343074E+02  .645532424E+02  .647869226E+02  .650345991E+02
  .652954831E+02  .655687467E+02  .658535249E+02  .661489171E+02  .664539885E+02
  .667677722E+02  .670892713E+02  .674174606E+02  .677512886E+02  .680896800E+02
  .684315380E+02  .687757462E+02  .691211714E+02  .694666659E+02  .698110700E+02
  .701532147E+02  .704919243E+02  .708260187E+02  .711543170E+02  .714756389E+02
  .717888090E+02  .720926582E+02  .723860273E+02  .726677696E+02  .729367534E+02
  .731918652E+02  .734320123E+02  .736561252E+02  .738631609E+02  .740521048E+02
  .742219740E+02  .743718193E+02  .745007283E+02  .746078269E+02  .746922824E+02
  .747533055E+02  .747901523E+02  .748021265E+02  .747885812E+02  .747489209E+02
  .746826032E+02  .745891401E+02  .744681000E+02  .743191084E+02  .741418495E+02
  .739360673E+02  .737015661E+02  .734382117E+02  .731459318E+02  .728247164E+02
  .724746183E+02  .720957529E+02  .716882986E+02  .712524965E+02  .707886496E+02
  .702971232E+02  .697783432E+02  .692327963E+02  .686610282E+02  .680636432E+02
  .674413021E+02  .667947215E+02  .661246719E+02  .654319762E+02  .647175071E+02
  .639821863E+02  .632269814E+02  .624529042E+02  .616610078E+02  .608523849E+02
  .600281642E+02  .591895090E+02  .583376127E+02  .574736979E+02  .565990116E+02
  .557148238E+02  .548224228E+02  .539231139E+02  .530182141E+02  .521090512E+02
  .511969581E+02  .502832719E+02  .493693287E+02  .484564618E+02  .475459970E+02
  .466392509E+02  .457375262E+02  .448421099E+02  .439542687E+02  .430752477E+02
  .422062653E+02  .413485123E+02  .405031474E+02  .396712960E+02  .388540457E+02
  .380524458E+02  .372675028E+02  .365001802E+02  .357513943E+02  .350220141E+02
  .343128574E+02  .336246913E+02  .329582281E+02  .323141265E+02  .316929878E+02
  .310953571E+02  .305217202E+02  .299725049E+02  .294480783E+02  .289487482E+02
  .284747613E+02  .280263043E+02  .276035026E+02  .272064219E+02  .268350668E+02
  .264893831E+02  .261692567E+02  .258745154E+02  .256049290E+02  .253602109E+02
  .251400186E+02  .249439552E+02  .247715708E+02  .246223637E+02  .244957823E+02
  .243912267E+02  .243080504E+02  .242455629E+02  .242030315E+02  .241796839E+02
  .241747109E+02  .241872687E+02  .242164824E+02  .242614485E+02  .243212384E+02
  .243949012E+02  .244814671E+02  .245799505E+02  .246893532E+02  .248086673E+02
  .249368786E+02  .250729689E+02  .252159196E+02  .253647135E+02  .255183387E+02
  .256757898E+02  .258360718E+02  .259982015E+02  .261612107E+02  .263241475E+02
  .264860799E+02  .266460964E+02  .268033098E+02  .269568573E+02  .271059042E+02
  .272496442E+02  .273873024E+02  .275181354E+02  .276414344E+02  .277565253E+02
  .278627706E+02  .279595700E+02  .280463622E+02  .281226246E+02  .281878753E+02
  .282416724E+02  .282836158E+02  .283133459E+02  .283305456E+02  .283349388E+02
  .283262913E+02  .283044098E+02  .282691427E+02  .282203781E+02  .281580448E+02
  .280821103E+02  .279925810E+02  .278895005E+02  .277729494E+02  .276430433E+02
  .274999325E+02  .273438000E+02  .271748610E+02  .269933605E+02  .267995729E+02
  .265937996E+02  .263763683E+02  .261476303E+02  .259079604E+02  .256577536E+02
  .253974248E+02  .251274065E+02  .248481469E+02  .245601089E+02  .242637679E+02
  .239596101E+02  .236481313E+02  .233298348E+02  .230052301E+02  .226748312E+02
  .223391549E+02  .219987198E+02  .216540440E+02  .213056446E+02  .209540357E+02
  .205997275E+02  .202432244E+02  .198850246E+02  .195256182E+02  .191654869E+02
  .188051020E+02  .184449243E+02  .180854027E+02  .177269736E+02  .173700598E+02
  .170150704E+02  .166623991E+02  .163124250E+02  .159655106E+02  .156220030E+02
  .152822316E+02  .149465096E+02  .146151322E+02  .142883777E+02  .139665063E+02
  .136497606E+02  .133383653E+02  .130325275E+02  .127324363E+02  .124382634E+02
  .121501628E+02  .118682717E+02  .115927096E+02  .113235799E+02  .110609691E+02
  .108049482E+02  .105555718E+02  .103128801E+02  .100768978E+02  .984763570E+01
  .962509049E+01  .940924580E+01  .920007222E+01  .899752831E+01  .880156073E+01
  .861210522E+01  .842908675E+01  .825242050E+01  .808201208E+01  .791775842E+01
  .775954807E+01  .760726207E+01  .746077419E+01  .731995183E+01  .718465629E+01
  .705474358E+01  .693006472E+01  .681046649E+01  .669579176E+01  .658588018E+01
  .648056853E+01  .637969132E+01  .628308117E+01  .619056937E+01  .610198624E+01
  .601716165E+01  .593592537E+01  .585810751E+01  .578353893E+01  .571205159E+01
  .564347895E+01  .557765626E+01  .551442094E+01  .545361286E+01  .539507473E+01
  .533865215E+01  .528419418E+01  .523155328E+01  .518058580E+01  .513115191E+01
  .508311605E+01  .503634685E+01  .499071751E+01  .494610567E+01  .490239381E+01
  .485946902E+01  .481722341E+01  .477555382E+01  .473436222E+01  .469355538E+01
  .465304525E+01  .461274856E+01  .457258722E+01  .453248789E+01  .449238235E+01
  .445220703E+01  .441190336E+01  .437141732E+01  .433069972E+01  .428970577E+01
  .424839533E+01  .420673245E+01  .416468563E+01  .412222734E+01  .407933426E+01
  .403598678E+01  .399216929E+01  .394786958E+01  .390307919E+01  .385779278E+01
  .381200848E+01  .376572725E+01  .371895322E+01  .367169307E+01  .362395636E+01
  .357575488E+01  .352710300E+01  .347801707E+01  .342851568E+01  .337861912E+01
  .332834964E+01  .327773087E+01  .322678815E+01  .317554792E+01  .312403804E+01
  .307228721E+01  .302032529E+01  .296818274E+01  .291589085E+01  .286348139E+01
  .281098667E+01  .275843921E+01  .270587191E+01  .265331767E+01  .260080953E+01
  .254838036E+01  .249606298E+01  .244388987E+01  .239189329E+01  .234010499E+01
  .228855636E+01  .223727815E+01  .218630060E+01  .213565318E+01  .208536476E+01
  .203546331E+01  .198597611E+01  .193692945E+01  .188834883E+01  .184025872E+01
  .179268271E+01  .174564328E+01  .169916201E+01  .165325931E+01  .160795465E+01
  .156326630E+01  .151921155E+01  .147580650E+01  .143306622E+01  .139100459E+01
  .134963449E+01  .130896756E+01  .126901449E+01  .122978471E+01  .119128674E+01
  .115352787E+01  .111651445E+01  .108025170E+01  .104474390E+01  .100999425E+01
  .976005004E+00  .942777459E+00  .910311970E+00  .878607986E+00  .847664077E+00
  .817477962E+00  .788046539E+00  .759365916E+00  .731431447E+00  .704237758E+00
  .677778787E+00  .652047816E+00  .627037504E+00  .602739923E+00  .579146595E+00
  .556248526E+00  .534036240E+00  .512499815E+00  .491628919E+00  .471412842E+00
  .451840534E+00  .432900633E+00  .414581501E+00  .396871259E+00  .379757810E+00
  .363228877E+00  .347272029E+00  .331874710E+00  .317024264E+00  .302707966E+00
  .288913042E+00  .275626695E+00  .262836129E+00  .250528565E+00  .238691270E+00
  .227311566E+00  .216376857E+00  .205874637E+00  .195792512E+00  .186118211E+00
  .176839600E+00  .167944691E+00  .159421659E+00  .151258846E+00  .143444773E+00
  .135968146E+00  .128817866E+00  .121983030E+00  .115452942E+00  .109217114E+00
  .103265270E+00  .975873513E-01  .921735168E-01  .870141459E-01  .820998400E-01
  .774214231E-01  .729699424E-01  .687366684E-01  .647130945E-01  .608909363E-01
  .572621309E-01  .538188353E-01  .505534250E-01  .474584924E-01  .445268446E-01
  .417515018E-01  .391256943E-01  .366428606E-01  .342966446E-01  .320808930E-01
  .299896525E-01  .280171669E-01  .261578738E-01  .244064020E-01  .227575682E-01
  .212063735E-01  .197480002E-01  .183778087E-01  .170913337E-01  .158842807E-01
  .147525229E-01  .136920970E-01  .126991999E-01  .117701849E-01  .109015580E-01
  .100899739E-01  .933223272E-02  .862527544E-02  .796618060E-02  .735216018E-02
  .678055575E-02  .624883456E-02  .575458567E-02  .529551601E-02  .486944652E-02
  .447430828E-02  .410813867E-02  .376907752E-02  .345536336E-02  .316532967E-02
  .289740117E-02  .265009017E-02  .242199299E-02  .221178644E-02  .201822431E-02
  .184013401E-02  .167641326E-02  .152602680E-02  .138800323E-02  .126143197E-02
  .114546022E-02  .103929006E-02  .942175626E-03  .853420392E-03  .772374518E-03
  .698432304E-03  .631029745E-03  .569642160E-03  .513781930E-03  .462996323E-03
  .416865405E-03  .375000048E-03  .337040028E-03  .302652203E-03  .271528788E-03
  .243385703E-03  .217961012E-03  .195013441E-03  .174320967E-03  .155679492E-03
  .138901585E-03  .123815298E-03  .110263044E-03  .981005515E-04  .871958697E-04
  .774284460E-04  .686882534E-04  .608749768E-04  .538972519E-04  .476719541E-04
  .421235351E-04  .371834058E-04  .327893616E-04  .288850486E-04  .254194681E-04
  .223465185E-04  .196245695E-04  .172160704E-04  .150871871E-04  .132074682E-04
  .115495372E-04  .100888096E-04  .880323284E-05  .767304812E-05  .668057184E-05
  .580999573E-05  .504720430E-05  .437960811E-05  .379599189E-05  .328637623E-05
  .284189189E-05  .245466559E-05  .211771658E-05  .182486283E-05  .157063630E-05
  .135020632E-05  .115931058E-05  .994192816E-06  .851546902E-06  .728466501E-06
  .622399941E-06  .531109774E-06  .452636575E-06  .385266597E-06  .327502904E-06
  .278039643E-06  .235739141E-06  .199611554E-06  .168796802E-06  .142548557E-06
  .120220072E-06  .101251650E-06  .851595964E-07  .715264673E-07  .599924991E-07
  .502480695E-07  .420270852E-07  .351011858E-07  .292746732E-07  .243800815E-07
  .202743114E-07  .168352638E-07  .139589108E-07  .115567531E-07  .955361387E-08
  .788572974E-08  .649909986E-08  .534806114E-08  .439406036E-08  .360459767E-08
  .295231896E-08  .241423744E-08  .197106704E-08  .160665250E-08  .130748296E-08
  .106227751E-08  .861632541E-09  .697722280E-09  .564044897E-09  .455207579E-09
  .366744925E-09  .294965757E-09  .236824124E-09  .189810865E-09  .151862615E-09
  .121285588E-09  .966918387E-10  .769460745E-10  .611213338E-10  .484621305E-10
  .383538593E-10  .302974469E-10  .238883876E-10  .187994381E-10  .147663587E-10
  .115761961E-10  .905763777E-11  .707317770E-11  .551260660E-11  .428781881E-11
  .332847931E-11  .257856614E-11  .199354744E-11  .153809661E-11  .118424671E-11
  .909902857E-12  .697645539E-12  .533770029E-12  .407516954E-12  .310457255E-12
  .236001641E-12  .179010165E-12  .135482170E-12  .102310601E-12  .770877497E-13
  .579520061E-13  .434672363E-13  .325280507E-13  .242855784E-13  .180894410E-13
  .134424968E-13  .996562605E-14  .737039505E-14  .543788600E-14  .400234144E-14
  .293855862E-14  .215219781E-14  .157234905E-14  .114584524E-14  .832922134E-15
  .603914438E-15  .436747131E-15  .315035389E-15  .226649195E-15  .162631784E-15
  .116386834E-15  .830692266E-16  .591296076E-16  .419748252E-16  .297154522E-16
  .209785631E-16  .147692829E-16  .103686831E-16  .725869398E-17  .506703792E-17
  .352696067E-17  .244786692E-17  .169396943E-17  .116880936E-17  .804066237E-18
  .551492502E-18  .377117391E-18  .257094099E-18  .174733273E-18  .118390358E-18
  .799656486E-19  .538426087E-19  .361387588E-19  .241787475E-19  .161248851E-19
  .107189060E-19  .710205371E-20  .469013841E-20  .308705277E-20  .202510484E-20
  .132398883E-20  .862665972E-21  .560158140E-21  .362473508E-21  .233736982E-21
  .150193779E-21  .961695344E-22  .613580791E-22  .390069668E-22  .247079209E-22
  .155934113E-22  .980492292E-23  .614232033E-23  .383347797E-23  .238348605E-23
  .147631213E-23  .910911907E-24  .559878479E-24  .342781086E-24  .209041241E-24
  .126977101E-24  .768215908E-25  .462904798E-25  .277802718E-25  .166036487E-25
  .988276622E-26  .585796851E-26  .345775756E-26  .203238696E-26  .118950932E-26
  .693208709E-27  .402235025E-27  .232380859E-27  .133662683E-27  .765409756E-28
  .436351349E-28  .247640434E-28  .139905234E-28  .786787919E-29  .440429840E-29
  .245400255E-29  .136093149E-29  .751180200E-30  .412650249E-30  .225597131E-30
  .122738766E-30  .664522596E-31  .358014439E-31  .191927389E-31  .102376832E-31
  .543347025E-32  .286910339E-32  .150726870E-32  .787758101E-33  .409576273E-33
  .211835270E-33  .108984574E-33  .557720531E-34  .283879805E-34  .143714272E-34
  .723592338E-35  .362324458E-35  .180422958E-35  .893422889E-36  .439920293E-36
  .215388707E-36  .104853778E-36  .507501709E-37  .244209811E-37  .116826298E-37
  .555583844E-38  .262645222E-38  .123418301E-38  .576446319E-39  .267600154E-39
  .123464127E-39  .566109914E-40  .257955444E-40  .116802157E-40  .525529798E-41
  .234942759E-41  .104357283E-41  .460529037E-42  .201902746E-42  .879337524E-43
  .380429518E-43  .163483864E-43  .697805446E-44  .295821065E-44  .124547624E-44
  .520750316E-45  .216215760E-45  .891424635E-46  .364919427E-46  .148320030E-46
  .598505715E-47  .239760425E-47  .953459446E-48  .376371838E-48  .147467605E-48
  .573475672E-49  .221333061E-49  .847743282E-50  .322212854E-50  .121522099E-50
  .454752208E-51  .168839702E-51  .621909769E-52  .227251025E-52  .823725393E-53
  .296161993E-53  .105613314E-53  .373529000E-54  .131014479E-54  .455706729E-55
  .157199068E-55  .537852737E-56  .182643705E-56  .617860203E-57  .209065849E-57
  .727417535E-58  .273016399E-58  .128317352E-58  .966303300E-59  .000000000E+00
  .000000000E+00  .000000000E+00  .000000000E+00  .000000000E+00  .000000000E+00
  .000000000E+00  .000000000E+00  .000000000E+00  .000000000E+00  .000000000E+00
  .000000000E+00  .000000000E+00  .000000000E+00  .000000000E+00  .000000000E+00
  .000000000E+00  .000000000E+00  .000000000E+00  .000000000E+00  .000000000E+00
  .000000000E+00  .000000000E+00  .000000000E+00  .000000000E+00  .000000000E+00
  .000000000E+00  .000000000E+00  .000000000E+00  .000000000E+00  .000000000E+00
  .000000000E+00  .000000000E+00  .000000000E+00  .000000000E+00  .000000000E+00
  .000000000E+00  .000000000E+00  .000000000E+00  .000000000E+00  .000000000E+00
  .000000000E+00  .000000000E+00  .000000000E+00  .000000000E+00  .000000000E+00
  .000000000E+00  .000000000E+00  .000000000E+00  .000000000E+00  .000000000E+00
  .000000000E+00  .000000000E+00  .000000000E+00  .000000000E+00  .000000000E+00
  .000000000E+00  .000000000E+00  .000000000E+00  .000000000E+00  .000000000E+00
  .000000000E+00  .000000000E+00  .000000000E+00  .000000000E+00  .000000000E+00
  .000000000E+00  .000000000E+00  .000000000E+00  .000000000E+00  .000000000E+00
  .000000000E+00  .000000000E+00  .000000000E+00  .000000000E+00  .000000000E+00
  .000000000E+00  .000000000E+00  .000000000E+00  .000000000E+00  .000000000E+00
  .000000000E+00  .000000000E+00  .000000000E+00  .000000000E+00  .000000000E+00
  .000000000E+00  .000000000E+00  .000000000E+00  .000000000E+00  .000000000E+00
  .000000000E+00  .000000000E+00  .000000000E+00  .000000000E+00  .000000000E+00
  .000000000E+00  .000000000E+00  .000000000E+00  .000000000E+00  .000000000E+00
  .000000000E+00  .000000000E+00  .000000000E+00  .000000000E+00  .000000000E+00
  .000000000E+00  .000000000E+00  .000000000E+00  .000000000E+00  .000000000E+00
  .000000000E+00  .000000000E+00  .000000000E+00  .000000000E+00  .000000000E+00
  .000000000E+00  .000000000E+00  .000000000E+00  .000000000E+00  .000000000E+00
  .000000000E+00  .000000000E+00  .000000000E+00  .000000000E+00  .000000000E+00
  .000000000E+00  .000000000E+00  .000000000E+00  .000000000E+00  .000000000E+00
  .000000000E+00  .000000000E+00  .000000000E+00  .000000000E+00  .000000000E+00
  .000000000E+00  .000000000E+00  .000000000E+00  .000000000E+00  .000000000E+00
  .000000000E+00  .000000000E+00  .000000000E+00  .000000000E+00  .000000000E+00
  .000000000E+00  .000000000E+00  .000000000E+00  .000000000E+00  .000000000E+00
  .000000000E+00  .000000000E+00  .000000000E+00  .000000000E+00  .000000000E+00
  .000000000E+00  .000000000E+00  .000000000E+00  .000000000E+00  .000000000E+00
  .000000000E+00  .000000000E+00  .000000000E+00  .000000000E+00  .000000000E+00
  .000000000E+00  .000000000E+00  .000000000E+00  .000000000E+00  .000000000E+00
  .000000000E+00  .000000000E+00  .000000000E+00  .000000000E+00  .000000000E+00
  .000000000E+00  .000000000E+00  .000000000E+00  .000000000E+00  .000000000E+00
  .000000000E+00  .000000000E+00  .000000000E+00  .000000000E+00  .000000000E+00
  .000000000E+00  .000000000E+00  .000000000E+00  .000000000E+00  .000000000E+00
  .000000000E+00  .000000000E+00  .000000000E+00  .000000000E+00  .000000000E+00
  .000000000E+00  .000000000E+00  .000000000E+00  .000000000E+00  .000000000E+00
  .000000000E+00  .000000000E+00  .000000000E+00  .000000000E+00  .000000000E+00
  .000000000E+00  .000000000E+00  .000000000E+00  .000000000E+00  .000000000E+00
  .000000000E+00  .000000000E+00  .000000000E+00  .000000000E+00  .000000000E+00
  .000000000E+00  .000000000E+00  .000000000E+00  .000000000E+00  .000000000E+00
  .000000000E+00  .000000000E+00  .000000000E+00  .000000000E+00  .000000000E+00
  .000000000E+00  .000000000E+00  .000000000E+00  .000000000E+00  .000000000E+00
  .000000000E+00  .000000000E+00  .000000000E+00  .000000000E+00  .000000000E+00
  .000000000E+00  .000000000E+00  .000000000E+00  .000000000E+00  .000000000E+00
  .000000000E+00  .000000000E+00  .000000000E+00  .000000000E+00  .000000000E+00
  .000000000E+00  .000000000E+00  .000000000E+00  .000000000E+00  .000000000E+00
  .000000000E+00  .000000000E+00  .000000000E+00  .000000000E+00  .000000000E+00
  .000000000E+00  .000000000E+00  .000000000E+00  .000000000E+00  .000000000E+00
  .000000000E+00  .000000000E+00  .000000000E+00  .000000000E+00  .000000000E+00
  .000000000E+00  .000000000E+00  .000000000E+00  .000000000E+00  .000000000E+00
  .000000000E+00  .000000000E+00  .000000000E+00  .000000000E+00  .000000000E+00
  .000000000E+00  .000000000E+00  .000000000E+00  .000000000E+00  .000000000E+00
  .000000000E+00  .000000000E+00  .000000000E+00  .000000000E+00  .000000000E+00
