La : 4p5s26d1                           
   1457.00   .002000 138.90000 125.   .10E-05 .100  400FPE 48.00000
   .7  1.0   0
  1.0   .0   .5-2833.0426 2.0000
  2.0   .0   .5 -451.5066 2.0000
  2.0  1.0  1.5 -405.0731 6.0000
  3.0   .0   .5  -96.6364 2.0000
  3.0  1.0  1.5  -81.7585 6.0000
  3.0  2.0  2.5  -60.318010.0000
  4.0   .0   .5  -19.5213 2.0000
  4.0  1.0  1.5  -14.6723 6.0000
  4.0  2.0  2.5   -7.635910.0000
  5.0   .0   .5   -2.8524 2.0000
  5.0  1.0  1.5   -1.6448 6.0000
  5.0  2.0  2.5    -.2289 1.0000
  6.0   .0   .5    -.2702 2.0000
  4.0  3.0  2.5    -.3568  .0000
