  PAW_GGA Pm 03Jan2002                   
 100
Core Pot   L  =         .00000  -3.32220
  -.30000000E+01  .28108472E+01
  -.29500000E+01  .25529131E+01
  -.29000000E+01  .23691467E+01
  -.28500000E+01  .22299072E+01
  -.28000000E+01  .21194677E+01
  -.27500000E+01  .20287073E+01
  -.27000000E+01  .19519720E+01
  -.26500000E+01  .18855697E+01
  -.26000000E+01  .18269865E+01
  -.25500000E+01  .17744516E+01
  -.25000000E+01  .17266806E+01
  -.24500000E+01  .16827193E+01
  -.24000000E+01  .16418435E+01
  -.23500000E+01  .16034935E+01
  -.23000000E+01  .15672294E+01
  -.22500000E+01  .15327005E+01
  -.22000000E+01  .14996236E+01
  -.21500000E+01  .14677671E+01
  -.21000000E+01  .14369398E+01
  -.20500000E+01  .14069819E+01
  -.20000000E+01  .13777589E+01
  -.19500000E+01  .13491562E+01
  -.19000000E+01  .13210757E+01
  -.18500000E+01  .12934327E+01
  -.18000000E+01  .12661532E+01
  -.17500000E+01  .12391724E+01
  -.17000000E+01  .12124330E+01
  -.16500000E+01  .11858838E+01
  -.16000000E+01  .11594790E+01
  -.15500000E+01  .11331773E+01
  -.15000000E+01  .11069409E+01
  -.14500000E+01  .10807353E+01
  -.14000000E+01  .10545287E+01
  -.13500000E+01  .10282914E+01
  -.13000000E+01  .10019957E+01
  -.12500000E+01  .97561544E+00
  -.12000000E+01  .94912591E+00
  -.11500000E+01  .92250336E+00
  -.11000000E+01  .89572501E+00
  -.10500000E+01  .86876879E+00
  -.10000000E+01  .84161319E+00
  -.95000000E+00  .81423714E+00
  -.90000000E+00  .78661984E+00
  -.85000000E+00  .75874068E+00
  -.80000000E+00  .73057910E+00
  -.75000000E+00  .70211449E+00
  -.70000000E+00  .67332609E+00
  -.65000000E+00  .64419290E+00
  -.60000000E+00  .61469360E+00
  -.55000000E+00  .58480640E+00
  -.50000000E+00  .55450902E+00
  -.45000000E+00  .52377855E+00
  -.40000000E+00  .49259138E+00
  -.35000000E+00  .46092308E+00
  -.30000000E+00  .42874833E+00
  -.25000000E+00  .39604079E+00
  -.20000000E+00  .36277301E+00
  -.15000000E+00  .32891628E+00
  -.10000000E+00  .29444056E+00
  -.50000000E-01  .25931431E+00
  -.22898350E-14  .22350437E+00
   .50000000E-01  .18697579E+00
   .10000000E+00  .14969169E+00
   .15000000E+00  .11161305E+00
   .20000000E+00  .72698545E-01
   .25000000E+00  .32904335E-01
   .30000000E+00 -.78161873E-02
   .35000000E+00 -.49512636E-01
   .40000000E+00 -.92237915E-01
   .45000000E+00 -.13604853E+00
   .50000000E+00 -.18100491E+00
   .55000000E+00 -.22717183E+00
   .60000000E+00 -.27461878E+00
   .65000000E+00 -.32342046E+00
   .70000000E+00 -.37365732E+00
   .75000000E+00 -.42541610E+00
   .80000000E+00 -.47879053E+00
   .85000000E+00 -.53388207E+00
   .90000000E+00 -.59080070E+00
   .95000000E+00 -.64966590E+00
   .10000000E+01 -.71060774E+00
   .10500000E+01 -.77376806E+00
   .11000000E+01 -.83930185E+00
   .11500000E+01 -.90737889E+00
   .12000000E+01 -.97818551E+00
   .12500000E+01 -.10519268E+01
   .13000000E+01 -.11288288E+01
   .13500000E+01 -.12091416E+01
   .14000000E+01 -.12931425E+01
   .14500000E+01 -.13811396E+01
   .15000000E+01 -.14734768E+01
   .15500000E+01 -.15705386E+01
   .16000000E+01 -.16727565E+01
   .16500000E+01 -.17806167E+01
   .17000000E+01 -.18946685E+01
   .17500000E+01 -.20155355E+01
   .18000000E+01 -.21439284E+01
   .18500000E+01 -.22806608E+01
   .19000000E+01 -.24266682E+01
   .19500000E+01 -.25830325E+01
   .20000000E+01 -.27510113E+01
Potential  L  =         .00000  -3.32220
  -.30000000E+01  .21533117E+01
  -.29500000E+01  .20109500E+01
  -.29000000E+01  .19031959E+01
  -.28500000E+01  .18172373E+01
  -.28000000E+01  .17458561E+01
  -.27500000E+01  .16846739E+01
  -.27000000E+01  .16308795E+01
  -.26500000E+01  .15825837E+01
  -.26000000E+01  .15384689E+01
  -.25500000E+01  .14975873E+01
  -.25000000E+01  .14592381E+01
  -.24500000E+01  .14228917E+01
  -.24000000E+01  .13881388E+01
  -.23500000E+01  .13546579E+01
  -.23000000E+01  .13221914E+01
  -.22500000E+01  .12905302E+01
  -.22000000E+01  .12595019E+01
  -.21500000E+01  .12289619E+01
  -.21000000E+01  .11987877E+01
  -.20500000E+01  .11688738E+01
  -.20000000E+01  .11391283E+01
  -.19500000E+01  .11094698E+01
  -.19000000E+01  .10798255E+01
  -.18500000E+01  .10501290E+01
  -.18000000E+01  .10203193E+01
  -.17500000E+01  .99033934E+00
  -.17000000E+01  .96013519E+00
  -.16500000E+01  .92965507E+00
  -.16000000E+01  .89884869E+00
  -.15500000E+01  .86766662E+00
  -.15000000E+01  .83605970E+00
  -.14500000E+01  .80397851E+00
  -.14000000E+01  .77137323E+00
  -.13500000E+01  .73819136E+00
  -.13000000E+01  .70438046E+00
  -.12500000E+01  .66988587E+00
  -.12000000E+01  .63464874E+00
  -.11500000E+01  .59860773E+00
  -.11000000E+01  .56169786E+00
  -.10500000E+01  .52384961E+00
  -.10000000E+01  .48498832E+00
  -.95000000E+00  .44503351E+00
  -.90000000E+00  .40389800E+00
  -.85000000E+00  .36148695E+00
  -.80000000E+00  .31769680E+00
  -.75000000E+00  .27241401E+00
  -.70000000E+00  .22551362E+00
  -.65000000E+00  .17685760E+00
  -.60000000E+00  .12629291E+00
  -.55000000E+00  .73649208E-01
  -.50000000E+00  .18736141E-01
  -.45000000E+00 -.38659775E-01
  -.40000000E+00 -.98779032E-01
  -.35000000E+00 -.16189361E+00
  -.30000000E+00 -.22831254E+00
  -.25000000E+00 -.29838855E+00
  -.20000000E+00 -.37252622E+00
  -.15000000E+00 -.45119205E+00
  -.10000000E+00 -.53492695E+00
  -.50000000E-01 -.62436182E+00
  -.22898350E-14 -.72023721E+00
   .50000000E-01 -.82342847E+00
   .10000000E+00 -.93497805E+00
   .15000000E+00 -.10561376E+01
   .20000000E+00 -.11884232E+01
   .25000000E+00 -.13336897E+01
   .30000000E+00 -.14942308E+01
   .35000000E+00 -.16729174E+01
   .40000000E+00 -.18733918E+01
   .45000000E+00 -.21003455E+01
   .50000000E+00 -.23599270E+01
   .55000000E+00 -.26603553E+01
   .60000000E+00 -.30128717E+01
   .65000000E+00 -.34332715E+01
   .70000000E+00 -.39444703E+01
   .75000000E+00 -.45810234E+01
   .80000000E+00 -.53976003E+01
   .85000000E+00 -.64861067E+01
   .90000000E+00 -.80138985E+01
   .95000000E+00 -.10321213E+02
   .10000000E+01 -.14222127E+02
   .10500000E+01 -.22270047E+02
   .11000000E+01 -.48729372E+02
   .11500000E+01  .33838774E+03
   .12000000E+01  .39006510E+02
   .12500000E+01  .20998402E+02
   .13000000E+01  .14491995E+02
   .13500000E+01  .11128076E+02
   .14000000E+01  .90680566E+01
   .14500000E+01  .76734962E+01
   .15000000E+01  .66642290E+01
   .15500000E+01  .58979658E+01
   .16000000E+01  .52947688E+01
   .16500000E+01  .48062706E+01
   .17000000E+01  .44014864E+01
   .17500000E+01  .40596504E+01
   .18000000E+01  .37663204E+01
   .18500000E+01  .35111424E+01
   .19000000E+01  .32864985E+01
   .19500000E+01  .30866576E+01
   .20000000E+01  .29072263E+01
Core Pot   L  =        1.00000  -1.86219
  -.30000000E+01  .12188609E+01
  -.29500000E+01  .11886998E+01
  -.29000000E+01  .11571767E+01
  -.28500000E+01  .11241358E+01
  -.28000000E+01  .10893951E+01
  -.27500000E+01  .10527408E+01
  -.27000000E+01  .10139202E+01
  -.26500000E+01  .97263182E+00
  -.26000000E+01  .92851367E+00
  -.25500000E+01  .88112665E+00
  -.25000000E+01  .82993302E+00
  -.24500000E+01  .77426691E+00
  -.24000000E+01  .71329365E+00
  -.23500000E+01  .64595247E+00
  -.23000000E+01  .57087430E+00
  -.22500000E+01  .48626072E+00
  -.22000000E+01  .38970113E+00
  -.21500000E+01  .27788777E+00
  -.21000000E+01  .14615509E+00
  -.20500000E+01 -.12297042E-01
  -.20000000E+01 -.20778247E+00
  -.19500000E+01 -.45673571E+00
  -.19000000E+01 -.78704459E+00
  -.18500000E+01 -.12501345E+01
  -.18000000E+01 -.19524454E+01
  -.17500000E+01 -.31558638E+01
  -.17000000E+01 -.57246989E+01
  -.16500000E+01 -.15202311E+02
  -.16000000E+01  .47782368E+02
  -.15500000E+01  .10853876E+02
  -.15000000E+01  .65740293E+01
  -.14500000E+01  .49083023E+01
  -.14000000E+01  .40161419E+01
  -.13500000E+01  .34563526E+01
  -.13000000E+01  .30696002E+01
  -.12500000E+01  .27843220E+01
  -.12000000E+01  .25636038E+01
  -.11500000E+01  .23864735E+01
  -.11000000E+01  .22401326E+01
  -.10500000E+01  .21163271E+01
  -.10000000E+01  .20094944E+01
  -.95000000E+00  .19157481E+01
  -.90000000E+00  .18322906E+01
  -.85000000E+00  .17570561E+01
  -.80000000E+00  .16884858E+01
  -.75000000E+00  .16253807E+01
  -.70000000E+00  .15668030E+01
  -.65000000E+00  .15120085E+01
  -.60000000E+00  .14603987E+01
  -.55000000E+00  .14114863E+01
  -.50000000E+00  .13648702E+01
  -.45000000E+00  .13202173E+01
  -.40000000E+00  .12772477E+01
  -.35000000E+00  .12357248E+01
  -.30000000E+00  .11954468E+01
  -.25000000E+00  .11562398E+01
  -.20000000E+00  .11179535E+01
  -.15000000E+00  .10804567E+01
  -.10000000E+00  .10436340E+01
  -.50000000E-01  .10073836E+01
  -.22898350E-14  .97161464E+00
   .50000000E-01  .93624580E+00
   .10000000E+00  .90120376E+00
   .15000000E+00  .86642192E+00
   .20000000E+00  .83183946E+00
   .25000000E+00  .79740043E+00
   .30000000E+00  .76305306E+00
   .35000000E+00  .72874910E+00
   .40000000E+00  .69444330E+00
   .45000000E+00  .66009296E+00
   .50000000E+00  .62565748E+00
   .55000000E+00  .59109805E+00
   .60000000E+00  .55637727E+00
   .65000000E+00  .52145895E+00
   .70000000E+00  .48630776E+00
   .75000000E+00  .45088907E+00
   .80000000E+00  .41516868E+00
   .85000000E+00  .37911265E+00
   .90000000E+00  .34268712E+00
   .95000000E+00  .30585810E+00
   .10000000E+01  .26859128E+00
   .10500000E+01  .23085195E+00
   .11000000E+01  .19260471E+00
   .11500000E+01  .15381340E+00
   .12000000E+01  .11444089E+00
   .12500000E+01  .74448920E-01
   .13000000E+01  .33797909E-01
   .13500000E+01 -.75532108E-02
   .14000000E+01 -.49647194E-01
   .14500000E+01 -.92528681E-01
   .15000000E+01 -.13624442E+00
   .15500000E+01 -.18084348E+00
   .16000000E+01 -.22637751E+00
   .16500000E+01 -.27290103E+00
   .17000000E+01 -.32047165E+00
   .17500000E+01 -.36915046E+00
   .18000000E+01 -.41900233E+00
   .18500000E+01 -.47009632E+00
   .19000000E+01 -.52250606E+00
   .19500000E+01 -.57631023E+00
   .20000000E+01 -.63159309E+00
Potential  L  =        1.00000  -1.86219
  -.30000000E+01  .12279455E+01
  -.29500000E+01  .11983981E+01
  -.29000000E+01  .11675407E+01
  -.28500000E+01  .11352223E+01
  -.28000000E+01  .11012666E+01
  -.27500000E+01  .10654659E+01
  -.27000000E+01  .10275740E+01
  -.26500000E+01  .98729681E+00
  -.26000000E+01  .94427958E+00
  -.25500000E+01  .89809091E+00
  -.25000000E+01  .84820045E+00
  -.24500000E+01  .79394871E+00
  -.24000000E+01  .73450510E+00
  -.23500000E+01  .66880836E+00
  -.23000000E+01  .59548005E+00
  -.22500000E+01  .51269744E+00
  -.22000000E+01  .41799633E+00
  -.21500000E+01  .30796298E+00
  -.21000000E+01  .17772687E+00
  -.20500000E+01  .20090449E-01
  -.20000000E+01 -.17605159E+00
  -.19500000E+01 -.42877916E+00
  -.19000000E+01 -.76964719E+00
  -.18500000E+01 -.12591157E+01
  -.18000000E+01 -.20294836E+01
  -.17500000E+01 -.34366886E+01
  -.17000000E+01 -.68787567E+01
  -.16500000E+01 -.29022924E+02
  -.16000000E+01  .18658271E+02
  -.15500000E+01  .79478815E+01
  -.15000000E+01  .53568040E+01
  -.14500000E+01  .41816633E+01
  -.14000000E+01  .35056251E+01
  -.13500000E+01  .30628077E+01
  -.13000000E+01  .27476465E+01
  -.12500000E+01  .25098871E+01
  -.12000000E+01  .23225597E+01
  -.11500000E+01  .21698839E+01
  -.11000000E+01  .20420162E+01
  -.10500000E+01  .19324947E+01
  -.10000000E+01  .18369008E+01
  -.95000000E+00  .17521102E+01
  -.90000000E+00  .16758505E+01
  -.85000000E+00  .16064282E+01
  -.80000000E+00  .15425553E+01
  -.75000000E+00  .14832334E+01
  -.70000000E+00  .14276766E+01
  -.65000000E+00  .13752568E+01
  -.60000000E+00  .13254656E+01
  -.55000000E+00  .12778863E+01
  -.50000000E+00  .12321737E+01
  -.45000000E+00  .11880387E+01
  -.40000000E+00  .11452369E+01
  -.35000000E+00  .11035597E+01
  -.30000000E+00  .10628275E+01
  -.25000000E+00  .10228840E+01
  -.20000000E+00  .98359249E+00
  -.15000000E+00  .94483200E+00
  -.10000000E+00  .90649465E+00
  -.50000000E-01  .86848347E+00
  -.22898350E-14  .83071048E+00
   .50000000E-01  .79309521E+00
   .10000000E+00  .75556337E+00
   .15000000E+00  .71804577E+00
   .20000000E+00  .68047743E+00
   .25000000E+00  .64279675E+00
   .30000000E+00  .60494480E+00
   .35000000E+00  .56686475E+00
   .40000000E+00  .52850128E+00
   .45000000E+00  .48980022E+00
   .50000000E+00  .45070763E+00
   .55000000E+00  .41117008E+00
   .60000000E+00  .37113369E+00
   .65000000E+00  .33054403E+00
   .70000000E+00  .28934557E+00
   .75000000E+00  .24748136E+00
   .80000000E+00  .20489269E+00
   .85000000E+00  .16151865E+00
   .90000000E+00  .11729566E+00
   .95000000E+00  .72156901E-01
   .10000000E+01  .26032705E-01
   .10500000E+01 -.21151262E-01
   .11000000E+01 -.69473687E-01
   .11500000E+01 -.11901847E+00
   .12000000E+01 -.16987525E+00
   .12500000E+01 -.22214026E+00
   .13000000E+01 -.27591714E+00
   .13500000E+01 -.33131768E+00
   .14000000E+01 -.38846318E+00
   .14500000E+01 -.44748534E+00
   .15000000E+01 -.50852767E+00
   .15500000E+01 -.57174712E+00
   .16000000E+01 -.63731572E+00
   .16500000E+01 -.70542264E+00
   .17000000E+01 -.77627657E+00
   .17500000E+01 -.85010839E+00
   .18000000E+01 -.92717437E+00
   .18500000E+01 -.10077599E+01
   .19000000E+01 -.10921841E+01
   .19500000E+01 -.11808044E+01
   .20000000E+01 -.12740235E+01
Core Pot   L  =        2.00000   -.20855
  -.30000000E+01  .15855900E+01
  -.29500000E+01  .15690101E+01
  -.29000000E+01  .15522384E+01
  -.28500000E+01  .15352686E+01
  -.28000000E+01  .15180939E+01
  -.27500000E+01  .15007070E+01
  -.27000000E+01  .14831005E+01
  -.26500000E+01  .14652662E+01
  -.26000000E+01  .14471959E+01
  -.25500000E+01  .14288805E+01
  -.25000000E+01  .14103108E+01
  -.24500000E+01  .13914765E+01
  -.24000000E+01  .13723672E+01
  -.23500000E+01  .13529716E+01
  -.23000000E+01  .13332778E+01
  -.22500000E+01  .13132729E+01
  -.22000000E+01  .12929436E+01
  -.21500000E+01  .12722752E+01
  -.21000000E+01  .12512523E+01
  -.20500000E+01  .12298586E+01
  -.20000000E+01  .12080762E+01
  -.19500000E+01  .11858863E+01
  -.19000000E+01  .11632686E+01
  -.18500000E+01  .11402012E+01
  -.18000000E+01  .11166606E+01
  -.17500000E+01  .10926215E+01
  -.17000000E+01  .10680565E+01
  -.16500000E+01  .10429361E+01
  -.16000000E+01  .10172281E+01
  -.15500000E+01  .99089775E+00
  -.15000000E+01  .96390723E+00
  -.14500000E+01  .93621529E+00
  -.14000000E+01  .90777692E+00
  -.13500000E+01  .87854285E+00
  -.13000000E+01  .84845908E+00
  -.12500000E+01  .81746627E+00
  -.12000000E+01  .78549900E+00
  -.11500000E+01  .75248505E+00
  -.11000000E+01  .71834443E+00
  -.10500000E+01  .68298830E+00
  -.10000000E+01  .64631768E+00
  -.95000000E+00  .60822201E+00
  -.90000000E+00  .56857729E+00
  -.85000000E+00  .52724407E+00
  -.80000000E+00  .48406484E+00
  -.75000000E+00  .43886106E+00
  -.70000000E+00  .39142949E+00
  -.65000000E+00  .34153768E+00
  -.60000000E+00  .28891861E+00
  -.55000000E+00  .23326387E+00
  -.50000000E+00  .17421534E+00
  -.45000000E+00  .11135469E+00
  -.40000000E+00  .44190135E-01
  -.35000000E+00 -.27860475E-01
  -.30000000E+00 -.10549151E+00
  -.25000000E+00 -.18953800E+00
  -.20000000E+00 -.28101328E+00
  -.15000000E+00 -.38115931E+00
  -.10000000E+00 -.49151515E+00
  -.50000000E-01 -.61401157E+00
  -.22898350E-14 -.75110435E+00
   .50000000E-01 -.90596584E+00
   .10000000E+00 -.10827672E+01
   .15000000E+00 -.12871051E+01
   .20000000E+00 -.15266687E+01
   .25000000E+00 -.18123177E+01
   .30000000E+00 -.21599058E+01
   .35000000E+00 -.25935246E+01
   .40000000E+00 -.31516547E+01
   .45000000E+00 -.38997950E+01
   .50000000E+00 -.49592262E+01
   .55000000E+00 -.65824611E+01
   .60000000E+00 -.93965752E+01
   .65000000E+00 -.15507079E+02
   .70000000E+00 -.39109931E+02
   .75000000E+00  .92747984E+02
   .80000000E+00  .22250603E+02
   .85000000E+00  .12948084E+02
   .90000000E+00  .92660839E+01
   .95000000E+00  .72862952E+01
   .10000000E+01  .60457164E+01
   .10500000E+01  .51924416E+01
   .11000000E+01  .45672976E+01
   .11500000E+01  .40877874E+01
   .12000000E+01  .37068814E+01
   .12500000E+01  .33958061E+01
   .13000000E+01  .31359684E+01
   .13500000E+01  .29148182E+01
   .14000000E+01  .27235772E+01
   .14500000E+01  .25559206E+01
   .15000000E+01  .24071750E+01
   .15500000E+01  .22738119E+01
   .16000000E+01  .21531172E+01
   .16500000E+01  .20429682E+01
   .17000000E+01  .19416808E+01
   .17500000E+01  .18479010E+01
   .18000000E+01  .17605274E+01
   .18500000E+01  .16786551E+01
   .19000000E+01  .16015325E+01
   .19500000E+01  .15285305E+01
   .20000000E+01  .14591178E+01
Potential  L  =        2.00000   -.20855
  -.30000000E+01  .15884415E+01
  -.29500000E+01  .15718765E+01
  -.29000000E+01  .15551196E+01
  -.28500000E+01  .15381645E+01
  -.28000000E+01  .15210042E+01
  -.27500000E+01  .15036316E+01
  -.27000000E+01  .14860391E+01
  -.26500000E+01  .14682187E+01
  -.26000000E+01  .14501619E+01
  -.25500000E+01  .14318599E+01
  -.25000000E+01  .14133030E+01
  -.24500000E+01  .13944814E+01
  -.24000000E+01  .13753844E+01
  -.23500000E+01  .13560007E+01
  -.23000000E+01  .13363182E+01
  -.22500000E+01  .13163243E+01
  -.22000000E+01  .12960053E+01
  -.21500000E+01  .12753467E+01
  -.21000000E+01  .12543331E+01
  -.20500000E+01  .12329478E+01
  -.20000000E+01  .12111732E+01
  -.19500000E+01  .11889903E+01
  -.19000000E+01  .11663786E+01
  -.18500000E+01  .11433163E+01
  -.18000000E+01  .11197797E+01
  -.17500000E+01  .10957434E+01
  -.17000000E+01  .10711799E+01
  -.16500000E+01  .10460596E+01
  -.16000000E+01  .10203501E+01
  -.15500000E+01  .99401660E+00
  -.15000000E+01  .96702095E+00
  -.14500000E+01  .93932177E+00
  -.14000000E+01  .91087381E+00
  -.13500000E+01  .88162755E+00
  -.13000000E+01  .85152868E+00
  -.12500000E+01  .82051752E+00
  -.12000000E+01  .78852829E+00
  -.11500000E+01  .75548832E+00
  -.11000000E+01  .72131710E+00
  -.10500000E+01  .68592521E+00
  -.10000000E+01  .64921301E+00
  -.95000000E+00  .61106913E+00
  -.90000000E+00  .57136866E+00
  -.85000000E+00  .52997106E+00
  -.80000000E+00  .48671756E+00
  -.75000000E+00  .44142810E+00
  -.70000000E+00  .39389763E+00
  -.65000000E+00  .34389164E+00
  -.60000000E+00  .29114026E+00
  -.55000000E+00  .23533217E+00
  -.50000000E+00  .17610527E+00
  -.45000000E+00  .11303650E+00
  -.40000000E+00  .45628176E-01
  -.35000000E+00 -.26709263E-01
  -.30000000E+00 -.10467953E+00
  -.25000000E+00 -.18912959E+00
  -.20000000E+00 -.28108821E+00
  -.15000000E+00 -.38181752E+00
  -.10000000E+00 -.49288335E+00
  -.50000000E-01 -.61625253E+00
  -.22898350E-14 -.75443021E+00
   .50000000E-01 -.91065777E+00
   .10000000E+00 -.10892050E+01
   .15000000E+00 -.12958131E+01
   .20000000E+00 -.15383895E+01
   .25000000E+00 -.18281352E+01
   .30000000E+00 -.21814603E+01
   .35000000E+00 -.26234113E+01
   .40000000E+00 -.31942143E+01
   .45000000E+00 -.39628299E+01
   .50000000E+00 -.50581911E+01
   .55000000E+00 -.67525143E+01
   .60000000E+00 -.97369187E+01
   .65000000E+00 -.16431072E+02
   .70000000E+00 -.45404622E+02
   .75000000E+00  .70143980E+02
   .80000000E+00  .20679216E+02
   .85000000E+00  .12407269E+02
   .90000000E+00  .89888760E+01
   .95000000E+00  .71151946E+01
   .10000000E+01  .59280555E+01
   .10500000E+01  .51055834E+01
   .11000000E+01  .44998706E+01
   .11500000E+01  .40334335E+01
   .12000000E+01  .36617553E+01
   .12500000E+01  .33574383E+01
   .13000000E+01  .31026939E+01
   .13500000E+01  .28854740E+01
   .14000000E+01  .26973190E+01
   .14500000E+01  .25321209E+01
   .15000000E+01  .23853556E+01
   .15500000E+01  .22536006E+01
   .16000000E+01  .21342186E+01
   .16500000E+01  .20251438E+01
   .17000000E+01  .19247346E+01
   .17500000E+01  .18316699E+01
   .18000000E+01  .17448735E+01
   .18500000E+01  .16634600E+01
   .19000000E+01  .15866936E+01
   .19500000E+01  .15139573E+01
   .20000000E+01  .14447297E+01
Core Pot   L  =        3.00000   -.55088
  -.30000000E+01  .18700161E+01
  -.29500000E+01  .18564693E+01
  -.29000000E+01  .18428125E+01
  -.28500000E+01  .18290424E+01
  -.28000000E+01  .18151553E+01
  -.27500000E+01  .18011476E+01
  -.27000000E+01  .17870152E+01
  -.26500000E+01  .17727539E+01
  -.26000000E+01  .17583590E+01
  -.25500000E+01  .17438255E+01
  -.25000000E+01  .17291483E+01
  -.24500000E+01  .17143215E+01
  -.24000000E+01  .16993389E+01
  -.23500000E+01  .16841938E+01
  -.23000000E+01  .16688789E+01
  -.22500000E+01  .16533861E+01
  -.22000000E+01  .16377066E+01
  -.21500000E+01  .16218307E+01
  -.21000000E+01  .16057477E+01
  -.20500000E+01  .15894457E+01
  -.20000000E+01  .15729115E+01
  -.19500000E+01  .15561302E+01
  -.19000000E+01  .15390851E+01
  -.18500000E+01  .15217572E+01
  -.18000000E+01  .15041250E+01
  -.17500000E+01  .14861638E+01
  -.17000000E+01  .14678451E+01
  -.16500000E+01  .14491359E+01
  -.16000000E+01  .14299974E+01
  -.15500000E+01  .14103839E+01
  -.15000000E+01  .13902411E+01
  -.14500000E+01  .13695035E+01
  -.14000000E+01  .13480919E+01
  -.13500000E+01  .13259086E+01
  -.13000000E+01  .13028320E+01
  -.12500000E+01  .12787088E+01
  -.12000000E+01  .12533419E+01
  -.11500000E+01  .12264742E+01
  -.11000000E+01  .11977625E+01
  -.10500000E+01  .11667382E+01
  -.10000000E+01  .11327433E+01
  -.95000000E+00  .10948235E+01
  -.90000000E+00  .10515377E+01
  -.85000000E+00  .10006021E+01
  -.80000000E+00  .93816505E+00
  -.75000000E+00  .85717890E+00
  -.70000000E+00  .74321073E+00
  -.65000000E+00  .56132080E+00
  -.60000000E+00  .19954277E+00
  -.55000000E+00 -.10041920E+01
  -.50000000E+00  .10533722E+02
  -.45000000E+00  .25797653E+01
  -.40000000E+00  .18848853E+01
  -.35000000E+00  .16133259E+01
  -.30000000E+00  .14614985E+01
  -.25000000E+00  .13599721E+01
  -.20000000E+00  .12842057E+01
  -.15000000E+00  .12233131E+01
  -.10000000E+00  .11717222E+01
  -.50000000E-01  .11262820E+01
  -.22898350E-14  .10850740E+01
   .50000000E-01  .10468610E+01
   .10000000E+00  .10108070E+01
   .15000000E+00  .97632506E+00
   .20000000E+00  .94298907E+00
   .25000000E+00  .91048049E+00
   .30000000E+00  .87855481E+00
   .35000000E+00  .84701970E+00
   .40000000E+00  .81572031E+00
   .45000000E+00  .78452918E+00
   .50000000E+00  .75333905E+00
   .55000000E+00  .72205776E+00
   .60000000E+00  .69060442E+00
   .65000000E+00  .65890656E+00
   .70000000E+00  .62689796E+00
   .75000000E+00  .59451696E+00
   .80000000E+00  .56170503E+00
   .85000000E+00  .52840572E+00
   .90000000E+00  .49456372E+00
   .95000000E+00  .46012403E+00
   .10000000E+01  .42503125E+00
   .10500000E+01  .38922898E+00
   .11000000E+01  .35265915E+00
   .11500000E+01  .31526149E+00
   .12000000E+01  .27697292E+00
   .12500000E+01  .23772693E+00
   .13000000E+01  .19745304E+00
   .13500000E+01  .15607605E+00
   .14000000E+01  .11351540E+00
   .14500000E+01  .69684348E-01
   .15000000E+01  .24489138E-01
   .15500000E+01 -.22171985E-01
   .16000000E+01 -.70409856E-01
   .16500000E+01 -.12034562E+00
   .17000000E+01 -.17211217E+00
   .17500000E+01 -.22585572E+00
   .18000000E+01 -.28173778E+00
   .18500000E+01 -.33993723E+00
   .19000000E+01 -.40065299E+00
   .19500000E+01 -.46410696E+00
   .20000000E+01 -.53054759E+00
Potential  L  =        3.00000   -.55088
  -.30000000E+01  .15641117E+01
  -.29500000E+01  .15441658E+01
  -.29000000E+01  .15238792E+01
  -.28500000E+01  .15032367E+01
  -.28000000E+01  .14822222E+01
  -.27500000E+01  .14608185E+01
  -.27000000E+01  .14390071E+01
  -.26500000E+01  .14167683E+01
  -.26000000E+01  .13940810E+01
  -.25500000E+01  .13709226E+01
  -.25000000E+01  .13472688E+01
  -.24500000E+01  .13230935E+01
  -.24000000E+01  .12983685E+01
  -.23500000E+01  .12730637E+01
  -.23000000E+01  .12471462E+01
  -.22500000E+01  .12205807E+01
  -.22000000E+01  .11933289E+01
  -.21500000E+01  .11653491E+01
  -.21000000E+01  .11365961E+01
  -.20500000E+01  .11070207E+01
  -.20000000E+01  .10765692E+01
  -.19500000E+01  .10451827E+01
  -.19000000E+01  .10127968E+01
  -.18500000E+01  .97934088E+00
  -.18000000E+01  .94473702E+00
  -.17500000E+01  .90889929E+00
  -.17000000E+01  .87173266E+00
  -.16500000E+01  .83313166E+00
  -.16000000E+01  .79297900E+00
  -.15500000E+01  .75114377E+00
  -.15000000E+01  .70747947E+00
  -.14500000E+01  .66182154E+00
  -.14000000E+01  .61398454E+00
  -.13500000E+01  .56375864E+00
  -.13000000E+01  .51090555E+00
  -.12500000E+01  .45515342E+00
  -.12000000E+01  .39619078E+00
  -.11500000E+01  .33365894E+00
  -.11000000E+01  .26714275E+00
  -.10500000E+01  .19615898E+00
  -.10000000E+01  .12014170E+00
  -.95000000E+00  .38423830E-01
  -.90000000E+00 -.49786588E-01
  -.85000000E+00 -.14543709E+00
  -.80000000E+00 -.24967099E+00
  -.75000000E+00 -.36388078E+00
  -.70000000E+00 -.48977998E+00
  -.65000000E+00 -.62950135E+00
  -.60000000E+00 -.78573362E+00
  -.55000000E+00 -.96191530E+00
  -.50000000E+00 -.11625158E+01
  -.45000000E+00 -.13934532E+01
  -.40000000E+00 -.16627331E+01
  -.35000000E+00 -.19814583E+01
  -.30000000E+00 -.23654877E+01
  -.25000000E+00 -.28382877E+01
  -.20000000E+00 -.34361171E+01
  -.15000000E+00 -.42181200E+01
  -.10000000E+00 -.52877642E+01
  -.50000000E-01 -.68439382E+01
  -.22898350E-14 -.93239121E+01
   .50000000E-01 -.13913293E+02
   .10000000E+00 -.25344002E+02
   .15000000E+00 -.10446628E+03
   .20000000E+00  .55146249E+02
   .25000000E+00  .22750307E+02
   .30000000E+00  .14675598E+02
   .35000000E+00  .11001387E+02
   .40000000E+00  .88963094E+01
   .45000000E+00  .75290047E+01
   .50000000E+00  .65672221E+01
   .55000000E+00  .58521474E+01
   .60000000E+00  .52982975E+01
   .65000000E+00  .48555750E+01
   .70000000E+00  .44926751E+01
   .75000000E+00  .41890289E+01
   .80000000E+00  .39305637E+01
   .85000000E+00  .37073265E+01
   .90000000E+00  .35120783E+01
   .95000000E+00  .33394283E+01
   .10000000E+01  .31852788E+01
   .10500000E+01  .30464594E+01
   .11000000E+01  .29204787E+01
   .11500000E+01  .28053512E+01
   .12000000E+01  .26994750E+01
   .12500000E+01  .26015434E+01
   .13000000E+01  .25104797E+01
   .13500000E+01  .24253883E+01
   .14000000E+01  .23455184E+01
   .14500000E+01  .22702353E+01
   .15000000E+01  .21989989E+01
   .15500000E+01  .21313467E+01
   .16000000E+01  .20668797E+01
   .16500000E+01  .20052523E+01
   .17000000E+01  .19461631E+01
   .17500000E+01  .18893480E+01
   .18000000E+01  .18345748E+01
   .18500000E+01  .17816379E+01
   .19000000E+01  .17303547E+01
   .19500000E+01  .16805625E+01
   .20000000E+01  .16321153E+01
Core Pot   L  =        4.00000    .00000
  -.30000000E+01  .21758844E+01
  -.29500000E+01  .21646969E+01
  -.29000000E+01  .21534563E+01
  -.28500000E+01  .21421621E+01
  -.28000000E+01  .21308134E+01
  -.27500000E+01  .21194096E+01
  -.27000000E+01  .21079499E+01
  -.26500000E+01  .20964334E+01
  -.26000000E+01  .20848595E+01
  -.25500000E+01  .20732273E+01
  -.25000000E+01  .20615359E+01
  -.24500000E+01  .20497845E+01
  -.24000000E+01  .20379724E+01
  -.23500000E+01  .20260985E+01
  -.23000000E+01  .20141619E+01
  -.22500000E+01  .20021618E+01
  -.22000000E+01  .19900972E+01
  -.21500000E+01  .19779672E+01
  -.21000000E+01  .19657706E+01
  -.20500000E+01  .19535066E+01
  -.20000000E+01  .19411741E+01
  -.19500000E+01  .19287719E+01
  -.19000000E+01  .19162991E+01
  -.18500000E+01  .19037545E+01
  -.18000000E+01  .18911369E+01
  -.17500000E+01  .18784452E+01
  -.17000000E+01  .18656781E+01
  -.16500000E+01  .18528345E+01
  -.16000000E+01  .18399130E+01
  -.15500000E+01  .18269123E+01
  -.15000000E+01  .18138312E+01
  -.14500000E+01  .18006682E+01
  -.14000000E+01  .17874220E+01
  -.13500000E+01  .17740910E+01
  -.13000000E+01  .17606738E+01
  -.12500000E+01  .17471689E+01
  -.12000000E+01  .17335747E+01
  -.11500000E+01  .17198895E+01
  -.11000000E+01  .17061118E+01
  -.10500000E+01  .16922398E+01
  -.10000000E+01  .16782718E+01
  -.95000000E+00  .16642059E+01
  -.90000000E+00  .16500403E+01
  -.85000000E+00  .16357731E+01
  -.80000000E+00  .16214023E+01
  -.75000000E+00  .16069259E+01
  -.70000000E+00  .15923418E+01
  -.65000000E+00  .15776478E+01
  -.60000000E+00  .15628418E+01
  -.55000000E+00  .15479213E+01
  -.50000000E+00  .15328841E+01
  -.45000000E+00  .15177278E+01
  -.40000000E+00  .15024497E+01
  -.35000000E+00  .14870473E+01
  -.30000000E+00  .14715179E+01
  -.25000000E+00  .14558588E+01
  -.20000000E+00  .14400670E+01
  -.15000000E+00  .14241397E+01
  -.10000000E+00  .14080737E+01
  -.50000000E-01  .13918658E+01
  -.22898350E-14  .13755129E+01
   .50000000E-01  .13590114E+01
   .10000000E+00  .13423578E+01
   .15000000E+00  .13255486E+01
   .20000000E+00  .13085800E+01
   .25000000E+00  .12914479E+01
   .30000000E+00  .12741484E+01
   .35000000E+00  .12566772E+01
   .40000000E+00  .12390299E+01
   .45000000E+00  .12212021E+01
   .50000000E+00  .12031889E+01
   .55000000E+00  .11849854E+01
   .60000000E+00  .11665866E+01
   .65000000E+00  .11479871E+01
   .70000000E+00  .11291813E+01
   .75000000E+00  .11101636E+01
   .80000000E+00  .10909279E+01
   .85000000E+00  .10714678E+01
   .90000000E+00  .10517770E+01
   .95000000E+00  .10318486E+01
   .10000000E+01  .10116754E+01
   .10500000E+01  .99125000E+00
   .11000000E+01  .97056465E+00
   .11500000E+01  .94961120E+00
   .12000000E+01  .92838114E+00
   .12500000E+01  .90686555E+00
   .13000000E+01  .88505509E+00
   .13500000E+01  .86293997E+00
   .14000000E+01  .84050992E+00
   .14500000E+01  .81775414E+00
   .15000000E+01  .79466132E+00
   .15500000E+01  .77121954E+00
   .16000000E+01  .74741626E+00
   .16500000E+01  .72323830E+00
   .17000000E+01  .69867175E+00
   .17500000E+01  .67370197E+00
   .18000000E+01  .64831348E+00
   .18500000E+01  .62248996E+00
   .19000000E+01  .59621415E+00
   .19500000E+01  .56946779E+00
   .20000000E+01  .54223155E+00
Potential  L  =        4.00000    .00000
  -.30000000E+01  .21775095E+01
  -.29500000E+01  .21663612E+01
  -.29000000E+01  .21551620E+01
  -.28500000E+01  .21439082E+01
  -.28000000E+01  .21326026E+01
  -.27500000E+01  .21212439E+01
  -.27000000E+01  .21098286E+01
  -.26500000E+01  .20983599E+01
  -.26000000E+01  .20868334E+01
  -.25500000E+01  .20752509E+01
  -.25000000E+01  .20636116E+01
  -.24500000E+01  .20519123E+01
  -.24000000E+01  .20401546E+01
  -.23500000E+01  .20283368E+01
  -.23000000E+01  .20164591E+01
  -.22500000E+01  .20045179E+01
  -.22000000E+01  .19925162E+01
  -.21500000E+01  .19804497E+01
  -.21000000E+01  .19683188E+01
  -.20500000E+01  .19561222E+01
  -.20000000E+01  .19438593E+01
  -.19500000E+01  .19315297E+01
  -.19000000E+01  .19191309E+01
  -.18500000E+01  .19066624E+01
  -.18000000E+01  .18941250E+01
  -.17500000E+01  .18815145E+01
  -.17000000E+01  .18688331E+01
  -.16500000E+01  .18560766E+01
  -.16000000E+01  .18432459E+01
  -.15500000E+01  .18303384E+01
  -.15000000E+01  .18173542E+01
  -.14500000E+01  .18042908E+01
  -.14000000E+01  .17911476E+01
  -.13500000E+01  .17779238E+01
  -.13000000E+01  .17646166E+01
  -.12500000E+01  .17512259E+01
  -.12000000E+01  .17377494E+01
  -.11500000E+01  .17241873E+01
  -.11000000E+01  .17105356E+01
  -.10500000E+01  .16967953E+01
  -.10000000E+01  .16829633E+01
  -.95000000E+00  .16690378E+01
  -.90000000E+00  .16550181E+01
  -.85000000E+00  .16409018E+01
  -.80000000E+00  .16266874E+01
  -.75000000E+00  .16123730E+01
  -.70000000E+00  .15979567E+01
  -.65000000E+00  .15834372E+01
  -.60000000E+00  .15688117E+01
  -.55000000E+00  .15540788E+01
  -.50000000E+00  .15392361E+01
  -.45000000E+00  .15242818E+01
  -.40000000E+00  .15092132E+01
  -.35000000E+00  .14940284E+01
  -.30000000E+00  .14787253E+01
  -.25000000E+00  .14633007E+01
  -.20000000E+00  .14477531E+01
  -.15000000E+00  .14320793E+01
  -.10000000E+00  .14162769E+01
  -.50000000E-01  .14003432E+01
  -.22898350E-14  .13842754E+01
   .50000000E-01  .13680706E+01
   .10000000E+00  .13517258E+01
   .15000000E+00  .13352379E+01
   .20000000E+00  .13186040E+01
   .25000000E+00  .13018205E+01
   .30000000E+00  .12848841E+01
   .35000000E+00  .12677914E+01
   .40000000E+00  .12505387E+01
   .45000000E+00  .12331223E+01
   .50000000E+00  .12155382E+01
   .55000000E+00  .11977826E+01
   .60000000E+00  .11798512E+01
   .65000000E+00  .11617398E+01
   .70000000E+00  .11434438E+01
   .75000000E+00  .11249587E+01
   .80000000E+00  .11062796E+01
   .85000000E+00  .10874016E+01
   .90000000E+00  .10683195E+01
   .95000000E+00  .10490280E+01
   .10000000E+01  .10295214E+01
   .10500000E+01  .10097941E+01
   .11000000E+01  .98983997E+00
   .11500000E+01  .96965276E+00
   .12000000E+01  .94922601E+00
   .12500000E+01  .92855287E+00
   .13000000E+01  .90762632E+00
   .13500000E+01  .88643901E+00
   .14000000E+01  .86498327E+00
   .14500000E+01  .84325112E+00
   .15000000E+01  .82123420E+00
   .15500000E+01  .79892382E+00
   .16000000E+01  .77631087E+00
   .16500000E+01  .75338586E+00
   .17000000E+01  .73013885E+00
   .17500000E+01  .70655945E+00
   .18000000E+01  .68263676E+00
   .18500000E+01  .65835941E+00
   .19000000E+01  .63371543E+00
   .19500000E+01  .60869229E+00
   .20000000E+01  .58327688E+00
KBPotential  L  =       .00000  -6.64439
  -.30000000E+01  .27983465E+01
  -.29500000E+01  .25419788E+01
  -.29000000E+01  .23592576E+01
  -.28500000E+01  .22207733E+01
  -.28000000E+01  .21109122E+01
  -.27500000E+01  .20206153E+01
  -.27000000E+01  .19442649E+01
  -.26500000E+01  .18781917E+01
  -.26000000E+01  .18198972E+01
  -.25500000E+01  .17676205E+01
  -.25000000E+01  .17200849E+01
  -.24500000E+01  .16763414E+01
  -.24000000E+01  .16356695E+01
  -.23500000E+01  .15975127E+01
  -.23000000E+01  .15614334E+01
  -.22500000E+01  .15270827E+01
  -.22000000E+01  .14941788E+01
  -.21500000E+01  .14624915E+01
  -.21000000E+01  .14318303E+01
  -.20500000E+01  .14020363E+01
  -.20000000E+01  .13729756E+01
  -.19500000E+01  .13445342E+01
  -.19000000E+01  .13166145E+01
  -.18500000E+01  .12891319E+01
  -.18000000E+01  .12620130E+01
  -.17500000E+01  .12351931E+01
  -.17000000E+01  .12086150E+01
  -.16500000E+01  .11822277E+01
  -.16000000E+01  .11559856E+01
  -.15500000E+01  .11298473E+01
  -.15000000E+01  .11037750E+01
  -.14500000E+01  .10777343E+01
  -.14000000E+01  .10516932E+01
  -.13500000E+01  .10256218E+01
  -.13000000E+01  .99949241E+00
  -.12500000E+01  .97327855E+00
  -.12000000E+01  .94695505E+00
  -.11500000E+01  .92049816E+00
  -.11000000E+01  .89388453E+00
  -.10500000E+01  .86709167E+00
  -.10000000E+01  .84009745E+00
  -.95000000E+00  .81288013E+00
  -.90000000E+00  .78541823E+00
  -.85000000E+00  .75769031E+00
  -.80000000E+00  .72967484E+00
  -.75000000E+00  .70135009E+00
  -.70000000E+00  .67269421E+00
  -.65000000E+00  .64368477E+00
  -.60000000E+00  .61429888E+00
  -.55000000E+00  .58451303E+00
  -.50000000E+00  .55430295E+00
  -.45000000E+00  .52364357E+00
  -.40000000E+00  .49250872E+00
  -.35000000E+00  .46087125E+00
  -.30000000E+00  .42870265E+00
  -.25000000E+00  .39597302E+00
  -.20000000E+00  .36265096E+00
  -.15000000E+00  .32870327E+00
  -.10000000E+00  .29409494E+00
  -.50000000E-01  .25878869E+00
  -.22898350E-14  .22274497E+00
   .50000000E-01  .18592163E+00
   .10000000E+00  .14827364E+00
   .15000000E+00  .10975289E+00
   .20000000E+00  .70307531E-01
   .25000000E+00  .29882168E-01
   .30000000E+00 -.11583232E-01
   .35000000E+00 -.54153346E-01
   .40000000E+00 -.97898220E-01
   .45000000E+00 -.14289375E+00
   .50000000E+00 -.18922254E+00
   .55000000E+00 -.23697470E+00
   .60000000E+00 -.28624858E+00
   .65000000E+00 -.33715194E+00
   .70000000E+00 -.38980315E+00
   .75000000E+00 -.44433258E+00
   .80000000E+00 -.50088403E+00
   .85000000E+00 -.55961693E+00
   .90000000E+00 -.62070833E+00
   .95000000E+00 -.68435552E+00
   .10000000E+01 -.75077911E+00
   .10500000E+01 -.82022660E+00
   .11000000E+01 -.89297676E+00
   .11500000E+01 -.96934479E+00
   .12000000E+01 -.10496885E+01
   .12500000E+01 -.11344161E+01
   .13000000E+01 -.12239952E+01
   .13500000E+01 -.13189642E+01
   .14000000E+01 -.14199468E+01
   .14500000E+01 -.15276690E+01
   .15000000E+01 -.16429820E+01
   .15500000E+01 -.17668895E+01
   .16000000E+01 -.19005856E+01
   .16500000E+01 -.20454997E+01
   .17000000E+01 -.22033603E+01
   .17500000E+01 -.23762767E+01
   .18000000E+01 -.25668509E+01
   .18500000E+01 -.27783298E+01
   .19000000E+01 -.30148201E+01
   .19500000E+01 -.32815938E+01
   .20000000E+01 -.35855333E+01
KBPotential  L  =      1.00000  -3.72439
  -.30000000E+01  .12200424E+01
  -.29500000E+01  .11898621E+01
  -.29000000E+01  .11583183E+01
  -.28500000E+01  .11252551E+01
  -.28000000E+01  .10904904E+01
  -.27500000E+01  .10538101E+01
  -.27000000E+01  .10149612E+01
  -.26500000E+01  .97364225E+00
  -.26000000E+01  .92949084E+00
  -.25500000E+01  .88206742E+00
  -.25000000E+01  .83083403E+00
  -.24500000E+01  .77512421E+00
  -.24000000E+01  .71410282E+00
  -.23500000E+01  .64670822E+00
  -.23000000E+01  .57157081E+00
  -.22500000E+01  .48689101E+00
  -.22000000E+01  .39025733E+00
  -.21500000E+01  .27836056E+00
  -.21000000E+01  .14653403E+00
  -.20500000E+01 -.12023873E-01
  -.20000000E+01 -.20762760E+00
  -.19500000E+01 -.45670956E+00
  -.19000000E+01 -.78714891E+00
  -.18500000E+01 -.12503397E+01
  -.18000000E+01 -.19526133E+01
  -.17500000E+01 -.31554219E+01
  -.17000000E+01 -.57206154E+01
  -.16500000E+01 -.15157121E+02
  -.16000000E+01  .48382956E+02
  -.15500000E+01  .10891370E+02
  -.15000000E+01  .65900385E+01
  -.14500000E+01  .49183905E+01
  -.14000000E+01  .40236255E+01
  -.13500000E+01  .34624069E+01
  -.13000000E+01  .30747612E+01
  -.12500000E+01  .27888750E+01
  -.12000000E+01  .25677170E+01
  -.11500000E+01  .23902538E+01
  -.11000000E+01  .22436517E+01
  -.10500000E+01  .21196355E+01
  -.10000000E+01  .20126286E+01
  -.95000000E+00  .19187356E+01
  -.90000000E+00  .18351523E+01
  -.85000000E+00  .17598085E+01
  -.80000000E+00  .16911418E+01
  -.75000000E+00  .16279506E+01
  -.70000000E+00  .15692955E+01
  -.65000000E+00  .15144306E+01
  -.60000000E+00  .14627561E+01
  -.55000000E+00  .14137839E+01
  -.50000000E+00  .13671122E+01
  -.45000000E+00  .13224070E+01
  -.40000000E+00  .12793881E+01
  -.35000000E+00  .12378185E+01
  -.30000000E+00  .11974957E+01
  -.25000000E+00  .11582459E+01
  -.20000000E+00  .11199184E+01
  -.15000000E+00  .10823817E+01
  -.10000000E+00  .10455202E+01
  -.50000000E-01  .10092319E+01
  -.22898350E-14  .97342597E+00
   .50000000E-01  .93802087E+00
   .10000000E+00  .90294311E+00
   .15000000E+00  .86812603E+00
   .20000000E+00  .83350874E+00
   .25000000E+00  .79903516E+00
   .30000000E+00  .76465344E+00
   .35000000E+00  .73031529E+00
   .40000000E+00  .69597544E+00
   .45000000E+00  .66159111E+00
   .50000000E+00  .62712166E+00
   .55000000E+00  .59252824E+00
   .60000000E+00  .55777339E+00
   .65000000E+00  .52282088E+00
   .70000000E+00  .48763538E+00
   .75000000E+00  .45218223E+00
   .80000000E+00  .41642719E+00
   .85000000E+00  .38033630E+00
   .90000000E+00  .34387573E+00
   .95000000E+00  .30701170E+00
   .10000000E+01  .26970938E+00
   .10500000E+01  .23193426E+00
   .11000000E+01  .19365101E+00
   .11500000E+01  .15482347E+00
   .12000000E+01  .11541450E+00
   .12500000E+01  .75385775E-01
   .13000000E+01  .34697761E-01
   .13500000E+01 -.66905501E-02
   .14000000E+01 -.48821972E-01
   .14500000E+01 -.91741043E-01
   .15000000E+01 -.13549456E+00
   .15500000E+01 -.18013150E+00
   .16000000E+01 -.22570353E+00
   .16500000E+01 -.27226511E+00
   .17000000E+01 -.31987382E+00
   .17500000E+01 -.36859067E+00
   .18000000E+01 -.41848071E+00
   .18500000E+01 -.46961250E+00
   .19000000E+01 -.52205980E+00
   .19500000E+01 -.57590126E+00
   .20000000E+01 -.63122099E+00
KBPotential  L  =      2.00000   -.41709
  -.30000000E+01  .15864684E+01
  -.29500000E+01  .15698888E+01
  -.29000000E+01  .15531172E+01
  -.28500000E+01  .15361473E+01
  -.28000000E+01  .15189723E+01
  -.27500000E+01  .15015850E+01
  -.27000000E+01  .14839779E+01
  -.26500000E+01  .14661429E+01
  -.26000000E+01  .14480663E+01
  -.25500000E+01  .14297498E+01
  -.25000000E+01  .14111787E+01
  -.24500000E+01  .13923429E+01
  -.24000000E+01  .13732319E+01
  -.23500000E+01  .13538342E+01
  -.23000000E+01  .13341316E+01
  -.22500000E+01  .13141242E+01
  -.22000000E+01  .12937919E+01
  -.21500000E+01  .12731202E+01
  -.21000000E+01  .12520938E+01
  -.20500000E+01  .12306960E+01
  -.20000000E+01  .12089093E+01
  -.19500000E+01  .11867146E+01
  -.19000000E+01  .11640916E+01
  -.18500000E+01  .11410184E+01
  -.18000000E+01  .11174715E+01
  -.17500000E+01  .10934255E+01
  -.17000000E+01  .10688530E+01
  -.16500000E+01  .10437243E+01
  -.16000000E+01  .10180074E+01
  -.15500000E+01  .99166745E+00
  -.15000000E+01  .96466647E+00
  -.14500000E+01  .93696320E+00
  -.14000000E+01  .90851257E+00
  -.13500000E+01  .87926344E+00
  -.13000000E+01  .84916505E+00
  -.12500000E+01  .81815679E+00
  -.12000000E+01  .78617215E+00
  -.11500000E+01  .75314138E+00
  -.11000000E+01  .71898287E+00
  -.10500000E+01  .68360522E+00
  -.10000000E+01  .64691120E+00
  -.95000000E+00  .60879148E+00
  -.90000000E+00  .56911980E+00
  -.85000000E+00  .52775815E+00
  -.80000000E+00  .48454871E+00
  -.75000000E+00  .43932561E+00
  -.70000000E+00  .39186154E+00
  -.65000000E+00  .34193410E+00
  -.60000000E+00  .28927761E+00
  -.55000000E+00  .23358332E+00
  -.50000000E+00  .17449320E+00
  -.45000000E+00  .11158897E+00
  -.40000000E+00  .44379251E-01
  -.35000000E+00 -.27717836E-01
  -.30000000E+00 -.10539579E+00
  -.25000000E+00 -.18948823E+00
  -.20000000E+00 -.28100732E+00
  -.15000000E+00 -.38119250E+00
  -.10000000E+00 -.49157671E+00
  -.50000000E-01 -.61408871E+00
  -.22898350E-14 -.75117700E+00
   .50000000E-01 -.90600256E+00
   .10000000E+00 -.10827171E+01
   .15000000E+00 -.12868890E+01
   .20000000E+00 -.15261654E+01
   .25000000E+00 -.18113321E+01
   .30000000E+00 -.21581187E+01
   .35000000E+00 -.25903942E+01
   .40000000E+00 -.31462163E+01
   .45000000E+00 -.38902149E+01
   .50000000E+00 -.49416909E+01
   .55000000E+00 -.65479301E+01
   .60000000E+00 -.93187395E+01
   .65000000E+00 -.15275108E+02
   .70000000E+00 -.37534896E+02
   .75000000E+00  .10404064E+03
   .80000000E+00  .22898674E+02
   .85000000E+00  .13183404E+02
   .90000000E+00  .93958720E+01
   .95000000E+00  .73727401E+01
   .10000000E+01  .61097888E+01
   .10500000E+01  .52432933E+01
   .11000000E+01  .46096084E+01
   .11500000E+01  .41242231E+01
   .12000000E+01  .37390855E+01
   .12500000E+01  .34248512E+01
   .13000000E+01  .31625937E+01
   .13500000E+01  .29395502E+01
   .14000000E+01  .27468035E+01
   .14500000E+01  .25779345E+01
   .15000000E+01  .24282035E+01
   .15500000E+01  .22940347E+01
   .16000000E+01  .21726791E+01
   .16500000E+01  .20619885E+01
   .17000000E+01  .19602574E+01
   .17500000E+01  .18661170E+01
   .18000000E+01  .17784539E+01
   .18500000E+01  .16963535E+01
   .19000000E+01  .16190567E+01
   .19500000E+01  .15459282E+01
   .20000000E+01  .14764322E+01
KBPotential  L  =      3.00000  -1.10175
  -.30000000E+01  .18999311E+01
  -.29500000E+01  .18852371E+01
  -.29000000E+01  .18704417E+01
  -.28500000E+01  .18555422E+01
  -.28000000E+01  .18405356E+01
  -.27500000E+01  .18254188E+01
  -.27000000E+01  .18101886E+01
  -.26500000E+01  .17948413E+01
  -.26000000E+01  .17793731E+01
  -.25500000E+01  .17637798E+01
  -.25000000E+01  .17480569E+01
  -.24500000E+01  .17321995E+01
  -.24000000E+01  .17162023E+01
  -.23500000E+01  .17000595E+01
  -.23000000E+01  .16837647E+01
  -.22500000E+01  .16673109E+01
  -.22000000E+01  .16506902E+01
  -.21500000E+01  .16338941E+01
  -.21000000E+01  .16169130E+01
  -.20500000E+01  .15997363E+01
  -.20000000E+01  .15823518E+01
  -.19500000E+01  .15647460E+01
  -.19000000E+01  .15469035E+01
  -.18500000E+01  .15288068E+01
  -.18000000E+01  .15104358E+01
  -.17500000E+01  .14917672E+01
  -.17000000E+01  .14727742E+01
  -.16500000E+01  .14534254E+01
  -.16000000E+01  .14336836E+01
  -.15500000E+01  .14135049E+01
  -.15000000E+01  .13928369E+01
  -.14500000E+01  .13716160E+01
  -.14000000E+01  .13497646E+01
  -.13500000E+01  .13271872E+01
  -.13000000E+01  .13037641E+01
  -.12500000E+01  .12793439E+01
  -.12000000E+01  .12537317E+01
  -.11500000E+01  .12266719E+01
  -.11000000E+01  .11978231E+01
  -.10500000E+01  .11667182E+01
  -.10000000E+01  .11327001E+01
  -.95000000E+00  .10948141E+01
  -.90000000E+00  .10516181E+01
  -.85000000E+00  .10008241E+01
  -.80000000E+00  .93857163E+00
  -.75000000E+00  .85779511E+00
  -.70000000E+00  .74402372E+00
  -.65000000E+00  .56223195E+00
  -.60000000E+00  .20023752E+00
  -.55000000E+00 -.10042240E+01
  -.50000000E+00  .10662808E+02
  -.45000000E+00  .25947527E+01
  -.40000000E+00  .18967613E+01
  -.35000000E+00  .16251312E+01
  -.30000000E+00  .14740749E+01
  -.25000000E+00  .13737383E+01
  -.20000000E+00  .12994477E+01
  -.15000000E+00  .12402660E+01
  -.10000000E+00  .11906004E+01
  -.50000000E-01  .11472930E+01
  -.22898350E-14  .11084252E+01
   .50000000E-01  .10727638E+01
   .10000000E+00  .10394798E+01
   .15000000E+00  .10079947E+01
   .20000000E+00  .97789257E+00
   .25000000E+00  .94886641E+00
   .30000000E+00  .92068435E+00
   .35000000E+00  .89316785E+00
   .40000000E+00  .86617709E+00
   .45000000E+00  .83953728E+00
   .50000000E+00  .81328301E+00
   .55000000E+00  .78727960E+00
   .60000000E+00  .76146652E+00
   .65000000E+00  .73579279E+00
   .70000000E+00  .71021552E+00
   .75000000E+00  .68469796E+00
   .80000000E+00  .65905180E+00
   .85000000E+00  .63371956E+00
   .90000000E+00  .60820719E+00
   .95000000E+00  .58264979E+00
   .10000000E+01  .55702838E+00
   .10500000E+01  .53132582E+00
   .11000000E+01  .50552654E+00
   .11500000E+01  .47961642E+00
   .12000000E+01  .45358236E+00
   .12500000E+01  .42741225E+00
   .13000000E+01  .40121034E+00
   .13500000E+01  .37473833E+00
   .14000000E+01  .34809828E+00
   .14500000E+01  .32128098E+00
   .15000000E+01  .29427691E+00
   .15500000E+01  .26707777E+00
   .16000000E+01  .23967462E+00
   .16500000E+01  .21205964E+00
   .17000000E+01  .18422449E+00
   .17500000E+01  .15616126E+00
   .18000000E+01  .12786232E+00
   .18500000E+01  .99319901E-01
   .19000000E+01  .70526416E-01
   .19500000E+01  .41473971E-01
   .20000000E+01  .12155411E-01
KBPotential  L  =      4.00000    .00000
  -.30000000E+01  .21775095E+01
  -.29500000E+01  .21663612E+01
  -.29000000E+01  .21551620E+01
  -.28500000E+01  .21439082E+01
  -.28000000E+01  .21326026E+01
  -.27500000E+01  .21212439E+01
  -.27000000E+01  .21098286E+01
  -.26500000E+01  .20983599E+01
  -.26000000E+01  .20868334E+01
  -.25500000E+01  .20752509E+01
  -.25000000E+01  .20636116E+01
  -.24500000E+01  .20519123E+01
  -.24000000E+01  .20401546E+01
  -.23500000E+01  .20283368E+01
  -.23000000E+01  .20164591E+01
  -.22500000E+01  .20045179E+01
  -.22000000E+01  .19925162E+01
  -.21500000E+01  .19804497E+01
  -.21000000E+01  .19683188E+01
  -.20500000E+01  .19561222E+01
  -.20000000E+01  .19438593E+01
  -.19500000E+01  .19315297E+01
  -.19000000E+01  .19191309E+01
  -.18500000E+01  .19066624E+01
  -.18000000E+01  .18941250E+01
  -.17500000E+01  .18815145E+01
  -.17000000E+01  .18688331E+01
  -.16500000E+01  .18560766E+01
  -.16000000E+01  .18432459E+01
  -.15500000E+01  .18303384E+01
  -.15000000E+01  .18173542E+01
  -.14500000E+01  .18042908E+01
  -.14000000E+01  .17911476E+01
  -.13500000E+01  .17779238E+01
  -.13000000E+01  .17646166E+01
  -.12500000E+01  .17512259E+01
  -.12000000E+01  .17377494E+01
  -.11500000E+01  .17241873E+01
  -.11000000E+01  .17105356E+01
  -.10500000E+01  .16967953E+01
  -.10000000E+01  .16829633E+01
  -.95000000E+00  .16690378E+01
  -.90000000E+00  .16550181E+01
  -.85000000E+00  .16409018E+01
  -.80000000E+00  .16266874E+01
  -.75000000E+00  .16123730E+01
  -.70000000E+00  .15979567E+01
  -.65000000E+00  .15834372E+01
  -.60000000E+00  .15688117E+01
  -.55000000E+00  .15540788E+01
  -.50000000E+00  .15392361E+01
  -.45000000E+00  .15242818E+01
  -.40000000E+00  .15092132E+01
  -.35000000E+00  .14940284E+01
  -.30000000E+00  .14787253E+01
  -.25000000E+00  .14633007E+01
  -.20000000E+00  .14477531E+01
  -.15000000E+00  .14320793E+01
  -.10000000E+00  .14162769E+01
  -.50000000E-01  .14003432E+01
  -.22898350E-14  .13842754E+01
   .50000000E-01  .13680706E+01
   .10000000E+00  .13517258E+01
   .15000000E+00  .13352379E+01
   .20000000E+00  .13186040E+01
   .25000000E+00  .13018205E+01
   .30000000E+00  .12848841E+01
   .35000000E+00  .12677914E+01
   .40000000E+00  .12505387E+01
   .45000000E+00  .12331223E+01
   .50000000E+00  .12155382E+01
   .55000000E+00  .11977826E+01
   .60000000E+00  .11798512E+01
   .65000000E+00  .11617398E+01
   .70000000E+00  .11434438E+01
   .75000000E+00  .11249587E+01
   .80000000E+00  .11062796E+01
   .85000000E+00  .10874016E+01
   .90000000E+00  .10683195E+01
   .95000000E+00  .10490280E+01
   .10000000E+01  .10295214E+01
   .10500000E+01  .10097941E+01
   .11000000E+01  .98983997E+00
   .11500000E+01  .96965276E+00
   .12000000E+01  .94922601E+00
   .12500000E+01  .92855287E+00
   .13000000E+01  .90762632E+00
   .13500000E+01  .88643901E+00
   .14000000E+01  .86498327E+00
   .14500000E+01  .84325112E+00
   .15000000E+01  .82123420E+00
   .15500000E+01  .79892382E+00
   .16000000E+01  .77631087E+00
   .16500000E+01  .75338586E+00
   .17000000E+01  .73013885E+00
   .17500000E+01  .70655945E+00
   .18000000E+01  .68263676E+00
   .18500000E+01  .65835941E+00
   .19000000E+01  .63371543E+00
   .19500000E+01  .60869229E+00
   .20000000E+01  .58327688E+00
