  PAW_PBE Na 05Jan2001                   
 100
Core Pot   L  =         .00000   -.20167
  -.20000000E+01  .12327986E+01
  -.19600000E+01  .12163576E+01
  -.19200000E+01  .11997015E+01
  -.18800000E+01  .11828225E+01
  -.18400000E+01  .11657121E+01
  -.18000000E+01  .11483615E+01
  -.17600000E+01  .11307612E+01
  -.17200000E+01  .11129014E+01
  -.16800000E+01  .10947714E+01
  -.16400000E+01  .10763601E+01
  -.16000000E+01  .10576556E+01
  -.15600000E+01  .10386451E+01
  -.15200000E+01  .10193152E+01
  -.14800000E+01  .99965142E+00
  -.14400000E+01  .97963839E+00
  -.14000000E+01  .95925964E+00
  -.13600000E+01  .93849752E+00
  -.13200000E+01  .91733312E+00
  -.12800000E+01  .89574611E+00
  -.12400000E+01  .87371463E+00
  -.12000000E+01  .85121513E+00
  -.11600000E+01  .82822220E+00
  -.11200000E+01  .80470836E+00
  -.10800000E+01  .78064386E+00
  -.10400000E+01  .75599645E+00
  -.10000000E+01  .73073106E+00
  -.96000000E+00  .70480951E+00
  -.92000000E+00  .67819015E+00
  -.88000000E+00  .65082744E+00
  -.84000000E+00  .62267146E+00
  -.80000000E+00  .59366740E+00
  -.76000000E+00  .56375490E+00
  -.72000000E+00  .53286734E+00
  -.68000000E+00  .50093099E+00
  -.64000000E+00  .46786401E+00
  -.60000000E+00  .43357529E+00
  -.56000000E+00  .39796312E+00
  -.52000000E+00  .36091350E+00
  -.48000000E+00  .32229832E+00
  -.44000000E+00  .28197297E+00
  -.40000000E+00  .23977366E+00
  -.36000000E+00  .19551406E+00
  -.32000000E+00  .14898124E+00
  -.28000000E+00  .99930772E-01
  -.24000000E+00  .48080562E-01
  -.20000000E+00 -.68966702E-02
  -.16000000E+00 -.65382901E-01
  -.12000000E+00 -.12782678E+00
  -.80000000E-01 -.19475889E+00
  -.40000000E-01 -.26681144E+00
   .12351231E-14 -.34474392E+00
   .40000000E-01 -.42947686E+00
   .80000000E-01 -.52213712E+00
   .12000000E+00 -.62411916E+00
   .16000000E+00 -.73716974E+00
   .20000000E+00 -.86350684E+00
   .24000000E+00 -.10059902E+01
   .28000000E+00 -.11683720E+01
   .32000000E+00 -.13556747E+01
   .36000000E+00 -.15747784E+01
   .40000000E+00 -.18353685E+01
   .44000000E+00 -.21515280E+01
   .48000000E+00 -.25445535E+01
   .52000000E+00 -.30482546E+01
   .56000000E+00 -.37197278E+01
   .60000000E+00 -.46635783E+01
   .64000000E+00 -.60943177E+01
   .68000000E+00 -.85321429E+01
   .72000000E+00 -.13648811E+02
   .76000000E+00 -.31403215E+02
   .80000000E+00  .13455594E+03
   .84000000E+00  .22282589E+02
   .88000000E+00  .12380594E+02
   .92000000E+00  .86687917E+01
   .96000000E+00  .67181695E+01
   .10000000E+01  .55111785E+01
   .10400000E+01  .46874823E+01
   .10800000E+01  .40871202E+01
   .11200000E+01  .36282239E+01
   .11600000E+01  .32645435E+01
   .12000000E+01  .29679759E+01
   .12400000E+01  .27204584E+01
   .12800000E+01  .25098509E+01
   .13200000E+01  .23276919E+01
   .13600000E+01  .21679017E+01
   .14000000E+01  .20259989E+01
   .14400000E+01  .18986068E+01
   .14800000E+01  .17831317E+01
   .15200000E+01  .16775477E+01
   .15600000E+01  .15802488E+01
   .16000000E+01  .14899447E+01
   .16400000E+01  .14055862E+01
   .16800000E+01  .13263106E+01
   .17200000E+01  .12514016E+01
   .17600000E+01  .11802588E+01
   .18000000E+01  .11123744E+01
   .18400000E+01  .10473157E+01
   .18800000E+01  .98471084E+00
   .19200000E+01  .92423791E+00
   .19600000E+01  .86561632E+00
   .20000000E+01  .80859974E+00
Potential  L  =         .00000   -.20167
  -.20000000E+01  .12299205E+01
  -.19600000E+01  .12134832E+01
  -.19200000E+01  .11968306E+01
  -.18800000E+01  .11799548E+01
  -.18400000E+01  .11628475E+01
  -.18000000E+01  .11454999E+01
  -.17600000E+01  .11279028E+01
  -.17200000E+01  .11100462E+01
  -.16800000E+01  .10919198E+01
  -.16400000E+01  .10735123E+01
  -.16000000E+01  .10548122E+01
  -.15600000E+01  .10358066E+01
  -.15200000E+01  .10164824E+01
  -.14800000E+01  .99682526E+00
  -.14400000E+01  .97681986E+00
  -.14000000E+01  .95644992E+00
  -.13600000E+01  .93569799E+00
  -.13200000E+01  .91454533E+00
  -.12800000E+01  .89297182E+00
  -.12400000E+01  .87095583E+00
  -.12000000E+01  .84847405E+00
  -.11600000E+01  .82550132E+00
  -.11200000E+01  .80201047E+00
  -.10800000E+01  .77797205E+00
  -.10400000E+01  .75335416E+00
  -.10000000E+01  .72812210E+00
  -.96000000E+00  .70223812E+00
  -.92000000E+00  .67566102E+00
  -.88000000E+00  .64834576E+00
  -.84000000E+00  .62024298E+00
  -.80000000E+00  .59129848E+00
  -.76000000E+00  .56145259E+00
  -.72000000E+00  .53063944E+00
  -.68000000E+00  .49878614E+00
  -.64000000E+00  .46581178E+00
  -.60000000E+00  .43162629E+00
  -.56000000E+00  .39612911E+00
  -.52000000E+00  .35920756E+00
  -.48000000E+00  .32073498E+00
  -.44000000E+00  .28056838E+00
  -.40000000E+00  .23854581E+00
  -.36000000E+00  .19448304E+00
  -.32000000E+00  .14816946E+00
  -.28000000E+00  .99363302E-01
  -.24000000E+00  .47785487E-01
  -.20000000E+00 -.68878405E-02
  -.16000000E+00 -.65034755E-01
  -.12000000E+00 -.12709945E+00
  -.80000000E-01 -.19360741E+00
  -.40000000E-01 -.26518503E+00
   .12351231E-14 -.34258511E+00
   .40000000E-01 -.42672057E+00
   .80000000E-01 -.51870952E+00
   .12000000E+00 -.61993660E+00
   .16000000E+00 -.73213746E+00
   .20000000E+00 -.85751787E+00
   .24000000E+00 -.99892469E+00
   .28000000E+00 -.11600973E+01
   .32000000E+00 -.13460478E+01
   .36000000E+00 -.15636528E+01
   .40000000E+00 -.18226105E+01
   .44000000E+00 -.21370542E+01
   .48000000E+00 -.25284158E+01
   .52000000E+00 -.30308370E+01
   .56000000E+00 -.37022338E+01
   .60000000E+00 -.46493557E+01
   .64000000E+00 -.60930082E+01
   .68000000E+00 -.85759122E+01
   .72000000E+00 -.13885845E+02
   .76000000E+00 -.33427632E+02
   .80000000E+00  .99305632E+02
   .84000000E+00  .20719303E+02
   .88000000E+00  .11771456E+02
   .92000000E+00  .83068268E+01
   .96000000E+00  .64605620E+01
   .10000000E+01  .53088591E+01
   .10400000E+01  .45185386E+01
   .10800000E+01  .39400763E+01
   .11200000E+01  .34963842E+01
   .11600000E+01  .31436827E+01
   .12000000E+01  .28552619E+01
   .12400000E+01  .26139001E+01
   .12800000E+01  .24079921E+01
   .13200000E+01  .22294311E+01
   .13600000E+01  .20723812E+01
   .14000000E+01  .19325333E+01
   .14400000E+01  .18066350E+01
   .14800000E+01  .16921842E+01
   .15200000E+01  .15872238E+01
   .15600000E+01  .14901996E+01
   .16000000E+01  .13998606E+01
   .16400000E+01  .13151877E+01
   .16800000E+01  .12353413E+01
   .17200000E+01  .11596224E+01
   .17600000E+01  .10874432E+01
   .18000000E+01  .10183052E+01
   .18400000E+01  .95178179E+00
   .18800000E+01  .88750446E+00
   .19200000E+01  .82515260E+00
   .19600000E+01  .76444482E+00
   .20000000E+01  .70513218E+00
Core Pot   L  =        1.00000   -.10000
  -.20000000E+01  .14362298E+01
  -.19600000E+01  .13924155E+01
  -.19200000E+01  .13610893E+01
  -.18800000E+01  .13354559E+01
  -.18400000E+01  .13128444E+01
  -.18000000E+01  .12919897E+01
  -.17600000E+01  .12722133E+01
  -.17200000E+01  .12531178E+01
  -.16800000E+01  .12344532E+01
  -.16400000E+01  .12160540E+01
  -.16000000E+01  .11978048E+01
  -.15600000E+01  .11796220E+01
  -.15200000E+01  .11614429E+01
  -.14800000E+01  .11432187E+01
  -.14400000E+01  .11249101E+01
  -.14000000E+01  .11064847E+01
  -.13600000E+01  .10879147E+01
  -.13200000E+01  .10691760E+01
  -.12800000E+01  .10502466E+01
  -.12400000E+01  .10311065E+01
  -.12000000E+01  .10117366E+01
  -.11600000E+01  .99211877E+00
  -.11200000E+01  .97223512E+00
  -.10800000E+01  .95206801E+00
  -.10400000E+01  .93159965E+00
  -.10000000E+01  .91081198E+00
  -.96000000E+00  .88968646E+00
  -.92000000E+00  .86820391E+00
  -.88000000E+00  .84634437E+00
  -.84000000E+00  .82408690E+00
  -.80000000E+00  .80140947E+00
  -.76000000E+00  .77828879E+00
  -.72000000E+00  .75470011E+00
  -.68000000E+00  .73061707E+00
  -.64000000E+00  .70601148E+00
  -.60000000E+00  .68085311E+00
  -.56000000E+00  .65510950E+00
  -.52000000E+00  .62874560E+00
  -.48000000E+00  .60172359E+00
  -.44000000E+00  .57400244E+00
  -.40000000E+00  .54553764E+00
  -.36000000E+00  .51628071E+00
  -.32000000E+00  .48617874E+00
  -.28000000E+00  .45517386E+00
  -.24000000E+00  .42320256E+00
  -.20000000E+00  .39019504E+00
  -.16000000E+00  .35607432E+00
  -.12000000E+00  .32075526E+00
  -.80000000E-01  .28414347E+00
  -.40000000E-01  .24613395E+00
   .12351231E-14  .20660953E+00
   .40000000E-01  .16543904E+00
   .80000000E-01  .12247510E+00
   .12000000E+00  .77551521E-01
   .16000000E+00  .30480165E-01
   .20000000E+00 -.18952857E-01
   .24000000E+00 -.70991771E-01
   .28000000E+00 -.12591677E+00
   .32000000E+00 -.18405094E+00
   .36000000E+00 -.24576885E+00
   .40000000E+00 -.31150726E+00
   .44000000E+00 -.38177874E+00
   .48000000E+00 -.45718885E+00
   .52000000E+00 -.53845834E+00
   .56000000E+00 -.62645206E+00
   .60000000E+00 -.72221691E+00
   .64000000E+00 -.82703257E+00
   .68000000E+00 -.94248016E+00
   .72000000E+00 -.10705367E+01
   .76000000E+00 -.12137076E+01
   .80000000E+00 -.13752158E+01
   .84000000E+00 -.15592793E+01
   .88000000E+00 -.17715272E+01
   .92000000E+00 -.20196440E+01
   .96000000E+00 -.23144031E+01
   .10000000E+01 -.26713930E+01
   .10400000E+01 -.31140458E+01
   .10800000E+01 -.36792829E+01
   .11200000E+01 -.44288556E+01
   .11600000E+01 -.54744386E+01
   .12000000E+01 -.70408668E+01
   .12400000E+01 -.96581065E+01
   .12800000E+01 -.14944713E+02
   .13200000E+01 -.31353383E+02
   .13600000E+01  .57463078E+03
   .14000000E+01  .29247963E+02
   .14400000E+01  .15235610E+02
   .14800000E+01  .10390723E+02
   .15200000E+01  .79268831E+01
   .15600000E+01  .64302113E+01
   .16000000E+01  .54212072E+01
   .16400000E+01  .46923208E+01
   .16800000E+01  .41390946E+01
   .17200000E+01  .37032234E+01
   .17600000E+01  .33495984E+01
   .18000000E+01  .30558138E+01
   .18400000E+01  .28068968E+01
   .18800000E+01  .25924602E+01
   .19200000E+01  .24050703E+01
   .19600000E+01  .22392664E+01
   .20000000E+01  .20909453E+01
Potential  L  =        1.00000   -.10000
  -.20000000E+01  .13261254E+01
  -.19600000E+01  .13112412E+01
  -.19200000E+01  .12962024E+01
  -.18800000E+01  .12810047E+01
  -.18400000E+01  .12656436E+01
  -.18000000E+01  .12501141E+01
  -.17600000E+01  .12344113E+01
  -.17200000E+01  .12185301E+01
  -.16800000E+01  .12024648E+01
  -.16400000E+01  .11862098E+01
  -.16000000E+01  .11697591E+01
  -.15600000E+01  .11531063E+01
  -.15200000E+01  .11362450E+01
  -.14800000E+01  .11191681E+01
  -.14400000E+01  .11018683E+01
  -.14000000E+01  .10843381E+01
  -.13600000E+01  .10665693E+01
  -.13200000E+01  .10485535E+01
  -.12800000E+01  .10302818E+01
  -.12400000E+01  .10117446E+01
  -.12000000E+01  .99293223E+00
  -.11600000E+01  .97383400E+00
  -.11200000E+01  .95443885E+00
  -.10800000E+01  .93473505E+00
  -.10400000E+01  .91471015E+00
  -.10000000E+01  .89435095E+00
  -.96000000E+00  .87364347E+00
  -.92000000E+00  .85257283E+00
  -.88000000E+00  .83112323E+00
  -.84000000E+00  .80927784E+00
  -.80000000E+00  .78701871E+00
  -.76000000E+00  .76432673E+00
  -.72000000E+00  .74118144E+00
  -.68000000E+00  .71756098E+00
  -.64000000E+00  .69344196E+00
  -.60000000E+00  .66879928E+00
  -.56000000E+00  .64360599E+00
  -.52000000E+00  .61783311E+00
  -.48000000E+00  .59144947E+00
  -.44000000E+00  .56442141E+00
  -.40000000E+00  .53671262E+00
  -.36000000E+00  .50828379E+00
  -.32000000E+00  .47909232E+00
  -.28000000E+00  .44909201E+00
  -.24000000E+00  .41823255E+00
  -.20000000E+00  .38645919E+00
  -.16000000E+00  .35371211E+00
  -.12000000E+00  .31992587E+00
  -.80000000E-01  .28502875E+00
  -.40000000E-01  .24894189E+00
   .12351231E-14  .21157847E+00
   .40000000E-01  .17284258E+00
   .80000000E-01  .13262804E+00
   .12000000E+00  .90816968E-01
   .16000000E+00  .47278083E-01
   .20000000E+00  .18647713E-02
   .24000000E+00 -.45587266E-01
   .28000000E+00 -.95262766E-01
   .32000000E+00 -.14737020E+00
   .36000000E+00 -.20214575E+00
   .40000000E+00 -.25985808E+00
   .44000000E+00 -.32081416E+00
   .48000000E+00 -.38536633E+00
   .52000000E+00 -.45392110E+00
   .56000000E+00 -.52694999E+00
   .60000000E+00 -.60500307E+00
   .64000000E+00 -.68872615E+00
   .68000000E+00 -.77888253E+00
   .72000000E+00 -.87638111E+00
   .76000000E+00 -.98231289E+00
   .80000000E+00 -.10979991E+01
   .84000000E+00 -.12250552E+01
   .88000000E+00 -.13654783E+01
   .92000000E+00 -.15217663E+01
   .96000000E+00 -.16970858E+01
   .10000000E+01 -.18955126E+01
   .10400000E+01 -.21223828E+01
   .10800000E+01 -.23848212E+01
   .11200000E+01 -.26925599E+01
   .11600000E+01 -.30592513E+01
   .12000000E+01 -.35046635E+01
   .12400000E+01 -.40585380E+01
   .12800000E+01 -.47677876E+01
   .13200000E+01 -.57109807E+01
   .13600000E+01 -.70304629E+01
   .14000000E+01 -.90135487E+01
   .14400000E+01 -.12340118E+02
   .14800000E+01 -.19100931E+02
   .15200000E+01 -.40403217E+02
   .15600000E+01  .52568531E+03
   .16000000E+01  .36071873E+02
   .16400000E+01  .18933237E+02
   .16800000E+01  .12939122E+02
   .17200000E+01  .98797456E+01
   .17600000E+01  .80193135E+01
   .18000000E+01  .67654121E+01
   .18400000E+01  .58606787E+01
   .18800000E+01  .51752748E+01
   .19200000E+01  .46366041E+01
   .19600000E+01  .42008982E+01
   .20000000E+01  .38401981E+01
Core Pot   L  =        2.00000   -.10000
  -.20000000E+01  .14820115E+01
  -.19600000E+01  .14687862E+01
  -.19200000E+01  .14554502E+01
  -.18800000E+01  .14420009E+01
  -.18400000E+01  .14284356E+01
  -.18000000E+01  .14147513E+01
  -.17600000E+01  .14009453E+01
  -.17200000E+01  .13870142E+01
  -.16800000E+01  .13729551E+01
  -.16400000E+01  .13587644E+01
  -.16000000E+01  .13444389E+01
  -.15600000E+01  .13299747E+01
  -.15200000E+01  .13153682E+01
  -.14800000E+01  .13006154E+01
  -.14400000E+01  .12857123E+01
  -.14000000E+01  .12706545E+01
  -.13600000E+01  .12554375E+01
  -.13200000E+01  .12400567E+01
  -.12800000E+01  .12245071E+01
  -.12400000E+01  .12087837E+01
  -.12000000E+01  .11928810E+01
  -.11600000E+01  .11767935E+01
  -.11200000E+01  .11605151E+01
  -.10800000E+01  .11440397E+01
  -.10400000E+01  .11273607E+01
  -.10000000E+01  .11104713E+01
  -.96000000E+00  .10933643E+01
  -.92000000E+00  .10760320E+01
  -.88000000E+00  .10584665E+01
  -.84000000E+00  .10406591E+01
  -.80000000E+00  .10226011E+01
  -.76000000E+00  .10042830E+01
  -.72000000E+00  .98569471E+00
  -.68000000E+00  .96682568E+00
  -.64000000E+00  .94766469E+00
  -.60000000E+00  .92819981E+00
  -.56000000E+00  .90841839E+00
  -.52000000E+00  .88830696E+00
  -.48000000E+00  .86785117E+00
  -.44000000E+00  .84703573E+00
  -.40000000E+00  .82584433E+00
  -.36000000E+00  .80425953E+00
  -.32000000E+00  .78226266E+00
  -.28000000E+00  .75983371E+00
  -.24000000E+00  .73695122E+00
  -.20000000E+00  .71359213E+00
  -.16000000E+00  .68973160E+00
  -.12000000E+00  .66534287E+00
  -.80000000E-01  .64039704E+00
  -.40000000E-01  .61486285E+00
   .12351231E-14  .58870643E+00
   .40000000E-01  .56189102E+00
   .80000000E-01  .53437662E+00
   .12000000E+00  .50611966E+00
   .16000000E+00  .47707257E+00
   .20000000E+00  .44718325E+00
   .24000000E+00  .41639459E+00
   .28000000E+00  .38464378E+00
   .32000000E+00  .35186157E+00
   .36000000E+00  .31797146E+00
   .40000000E+00  .28288864E+00
   .44000000E+00  .24651885E+00
   .48000000E+00  .20875703E+00
   .52000000E+00  .16948563E+00
   .56000000E+00  .12857274E+00
   .60000000E+00  .85869803E-01
   .64000000E+00  .41208811E-01
   .68000000E+00 -.56009709E-02
   .72000000E+00 -.54777031E-01
   .76000000E+00 -.10656852E+00
   .80000000E+00 -.16126228E+00
   .84000000E+00 -.21919032E+00
   .88000000E+00 -.28073908E+00
   .92000000E+00 -.34636123E+00
   .96000000E+00 -.41659051E+00
   .10000000E+01 -.49206080E+00
   .10400000E+01 -.57353099E+00
   .10800000E+01 -.66191740E+00
   .11200000E+01 -.75833704E+00
   .11600000E+01 -.86416594E+00
   .12000000E+01 -.98111905E+00
   .12400000E+01 -.11113617E+01
   .12800000E+01 -.12576680E+01
   .13200000E+01 -.14236516E+01
   .13600000E+01 -.16141097E+01
   .14000000E+01 -.18355513E+01
   .14400000E+01 -.20970359E+01
   .14800000E+01 -.24115605E+01
   .15200000E+01 -.27984594E+01
   .15600000E+01 -.32878061E+01
   .16000000E+01 -.39290735E+01
   .16400000E+01 -.48097888E+01
   .16800000E+01 -.61008383E+01
   .17200000E+01 -.81867300E+01
   .17600000E+01 -.12151165E+02
   .18000000E+01 -.22691110E+02
   .18400000E+01 -.13859145E+03
   .18800000E+01  .35092188E+02
   .19200000E+01  .15804130E+02
   .19600000E+01  .10276104E+02
   .20000000E+01  .76455883E+01
Potential  L  =        2.00000   -.10000
  -.20000000E+01  .14820870E+01
  -.19600000E+01  .14688616E+01
  -.19200000E+01  .14555255E+01
  -.18800000E+01  .14420761E+01
  -.18400000E+01  .14285106E+01
  -.18000000E+01  .14148262E+01
  -.17600000E+01  .14010199E+01
  -.17200000E+01  .13870886E+01
  -.16800000E+01  .13730291E+01
  -.16400000E+01  .13588382E+01
  -.16000000E+01  .13445122E+01
  -.15600000E+01  .13300476E+01
  -.15200000E+01  .13154407E+01
  -.14800000E+01  .13006874E+01
  -.14400000E+01  .12857837E+01
  -.14000000E+01  .12707252E+01
  -.13600000E+01  .12555075E+01
  -.13200000E+01  .12401260E+01
  -.12800000E+01  .12245756E+01
  -.12400000E+01  .12088512E+01
  -.12000000E+01  .11929476E+01
  -.11600000E+01  .11768589E+01
  -.11200000E+01  .11605794E+01
  -.10800000E+01  .11441028E+01
  -.10400000E+01  .11274225E+01
  -.10000000E+01  .11105317E+01
  -.96000000E+00  .10934231E+01
  -.92000000E+00  .10760892E+01
  -.88000000E+00  .10585219E+01
  -.84000000E+00  .10407127E+01
  -.80000000E+00  .10226527E+01
  -.76000000E+00  .10043325E+01
  -.72000000E+00  .98574204E+00
  -.68000000E+00  .96687071E+00
  -.64000000E+00  .94770731E+00
  -.60000000E+00  .92823993E+00
  -.56000000E+00  .90845589E+00
  -.52000000E+00  .88834175E+00
  -.48000000E+00  .86788318E+00
  -.44000000E+00  .84706490E+00
  -.40000000E+00  .82587060E+00
  -.36000000E+00  .80428287E+00
  -.32000000E+00  .78228307E+00
  -.28000000E+00  .75985123E+00
  -.24000000E+00  .73696594E+00
  -.20000000E+00  .71360417E+00
  -.16000000E+00  .68974115E+00
  -.12000000E+00  .66535020E+00
  -.80000000E-01  .64040250E+00
  -.40000000E-01  .61486691E+00
   .12351231E-14  .58870969E+00
   .40000000E-01  .56189421E+00
   .80000000E-01  .53438069E+00
   .12000000E+00  .50612577E+00
   .16000000E+00  .47708213E+00
   .20000000E+00  .44719800E+00
   .24000000E+00  .41641665E+00
   .28000000E+00  .38467571E+00
   .32000000E+00  .35190649E+00
   .36000000E+00  .31803312E+00
   .40000000E+00  .28297159E+00
   .44000000E+00  .24662859E+00
   .48000000E+00  .20890017E+00
   .52000000E+00  .16967018E+00
   .56000000E+00  .12880839E+00
   .60000000E+00  .86168251E-01
   .64000000E+00  .41584259E-01
   .68000000E+00 -.51312751E-02
   .72000000E+00 -.54192085E-01
   .76000000E+00 -.10584268E+00
   .80000000E+00 -.16036413E+00
   .84000000E+00 -.21808121E+00
   .88000000E+00 -.27937132E+00
   .92000000E+00 -.34467562E+00
   .96000000E+00 -.41451320E+00
   .10000000E+01 -.48949913E+00
   .10400000E+01 -.57036787E+00
   .10800000E+01 -.65800378E+00
   .11200000E+01 -.75348156E+00
   .11600000E+01 -.85812057E+00
   .12000000E+01 -.97355878E+00
   .12400000E+01 -.11018554E+01
   .12800000E+01 -.12456357E+01
   .13200000E+01 -.14083006E+01
   .13600000E+01 -.15943358E+01
   .14000000E+01 -.18097828E+01
   .14400000E+01 -.20629776E+01
   .14800000E+01 -.23657555E+01
   .15200000E+01 -.27355032E+01
   .15600000E+01 -.31988479E+01
   .16000000E+01 -.37987380E+01
   .16400000E+01 -.46092156E+01
   .16800000E+01 -.57697771E+01
   .17200000E+01 -.75782304E+01
   .17600000E+01 -.10804247E+02
   .18000000E+01 -.18236987E+02
   .18400000E+01 -.53937577E+02
   .18800000E+01  .60429155E+02
   .19200000E+01  .19749604E+02
   .19600000E+01  .11918487E+02
   .20000000E+01  .85814893E+01
Core Pot   L  =        3.00000    .00000
  -.20000000E+01  .16861942E+01
  -.19600000E+01  .16747603E+01
  -.19200000E+01  .16632572E+01
  -.18800000E+01  .16516835E+01
  -.18400000E+01  .16400381E+01
  -.18000000E+01  .16283198E+01
  -.17600000E+01  .16165273E+01
  -.17200000E+01  .16046593E+01
  -.16800000E+01  .15927144E+01
  -.16400000E+01  .15806914E+01
  -.16000000E+01  .15685887E+01
  -.15600000E+01  .15564049E+01
  -.15200000E+01  .15441386E+01
  -.14800000E+01  .15317881E+01
  -.14400000E+01  .15193520E+01
  -.14000000E+01  .15068285E+01
  -.13600000E+01  .14942160E+01
  -.13200000E+01  .14815128E+01
  -.12800000E+01  .14687170E+01
  -.12400000E+01  .14558269E+01
  -.12000000E+01  .14428406E+01
  -.11600000E+01  .14297561E+01
  -.11200000E+01  .14165714E+01
  -.10800000E+01  .14032844E+01
  -.10400000E+01  .13898930E+01
  -.10000000E+01  .13763949E+01
  -.96000000E+00  .13627879E+01
  -.92000000E+00  .13490697E+01
  -.88000000E+00  .13352377E+01
  -.84000000E+00  .13212894E+01
  -.80000000E+00  .13072223E+01
  -.76000000E+00  .12930337E+01
  -.72000000E+00  .12787207E+01
  -.68000000E+00  .12642805E+01
  -.64000000E+00  .12497100E+01
  -.60000000E+00  .12350062E+01
  -.56000000E+00  .12201659E+01
  -.52000000E+00  .12051856E+01
  -.48000000E+00  .11900621E+01
  -.44000000E+00  .11747915E+01
  -.40000000E+00  .11593703E+01
  -.36000000E+00  .11437946E+01
  -.32000000E+00  .11280603E+01
  -.28000000E+00  .11121633E+01
  -.24000000E+00  .10960991E+01
  -.20000000E+00  .10798634E+01
  -.16000000E+00  .10634513E+01
  -.12000000E+00  .10468579E+01
  -.80000000E-01  .10300782E+01
  -.40000000E-01  .10131068E+01
   .12351231E-14  .99593817E+00
   .40000000E-01  .97856646E+00
   .80000000E-01  .96098562E+00
   .12000000E+00  .94318933E+00
   .16000000E+00  .92517095E+00
   .20000000E+00  .90692356E+00
   .24000000E+00  .88843991E+00
   .28000000E+00  .86971241E+00
   .32000000E+00  .85073310E+00
   .36000000E+00  .83149362E+00
   .40000000E+00  .81198523E+00
   .44000000E+00  .79219873E+00
   .48000000E+00  .77212445E+00
   .52000000E+00  .75175224E+00
   .56000000E+00  .73107140E+00
   .60000000E+00  .71007068E+00
   .64000000E+00  .68873822E+00
   .68000000E+00  .66706149E+00
   .72000000E+00  .64502730E+00
   .76000000E+00  .62262168E+00
   .80000000E+00  .59982989E+00
   .84000000E+00  .57663631E+00
   .88000000E+00  .55302442E+00
   .92000000E+00  .52897667E+00
   .96000000E+00  .50447446E+00
   .10000000E+01  .47949804E+00
   .10400000E+01  .45402638E+00
   .10800000E+01  .42803713E+00
   .11200000E+01  .40150646E+00
   .11600000E+01  .37440892E+00
   .12000000E+01  .34671739E+00
   .12400000E+01  .31840281E+00
   .12800000E+01  .28943410E+00
   .13200000E+01  .25977798E+00
   .13600000E+01  .22939864E+00
   .14000000E+01  .19825766E+00
   .14400000E+01  .16631366E+00
   .14800000E+01  .13352206E+00
   .15200000E+01  .99834694E-01
   .15600000E+01  .65199515E-01
   .16000000E+01  .29560138E-01
   .16400000E+01 -.71446069E-02
   .16800000E+01 -.44981197E-01
   .17200000E+01 -.84022028E-01
   .17600000E+01 -.12434607E+00
   .18000000E+01 -.16603967E+00
   .18400000E+01 -.20919739E+00
   .18800000E+01 -.25392307E+00
   .19200000E+01 -.30033100E+00
   .19600000E+01 -.34854722E+00
   .20000000E+01 -.39871117E+00
Potential  L  =        3.00000    .00000
  -.20000000E+01  .16862653E+01
  -.19600000E+01  .16748320E+01
  -.19200000E+01  .16633293E+01
  -.18800000E+01  .16517562E+01
  -.18400000E+01  .16401114E+01
  -.18000000E+01  .16283937E+01
  -.17600000E+01  .16166018E+01
  -.17200000E+01  .16047344E+01
  -.16800000E+01  .15927902E+01
  -.16400000E+01  .15807678E+01
  -.16000000E+01  .15686658E+01
  -.15600000E+01  .15564827E+01
  -.15200000E+01  .15442170E+01
  -.14800000E+01  .15318673E+01
  -.14400000E+01  .15194318E+01
  -.14000000E+01  .15069091E+01
  -.13600000E+01  .14942973E+01
  -.13200000E+01  .14815948E+01
  -.12800000E+01  .14687998E+01
  -.12400000E+01  .14559105E+01
  -.12000000E+01  .14429249E+01
  -.11600000E+01  .14298412E+01
  -.11200000E+01  .14166572E+01
  -.10800000E+01  .14033710E+01
  -.10400000E+01  .13899803E+01
  -.10000000E+01  .13764830E+01
  -.96000000E+00  .13628767E+01
  -.92000000E+00  .13491592E+01
  -.88000000E+00  .13353279E+01
  -.84000000E+00  .13213803E+01
  -.80000000E+00  .13073139E+01
  -.76000000E+00  .12931259E+01
  -.72000000E+00  .12788135E+01
  -.68000000E+00  .12643739E+01
  -.64000000E+00  .12498039E+01
  -.60000000E+00  .12351006E+01
  -.56000000E+00  .12202607E+01
  -.52000000E+00  .12052809E+01
  -.48000000E+00  .11901576E+01
  -.44000000E+00  .11748873E+01
  -.40000000E+00  .11594662E+01
  -.36000000E+00  .11438906E+01
  -.32000000E+00  .11281562E+01
  -.28000000E+00  .11122591E+01
  -.24000000E+00  .10961947E+01
  -.20000000E+00  .10799585E+01
  -.16000000E+00  .10635458E+01
  -.12000000E+00  .10469518E+01
  -.80000000E-01  .10301712E+01
  -.40000000E-01  .10131987E+01
   .12351231E-14  .99602878E+00
   .40000000E-01  .97865554E+00
   .80000000E-01  .96107293E+00
   .12000000E+00  .94327458E+00
   .16000000E+00  .92525384E+00
   .20000000E+00  .90700376E+00
   .24000000E+00  .88851706E+00
   .28000000E+00  .86978611E+00
   .32000000E+00  .85080292E+00
   .36000000E+00  .83155910E+00
   .40000000E+00  .81204585E+00
   .44000000E+00  .79225392E+00
   .48000000E+00  .77217362E+00
   .52000000E+00  .75179471E+00
   .56000000E+00  .73110646E+00
   .60000000E+00  .71009753E+00
   .64000000E+00  .68875599E+00
   .68000000E+00  .66706924E+00
   .72000000E+00  .64502400E+00
   .76000000E+00  .62260621E+00
   .80000000E+00  .59980101E+00
   .84000000E+00  .57659269E+00
   .88000000E+00  .55296457E+00
   .92000000E+00  .52889900E+00
   .96000000E+00  .50437720E+00
   .10000000E+01  .47937926E+00
   .10400000E+01  .45388397E+00
   .10800000E+01  .42786877E+00
   .11200000E+01  .40130959E+00
   .11600000E+01  .37418077E+00
   .12000000E+01  .34645486E+00
   .12400000E+01  .31810253E+00
   .12800000E+01  .28909232E+00
   .13200000E+01  .25939061E+00
   .13600000E+01  .22896114E+00
   .14000000E+01  .19776502E+00
   .14400000E+01  .16576035E+00
   .14800000E+01  .13290192E+00
   .15200000E+01  .99140936E-01
   .15600000E+01  .64424585E-01
   .16000000E+01  .28695642E-01
   .16400000E+01 -.81080206E-02
   .16800000E+01 -.46053952E-01
   .17200000E+01 -.85215766E-01
   .17600000E+01 -.12567382E+00
   .18000000E+01 -.16751601E+00
   .18400000E+01 -.21083873E+00
   .18800000E+01 -.25574786E+00
   .19200000E+01 -.30236004E+00
   .19600000E+01 -.35080402E+00
   .20000000E+01 -.40122235E+00
Core Pot   L  =        4.00000    .00000
  -.20000000E+01  .19146762E+01
  -.19600000E+01  .19046667E+01
  -.19200000E+01  .18946134E+01
  -.18800000E+01  .18845115E+01
  -.18400000E+01  .18743640E+01
  -.18000000E+01  .18641665E+01
  -.17600000E+01  .18539217E+01
  -.17200000E+01  .18436279E+01
  -.16800000E+01  .18332853E+01
  -.16400000E+01  .18228903E+01
  -.16000000E+01  .18124461E+01
  -.15600000E+01  .18019489E+01
  -.15200000E+01  .17913992E+01
  -.14800000E+01  .17807963E+01
  -.14400000E+01  .17701396E+01
  -.14000000E+01  .17594284E+01
  -.13600000E+01  .17486613E+01
  -.13200000E+01  .17378370E+01
  -.12800000E+01  .17269575E+01
  -.12400000E+01  .17160196E+01
  -.12000000E+01  .17050216E+01
  -.11600000E+01  .16939652E+01
  -.11200000E+01  .16828490E+01
  -.10800000E+01  .16716698E+01
  -.10400000E+01  .16604301E+01
  -.10000000E+01  .16491259E+01
  -.96000000E+00  .16377583E+01
  -.92000000E+00  .16263249E+01
  -.88000000E+00  .16148252E+01
  -.84000000E+00  .16032588E+01
  -.80000000E+00  .15916233E+01
  -.76000000E+00  .15799199E+01
  -.72000000E+00  .15681445E+01
  -.68000000E+00  .15562991E+01
  -.64000000E+00  .15443801E+01
  -.60000000E+00  .15323874E+01
  -.56000000E+00  .15203188E+01
  -.52000000E+00  .15081749E+01
  -.48000000E+00  .14959528E+01
  -.44000000E+00  .14836516E+01
  -.40000000E+00  .14712703E+01
  -.36000000E+00  .14588071E+01
  -.32000000E+00  .14462601E+01
  -.28000000E+00  .14336299E+01
  -.24000000E+00  .14209128E+01
  -.20000000E+00  .14081078E+01
  -.16000000E+00  .13952136E+01
  -.12000000E+00  .13822279E+01
  -.80000000E-01  .13691511E+01
  -.40000000E-01  .13559793E+01
   .12351231E-14  .13427106E+01
   .40000000E-01  .13293455E+01
   .80000000E-01  .13158799E+01
   .12000000E+00  .13023127E+01
   .16000000E+00  .12886417E+01
   .20000000E+00  .12748651E+01
   .24000000E+00  .12609806E+01
   .28000000E+00  .12469860E+01
   .32000000E+00  .12328794E+01
   .36000000E+00  .12186582E+01
   .40000000E+00  .12043201E+01
   .44000000E+00  .11898626E+01
   .48000000E+00  .11752833E+01
   .52000000E+00  .11605794E+01
   .56000000E+00  .11457484E+01
   .60000000E+00  .11307875E+01
   .64000000E+00  .11156937E+01
   .68000000E+00  .11004641E+01
   .72000000E+00  .10850957E+01
   .76000000E+00  .10695853E+01
   .80000000E+00  .10539296E+01
   .84000000E+00  .10381252E+01
   .88000000E+00  .10221686E+01
   .92000000E+00  .10060562E+01
   .96000000E+00  .98978425E+00
   .10000000E+01  .97334881E+00
   .10400000E+01  .95674588E+00
   .10800000E+01  .93997126E+00
   .11200000E+01  .92302065E+00
   .11600000E+01  .90588949E+00
   .12000000E+01  .88857313E+00
   .12400000E+01  .87106673E+00
   .12800000E+01  .85336527E+00
   .13200000E+01  .83546347E+00
   .13600000E+01  .81735590E+00
   .14000000E+01  .79903691E+00
   .14400000E+01  .78050060E+00
   .14800000E+01  .76174085E+00
   .15200000E+01  .74275128E+00
   .15600000E+01  .72352521E+00
   .16000000E+01  .70405571E+00
   .16400000E+01  .68433554E+00
   .16800000E+01  .66435717E+00
   .17200000E+01  .64411271E+00
   .17600000E+01  .62359392E+00
   .18000000E+01  .60279222E+00
   .18400000E+01  .58169857E+00
   .18800000E+01  .56030357E+00
   .19200000E+01  .53859738E+00
   .19600000E+01  .51656966E+00
   .20000000E+01  .49420959E+00
Potential  L  =        4.00000    .00000
  -.20000000E+01  .19147244E+01
  -.19600000E+01  .19047164E+01
  -.19200000E+01  .18946623E+01
  -.18800000E+01  .18845616E+01
  -.18400000E+01  .18744137E+01
  -.18000000E+01  .18642179E+01
  -.17600000E+01  .18539736E+01
  -.17200000E+01  .18436803E+01
  -.16800000E+01  .18333371E+01
  -.16400000E+01  .18229436E+01
  -.16000000E+01  .18124990E+01
  -.15600000E+01  .18020026E+01
  -.15200000E+01  .17914537E+01
  -.14800000E+01  .17808516E+01
  -.14400000E+01  .17701955E+01
  -.14000000E+01  .17594848E+01
  -.13600000E+01  .17487186E+01
  -.13200000E+01  .17378962E+01
  -.12800000E+01  .17270167E+01
  -.12400000E+01  .17160794E+01
  -.12000000E+01  .17050833E+01
  -.11600000E+01  .16940278E+01
  -.11200000E+01  .16829117E+01
  -.10800000E+01  .16717344E+01
  -.10400000E+01  .16604948E+01
  -.10000000E+01  .16491920E+01
  -.96000000E+00  .16378251E+01
  -.92000000E+00  .16263931E+01
  -.88000000E+00  .16148949E+01
  -.84000000E+00  .16033296E+01
  -.80000000E+00  .15916961E+01
  -.76000000E+00  .15799933E+01
  -.72000000E+00  .15682201E+01
  -.68000000E+00  .15563753E+01
  -.64000000E+00  .15444579E+01
  -.60000000E+00  .15324666E+01
  -.56000000E+00  .15204001E+01
  -.52000000E+00  .15082574E+01
  -.48000000E+00  .14960370E+01
  -.44000000E+00  .14837376E+01
  -.40000000E+00  .14713579E+01
  -.36000000E+00  .14588966E+01
  -.32000000E+00  .14463521E+01
  -.28000000E+00  .14337230E+01
  -.24000000E+00  .14210079E+01
  -.20000000E+00  .14082051E+01
  -.16000000E+00  .13953131E+01
  -.12000000E+00  .13823303E+01
  -.80000000E-01  .13692550E+01
  -.40000000E-01  .13560855E+01
   .12351231E-14  .13428199E+01
   .40000000E-01  .13294566E+01
   .80000000E-01  .13159935E+01
   .12000000E+00  .13024289E+01
   .16000000E+00  .12887606E+01
   .20000000E+00  .12749867E+01
   .24000000E+00  .12611051E+01
   .28000000E+00  .12471135E+01
   .32000000E+00  .12330098E+01
   .36000000E+00  .12187917E+01
   .40000000E+00  .12044568E+01
   .44000000E+00  .11900026E+01
   .48000000E+00  .11754265E+01
   .52000000E+00  .11607262E+01
   .56000000E+00  .11458987E+01
   .60000000E+00  .11309414E+01
   .64000000E+00  .11158514E+01
   .68000000E+00  .11006256E+01
   .72000000E+00  .10852612E+01
   .76000000E+00  .10697548E+01
   .80000000E+00  .10541032E+01
   .84000000E+00  .10383031E+01
   .88000000E+00  .10223509E+01
   .92000000E+00  .10062431E+01
   .96000000E+00  .98997575E+00
   .10000000E+01  .97354506E+00
   .10400000E+01  .95694702E+00
   .10800000E+01  .94017741E+00
   .11200000E+01  .92323192E+00
   .11600000E+01  .90610604E+00
   .12000000E+01  .88879510E+00
   .12400000E+01  .87129426E+00
   .12800000E+01  .85359848E+00
   .13200000E+01  .83570252E+00
   .13600000E+01  .81760094E+00
   .14000000E+01  .79928810E+00
   .14400000E+01  .78075810E+00
   .14800000E+01  .76200481E+00
   .15200000E+01  .74302185E+00
   .15600000E+01  .72380258E+00
   .16000000E+01  .70434004E+00
   .16400000E+01  .68462702E+00
   .16800000E+01  .66465596E+00
   .17200000E+01  .64441899E+00
   .17600000E+01  .62390786E+00
   .18000000E+01  .60311400E+00
   .18400000E+01  .58202839E+00
   .18800000E+01  .56064163E+00
   .19200000E+01  .53894386E+00
   .19600000E+01  .51692476E+00
   .20000000E+01  .49457350E+00
KBPotential  L  =       .00000   -.40335
  -.20000000E+01  .12312201E+01
  -.19600000E+01  .12148072E+01
  -.19200000E+01  .11981791E+01
  -.18800000E+01  .11813280E+01
  -.18400000E+01  .11642456E+01
  -.18000000E+01  .11469230E+01
  -.17600000E+01  .11293509E+01
  -.17200000E+01  .11115194E+01
  -.16800000E+01  .10934179E+01
  -.16400000E+01  .10750355E+01
  -.16000000E+01  .10563601E+01
  -.15600000E+01  .10373791E+01
  -.15200000E+01  .10180791E+01
  -.14800000E+01  .99844580E+00
  -.14400000E+01  .97846374E+00
  -.14000000E+01  .95811653E+00
  -.13600000E+01  .93738658E+00
  -.13200000E+01  .91625496E+00
  -.12800000E+01  .89470152E+00
  -.12400000E+01  .87270433E+00
  -.12000000E+01  .85023991E+00
  -.11600000E+01  .82728289E+00
  -.11200000E+01  .80380582E+00
  -.10800000E+01  .77977900E+00
  -.10400000E+01  .75517017E+00
  -.10000000E+01  .72994430E+00
  -.96000000E+00  .70406322E+00
  -.92000000E+00  .67748527E+00
  -.88000000E+00  .65016489E+00
  -.84000000E+00  .62205215E+00
  -.80000000E+00  .59309218E+00
  -.76000000E+00  .56322456E+00
  -.72000000E+00  .53238257E+00
  -.68000000E+00  .50049233E+00
  -.64000000E+00  .46747182E+00
  -.60000000E+00  .43322972E+00
  -.56000000E+00  .39766398E+00
  -.52000000E+00  .36066024E+00
  -.48000000E+00  .32208989E+00
  -.44000000E+00  .28180769E+00
  -.40000000E+00  .23964905E+00
  -.36000000E+00  .19542665E+00
  -.32000000E+00  .14892627E+00
  -.28000000E+00  .99901862E-01
  -.24000000E+00  .48069281E-01
  -.20000000E+00 -.69013879E-02
  -.16000000E+00 -.65395500E-01
  -.12000000E+00 -.12786606E+00
  -.80000000E-01 -.19484931E+00
  -.40000000E-01 -.26698487E+00
   .12351231E-14 -.34504196E+00
   .40000000E-01 -.42995413E+00
   .80000000E-01 -.52286569E+00
   .12000000E+00 -.62519495E+00
   .16000000E+00 -.73872158E+00
   .20000000E+00 -.86570975E+00
   .24000000E+00 -.10090853E+01
   .28000000E+00 -.11726969E+01
   .32000000E+00 -.13617111E+01
   .36000000E+00 -.15832304E+01
   .40000000E+00 -.18472938E+01
   .44000000E+00 -.21685702E+01
   .48000000E+00 -.25693775E+01
   .52000000E+00 -.30854164E+01
   .56000000E+00 -.37775737E+01
   .60000000E+00 -.47588942E+01
   .64000000E+00 -.62656586E+01
   .68000000E+00 -.88882521E+01
   .72000000E+00 -.14632014E+02
   .76000000E+00 -.37493004E+02
   .80000000E+00  .77648594E+02
   .84000000E+00  .19751433E+02
   .88000000E+00  .11512364E+02
   .92000000E+00  .82080277E+01
   .96000000E+00  .64199855E+01
   .10000000E+01  .52946876E+01
   .10400000E+01  .45178135E+01
   .10800000E+01  .39464780E+01
   .11200000E+01  .35063068E+01
   .11600000E+01  .31546698E+01
   .12000000E+01  .28652186E+01
   .12400000E+01  .26205061E+01
   .12800000E+01  .24079386E+01
   .13200000E+01  .22167829E+01
   .13600000E+01  .20334044E+01
   .14000000E+01  .18186134E+01
   .14400000E+01  .69928365E+00
   .14800000E+01  .19823533E+01
   .15200000E+01  .17518537E+01
   .15600000E+01  .16193566E+01
   .16000000E+01  .15131666E+01
   .16400000E+01  .14201385E+01
   .16800000E+01  .13356302E+01
   .17200000E+01  .12573723E+01
   .17600000E+01  .11840136E+01
   .18000000E+01  .11146424E+01
   .18400000E+01  .10485907E+01
   .18800000E+01  .98534208E+00
   .19200000E+01  .92448154E+00
   .19600000E+01  .86566665E+00
   .20000000E+01  .80860883E+00
KBPotential  L  =      1.00000   -.20000
  -.20000000E+01  .13296950E+01
  -.19600000E+01  .13149166E+01
  -.19200000E+01  .12999867E+01
  -.18800000E+01  .12849009E+01
  -.18400000E+01  .12696546E+01
  -.18000000E+01  .12542431E+01
  -.17600000E+01  .12386613E+01
  -.17200000E+01  .12229041E+01
  -.16800000E+01  .12069659E+01
  -.16400000E+01  .11908410E+01
  -.16000000E+01  .11745233E+01
  -.15600000E+01  .11580065E+01
  -.15200000E+01  .11412837E+01
  -.14800000E+01  .11243481E+01
  -.14400000E+01  .11071920E+01
  -.14000000E+01  .10898077E+01
  -.13600000E+01  .10721868E+01
  -.13200000E+01  .10543205E+01
  -.12800000E+01  .10361995E+01
  -.12400000E+01  .10178139E+01
  -.12000000E+01  .99915335E+00
  -.11600000E+01  .98020658E+00
  -.11200000E+01  .96096179E+00
  -.10800000E+01  .94140635E+00
  -.10400000E+01  .92152681E+00
  -.10000000E+01  .90130878E+00
  -.96000000E+00  .88073687E+00
  -.92000000E+00  .85979461E+00
  -.88000000E+00  .83846431E+00
  -.84000000E+00  .81672694E+00
  -.80000000E+00  .79456205E+00
  -.76000000E+00  .77194754E+00
  -.72000000E+00  .74885954E+00
  -.68000000E+00  .72527223E+00
  -.64000000E+00  .70115755E+00
  -.60000000E+00  .67648503E+00
  -.56000000E+00  .65122143E+00
  -.52000000E+00  .62533046E+00
  -.48000000E+00  .59877237E+00
  -.44000000E+00  .57150353E+00
  -.40000000E+00  .54347589E+00
  -.36000000E+00  .51463640E+00
  -.32000000E+00  .48492631E+00
  -.28000000E+00  .45428034E+00
  -.24000000E+00  .42262573E+00
  -.20000000E+00  .38988104E+00
  -.16000000E+00  .35595484E+00
  -.12000000E+00  .32074399E+00
  -.80000000E-01  .28413169E+00
  -.40000000E-01  .24598505E+00
   .12351231E-14  .20615209E+00
   .40000000E-01  .16445814E+00
   .80000000E-01  .12070129E+00
   .12000000E+00  .74646687E-01
   .16000000E+00  .26019393E-01
   .20000000E+00 -.25504758E-01
   .24000000E+00 -.80310941E-01
   .28000000E+00 -.13886070E+00
   .32000000E+00 -.20171221E+00
   .36000000E+00 -.26954738E+00
   .40000000E+00 -.34320868E+00
   .44000000E+00 -.42375001E+00
   .48000000E+00 -.51250820E+00
   .52000000E+00 -.61120586E+00
   .56000000E+00 -.72210261E+00
   .60000000E+00 -.84822362E+00
   .64000000E+00 -.99371603E+00
   .68000000E+00 -.11644250E+01
   .72000000E+00 -.13688660E+01
   .76000000E+00 -.16199512E+01
   .80000000E+00 -.19382566E+01
   .84000000E+00 -.23587096E+01
   .88000000E+00 -.29457644E+01
   .92000000E+00 -.38329991E+01
   .96000000E+00 -.53497993E+01
   .10000000E+01 -.85878813E+01
   .10400000E+01 -.20636101E+02
   .10800000E+01  .55715070E+02
   .11200000E+01  .11952653E+02
   .11600000E+01  .66854298E+01
   .12000000E+01  .46159534E+01
   .12400000E+01  .34977961E+01
   .12800000E+01  .27889457E+01
   .13200000E+01  .22930210E+01
   .13600000E+01  .19216191E+01
   .14000000E+01  .16290422E+01
   .14400000E+01  .13892638E+01
   .14800000E+01  .11863482E+01
   .15200000E+01  .10099703E+01
   .15600000E+01  .85312354E+00
   .16000000E+01  .71086419E+00
   .16400000E+01  .57958308E+00
   .16800000E+01  .45656198E+00
   .17200000E+01  .33969250E+00
   .17600000E+01  .22729162E+00
   .18000000E+01  .11797643E+00
   .18400000E+01  .10576225E-01
   .18800000E+01 -.95931132E-01
   .19200000E+01 -.20246706E+00
   .19600000E+01 -.30988972E+00
   .20000000E+01 -.41902489E+00
KBPotential  L  =      2.00000    .00000
  -.20000000E+01  .14820870E+01
  -.19600000E+01  .14688616E+01
  -.19200000E+01  .14555255E+01
  -.18800000E+01  .14420761E+01
  -.18400000E+01  .14285106E+01
  -.18000000E+01  .14148262E+01
  -.17600000E+01  .14010199E+01
  -.17200000E+01  .13870886E+01
  -.16800000E+01  .13730291E+01
  -.16400000E+01  .13588382E+01
  -.16000000E+01  .13445122E+01
  -.15600000E+01  .13300476E+01
  -.15200000E+01  .13154407E+01
  -.14800000E+01  .13006874E+01
  -.14400000E+01  .12857837E+01
  -.14000000E+01  .12707252E+01
  -.13600000E+01  .12555075E+01
  -.13200000E+01  .12401260E+01
  -.12800000E+01  .12245756E+01
  -.12400000E+01  .12088512E+01
  -.12000000E+01  .11929476E+01
  -.11600000E+01  .11768589E+01
  -.11200000E+01  .11605794E+01
  -.10800000E+01  .11441028E+01
  -.10400000E+01  .11274225E+01
  -.10000000E+01  .11105317E+01
  -.96000000E+00  .10934231E+01
  -.92000000E+00  .10760892E+01
  -.88000000E+00  .10585219E+01
  -.84000000E+00  .10407127E+01
  -.80000000E+00  .10226527E+01
  -.76000000E+00  .10043325E+01
  -.72000000E+00  .98574204E+00
  -.68000000E+00  .96687071E+00
  -.64000000E+00  .94770731E+00
  -.60000000E+00  .92823993E+00
  -.56000000E+00  .90845589E+00
  -.52000000E+00  .88834175E+00
  -.48000000E+00  .86788318E+00
  -.44000000E+00  .84706490E+00
  -.40000000E+00  .82587060E+00
  -.36000000E+00  .80428287E+00
  -.32000000E+00  .78228307E+00
  -.28000000E+00  .75985123E+00
  -.24000000E+00  .73696594E+00
  -.20000000E+00  .71360417E+00
  -.16000000E+00  .68974115E+00
  -.12000000E+00  .66535020E+00
  -.80000000E-01  .64040250E+00
  -.40000000E-01  .61486691E+00
   .12351231E-14  .58870969E+00
   .40000000E-01  .56189421E+00
   .80000000E-01  .53438069E+00
   .12000000E+00  .50612577E+00
   .16000000E+00  .47708213E+00
   .20000000E+00  .44719800E+00
   .24000000E+00  .41641665E+00
   .28000000E+00  .38467571E+00
   .32000000E+00  .35190649E+00
   .36000000E+00  .31803312E+00
   .40000000E+00  .28297159E+00
   .44000000E+00  .24662859E+00
   .48000000E+00  .20890017E+00
   .52000000E+00  .16967018E+00
   .56000000E+00  .12880839E+00
   .60000000E+00  .86168251E-01
   .64000000E+00  .41584259E-01
   .68000000E+00 -.51312751E-02
   .72000000E+00 -.54192085E-01
   .76000000E+00 -.10584268E+00
   .80000000E+00 -.16036413E+00
   .84000000E+00 -.21808121E+00
   .88000000E+00 -.27937132E+00
   .92000000E+00 -.34467562E+00
   .96000000E+00 -.41451320E+00
   .10000000E+01 -.48949913E+00
   .10400000E+01 -.57036787E+00
   .10800000E+01 -.65800378E+00
   .11200000E+01 -.75348156E+00
   .11600000E+01 -.85812057E+00
   .12000000E+01 -.97355878E+00
   .12400000E+01 -.11018554E+01
   .12800000E+01 -.12456357E+01
   .13200000E+01 -.14083006E+01
   .13600000E+01 -.15943358E+01
   .14000000E+01 -.18097828E+01
   .14400000E+01 -.20629776E+01
   .14800000E+01 -.23657555E+01
   .15200000E+01 -.27355032E+01
   .15600000E+01 -.31988479E+01
   .16000000E+01 -.37987380E+01
   .16400000E+01 -.46092156E+01
   .16800000E+01 -.57697771E+01
   .17200000E+01 -.75782304E+01
   .17600000E+01 -.10804247E+02
   .18000000E+01 -.18236987E+02
   .18400000E+01 -.53937577E+02
   .18800000E+01  .60429155E+02
   .19200000E+01  .19749604E+02
   .19600000E+01  .11918487E+02
   .20000000E+01  .85814893E+01
KBPotential  L  =      3.00000    .00000
  -.20000000E+01  .16862653E+01
  -.19600000E+01  .16748320E+01
  -.19200000E+01  .16633293E+01
  -.18800000E+01  .16517562E+01
  -.18400000E+01  .16401114E+01
  -.18000000E+01  .16283937E+01
  -.17600000E+01  .16166018E+01
  -.17200000E+01  .16047344E+01
  -.16800000E+01  .15927902E+01
  -.16400000E+01  .15807678E+01
  -.16000000E+01  .15686658E+01
  -.15600000E+01  .15564827E+01
  -.15200000E+01  .15442170E+01
  -.14800000E+01  .15318673E+01
  -.14400000E+01  .15194318E+01
  -.14000000E+01  .15069091E+01
  -.13600000E+01  .14942973E+01
  -.13200000E+01  .14815948E+01
  -.12800000E+01  .14687998E+01
  -.12400000E+01  .14559105E+01
  -.12000000E+01  .14429249E+01
  -.11600000E+01  .14298412E+01
  -.11200000E+01  .14166572E+01
  -.10800000E+01  .14033710E+01
  -.10400000E+01  .13899803E+01
  -.10000000E+01  .13764830E+01
  -.96000000E+00  .13628767E+01
  -.92000000E+00  .13491592E+01
  -.88000000E+00  .13353279E+01
  -.84000000E+00  .13213803E+01
  -.80000000E+00  .13073139E+01
  -.76000000E+00  .12931259E+01
  -.72000000E+00  .12788135E+01
  -.68000000E+00  .12643739E+01
  -.64000000E+00  .12498039E+01
  -.60000000E+00  .12351006E+01
  -.56000000E+00  .12202607E+01
  -.52000000E+00  .12052809E+01
  -.48000000E+00  .11901576E+01
  -.44000000E+00  .11748873E+01
  -.40000000E+00  .11594662E+01
  -.36000000E+00  .11438906E+01
  -.32000000E+00  .11281562E+01
  -.28000000E+00  .11122591E+01
  -.24000000E+00  .10961947E+01
  -.20000000E+00  .10799585E+01
  -.16000000E+00  .10635458E+01
  -.12000000E+00  .10469518E+01
  -.80000000E-01  .10301712E+01
  -.40000000E-01  .10131987E+01
   .12351231E-14  .99602878E+00
   .40000000E-01  .97865554E+00
   .80000000E-01  .96107293E+00
   .12000000E+00  .94327458E+00
   .16000000E+00  .92525384E+00
   .20000000E+00  .90700376E+00
   .24000000E+00  .88851706E+00
   .28000000E+00  .86978611E+00
   .32000000E+00  .85080292E+00
   .36000000E+00  .83155910E+00
   .40000000E+00  .81204585E+00
   .44000000E+00  .79225392E+00
   .48000000E+00  .77217362E+00
   .52000000E+00  .75179471E+00
   .56000000E+00  .73110646E+00
   .60000000E+00  .71009753E+00
   .64000000E+00  .68875599E+00
   .68000000E+00  .66706924E+00
   .72000000E+00  .64502400E+00
   .76000000E+00  .62260621E+00
   .80000000E+00  .59980101E+00
   .84000000E+00  .57659269E+00
   .88000000E+00  .55296457E+00
   .92000000E+00  .52889900E+00
   .96000000E+00  .50437720E+00
   .10000000E+01  .47937926E+00
   .10400000E+01  .45388397E+00
   .10800000E+01  .42786877E+00
   .11200000E+01  .40130959E+00
   .11600000E+01  .37418077E+00
   .12000000E+01  .34645486E+00
   .12400000E+01  .31810253E+00
   .12800000E+01  .28909232E+00
   .13200000E+01  .25939061E+00
   .13600000E+01  .22896114E+00
   .14000000E+01  .19776502E+00
   .14400000E+01  .16576035E+00
   .14800000E+01  .13290192E+00
   .15200000E+01  .99140936E-01
   .15600000E+01  .64424585E-01
   .16000000E+01  .28695642E-01
   .16400000E+01 -.81080206E-02
   .16800000E+01 -.46053952E-01
   .17200000E+01 -.85215766E-01
   .17600000E+01 -.12567382E+00
   .18000000E+01 -.16751601E+00
   .18400000E+01 -.21083873E+00
   .18800000E+01 -.25574786E+00
   .19200000E+01 -.30236004E+00
   .19600000E+01 -.35080402E+00
   .20000000E+01 -.40122235E+00
KBPotential  L  =      4.00000    .00000
  -.20000000E+01  .19147244E+01
  -.19600000E+01  .19047164E+01
  -.19200000E+01  .18946623E+01
  -.18800000E+01  .18845616E+01
  -.18400000E+01  .18744137E+01
  -.18000000E+01  .18642179E+01
  -.17600000E+01  .18539736E+01
  -.17200000E+01  .18436803E+01
  -.16800000E+01  .18333371E+01
  -.16400000E+01  .18229436E+01
  -.16000000E+01  .18124990E+01
  -.15600000E+01  .18020026E+01
  -.15200000E+01  .17914537E+01
  -.14800000E+01  .17808516E+01
  -.14400000E+01  .17701955E+01
  -.14000000E+01  .17594848E+01
  -.13600000E+01  .17487186E+01
  -.13200000E+01  .17378962E+01
  -.12800000E+01  .17270167E+01
  -.12400000E+01  .17160794E+01
  -.12000000E+01  .17050833E+01
  -.11600000E+01  .16940278E+01
  -.11200000E+01  .16829117E+01
  -.10800000E+01  .16717344E+01
  -.10400000E+01  .16604948E+01
  -.10000000E+01  .16491920E+01
  -.96000000E+00  .16378251E+01
  -.92000000E+00  .16263931E+01
  -.88000000E+00  .16148949E+01
  -.84000000E+00  .16033296E+01
  -.80000000E+00  .15916961E+01
  -.76000000E+00  .15799933E+01
  -.72000000E+00  .15682201E+01
  -.68000000E+00  .15563753E+01
  -.64000000E+00  .15444579E+01
  -.60000000E+00  .15324666E+01
  -.56000000E+00  .15204001E+01
  -.52000000E+00  .15082574E+01
  -.48000000E+00  .14960370E+01
  -.44000000E+00  .14837376E+01
  -.40000000E+00  .14713579E+01
  -.36000000E+00  .14588966E+01
  -.32000000E+00  .14463521E+01
  -.28000000E+00  .14337230E+01
  -.24000000E+00  .14210079E+01
  -.20000000E+00  .14082051E+01
  -.16000000E+00  .13953131E+01
  -.12000000E+00  .13823303E+01
  -.80000000E-01  .13692550E+01
  -.40000000E-01  .13560855E+01
   .12351231E-14  .13428199E+01
   .40000000E-01  .13294566E+01
   .80000000E-01  .13159935E+01
   .12000000E+00  .13024289E+01
   .16000000E+00  .12887606E+01
   .20000000E+00  .12749867E+01
   .24000000E+00  .12611051E+01
   .28000000E+00  .12471135E+01
   .32000000E+00  .12330098E+01
   .36000000E+00  .12187917E+01
   .40000000E+00  .12044568E+01
   .44000000E+00  .11900026E+01
   .48000000E+00  .11754265E+01
   .52000000E+00  .11607262E+01
   .56000000E+00  .11458987E+01
   .60000000E+00  .11309414E+01
   .64000000E+00  .11158514E+01
   .68000000E+00  .11006256E+01
   .72000000E+00  .10852612E+01
   .76000000E+00  .10697548E+01
   .80000000E+00  .10541032E+01
   .84000000E+00  .10383031E+01
   .88000000E+00  .10223509E+01
   .92000000E+00  .10062431E+01
   .96000000E+00  .98997575E+00
   .10000000E+01  .97354506E+00
   .10400000E+01  .95694702E+00
   .10800000E+01  .94017741E+00
   .11200000E+01  .92323192E+00
   .11600000E+01  .90610604E+00
   .12000000E+01  .88879510E+00
   .12400000E+01  .87129426E+00
   .12800000E+01  .85359848E+00
   .13200000E+01  .83570252E+00
   .13600000E+01  .81760094E+00
   .14000000E+01  .79928810E+00
   .14400000E+01  .78075810E+00
   .14800000E+01  .76200481E+00
   .15200000E+01  .74302185E+00
   .15600000E+01  .72380258E+00
   .16000000E+01  .70434004E+00
   .16400000E+01  .68462702E+00
   .16800000E+01  .66465596E+00
   .17200000E+01  .64441899E+00
   .17600000E+01  .62390786E+00
   .18000000E+01  .60311400E+00
   .18400000E+01  .58202839E+00
   .18800000E+01  .56064163E+00
   .19200000E+01  .53894386E+00
   .19600000E+01  .51692476E+00
   .20000000E+01  .49457350E+00
