Ag : s1 d10                             
  .194587557E-01  .197518582E-01  .200493626E-01  .203513346E-01  .206578410E-01
  .209689495E-01  .212847291E-01  .216052493E-01  .219305812E-01  .222607966E-01
  .225959684E-01  .229361706E-01  .232814785E-01  .236319682E-01  .239877171E-01
  .243488037E-01  .247153077E-01  .250873100E-01  .254648927E-01  .258481389E-01
  .262371333E-01  .266319615E-01  .270327107E-01  .274394691E-01  .278523263E-01
  .282713733E-01  .286967023E-01  .291284071E-01  .295665827E-01  .300113255E-01
  .304627334E-01  .309209057E-01  .313859431E-01  .318579480E-01  .323370242E-01
  .328232769E-01  .333168129E-01  .338177408E-01  .343261706E-01  .348422140E-01
  .353659842E-01  .358975962E-01  .364371668E-01  .369848142E-01  .375406587E-01
  .381048221E-01  .386774282E-01  .392586024E-01  .398484722E-01  .404471667E-01
  .410548171E-01  .416715566E-01  .422975200E-01  .429328445E-01  .435776690E-01
  .442321347E-01  .448963846E-01  .455705640E-01  .462548204E-01  .469493031E-01
  .476541640E-01  .483695570E-01  .490956384E-01  .498325666E-01  .505805024E-01
  .513396091E-01  .521100523E-01  .528919998E-01  .536856223E-01  .544910927E-01
  .553085863E-01  .561382814E-01  .569803585E-01  .578350010E-01  .587023949E-01
  .595827288E-01  .604761942E-01  .613829853E-01  .623032993E-01  .632373361E-01
  .641852985E-01  .651473925E-01  .661238269E-01  .671148135E-01  .681205673E-01
  .691413065E-01  .701772524E-01  .712286293E-01  .722956652E-01  .733785910E-01
  .744776413E-01  .755930539E-01  .767250701E-01  .778739347E-01  .790398961E-01
  .802232064E-01  .814241210E-01  .826428995E-01  .838798048E-01  .851351040E-01
  .864090678E-01  .877019709E-01  .890140920E-01  .903457140E-01  .916971235E-01
  .930686116E-01  .944604734E-01  .958730085E-01  .973065205E-01  .987613177E-01
  .100237713E+00  .101736023E+00  .103256569E+00  .104799678E+00  .106365682E+00
  .107954915E+00  .109567719E+00  .111204438E+00  .112865424E+00  .114551033E+00
  .116261624E+00  .117997564E+00  .119759223E+00  .121546979E+00  .123361213E+00
  .125202313E+00  .127070671E+00  .128966686E+00  .130890762E+00  .132843309E+00
  .134824743E+00  .136835486E+00  .138875966E+00  .140946617E+00  .143047879E+00
  .145180198E+00  .147344027E+00  .149539827E+00  .151768061E+00  .154029204E+00
  .156323734E+00  .158652137E+00  .161014906E+00  .163412542E+00  .165845551E+00
  .168314448E+00  .170819753E+00  .173361997E+00  .175941716E+00  .178559453E+00
  .181215761E+00  .183911200E+00  .186646336E+00  .189421745E+00  .192238011E+00
  .195095726E+00  .197995491E+00  .200937913E+00  .203923611E+00  .206953210E+00
  .210027345E+00  .213146661E+00  .216311809E+00  .219523452E+00  .222782261E+00
  .226088917E+00  .229444111E+00  .232848542E+00  .236302919E+00  .239807964E+00
  .243364404E+00  .246972982E+00  .250634446E+00  .254349557E+00  .258119088E+00
  .261943819E+00  .265824545E+00  .269762068E+00  .273757206E+00  .277810783E+00
  .281923638E+00  .286096621E+00  .290330594E+00  .294626429E+00  .298985013E+00
  .303407242E+00  .307894028E+00  .312446293E+00  .317064972E+00  .321751013E+00
  .326505380E+00  .331329045E+00  .336222996E+00  .341188237E+00  .346225782E+00
  .351336660E+00  .356521915E+00  .361782605E+00  .367119801E+00  .372534591E+00
  .378028077E+00  .383601374E+00  .389255616E+00  .394991949E+00  .400811537E+00
  .406715558E+00  .412705207E+00  .418781695E+00  .424946250E+00  .431200115E+00
  .437544552E+00  .443980838E+00  .450510268E+00  .457134156E+00  .463853831E+00
  .470670641E+00  .477585953E+00  .484601152E+00  .491717641E+00  .498936841E+00
  .506260194E+00  .513689160E+00  .521225219E+00  .528869870E+00  .536624633E+00
  .544491048E+00  .552470674E+00  .560565093E+00  .568775906E+00  .577104737E+00
  .585553229E+00  .594123050E+00  .602815887E+00  .611633450E+00  .620577473E+00
  .629649711E+00  .638851942E+00  .648185970E+00  .657653619E+00  .667256739E+00
  .676997203E+00  .686876909E+00  .696897781E+00  .707061765E+00  .717370834E+00
  .727826987E+00  .738432248E+00  .749188668E+00  .760098324E+00  .771163318E+00
  .782385782E+00  .793767874E+00  .805311779E+00  .817019711E+00  .828893912E+00
  .840936653E+00  .853150232E+00  .865536978E+00  .878099250E+00  .890839435E+00
  .903759952E+00  .916863249E+00  .930151806E+00  .943628134E+00  .957294775E+00
  .971154303E+00  .985209325E+00  .999462479E+00  .101391644E+01  .102857390E+01
  .104343762E+01  .105851035E+01  .107379491E+01  .108929414E+01  .110501092E+01
  .112094815E+01  .113710878E+01  .115349580E+01  .117011223E+01  .118696112E+01
  .120404556E+01  .122136870E+01  .123893369E+01  .125674375E+01  .127480212E+01
  .129311209E+01  .131167697E+01  .133050014E+01  .134958500E+01  .136893499E+01
  .138855360E+01  .140844436E+01  .142861083E+01  .144905663E+01  .146978541E+01
  .149080086E+01  .151210672E+01  .153370678E+01  .155560486E+01  .157780483E+01
  .160031061E+01  .162312617E+01  .164625549E+01  .166970264E+01  .169347172E+01
  .171756687E+01  .174199227E+01  .176675218E+01  .179185088E+01  .181729270E+01
  .184308202E+01  .186922329E+01  .189572097E+01  .192257961E+01  .194980379E+01
  .197739812E+01  .200536731E+01  .203371608E+01  .206244922E+01  .209157157E+01
  .212108801E+01  .215100348E+01  .218132299E+01  .221205159E+01  .224319436E+01
  .227475648E+01  .230674314E+01  .233915963E+01  .237201124E+01  .240530337E+01
  .243904145E+01  .247323095E+01  .250787743E+01  .254298648E+01  .257856376E+01
  .261461499E+01  .265114594E+01  .268816243E+01  .272567036E+01  .276367567E+01
  .280218437E+01  .284120251E+01  .288073623E+01  .292079170E+01  .296137517E+01
  .300249294E+01  .304415137E+01  .308635688E+01  .312911595E+01  .317243513E+01
  .321632101E+01  .326078028E+01  .330581964E+01  .335144589E+01  .339766587E+01
  .344448650E+01  .349191474E+01  .353995763E+01  .358862227E+01  .363791581E+01
  .368784546E+01  .373841851E+01  .378964231E+01  .384152424E+01  .389407179E+01
  .394729248E+01  .400119389E+01  .405578369E+01  .411106957E+01  .416705932E+01
  .422376077E+01  .428118182E+01  .433933043E+01  .439821461E+01  .445784245E+01
  .451822209E+01  .457936172E+01  .464126960E+01  .470395407E+01  .476742348E+01
  .483168629E+01  .489675099E+01  .496262614E+01  .502932034E+01  .509684226E+01
  .516520064E+01  .523440426E+01  .530446195E+01  .537538260E+01  .544717517E+01
  .551984866E+01  .559341212E+01  .566787466E+01  .574324544E+01  .581953366E+01
  .589674860E+01  .597489955E+01  .605399588E+01  .613404699E+01  .621506234E+01
  .629705141E+01  .638002376E+01  .646398896E+01  .654895665E+01  .663493649E+01
  .672193818E+01  .680997149E+01  .689904619E+01  .698917209E+01  .708035906E+01
  .717261698E+01  .726595577E+01  .736038538E+01  .745591578E+01  .755255698E+01
  .765031900E+01  .774921191E+01  .784924576E+01  .795043066E+01  .805277671E+01
  .815629403E+01  .826099278E+01  .836688309E+01  .847397513E+01  .858227906E+01
  .869180506E+01  .880256329E+01  .891456393E+01  .902781716E+01  .914233314E+01
  .925812202E+01  .937519395E+01  .949355907E+01  .961322749E+01  .973420931E+01
  .985651462E+01  .998015345E+01  .101051358E+02  .102314718E+02  .103591712E+02
  .104882441E+02  .106187002E+02  .107505495E+02  .108838017E+02  .110184666E+02
  .111545538E+02  .112920729E+02  .114310335E+02  .115714451E+02  .117133170E+02
  .118566587E+02  .120014794E+02  .121477882E+02  .122955942E+02  .124449064E+02
  .125957338E+02  .127480850E+02  .129019688E+02  .130573937E+02  .132143682E+02
  .133729006E+02  .135329990E+02  .136946717E+02  .138579263E+02  .140227709E+02
  .141892129E+02  .143572598E+02  .145269190E+02  .146981976E+02  .148711026E+02
  .150456407E+02  .152218186E+02  .153996427E+02  .155791191E+02  .157602539E+02
  .159430530E+02  .161275218E+02  .163136657E+02  .165014899E+02  .166909992E+02
  .168821983E+02  .170750916E+02  .172696831E+02  .174659768E+02  .176639763E+02
  .178636847E+02  .180651053E+02  .182682406E+02  .184730931E+02  .186796649E+02
  .188879577E+02  .190979730E+02  .193097119E+02  .195231753E+02  .197383634E+02
  .199552763E+02  .201739138E+02  .203942751E+02  .206163591E+02  .208401643E+02
  .210656889E+02  .212929306E+02  .215218865E+02  .217525537E+02  .219849283E+02
  .222190065E+02  .224547837E+02  .226922549E+02  .229314147E+02  .231722571E+02
  .234147757E+02  .236589635E+02  .239048131E+02  .241523165E+02  .244014652E+02
  .246522501E+02  .249046616E+02  .251586896E+02  .254143232E+02  .256715513E+02
  .259303618E+02  .261907422E+02  .264526795E+02  .267161599E+02  .269811690E+02
  .272476918E+02  .275157126E+02  .277852152E+02  .280561826E+02  .283285971E+02
  .286024405E+02  .288776936E+02  .291543368E+02  .294323497E+02  .297117111E+02
  .299923991E+02  .302743912E+02  .305576639E+02  .308421933E+02  .311279543E+02
  .314149215E+02  .317030684E+02  .319923679E+02  .322827920E+02  .325743118E+02
  .328668980E+02  .331605200E+02  .334551468E+02  .337507462E+02  .340472855E+02
  .343447310E+02  .346430483E+02  .349422019E+02  .352421556E+02  .355428725E+02
  .358443146E+02  .361464432E+02  .364492186E+02  .367526004E+02  .370565472E+02
  .373610168E+02  .376659661E+02  .379713512E+02  .382771271E+02  .385832483E+02
  .388896680E+02  .391963389E+02  .395032126E+02  .398102399E+02  .401173708E+02
  .404245543E+02  .407317387E+02  .410388713E+02  .413458985E+02  .416527661E+02
  .419594189E+02  .422658008E+02  .425718550E+02  .428775238E+02  .431827488E+02
  .434874707E+02  .437916293E+02  .440951639E+02  .443980128E+02  .447001136E+02
  .450014033E+02  .453018179E+02  .456012929E+02  .458997630E+02  .461971623E+02
  .464934242E+02  .467884814E+02  .470822660E+02  .473747096E+02  .476657429E+02
  .479552965E+02  .482433000E+02  .485296829E+02  .488143738E+02  .490973011E+02
  .493783928E+02  .496575763E+02  .499347786E+02  .502099266E+02  .504829466E+02
  .507537649E+02  .510223072E+02  .512884992E+02  .515522664E+02  .518135341E+02
  .520722275E+02  .523282717E+02  .525815918E+02  .528321130E+02  .530797603E+02
  .533244591E+02  .535661346E+02  .538047124E+02  .540401184E+02  .542722785E+02
  .545011191E+02  .547265670E+02  .549485494E+02  .551669939E+02  .553818286E+02
  .555929824E+02  .558003846E+02  .560039652E+02  .562036552E+02  .563993862E+02
  .565910906E+02  .567787018E+02  .569621544E+02  .571413837E+02  .573163263E+02
  .574869199E+02  .576531036E+02  .578148176E+02  .579720034E+02  .581246043E+02
  .582725648E+02  .584158309E+02  .585543506E+02  .586880732E+02  .588169500E+02
  .589409341E+02  .590599805E+02  .591740463E+02  .592830903E+02  .593870738E+02
  .594859602E+02  .595797150E+02  .596683062E+02  .597517042E+02  .598298818E+02
  .599028144E+02  .599704800E+02  .600328593E+02  .600899358E+02  .601416957E+02
  .601881282E+02  .602292255E+02  .602649827E+02  .602953981E+02  .603204732E+02
  .603402126E+02  .603546243E+02  .603637196E+02  .603675132E+02  .603660233E+02
  .603592718E+02  .603472838E+02  .603300885E+02  .603077184E+02  .602802100E+02
  .602476035E+02  .602099431E+02  .601672765E+02  .601196559E+02  .600671370E+02
  .600097797E+02  .599476479E+02  .598808097E+02  .598093371E+02  .597333064E+02
  .596527980E+02  .595678964E+02  .594786905E+02  .593852732E+02  .592877416E+02
  .591861972E+02  .590807455E+02  .589714965E+02  .588585640E+02  .587420664E+02
  .586221261E+02  .584988696E+02  .583724276E+02  .582429350E+02  .581105306E+02
  .579753574E+02  .578375622E+02  .576972960E+02  .575547135E+02  .574099732E+02
  .572632376E+02  .571146725E+02  .569644478E+02  .568127365E+02  .566597153E+02
  .565055643E+02  .563504666E+02  .561946088E+02  .560381803E+02  .558813735E+02
  .557243836E+02  .555674086E+02  .554106488E+02  .552543073E+02  .550985891E+02
  .549437014E+02  .547898537E+02  .546372567E+02  .544861233E+02  .543366675E+02
  .541891048E+02  .540436516E+02  .539005253E+02  .537599440E+02  .536221263E+02
  .534872911E+02  .533556574E+02  .532274440E+02  .531028694E+02  .529821514E+02
  .528655072E+02  .527531528E+02  .526453028E+02  .525421704E+02  .524439671E+02
  .523509021E+02  .522631824E+02  .521810125E+02  .521045940E+02  .520341255E+02
  .519698021E+02  .519118152E+02  .518603525E+02  .518155975E+02  .517777289E+02
  .517469212E+02  .517233433E+02  .517071592E+02  .516985271E+02  .516975996E+02
  .517045228E+02  .517194366E+02  .517424742E+02  .517737617E+02  .518134182E+02
  .518615550E+02  .519182757E+02  .519836760E+02  .520578431E+02  .521408558E+02
  .522327841E+02  .523336887E+02  .524436213E+02  .525626239E+02  .526907288E+02
  .528279583E+02  .529743246E+02  .531298295E+02  .532944641E+02  .534682089E+02
  .536510334E+02  .538428961E+02  .540437439E+02  .542535129E+02  .544721271E+02
  .546994992E+02  .549355302E+02  .551801089E+02  .554331127E+02  .556944066E+02
  .559638438E+02  .562412654E+02  .565265005E+02  .568193660E+02  .571196668E+02
  .574271958E+02  .577417339E+02  .580630502E+02  .583909017E+02  .587250340E+02
  .590651809E+02  .594110648E+02  .597623968E+02  .601188768E+02  .604801939E+02
  .608460264E+02  .612160421E+02  .615898986E+02  .619672436E+02  .623477151E+02
  .627309417E+02  .631165431E+02  .635041303E+02  .638933060E+02  .642836650E+02
  .646747947E+02  .650662754E+02  .654576808E+02  .658485785E+02  .662385304E+02
  .666270934E+02  .670138196E+02  .673982572E+02  .677799508E+02  .681584421E+02
  .685332704E+02  .689039733E+02  .692700874E+02  .696311485E+02  .699866927E+02
  .703362571E+02  .706793799E+02  .710156018E+02  .713444662E+02  .716655200E+02
  .719783144E+02  .722824057E+02  .725773556E+02  .728627325E+02  .731381118E+02
  .734030768E+02  .736572194E+02  .739001409E+02  .741314524E+02  .743507763E+02
  .745577460E+02  .747520074E+02  .749332195E+02  .751010547E+02  .752551999E+02
  .753953570E+02  .755212437E+02  .756325941E+02  .757291591E+02  .758107076E+02
  .758770267E+02  .759279221E+02  .759632194E+02  .759827637E+02  .759864212E+02
  .759740786E+02  .759456444E+02  .759010490E+02  .758402451E+02  .757632082E+02
  .756699370E+02  .755604535E+02  .754348034E+02  .752930566E+02  .751353068E+02
  .749616725E+02  .747722963E+02  .745673455E+02  .743470122E+02  .741115129E+02
  .738610889E+02  .735960058E+02  .733165539E+02  .730230473E+02  .727158245E+02
  .723952476E+02  .720617020E+02  .717155963E+02  .713573617E+02  .709874516E+02
  .706063411E+02  .702145262E+02  .698125238E+02  .694008704E+02  .689801216E+02
  .685508516E+02  .681136522E+02  .676691317E+02  .672179146E+02  .667606401E+02
  .662979615E+02  .658305451E+02  .653590688E+02  .648842217E+02  .644067023E+02
  .639272174E+02  .634464815E+02  .629652149E+02  .624841424E+02  .620039928E+02
  .615254965E+02  .610493851E+02  .605763892E+02  .601072377E+02  .596426561E+02
  .591833648E+02  .587300783E+02  .582835031E+02  .578443369E+02  .574132665E+02
  .569909668E+02  .565780992E+02  .561753103E+02  .557832302E+02  .554024713E+02
  .550336270E+02  .546772700E+02  .543339512E+02  .540041984E+02  .536885148E+02
  .533873779E+02  .531012384E+02  .528305186E+02  .525756117E+02  .523368804E+02
  .521146561E+02  .519092376E+02  .517208907E+02  .515498465E+02  .513963015E+02
  .512604160E+02  .511423143E+02  .510420831E+02  .509597718E+02  .508953915E+02
  .508489150E+02  .508202760E+02  .508093696E+02  .508160512E+02  .508401375E+02
  .508814054E+02  .509395933E+02  .510144004E+02  .511054874E+02  .512124768E+02
  .513349534E+02  .514724651E+02  .516245231E+02  .517906031E+02  .519701461E+02
  .521625589E+02  .523672161E+02  .525834600E+02  .528106028E+02  .530479276E+02
  .532946893E+02  .535501168E+02  .538134141E+02  .540837617E+02  .543603187E+02
  .546422241E+02  .549285989E+02  .552185475E+02  .555111601E+02  .558055140E+02
  .561006759E+02  .563957040E+02  .566896498E+02  .569815598E+02  .572704786E+02
  .575554497E+02  .578355186E+02  .581097345E+02  .583771524E+02  .586368352E+02
  .588878561E+02  .591293004E+02  .593602676E+02  .595798736E+02  .597872527E+02
  .599815595E+02  .601619712E+02  .603276888E+02  .604779401E+02  .606119802E+02
  .607290944E+02  .608285992E+02  .609098444E+02  .609722141E+02  .610151288E+02
  .610380463E+02  .610404634E+02  .610219167E+02  .609819845E+02  .609202866E+02
  .608364865E+02  .607302915E+02  .606014537E+02  .604497706E+02  .602750854E+02
  .600772878E+02  .598563140E+02  .596121471E+02  .593448170E+02  .590544006E+02
  .587410212E+02  .584048490E+02  .580460999E+02  .576650356E+02  .572619629E+02
  .568372330E+02  .563912403E+02  .559244224E+02  .554372580E+02  .549302668E+02
  .544040076E+02  .538590776E+02  .532961102E+02  .527157746E+02  .521187732E+02
  .515058408E+02  .508777423E+02  .502352716E+02  .495792487E+02  .489105192E+02
  .482299511E+02  .475384336E+02  .468368743E+02  .461261984E+02  .454073448E+02
  .446812657E+02  .439489228E+02  .432112868E+02  .424693335E+02  .417240430E+02
  .409763963E+02  .402273744E+02  .394779543E+02  .387291091E+02  .379818034E+02
  .372369935E+02  .364956230E+02  .357586230E+02  .350269080E+02  .343013758E+02
  .335829039E+02  .328723493E+02  .321705448E+02  .314782995E+02  .307963948E+02
  .301255853E+02  .294665949E+02  .288201176E+02  .281868142E+02  .275673129E+02
  .269622068E+02  .263720538E+02  .257973750E+02  .252386548E+02  .246963389E+02
  .241708352E+02  .236625118E+02  .231716983E+02  .226986837E+02  .222437178E+02
  .218070099E+02  .213887300E+02  .209890079E+02  .206079340E+02  .202455594E+02
  .199018964E+02  .195769189E+02  .192705631E+02  .189827277E+02  .187132753E+02
  .184620324E+02  .182287908E+02  .180133083E+02  .178153093E+02  .176344862E+02
  .174705005E+02  .173229832E+02  .171915370E+02  .170757364E+02  .169751300E+02
  .168892411E+02  .168175695E+02  .167595930E+02  .167147689E+02  .166825359E+02
  .166623153E+02  .166535137E+02  .166555241E+02  .166677283E+02  .166894986E+02
  .167201997E+02  .167591909E+02  .168058279E+02  .168594640E+02  .169194531E+02
  .169851500E+02  .170559132E+02  .171311055E+02  .172100964E+02  .172922624E+02
  .173769896E+02  .174636737E+02  .175517225E+02  .176405558E+02  .177296077E+02
  .178183265E+02  .179061768E+02  .179926394E+02  .180772130E+02  .181594146E+02
  .182387804E+02  .183148660E+02  .183872483E+02  .184555242E+02  .185193129E+02
  .185782550E+02  .186320139E+02  .186802749E+02  .187227469E+02  .187591609E+02
  .187892718E+02  .188128569E+02  .188297169E+02  .188396750E+02  .188425778E+02
  .188382936E+02  .188267136E+02  .188077502E+02  .187813381E+02  .187474319E+02
  .187060077E+02  .186570608E+02  .186006063E+02  .185366777E+02  .184653268E+02
  .183866224E+02  .183006502E+02  .182075115E+02  .181073230E+02  .180002153E+02
  .178863327E+02  .177658319E+02  .176388817E+02  .175056616E+02  .173663614E+02
  .172211799E+02  .170703247E+02  .169140107E+02  .167524598E+02  .165858997E+02
  .164145632E+02  .162386878E+02  .160585142E+02  .158742863E+02  .156862499E+02
  .154946523E+02  .152997416E+02  .151017660E+02  .149009730E+02  .146976091E+02
  .144919190E+02  .142841452E+02  .140745275E+02  .138633022E+02  .136507020E+02
  .134369554E+02  .132222865E+02  .130069144E+02  .127910528E+02  .125749101E+02
  .123586885E+02  .121425847E+02  .119267884E+02  .117114833E+02  .114968462E+02
  .112830472E+02  .110702494E+02  .108586091E+02  .106482752E+02  .104393896E+02
  .102320872E+02  .100264957E+02  .982273546E+01  .962092008E+01  .942115589E+01
  .922354242E+01  .902817218E+01  .883513105E+01  .864449811E+01  .845634608E+01
  .827074110E+01  .808774324E+01  .790740634E+01  .772977846E+01  .755490175E+01
  .738281299E+01  .721354337E+01  .704711905E+01  .688356090E+01  .672288517E+01
  .656510365E+01  .641022284E+01  .625824684E+01  .610917339E+01  .596299897E+01
  .581971398E+01  .567930785E+01  .554176444E+01  .540706695E+01  .527519342E+01
  .514612165E+01  .501982456E+01  .489627525E+01  .477544229E+01  .465729481E+01
  .454179763E+01  .442891657E+01  .431861340E+01  .421085122E+01  .410558934E+01
  .400278869E+01  .390240669E+01  .380440268E+01  .370873264E+01  .361535477E+01
  .352422413E+01  .343529822E+01  .334853157E+01  .326388135E+01  .318130194E+01
  .310075058E+01  .302218177E+01  .294555310E+01  .287081955E+01  .279793930E+01
  .272686801E+01  .265756469E+01  .258998594E+01  .252409176E+01  .245983982E+01
  .239719130E+01  .233610509E+01  .227654368E+01  .221846727E+01  .216183975E+01
  .210662272E+01  .205278156E+01  .200027933E+01  .194908291E+01  .189915691E+01
  .185046972E+01  .180298748E+01  .175668014E+01  .171151539E+01  .166746472E+01
  .162449733E+01  .158258625E+01  .154170219E+01  .150181969E+01  .146291091E+01
  .142495184E+01  .138791610E+01  .135178110E+01  .131652182E+01  .128211705E+01
  .124854311E+01  .121578008E+01  .118380557E+01  .115260091E+01  .112214493E+01
  .109242014E+01  .106340654E+01  .103508777E+01  .100744492E+01  .980462713E+00
  .954123254E+00  .928412277E+00  .903312875E+00  .878811731E+00  .854892840E+00
  .831543777E+00  .808749742E+00  .786498024E+00  .764775852E+00  .743570821E+00
  .722870928E+00  .702664518E+00  .682940232E+00  .663687133E+00  .644894492E+00
  .626552003E+00  .608649538E+00  .591177372E+00  .574125937E+00  .557486045E+00
  .541248645E+00  .525405049E+00  .509946683E+00  .494865319E+00  .480152826E+00
  .465801401E+00  .451803322E+00  .438151179E+00  .424837624E+00  .411855612E+00
  .399198141E+00  .386858502E+00  .374830010E+00  .363106267E+00  .351680884E+00
  .340547728E+00  .329700735E+00  .319133986E+00  .308841686E+00  .298818156E+00
  .289057836E+00  .279555273E+00  .270305123E+00  .261302141E+00  .252541185E+00
  .244017206E+00  .235725246E+00  .227660440E+00  .219818007E+00  .212193248E+00
  .204781549E+00  .197578373E+00  .190579258E+00  .183779819E+00  .177175742E+00
  .170762784E+00  .164536772E+00  .158493599E+00  .152629225E+00  .146939675E+00
  .141421035E+00  .136069457E+00  .130881150E+00  .125852385E+00  .120979493E+00
  .116258862E+00  .111686935E+00  .107260216E+00  .102975260E+00  .988286810E-01
  .948171438E-01  .909373685E-01  .871861278E-01  .835602465E-01  .800566011E-01
  .766721192E-01  .734037791E-01  .702486087E-01  .672036858E-01  .642661367E-01
  .614331363E-01  .587019073E-01  .560697200E-01  .535338913E-01  .510917847E-01
  .487408096E-01  .464784208E-01  .443021183E-01  .422094464E-01  .401979937E-01
  .382653925E-01  .364093184E-01  .346274898E-01  .329176677E-01  .312776550E-01
  .297052968E-01  .281984791E-01  .267551293E-01  .253732156E-01  .240507464E-01
  .227857706E-01  .215763768E-01  .204206932E-01  .193168876E-01  .182631668E-01
  .172577767E-01  .162990016E-01  .153851648E-01  .145146274E-01  .136857890E-01
  .128970869E-01  .121469963E-01  .114340296E-01  .107567369E-01  .101137052E-01
  .950355852E-02  .892495739E-02  .837659893E-02  .785721643E-02  .736557912E-02
  .690049186E-02  .646079494E-02  .604536365E-02  .565310805E-02  .528297257E-02
  .493393561E-02  .460500923E-02  .429523866E-02  .400370187E-02  .372950916E-02
  .347180264E-02  .322975571E-02  .300257258E-02  .278948771E-02  .258976524E-02
  .240269840E-02  .222760894E-02  .206384649E-02  .191078794E-02  .176783679E-02
  .163442250E-02  .150999984E-02  .139404816E-02  .128607077E-02  .118559422E-02
  .109216760E-02  .100536184E-02  .924769042E-03  .850001742E-03  .780692236E-03
  .716491874E-03  .657070371E-03  .602115127E-03  .551330538E-03  .504437336E-03
  .461171917E-03  .421285700E-03  .384544479E-03  .350727798E-03  .319628335E-03
  .291051303E-03  .264813859E-03  .240744536E-03  .218682682E-03  .198477924E-03
  .179989641E-03  .163086456E-03  .147645747E-03  .133553171E-03  .120702210E-03
  .108993725E-03  .983355436E-04  .886420441E-04  .798337730E-04  .718370706E-04
  .645837162E-04  .580105881E-04  .520593407E-04  .466760965E-04  .418111534E-04
  .374187071E-04  .334565879E-04  .298860113E-04  .266713425E-04  .237798743E-04
  .211816165E-04  .188490993E-04  .167571869E-04  .148829031E-04  .132052681E-04
  .117051446E-04  .103650943E-04  .916924454E-05  .810316232E-05  .715373822E-05
  .630907767E-05  .555840002E-05  .489194488E-05  .430088517E-05  .377724665E-05
  .331383349E-05  .290415950E-05  .254238464E-05  .222325661E-05  .194205698E-05
  .169455179E-05  .147694613E-05  .128584253E-05  .111820286E-05  .971313453E-06
  .842753356E-06  .730365255E-06  .632229061E-06  .546637868E-06  .472076105E-06
  .407199714E-06  .350818198E-06  .301878364E-06  .259449640E-06  .222710817E-06
  .190938107E-06  .163494386E-06  .139819530E-06  .119421737E-06  .101869747E-06
  .867858834E-07  .738398207E-07  .627430310E-07  .532438271E-07  .451229509E-07
  .381896511E-07  .322782013E-07  .272448128E-07  .229649013E-07  .193306713E-07
  .162489833E-07  .136394736E-07  .114329002E-07  .956968788E-08  .799865248E-08
  .667588226E-08  .556375941E-08  .463010515E-08  .384743387E-08  .319230363E-08
  .264475111E-08  .218780113E-08  .180704130E-08  .149025387E-08  .122709750E-08
  .100883275E-08  .828085459E-09  .678643338E-09  .555281210E-09  .453611217E-09
  .369954600E-09  .301232126E-09  .244870616E-09  .198723336E-09  .161002307E-09
  .130220856E-09  .105144931E-09  .847519239E-10  .681958981E-10  .547782797E-10
  .439231935E-10  .351567480E-10  .280896668E-10  .224027519E-10  .178347398E-10
  .141721743E-10  .112409799E-10  .889945354E-11  .703246534E-11  .554664425E-11
  .436641382E-11  .343071551E-11  .269031454E-11  .210558707E-11  .164470626E-11
  .128215823E-11  .997530367E-12  .774524008E-12  .600151469E-12  .464084446E-12
  .358126255E-12  .275785305E-12  .211931074E-12  .162517225E-12  .124359230E-12
  .949561478E-13  .723480934E-13  .550025064E-13  .417235874E-13  .315803472E-13
  .238495678E-13  .179706871E-13  .135101927E-13  .101335863E-13  .758335816E-14
  .566172386E-14  .421712424E-14  .313369351E-14  .232306200E-14  .171799115E-14
  .126744318E-14  .932771089E-15  .684781685E-15  .501477079E-15  .366322229E-15
  .266919291E-15  .193995814E-15  .140634409E-15  .101687770E-15  .733355817E-16
  .527497685E-16  .378422558E-16  .270754004E-16  .193198995E-16  .137485711E-16
  .975716242E-17  .690547000E-17  .487368079E-17  .343008880E-17  .240728953E-17
  .168467499E-17  .117559803E-17  .817987164E-18  .567504050E-18  .392569105E-18
  .270755759E-18  .186184445E-18  .127644699E-18  .872459710E-19  .594511975E-19
  .403866473E-19  .273505597E-19  .184643926E-19  .124260558E-19  .833585276E-20
  .557409204E-20  .371530452E-20  .246830942E-20  .163447516E-20  .107874583E-20
  .709594877E-21  .465201069E-21  .303947164E-21  .197911401E-21  .128424220E-21
  .830451832E-22  .535132375E-22  .343617332E-22  .219858693E-22  .140169833E-22
  .890420801E-23  .563576990E-23  .355398602E-23  .223290305E-23  .139766406E-23
  .871568414E-24  .541443074E-24  .335076158E-24  .206566704E-24  .126849787E-24
  .775922317E-25  .472750682E-25  .286891537E-25  .173404788E-25  .104387434E-25
  .625842483E-26  .373677829E-26  .222193201E-26  .131568190E-26  .775788211E-27
  .455504760E-27  .266308691E-27  .155026351E-27  .898542126E-28  .518524101E-28
  .297907725E-28  .170396827E-28  .970270093E-29  .549996024E-29  .310346215E-29
  .174316084E-29  .974577901E-30  .542334956E-30  .300382275E-30  .165584724E-30
  .908424753E-31  .495979478E-31  .269480728E-31  .145701505E-31  .783890882E-32
  .419648074E-32  .223529866E-32  .118464739E-32  .624637781E-33  .327668909E-33
  .170998445E-33  .887730169E-34  .458441058E-34  .235494846E-34  .120325093E-34
  .611489887E-35  .309073558E-35  .155365650E-35  .776693498E-36  .386123844E-36
  .190882663E-36  .938317329E-37  .458623910E-37  .222878161E-37  .107686735E-37
  .517273975E-38  .247014505E-38  .117259280E-38  .553317362E-39  .259527202E-39
  .120990711E-39  .560609691E-40  .258159029E-40  .118143742E-40  .537290538E-41
  .242806849E-41  .109029490E-41  .486447748E-42  .215633027E-42  .949639437E-43
  .415474074E-43  .180571001E-43  .779557155E-44  .334287862E-44  .142377896E-44
  .602268717E-45  .253011391E-45  .105552364E-45  .437270190E-46  .179871150E-46
  .734646495E-47  .297903708E-47  .119930365E-47  .479306270E-48  .190152719E-48
  .748810669E-49  .292681950E-49  .113539892E-49  .437122971E-50  .167007196E-50
  .633164765E-51  .238188990E-51  .889043898E-52  .329226116E-52  .120950500E-52
  .440794309E-53  .159349791E-53  .571382071E-54  .203205449E-54  .716722712E-55
  .250701333E-55  .869721403E-56  .299279654E-56  .102220015E-56  .347839321E-57
  .118425268E-57  .414686466E-58  .156740618E-58  .741632989E-59  .560197085E-59
  .000000000E+00  .000000000E+00  .000000000E+00  .000000000E+00  .000000000E+00
  .000000000E+00  .000000000E+00  .000000000E+00  .000000000E+00  .000000000E+00
  .000000000E+00  .000000000E+00  .000000000E+00  .000000000E+00  .000000000E+00
  .000000000E+00  .000000000E+00  .000000000E+00  .000000000E+00  .000000000E+00
  .000000000E+00  .000000000E+00  .000000000E+00  .000000000E+00  .000000000E+00
  .000000000E+00  .000000000E+00  .000000000E+00  .000000000E+00  .000000000E+00
  .000000000E+00  .000000000E+00  .000000000E+00  .000000000E+00  .000000000E+00
  .000000000E+00  .000000000E+00  .000000000E+00  .000000000E+00  .000000000E+00
  .000000000E+00  .000000000E+00  .000000000E+00  .000000000E+00  .000000000E+00
  .000000000E+00  .000000000E+00  .000000000E+00  .000000000E+00  .000000000E+00
  .000000000E+00  .000000000E+00  .000000000E+00  .000000000E+00  .000000000E+00
  .000000000E+00  .000000000E+00  .000000000E+00  .000000000E+00  .000000000E+00
  .000000000E+00  .000000000E+00  .000000000E+00  .000000000E+00  .000000000E+00
  .000000000E+00  .000000000E+00  .000000000E+00  .000000000E+00  .000000000E+00
  .000000000E+00  .000000000E+00  .000000000E+00  .000000000E+00  .000000000E+00
  .000000000E+00  .000000000E+00  .000000000E+00  .000000000E+00  .000000000E+00
  .000000000E+00  .000000000E+00  .000000000E+00  .000000000E+00  .000000000E+00
  .000000000E+00  .000000000E+00  .000000000E+00  .000000000E+00  .000000000E+00
  .000000000E+00  .000000000E+00  .000000000E+00  .000000000E+00  .000000000E+00
  .000000000E+00  .000000000E+00  .000000000E+00  .000000000E+00  .000000000E+00
  .000000000E+00  .000000000E+00  .000000000E+00  .000000000E+00  .000000000E+00
  .000000000E+00  .000000000E+00  .000000000E+00  .000000000E+00  .000000000E+00
  .000000000E+00  .000000000E+00  .000000000E+00  .000000000E+00  .000000000E+00
  .000000000E+00  .000000000E+00  .000000000E+00  .000000000E+00  .000000000E+00
  .000000000E+00  .000000000E+00  .000000000E+00  .000000000E+00  .000000000E+00
  .000000000E+00  .000000000E+00  .000000000E+00  .000000000E+00  .000000000E+00
  .000000000E+00  .000000000E+00  .000000000E+00  .000000000E+00  .000000000E+00
  .000000000E+00  .000000000E+00  .000000000E+00  .000000000E+00  .000000000E+00
  .000000000E+00  .000000000E+00  .000000000E+00  .000000000E+00  .000000000E+00
  .000000000E+00  .000000000E+00  .000000000E+00  .000000000E+00  .000000000E+00
  .000000000E+00  .000000000E+00  .000000000E+00  .000000000E+00  .000000000E+00
  .000000000E+00  .000000000E+00  .000000000E+00  .000000000E+00  .000000000E+00
  .000000000E+00  .000000000E+00  .000000000E+00  .000000000E+00  .000000000E+00
  .000000000E+00  .000000000E+00  .000000000E+00  .000000000E+00  .000000000E+00
  .000000000E+00  .000000000E+00  .000000000E+00  .000000000E+00  .000000000E+00
  .000000000E+00  .000000000E+00  .000000000E+00  .000000000E+00  .000000000E+00
  .000000000E+00  .000000000E+00  .000000000E+00  .000000000E+00  .000000000E+00
  .000000000E+00  .000000000E+00  .000000000E+00  .000000000E+00  .000000000E+00
  .000000000E+00  .000000000E+00  .000000000E+00  .000000000E+00  .000000000E+00
  .000000000E+00  .000000000E+00  .000000000E+00  .000000000E+00  .000000000E+00
  .000000000E+00  .000000000E+00  .000000000E+00  .000000000E+00  .000000000E+00
  .000000000E+00  .000000000E+00  .000000000E+00  .000000000E+00  .000000000E+00
  .000000000E+00  .000000000E+00  .000000000E+00  .000000000E+00  .000000000E+00
  .000000000E+00  .000000000E+00  .000000000E+00  .000000000E+00  .000000000E+00
  .000000000E+00  .000000000E+00  .000000000E+00  .000000000E+00  .000000000E+00
  .000000000E+00  .000000000E+00  .000000000E+00  .000000000E+00  .000000000E+00
  .000000000E+00  .000000000E+00  .000000000E+00  .000000000E+00  .000000000E+00
  .000000000E+00  .000000000E+00  .000000000E+00  .000000000E+00  .000000000E+00
  .000000000E+00  .000000000E+00  .000000000E+00  .000000000E+00  .000000000E+00
  .000000000E+00  .000000000E+00  .000000000E+00  .000000000E+00  .000000000E+00
