Nb: 4p5s4d                              
  .100206820E-01  .101741727E-01  .103300090E-01  .104882265E-01  .106488615E-01
  .108119508E-01  .109775318E-01  .111456423E-01  .113163209E-01  .114896067E-01
  .116655393E-01  .118441590E-01  .120255067E-01  .122096239E-01  .123965527E-01
  .125863359E-01  .127790168E-01  .129746396E-01  .131732490E-01  .133748904E-01
  .135796099E-01  .137874542E-01  .139984710E-01  .142127083E-01  .144302151E-01
  .146510412E-01  .148752369E-01  .151028534E-01  .153339428E-01  .155685577E-01
  .158067516E-01  .160485791E-01  .162940951E-01  .165433557E-01  .167964179E-01
  .170533391E-01  .173141782E-01  .175789944E-01  .178478482E-01  .181208007E-01
  .183979143E-01  .186792520E-01  .189648779E-01  .192548570E-01  .195492553E-01
  .198481398E-01  .201515786E-01  .204596407E-01  .207723962E-01  .210899161E-01
  .214122727E-01  .217395393E-01  .220717903E-01  .224091011E-01  .227515484E-01
  .230992099E-01  .234521647E-01  .238104929E-01  .241742758E-01  .245435959E-01
  .249185372E-01  .252991845E-01  .256856244E-01  .260779443E-01  .264762333E-01
  .268805816E-01  .272910809E-01  .277078241E-01  .281309056E-01  .285604213E-01
  .289964684E-01  .294391456E-01  .298885530E-01  .303447924E-01  .308079669E-01
  .312781812E-01  .317555418E-01  .322401564E-01  .327321345E-01  .332315874E-01
  .337386277E-01  .342533701E-01  .347759306E-01  .353064273E-01  .358449797E-01
  .363917094E-01  .369467397E-01  .375101956E-01  .380822043E-01  .386628944E-01
  .392523969E-01  .398508445E-01  .404583720E-01  .410751160E-01  .417012153E-01
  .423368108E-01  .429820454E-01  .436370641E-01  .443020141E-01  .449770449E-01
  .456623080E-01  .463579574E-01  .470641492E-01  .477810418E-01  .485087961E-01
  .492475753E-01  .499975450E-01  .507588733E-01  .515317307E-01  .523162905E-01
  .531127282E-01  .539212222E-01  .547419533E-01  .555751052E-01  .564208640E-01
  .572794190E-01  .581509619E-01  .590356875E-01  .599337933E-01  .608454798E-01
  .617709505E-01  .627104117E-01  .636640731E-01  .646321471E-01  .656148495E-01
  .666123993E-01  .676250185E-01  .686529325E-01  .696963701E-01  .707555633E-01
  .718307477E-01  .729221621E-01  .740300491E-01  .751546548E-01  .762962287E-01
  .774550243E-01  .786312984E-01  .798253120E-01  .810373297E-01  .822676200E-01
  .835164553E-01  .847841122E-01  .860708710E-01  .873770164E-01  .887028372E-01
  .900486263E-01  .914146810E-01  .928013030E-01  .942087982E-01  .956374771E-01
  .970876548E-01  .985596508E-01  .100053789E+00  .101570400E+00  .103109816E+00
  .104672375E+00  .106258423E+00  .107868307E+00  .109502380E+00  .111161003E+00
  .112844538E+00  .114553355E+00  .116287829E+00  .118048339E+00  .119835272E+00
  .121649018E+00  .123489974E+00  .125358543E+00  .127255134E+00  .129180160E+00
  .131134043E+00  .133117207E+00  .135130086E+00  .137173119E+00  .139246751E+00
  .141351433E+00  .143487623E+00  .145655786E+00  .147856393E+00  .150089923E+00
  .152356859E+00  .154657695E+00  .156992928E+00  .159363066E+00  .161768622E+00
  .164210116E+00  .166688076E+00  .169203038E+00  .171755547E+00  .174346152E+00
  .176975413E+00  .179643897E+00  .182352179E+00  .185100843E+00  .187890480E+00
  .190721690E+00  .193595082E+00  .196511272E+00  .199470888E+00  .202474564E+00
  .205522944E+00  .208616680E+00  .211756436E+00  .214942883E+00  .218176701E+00
  .221458583E+00  .224789228E+00  .228169347E+00  .231599661E+00  .235080899E+00
  .238613804E+00  .242199125E+00  .245837626E+00  .249530079E+00  .253277267E+00
  .257079985E+00  .260939038E+00  .264855243E+00  .268829429E+00  .272862436E+00
  .276955114E+00  .281108328E+00  .285322952E+00  .289599876E+00  .293939998E+00
  .298344232E+00  .302813503E+00  .307348748E+00  .311950920E+00  .316620982E+00
  .321359912E+00  .326168701E+00  .331048354E+00  .335999891E+00  .341024343E+00
  .346122757E+00  .351296196E+00  .356545735E+00  .361872465E+00  .367277492E+00
  .372761937E+00  .378326936E+00  .383973640E+00  .389703219E+00  .395516854E+00
  .401415745E+00  .407401110E+00  .413474179E+00  .419636203E+00  .425888447E+00
  .432232196E+00  .438668749E+00  .445199425E+00  .451825560E+00  .458548508E+00
  .465369643E+00  .472290354E+00  .479312051E+00  .486436163E+00  .493664138E+00
  .500997442E+00  .508437563E+00  .515986006E+00  .523644298E+00  .531413987E+00
  .539296640E+00  .547293845E+00  .555407212E+00  .563638371E+00  .571988975E+00
  .580460697E+00  .589055235E+00  .597774307E+00  .606619654E+00  .615593039E+00
  .624696251E+00  .633931099E+00  .643299418E+00  .652803067E+00  .662443927E+00
  .672223905E+00  .682144933E+00  .692208968E+00  .702417992E+00  .712774013E+00
  .723279063E+00  .733935204E+00  .744744520E+00  .755709125E+00  .766831159E+00
  .778112790E+00  .789556213E+00  .801163651E+00  .812937355E+00  .824879605E+00
  .836992710E+00  .849279008E+00  .861740867E+00  .874380685E+00  .887200888E+00
  .900203934E+00  .913392314E+00  .926768546E+00  .940335181E+00  .954094804E+00
  .968050028E+00  .982203502E+00  .996557906E+00  .101111595E+01  .102588039E+01
  .104085400E+01  .105603959E+01  .107144002E+01  .108705816E+01  .110289694E+01
  .111895931E+01  .113524826E+01  .115176682E+01  .116851805E+01  .118550504E+01
  .120273094E+01  .122019892E+01  .123791219E+01  .125587400E+01  .127408764E+01
  .129255643E+01  .131128375E+01  .133027299E+01  .134952761E+01  .136905109E+01
  .138884696E+01  .140891879E+01  .142927017E+01  .144990478E+01  .147082629E+01
  .149203845E+01  .151354503E+01  .153534985E+01  .155745678E+01  .157986973E+01
  .160259264E+01  .162562952E+01  .164898440E+01  .167266137E+01  .169666458E+01
  .172099818E+01  .174566641E+01  .177067354E+01  .179602388E+01  .182172180E+01
  .184777171E+01  .187417807E+01  .190094539E+01  .192807822E+01  .195558117E+01
  .198345889E+01  .201171609E+01  .204035751E+01  .206938797E+01  .209881231E+01
  .212863543E+01  .215886230E+01  .218949791E+01  .222054732E+01  .225201565E+01
  .228390804E+01  .231622972E+01  .234898595E+01  .238218203E+01  .241582336E+01
  .244991533E+01  .248446344E+01  .251947322E+01  .255495024E+01  .259090014E+01
  .262732861E+01  .266424141E+01  .270164432E+01  .273954321E+01  .277794399E+01
  .281685261E+01  .285627510E+01  .289621753E+01  .293668603E+01  .297768679E+01
  .301922604E+01  .306131009E+01  .310394528E+01  .314713802E+01  .319089477E+01
  .323522205E+01  .328012644E+01  .332561456E+01  .337169310E+01  .341836880E+01
  .346564845E+01  .351353891E+01  .356204708E+01  .361117993E+01  .366094446E+01
  .371134776E+01  .376239694E+01  .381409920E+01  .386646175E+01  .391949190E+01
  .397319699E+01  .402758440E+01  .408266160E+01  .413843608E+01  .419491540E+01
  .425210717E+01  .431001904E+01  .436865873E+01  .442803399E+01  .448815264E+01
  .454902254E+01  .461065161E+01  .467304779E+01  .473621910E+01  .480017359E+01
  .486491938E+01  .493046459E+01  .499681744E+01  .506398616E+01  .513197902E+01
  .520080437E+01  .527047057E+01  .534098602E+01  .541235918E+01  .548459854E+01
  .555771263E+01  .563171001E+01  .570659929E+01  .578238911E+01  .585908813E+01
  .593670507E+01  .601524865E+01  .609472765E+01  .617515087E+01  .625652712E+01
  .633886526E+01  .642217417E+01  .650646273E+01  .659173988E+01  .667801454E+01
  .676529569E+01  .685359228E+01  .694291333E+01  .703326781E+01  .712466476E+01
  .721711319E+01  .731062214E+01  .740520063E+01  .750085771E+01  .759760241E+01
  .769544378E+01  .779439084E+01  .789445263E+01  .799563816E+01  .809795644E+01
  .820141646E+01  .830602721E+01  .841179765E+01  .851873670E+01  .862685329E+01
  .873615630E+01  .884665458E+01  .895835697E+01  .907127223E+01  .918540913E+01
  .930077637E+01  .941738260E+01  .953523642E+01  .965434640E+01  .977472104E+01
  .989636877E+01  .100192980E+02  .101435169E+02  .102690339E+02  .103958570E+02
  .105239944E+02  .106534540E+02  .107842438E+02  .109163716E+02  .110498450E+02
  .111846718E+02  .113208593E+02  .114584151E+02  .115973464E+02  .117376604E+02
  .118793641E+02  .120224645E+02  .121669683E+02  .123128821E+02  .124602125E+02
  .126089659E+02  .127591483E+02  .129107659E+02  .130638245E+02  .132183297E+02
  .133742872E+02  .135317022E+02  .136905799E+02  .138509252E+02  .140127429E+02
  .141760375E+02  .143408133E+02  .145070744E+02  .146748248E+02  .148440679E+02
  .150148073E+02  .151870461E+02  .153607872E+02  .155360333E+02  .157127866E+02
  .158910493E+02  .160708232E+02  .162521098E+02  .164349104E+02  .166192259E+02
  .168050569E+02  .169924037E+02  .171812662E+02  .173716441E+02  .175635367E+02
  .177569430E+02  .179518614E+02  .181482903E+02  .183462275E+02  .185456705E+02
  .187466162E+02  .189490615E+02  .191530026E+02  .193584352E+02  .195653550E+02
  .197737569E+02  .199836354E+02  .201949847E+02  .204077985E+02  .206220699E+02
  .208377917E+02  .210549561E+02  .212735548E+02  .214935793E+02  .217150201E+02
  .219378676E+02  .221621114E+02  .223877407E+02  .226147443E+02  .228431101E+02
  .230728257E+02  .233038781E+02  .235362537E+02  .237699383E+02  .240049171E+02
  .242411748E+02  .244786953E+02  .247174621E+02  .249574580E+02  .251986650E+02
  .254410648E+02  .256846381E+02  .259293653E+02  .261752258E+02  .264221985E+02
  .266702616E+02  .269193927E+02  .271695686E+02  .274207654E+02  .276729586E+02
  .279261229E+02  .281802322E+02  .284352600E+02  .286911787E+02  .289479602E+02
  .292055755E+02  .294639951E+02  .297231885E+02  .299831245E+02  .302437714E+02
  .305050963E+02  .307670658E+02  .310296459E+02  .312928014E+02  .315564966E+02
  .318206951E+02  .320853595E+02  .323504518E+02  .326159331E+02  .328817637E+02
  .331479033E+02  .334143107E+02  .336809438E+02  .339477599E+02  .342147155E+02
  .344817663E+02  .347488672E+02  .350159722E+02  .352830349E+02  .355500078E+02
  .358168428E+02  .360834910E+02  .363499027E+02  .366160275E+02  .368818144E+02
  .371472114E+02  .374121661E+02  .376766251E+02  .379405344E+02  .382038394E+02
  .384664848E+02  .387284146E+02  .389895720E+02  .392498998E+02  .395093401E+02
  .397678343E+02  .400253232E+02  .402817472E+02  .405370459E+02  .407911586E+02
  .410440238E+02  .412955797E+02  .415457640E+02  .417945139E+02  .420417660E+02
  .422874568E+02  .425315220E+02  .427738974E+02  .430145181E+02  .432533189E+02
  .434902346E+02  .437251993E+02  .439581474E+02  .441890126E+02  .444177286E+02
  .446442292E+02  .448684477E+02  .450903177E+02  .453097725E+02  .455267455E+02
  .457411701E+02  .459529799E+02  .461621085E+02  .463684896E+02  .465720574E+02
  .467727460E+02  .469704899E+02  .471652239E+02  .473568834E+02  .475454040E+02
  .477307216E+02  .479127731E+02  .480914956E+02  .482668269E+02  .484387054E+02
  .486070704E+02  .487718617E+02  .489330203E+02  .490904877E+02  .492442066E+02
  .493941205E+02  .495401740E+02  .496823128E+02  .498204838E+02  .499546352E+02
  .500847162E+02  .502106775E+02  .503324713E+02  .504500511E+02  .505633719E+02
  .506723904E+02  .507770648E+02  .508773551E+02  .509732230E+02  .510646321E+02
  .511515478E+02  .512339376E+02  .513117707E+02  .513850187E+02  .514536552E+02
  .515176560E+02  .515769991E+02  .516316650E+02  .516816364E+02  .517268986E+02
  .517674393E+02  .518032487E+02  .518343200E+02  .518606486E+02  .518822329E+02
  .518990741E+02  .519111762E+02  .519185462E+02  .519211940E+02  .519191326E+02
  .519123778E+02  .519009490E+02  .518848683E+02  .518641614E+02  .518388571E+02
  .518089874E+02  .517745879E+02  .517356974E+02  .516923583E+02  .516446163E+02
  .515925206E+02  .515361242E+02  .514754835E+02  .514106583E+02  .513417123E+02
  .512687127E+02  .511917305E+02  .511108402E+02  .510261201E+02  .509376520E+02
  .508455218E+02  .507498186E+02  .506506356E+02  .505480695E+02  .504422208E+02
  .503331936E+02  .502210957E+02  .501060385E+02  .499881371E+02  .498675101E+02
  .497442798E+02  .496185718E+02  .494905155E+02  .493602434E+02  .492278917E+02
  .490935997E+02  .489575101E+02  .488197687E+02  .486805247E+02  .485399301E+02
  .483981401E+02  .482553126E+02  .481116085E+02  .479671914E+02  .478222274E+02
  .476768854E+02  .475313366E+02  .473857543E+02  .472403142E+02  .470951942E+02
  .469505739E+02  .468066348E+02  .466635600E+02  .465215342E+02  .463807436E+02
  .462413754E+02  .461036179E+02  .459676604E+02  .458336929E+02  .457019059E+02
  .455724903E+02  .454456374E+02  .453215382E+02  .452003836E+02  .450823643E+02
  .449676703E+02  .448564909E+02  .447490142E+02  .446454273E+02  .445459160E+02
  .444506641E+02  .443598540E+02  .442736656E+02  .441922769E+02  .441158631E+02
  .440445968E+02  .439786474E+02  .439181813E+02  .438633613E+02  .438143465E+02
  .437712923E+02  .437343495E+02  .437036648E+02  .436793801E+02  .436616325E+02
  .436505538E+02  .436462705E+02  .436489035E+02  .436585679E+02  .436753725E+02
  .436994198E+02  .437308061E+02  .437696204E+02  .438159451E+02  .438698550E+02
  .439314178E+02  .440006933E+02  .440777336E+02  .441625825E+02  .442552757E+02
  .443558404E+02  .444642952E+02  .445806497E+02  .447049048E+02  .448370519E+02
  .449770734E+02  .451249420E+02  .452806210E+02  .454440638E+02  .456152141E+02
  .457940056E+02  .459803621E+02  .461741969E+02  .463754135E+02  .465839050E+02
  .467995541E+02  .470222332E+02  .472518045E+02  .474881196E+02  .477310197E+02
  .479803359E+02  .482358888E+02  .484974886E+02  .487649355E+02  .490380194E+02
  .493165203E+02  .496002080E+02  .498888428E+02  .501821750E+02  .504799456E+02
  .507818861E+02  .510877189E+02  .513971574E+02  .517099062E+02  .520256615E+02
  .523441112E+02  .526649351E+02  .529878055E+02  .533123870E+02  .536383375E+02
  .539653078E+02  .542929425E+02  .546208801E+02  .549487535E+02  .552761903E+02
  .556028133E+02  .559282409E+02  .562520875E+02  .565739639E+02  .568934781E+02
  .572102354E+02  .575238390E+02  .578338906E+02  .581399909E+02  .584417402E+02
  .587387386E+02  .590305869E+02  .593168873E+02  .595972434E+02  .598712612E+02
  .601385498E+02  .603987216E+02  .606513931E+02  .608961855E+02  .611327255E+02
  .613606454E+02  .615795842E+02  .617891880E+02  .619891107E+02  .621790145E+02
  .623585705E+02  .625274596E+02  .626853726E+02  .628320112E+02  .629670885E+02
  .630903296E+02  .632014719E+02  .633002660E+02  .633864763E+02  .634598812E+02
  .635202738E+02  .635674624E+02  .636012712E+02  .636215404E+02  .636281270E+02
  .636209050E+02  .635997660E+02  .635646194E+02  .635153931E+02  .634520335E+02
  .633745061E+02  .632827955E+02  .631769062E+02  .630568622E+02  .629227077E+02
  .627745071E+02  .626123450E+02  .624363268E+02  .622465782E+02  .620432459E+02
  .618264970E+02  .615965193E+02  .613535214E+02  .610977321E+02  .608294010E+02
  .605487977E+02  .602562119E+02  .599519532E+02  .596363508E+02  .593097529E+02
  .589725268E+02  .586250583E+02  .582677512E+02  .579010268E+02  .575253237E+02
  .571410970E+02  .567488177E+02  .563489721E+02  .559420613E+02  .555286003E+02
  .551091176E+02  .546841538E+02  .542542615E+02  .538200041E+02  .533819549E+02
  .529406965E+02  .524968195E+02  .520509219E+02  .516036077E+02  .511554864E+02
  .507071717E+02  .502592803E+02  .498124311E+02  .493672441E+02  .489243391E+02
  .484843347E+02  .480478473E+02  .476154897E+02  .471878701E+02  .467655909E+02
  .463492478E+02  .459394283E+02  .455367104E+02  .451416622E+02  .447548399E+02
  .443767873E+02  .440080344E+02  .436490961E+02  .433004716E+02  .429626429E+02
  .426360740E+02  .423212098E+02  .420184750E+02  .417282732E+02  .414509861E+02
  .411869724E+02  .409365670E+02  .407000801E+02  .404777965E+02  .402699750E+02
  .400768471E+02  .398986172E+02  .397354612E+02  .395875264E+02  .394549309E+02
  .393377630E+02  .392360809E+02  .391499126E+02  .390792550E+02  .390240742E+02
  .389843054E+02  .389598523E+02  .389505876E+02  .389563525E+02  .389769574E+02
  .390121818E+02  .390617743E+02  .391254534E+02  .392029075E+02  .392937956E+02
  .393977477E+02  .395143656E+02  .396432232E+02  .397838677E+02  .399358202E+02
  .400985765E+02  .402716082E+02  .404543635E+02  .406462687E+02  .408467287E+02
  .410551286E+02  .412708349E+02  .414931964E+02  .417215460E+02  .419552015E+02
  .421934675E+02  .424356364E+02  .426809899E+02  .429288006E+02  .431783333E+02
  .434288467E+02  .436795946E+02  .439298280E+02  .441787958E+02  .444257471E+02
  .446699323E+02  .449106050E+02  .451470231E+02  .453784509E+02  .456041602E+02
  .458234321E+02  .460355580E+02  .462398421E+02  .464356017E+02  .466221695E+02
  .467988946E+02  .469651439E+02  .471203035E+02  .472637802E+02  .473950021E+02
  .475134207E+02  .476185113E+02  .477097744E+02  .477867366E+02  .478489520E+02
  .478960023E+02  .479274984E+02  .479430810E+02  .479424209E+02  .479252200E+02
  .478912121E+02  .478401627E+02  .477718700E+02  .476861650E+02  .475829120E+02
  .474620083E+02  .473233850E+02  .471670062E+02  .469928698E+02  .468010070E+02
  .465914819E+02  .463643918E+02  .461198661E+02  .458580669E+02  .455791876E+02
  .452834527E+02  .449711173E+02  .446424665E+02  .442978142E+02  .439375030E+02
  .435619024E+02  .431714090E+02  .427664446E+02  .423474557E+02  .419149123E+02
  .414693067E+02  .410111523E+02  .405409830E+02  .400593508E+02  .395668260E+02
  .390639944E+02  .385514574E+02  .380298293E+02  .374997374E+02  .369618190E+02
  .364167215E+02  .358650998E+02  .353076161E+02  .347449370E+02  .341777337E+02
  .336066789E+02  .330324473E+02  .324557122E+02  .318771458E+02  .312974167E+02
  .307171893E+02  .301371219E+02  .295578660E+02  .289800640E+02  .284043498E+02
  .278313451E+02  .272616607E+02  .266958935E+02  .261346268E+02  .255784278E+02
  .250278483E+02  .244834220E+02  .239456654E+02  .234150751E+02  .228921287E+02
  .223772826E+02  .218709728E+02  .213736126E+02  .208855937E+02  .204072843E+02
  .199390299E+02  .194811517E+02  .190339474E+02  .185976900E+02  .181726284E+02
  .177589864E+02  .173569638E+02  .169667351E+02  .165884507E+02  .162222359E+02
  .158681920E+02  .155263961E+02  .151969014E+02  .148797373E+02  .145749103E+02
  .142824040E+02  .140021797E+02  .137341767E+02  .134783133E+02  .132344867E+02
  .130025743E+02  .127824337E+02  .125739040E+02  .123768057E+02  .121909421E+02
  .120160995E+02  .118520485E+02  .116985439E+02  .115553265E+02  .114221228E+02
  .112986467E+02  .111845997E+02  .110796720E+02  .109835434E+02  .108958839E+02
  .108163548E+02  .107446096E+02  .106802947E+02  .106230508E+02  .105725132E+02
  .105283136E+02  .104900802E+02  .104574394E+02  .104300164E+02  .104074362E+02
  .103893247E+02  .103753094E+02  .103650205E+02  .103580916E+02  .103541608E+02
  .103528708E+02  .103538708E+02  .103568157E+02  .103613683E+02  .103671987E+02
  .103739855E+02  .103814163E+02  .103891880E+02  .103970071E+02  .104045909E+02
  .104116669E+02  .104179739E+02  .104232617E+02  .104272921E+02  .104298385E+02
  .104306866E+02  .104296339E+02  .104264909E+02  .104210801E+02  .104132371E+02
  .104028095E+02  .103896582E+02  .103736562E+02  .103546895E+02  .103326563E+02
  .103074675E+02  .102790459E+02  .102473266E+02  .102122565E+02  .101737943E+02
  .101319097E+02  .100865842E+02  .100378094E+02  .998558804E+01  .992993256E+01
  .987086561E+01  .980841896E+01  .974263375E+01  .967355949E+01  .960125421E+01
  .952578351E+01  .944722065E+01  .936564557E+01  .928114498E+01  .919381139E+01
  .910374321E+01  .901104370E+01  .891582111E+01  .881818768E+01  .871825972E+01
  .861615666E+01  .851200107E+01  .840591781E+01  .829803404E+01  .818847836E+01
  .807738081E+01  .796487214E+01  .785108375E+01  .773614696E+01  .762019304E+01
  .750335250E+01  .738575509E+01  .726752921E+01  .714880183E+01  .702969802E+01
  .691034086E+01  .679085102E+01  .667134670E+01  .655194320E+01  .643275296E+01
  .631388512E+01  .619544560E+01  .607753672E+01  .596025722E+01  .584370206E+01
  .572796235E+01  .561312520E+01  .549927375E+01  .538648696E+01  .527483972E+01
  .516440267E+01  .505524229E+01  .494742081E+01  .484099629E+01  .473602254E+01
  .463254926E+01  .453062195E+01  .443028208E+01  .433156706E+01  .423451033E+01
  .413914144E+01  .404548613E+01  .395356643E+01  .386340072E+01  .377500386E+01
  .368838729E+01  .360355913E+01  .352052434E+01  .343928474E+01  .335983927E+01
  .328218397E+01  .320631224E+01  .313221486E+01  .305988020E+01  .298929428E+01
  .292044099E+01  .285330211E+01  .278785754E+01  .272408537E+01  .266196203E+01
  .260146241E+01  .254256000E+01  .248522697E+01  .242943434E+01  .237515206E+01
  .232234916E+01  .227099382E+01  .222105352E+01  .217249508E+01  .212528486E+01
  .207938874E+01  .203477235E+01  .199140099E+01  .194923991E+01  .190825420E+01
  .186840902E+01  .182966958E+01  .179200129E+01  .175536971E+01  .171974076E+01
  .168508063E+01  .165135598E+01  .161853386E+01  .158658185E+01  .155546804E+01
  .152516116E+01  .149563048E+01  .146684600E+01  .143877834E+01  .141139889E+01
  .138467971E+01  .135859370E+01  .133311445E+01  .130821642E+01  .128387480E+01
  .126006568E+01  .123676590E+01  .121395320E+01  .119160607E+01  .116970394E+01
  .114822697E+01  .112715624E+01  .110647360E+01  .108616178E+01  .106620425E+01
  .104658536E+01  .102729020E+01  .100830469E+01  .989615475E+00  .971210004E+00
  .953076404E+00  .935203602E+00  .917581151E+00  .900199373E+00  .883049178E+00
  .866122208E+00  .849410655E+00  .832907401E+00  .816605834E+00  .800499992E+00
  .784584379E+00  .768854103E+00  .753304691E+00  .737932234E+00  .722733199E+00
  .707704567E+00  .692843655E+00  .678148249E+00  .663616423E+00  .649246681E+00
  .635037768E+00  .620988815E+00  .607099153E+00  .593368455E+00  .579796552E+00
  .566383577E+00  .553129776E+00  .540035660E+00  .527101814E+00  .514329048E+00
  .501718209E+00  .489270329E+00  .476986447E+00  .464867749E+00  .452915392E+00
  .441130652E+00  .429514743E+00  .418068967E+00  .406794535E+00  .395692722E+00
  .384764683E+00  .374011614E+00  .363434566E+00  .353034613E+00  .342812663E+00
  .332769626E+00  .322906235E+00  .313223203E+00  .303721060E+00  .294400296E+00
  .285261214E+00  .276304069E+00  .267528916E+00  .258935759E+00  .250524399E+00
  .242294584E+00  .234245854E+00  .226377697E+00  .218689396E+00  .211180188E+00
  .203849114E+00  .196695116E+00  .189717019E+00  .182913526E+00  .176283228E+00
  .169824606E+00  .163536033E+00  .157415784E+00  .151462031E+00  .145672859E+00
  .140046261E+00  .134580149E+00  .129272358E+00  .124120650E+00  .119122718E+00
  .114276195E+00  .109578655E+00  .105027621E+00  .100620568E+00  .963549274E-01
  .922280956E-01  .882374340E-01  .843802761E-01  .806539311E-01  .770556883E-01
  .735828211E-01  .702325912E-01  .670022516E-01  .638890511E-01  .608902371E-01
  .580030591E-01  .552247717E-01  .525526375E-01  .499839303E-01  .475159370E-01
  .451459607E-01  .428713230E-01  .406893657E-01  .385974537E-01  .365929762E-01
  .346733492E-01  .328360168E-01  .310784530E-01  .293981636E-01  .277926868E-01
  .262595958E-01  .247964988E-01  .234010414E-01  .220709068E-01  .208038175E-01
  .195975361E-01  .184498661E-01  .173586531E-01  .163217851E-01  .153371940E-01
  .144028554E-01  .135167901E-01  .126770638E-01  .118817882E-01  .111291214E-01
  .104172679E-01  .974447898E-02  .910905328E-02  .850933656E-02  .794372199E-02
  .741065008E-02  .690860872E-02  .643613300E-02  .599180503E-02  .557425375E-02
  .518215455E-02  .481422893E-02  .446924405E-02  .414601222E-02  .384339036E-02
  .356027937E-02  .329562345E-02  .304840941E-02  .281766587E-02  .260246248E-02
  .240190902E-02  .221515457E-02  .204138652E-02  .187982966E-02  .172974519E-02
  .159042969E-02  .146121412E-02  .134146276E-02  .123057218E-02  .112797014E-02
  .103311457E-02  .945492455E-03  .864618783E-03  .790035486E-03  .721310371E-03
  .658036073E-03  .599829014E-03  .546328384E-03  .497195129E-03  .452110960E-03
  .410777391E-03  .372914781E-03  .338261416E-03  .306572606E-03  .277619808E-03
  .251189779E-03  .227083754E-03  .205116648E-03  .185116293E-03  .166922698E-03
  .150387339E-03  .135372475E-03  .121750502E-03  .109403321E-03  .982217435E-04
  .881049243E-04  .789598177E-04  .707006626E-04  .632484932E-04  .565306758E-04
  .504804696E-04  .450366118E-04  .401429263E-04  .357479547E-04  .318046088E-04
  .282698447E-04  .251043559E-04  .222722870E-04  .197409643E-04  .174806452E-04
  .154642835E-04  .136673111E-04  .120674345E-04  .106444456E-04  .938004639E-05
  .825768587E-05  .726240943E-05  .638071935E-05  .560044608E-05  .491062937E-05
  .430140888E-05  .376392342E-05  .329021847E-05  .287316126E-05  .250636288E-05
  .218410712E-05  .190128527E-05  .165333667E-05  .143619449E-05  .124623635E-05
  .108023936E-05  .935339350E-06  .808993849E-06  .698948520E-06  .603206815E-06
  .520002546E-06  .447775113E-06  .385147189E-06  .330904619E-06  .283978352E-06
  .243428213E-06  .208428352E-06  .178254210E-06  .152270856E-06  .129922578E-06
  .110723584E-06  .942497257E-07  .801311308E-07  .680456542E-07  .577130678E-07
  .488899100E-07  .413649267E-07  .349550419E-07  .295017995E-07  .248682277E-07
  .209360770E-07  .176033932E-07  .147823849E-07  .123975551E-07  .103840642E-07
  .868629896E-08  .725662275E-08  .605428580E-08  .504447627E-08  .419749504E-08
  .348803915E-08  .289458046E-08  .239882761E-08  .198526077E-08  .164073000E-08
  .135410891E-08  .111599646E-08  .918460679E-09  .754818570E-09  .619447520E-09
  .507623851E-09  .415384845E-09  .339411002E-09  .276925711E-09  .225609891E-09
  .183529475E-09  .149073900E-09  .120904014E-09  .979080248E-10  .791643043E-10
  .639100358E-10  .515148228E-10  .414585118E-10  .333125855E-10  .267245755E-10
  .214050222E-10  .171166094E-10  .136650285E-10  .108915550E-10  .866659814E-11
  .688466939E-11  .545993437E-11  .432270724E-11  .341650755E-11  .269563522E-11
  .212317588E-11  .166936304E-11  .131023553E-11  .102653890E-11  .802828041E-12
  .626735478E-12  .488375777E-12  .379861624E-12  .294911355E-12  .228531230E-12
  .176758677E-12  .136455204E-12  .105139670E-12  .808543052E-13  .620572497E-13
  .475365276E-13  .363413100E-13  .277270999E-13  .211121047E-13  .160425801E-13
  .121653555E-13  .920609637E-14  .695213965E-14  .523896829E-14  .393957465E-14
  .295611325E-14  .221336366E-14  .165362177E-14  .123271569E-14  .916905466E-15
  .680475629E-15  .503869837E-15  .372248738E-15  .274377460E-15  .201769309E-15
  .148028159E-15  .108344562E-15  .791105439E-16  .576257950E-16  .418741069E-16
  .303536509E-16  .219484405E-16  .158312163E-16  .113902493E-16  .817430580E-17
  .585136961E-17  .417775918E-17  .297507991E-17  .211306714E-17  .149684689E-17
  .105750102E-17  .745097982E-18  .523558138E-18  .366880870E-18  .256379594E-18
  .178660941E-18  .124151797E-18  .860286333E-19  .594413906E-19  .409524659E-19
  .281323148E-19  .192687825E-19  .131587755E-19  .895938102E-20  .608178002E-20
  .411587667E-20  .277690892E-20  .186774323E-20  .125232629E-20  .837049362E-21
  .557707219E-21  .370400347E-21  .245208004E-21  .161802107E-21  .106416270E-21
  .697580273E-22  .455754049E-22  .296759665E-22  .192577223E-22  .124542710E-22
  .802661810E-23  .515507803E-23  .329923779E-23  .210404493E-23  .133704682E-23
  .846594695E-24  .534107660E-24  .335732460E-24  .210259657E-24  .131190807E-24
  .815496929E-25  .505009189E-25  .311544944E-25  .191457756E-25  .117203966E-25
  .714685372E-26  .434086999E-26  .262611608E-26  .158238502E-26  .949636208E-27
  .567590170E-27  .337855119E-27  .200276323E-27  .118227229E-27  .694991380E-28
  .406818261E-28  .237118569E-28  .137613069E-28  .795183848E-29  .457481808E-29
  .262037262E-29  .149423755E-29  .848257889E-30  .479371294E-30  .269672125E-30
  .151009389E-30  .841704251E-31  .466967297E-31  .257850726E-31  .141706131E-31
  .775051622E-32  .421868905E-32  .228513761E-32  .123173728E-32  .660659212E-33
  .352592646E-33  .187235364E-33  .989244801E-34  .519999827E-34  .271936978E-34
  .141475410E-34  .732188860E-35  .376943655E-35  .193028963E-35  .983201759E-36
  .498101918E-36  .250974906E-36  .125765024E-36  .626740515E-37  .310595138E-37
  .153059768E-37  .750010485E-38  .365421186E-38  .177019160E-38  .852563833E-39
  .408219136E-39  .194311825E-39  .919441181E-40  .432460847E-40  .202184040E-40
  .939513714E-41  .433904686E-41  .199158633E-41  .908439403E-42  .411777965E-42
  .185472134E-42  .830081252E-43  .369119241E-43  .163077672E-43  .715783182E-44
  .312107995E-44  .135189135E-44  .581659827E-45  .248578439E-45  .105511911E-45
  .444794612E-46  .186214598E-46  .774176697E-47  .319605643E-47  .131012393E-47
  .533223579E-48  .215466912E-48  .864372936E-49  .344227792E-49  .136078520E-49
  .533957358E-50  .207955887E-50  .803817768E-51  .308346924E-51  .117379155E-51
  .443389275E-52  .166186435E-52  .618009850E-53  .228011371E-53  .834551079E-54
  .303009757E-54  .109128895E-54  .389829430E-55  .138113172E-55  .485282177E-56
  .169096430E-56  .584363343E-57  .200305118E-57  .681465185E-58  .230970231E-58
  .783099787E-59  .273037802E-59  .102713874E-59  .483818963E-60  .364709163E-60
  .000000000E+00  .000000000E+00  .000000000E+00  .000000000E+00  .000000000E+00
  .000000000E+00  .000000000E+00  .000000000E+00  .000000000E+00  .000000000E+00
  .000000000E+00  .000000000E+00  .000000000E+00  .000000000E+00  .000000000E+00
  .000000000E+00  .000000000E+00  .000000000E+00  .000000000E+00  .000000000E+00
  .000000000E+00  .000000000E+00  .000000000E+00  .000000000E+00  .000000000E+00
  .000000000E+00  .000000000E+00  .000000000E+00  .000000000E+00  .000000000E+00
  .000000000E+00  .000000000E+00  .000000000E+00  .000000000E+00  .000000000E+00
  .000000000E+00  .000000000E+00  .000000000E+00  .000000000E+00  .000000000E+00
  .000000000E+00  .000000000E+00  .000000000E+00  .000000000E+00  .000000000E+00
  .000000000E+00  .000000000E+00  .000000000E+00  .000000000E+00  .000000000E+00
  .000000000E+00  .000000000E+00  .000000000E+00  .000000000E+00  .000000000E+00
  .000000000E+00  .000000000E+00  .000000000E+00  .000000000E+00  .000000000E+00
  .000000000E+00  .000000000E+00  .000000000E+00  .000000000E+00  .000000000E+00
  .000000000E+00  .000000000E+00  .000000000E+00  .000000000E+00  .000000000E+00
  .000000000E+00  .000000000E+00  .000000000E+00  .000000000E+00  .000000000E+00
  .000000000E+00  .000000000E+00  .000000000E+00  .000000000E+00  .000000000E+00
  .000000000E+00  .000000000E+00  .000000000E+00  .000000000E+00  .000000000E+00
  .000000000E+00  .000000000E+00  .000000000E+00  .000000000E+00  .000000000E+00
  .000000000E+00  .000000000E+00  .000000000E+00  .000000000E+00  .000000000E+00
  .000000000E+00  .000000000E+00  .000000000E+00  .000000000E+00  .000000000E+00
  .000000000E+00  .000000000E+00  .000000000E+00  .000000000E+00  .000000000E+00
  .000000000E+00  .000000000E+00  .000000000E+00  .000000000E+00  .000000000E+00
  .000000000E+00  .000000000E+00  .000000000E+00  .000000000E+00  .000000000E+00
  .000000000E+00  .000000000E+00  .000000000E+00  .000000000E+00  .000000000E+00
  .000000000E+00  .000000000E+00  .000000000E+00  .000000000E+00  .000000000E+00
  .000000000E+00  .000000000E+00  .000000000E+00  .000000000E+00  .000000000E+00
  .000000000E+00  .000000000E+00  .000000000E+00  .000000000E+00  .000000000E+00
  .000000000E+00  .000000000E+00  .000000000E+00  .000000000E+00  .000000000E+00
  .000000000E+00  .000000000E+00  .000000000E+00  .000000000E+00  .000000000E+00
  .000000000E+00  .000000000E+00  .000000000E+00  .000000000E+00  .000000000E+00
  .000000000E+00  .000000000E+00  .000000000E+00  .000000000E+00  .000000000E+00
  .000000000E+00  .000000000E+00  .000000000E+00  .000000000E+00  .000000000E+00
  .000000000E+00  .000000000E+00  .000000000E+00  .000000000E+00  .000000000E+00
  .000000000E+00  .000000000E+00  .000000000E+00  .000000000E+00  .000000000E+00
  .000000000E+00  .000000000E+00  .000000000E+00  .000000000E+00  .000000000E+00
  .000000000E+00  .000000000E+00  .000000000E+00  .000000000E+00  .000000000E+00
  .000000000E+00  .000000000E+00  .000000000E+00  .000000000E+00  .000000000E+00
  .000000000E+00  .000000000E+00  .000000000E+00  .000000000E+00  .000000000E+00
  .000000000E+00  .000000000E+00  .000000000E+00  .000000000E+00  .000000000E+00
  .000000000E+00  .000000000E+00  .000000000E+00  .000000000E+00  .000000000E+00
  .000000000E+00  .000000000E+00  .000000000E+00  .000000000E+00  .000000000E+00
  .000000000E+00  .000000000E+00  .000000000E+00  .000000000E+00  .000000000E+00
  .000000000E+00  .000000000E+00  .000000000E+00  .000000000E+00  .000000000E+00
  .000000000E+00  .000000000E+00  .000000000E+00  .000000000E+00  .000000000E+00
