  PAW_PBE P 06Sep2000                    
 100
Core Pot   L  =         .00000  -1.02670
  -.20000000E+01  .59677976E+00
  -.19600000E+01  .56582467E+00
  -.19200000E+01  .53398177E+00
  -.18800000E+01  .50119808E+00
  -.18400000E+01  .46741619E+00
  -.18000000E+01  .43257375E+00
  -.17600000E+01  .39660297E+00
  -.17200000E+01  .35942998E+00
  -.16800000E+01  .32097414E+00
  -.16400000E+01  .28114723E+00
  -.16000000E+01  .23985257E+00
  -.15600000E+01  .19698394E+00
  -.15200000E+01  .15242436E+00
  -.14800000E+01  .10604474E+00
  -.14400000E+01  .57702234E-01
  -.14000000E+01  .72383517E-02
  -.13600000E+01 -.45523248E-01
  -.13200000E+01 -.10077934E+00
  -.12800000E+01 -.15875019E+00
  -.12400000E+01 -.21968319E+00
  -.12000000E+01 -.28385713E+00
  -.11600000E+01 -.35158741E+00
  -.11200000E+01 -.42323222E+00
  -.10800000E+01 -.49920008E+00
  -.10400000E+01 -.57995900E+00
  -.10000000E+01 -.66604772E+00
  -.96000000E+00 -.75808964E+00
  -.92000000E+00 -.85681015E+00
  -.88000000E+00 -.96305832E+00
  -.84000000E+00 -.10778345E+01
  -.80000000E+00 -.12023258E+01
  -.76000000E+00 -.13379512E+01
  -.72000000E+00 -.14864220E+01
  -.68000000E+00 -.16498203E+01
  -.64000000E+00 -.18307062E+01
  -.60000000E+00 -.20322622E+01
  -.56000000E+00 -.22584958E+01
  -.52000000E+00 -.25145243E+01
  -.48000000E+00 -.28069885E+01
  -.44000000E+00 -.31446651E+01
  -.40000000E+00 -.35394001E+01
  -.36000000E+00 -.40075798E+01
  -.32000000E+00 -.45725364E+01
  -.28000000E+00 -.52686646E+01
  -.24000000E+00 -.61488601E+01
  -.20000000E+00 -.72988924E+01
  -.16000000E+00 -.88676403E+01
  -.12000000E+00 -.11138223E+02
  -.80000000E-01 -.14723336E+02
  -.40000000E-01 -.21241669E+02
   .12351231E-14 -.36820269E+02
   .40000000E-01 -.12377601E+03
   .80000000E-01  .97669349E+02
   .12000000E+00  .35890017E+02
   .16000000E+00  .22293738E+02
   .20000000E+00  .16320421E+02
   .24000000E+00  .12959123E+02
   .28000000E+00  .10801415E+02
   .32000000E+00  .92971613E+01
   .36000000E+00  .81871576E+01
   .40000000E+00  .73332675E+01
   .44000000E+00  .66551288E+01
   .48000000E+00  .61028081E+01
   .52000000E+00  .56436440E+01
   .56000000E+00  .52553731E+01
   .60000000E+00  .49222974E+01
   .64000000E+00  .46330301E+01
   .68000000E+00  .43791105E+01
   .72000000E+00  .41541207E+01
   .76000000E+00  .39531044E+01
   .80000000E+00  .37721727E+01
   .84000000E+00  .36082318E+01
   .88000000E+00  .34587894E+01
   .92000000E+00  .33218151E+01
   .96000000E+00  .31956383E+01
   .10000000E+01  .30788719E+01
   .10400000E+01  .29703542E+01
   .10800000E+01  .28691052E+01
   .11200000E+01  .27742921E+01
   .11600000E+01  .26852029E+01
   .12000000E+01  .26012251E+01
   .12400000E+01  .25218286E+01
   .12800000E+01  .24465527E+01
   .13200000E+01  .23749948E+01
   .13600000E+01  .23068015E+01
   .14000000E+01  .22416614E+01
   .14400000E+01  .21792987E+01
   .14800000E+01  .21194687E+01
   .15200000E+01  .20619530E+01
   .15600000E+01  .20065565E+01
   .16000000E+01  .19531038E+01
   .16400000E+01  .19014373E+01
   .16800000E+01  .18514147E+01
   .17200000E+01  .18029069E+01
   .17600000E+01  .17557971E+01
   .18000000E+01  .17099787E+01
   .18400000E+01  .16653546E+01
   .18800000E+01  .16218360E+01
   .19200000E+01  .15793415E+01
   .19600000E+01  .15377962E+01
   .20000000E+01  .14971314E+01
Potential  L  =         .00000  -1.02670
  -.20000000E+01  .68933328E+00
  -.19600000E+01  .65984230E+00
  -.19200000E+01  .62941155E+00
  -.18800000E+01  .59797322E+00
  -.18400000E+01  .56545250E+00
  -.18000000E+01  .53176657E+00
  -.17600000E+01  .49682354E+00
  -.17200000E+01  .46052123E+00
  -.16800000E+01  .42274535E+00
  -.16400000E+01  .38336808E+00
  -.16000000E+01  .34224590E+00
  -.15600000E+01  .29921676E+00
  -.15200000E+01  .25409728E+00
  -.14800000E+01  .20667901E+00
  -.14400000E+01  .15672401E+00
  -.14000000E+01  .10395936E+00
  -.13600000E+01  .48070500E-01
  -.13200000E+01 -.11307051E-01
  -.12800000E+01 -.74598074E-01
  -.12400000E+01 -.14230067E+00
  -.12000000E+01 -.21500283E+00
  -.11600000E+01 -.29340376E+00
  -.11200000E+01 -.37834147E+00
  -.10800000E+01 -.47082914E+00
  -.10400000E+01 -.57210346E+00
  -.10000000E+01 -.68368994E+00
  -.96000000E+00 -.80749259E+00
  -.92000000E+00 -.94591912E+00
  -.88000000E+00 -.11020595E+01
  -.84000000E+00 -.12799463E+01
  -.80000000E+00 -.14849436E+01
  -.76000000E+00 -.17243469E+01
  -.72000000E+00 -.20083382E+01
  -.68000000E+00 -.23515709E+01
  -.64000000E+00 -.27759273E+01
  -.60000000E+00 -.33156048E+01
  -.56000000E+00 -.40271982E+01
  -.52000000E+00 -.50116284E+01
  -.48000000E+00 -.64681058E+01
  -.44000000E+00 -.88523076E+01
  -.40000000E+00 -.13484990E+02
  -.36000000E+00 -.26459404E+02
  -.32000000E+00 -.28171315E+03
  -.28000000E+00  .34656215E+02
  -.24000000E+00  .16761489E+02
  -.20000000E+00  .11226306E+02
  -.16000000E+00  .85261856E+01
  -.12000000E+00  .69228095E+01
  -.80000000E-01  .58577726E+01
  -.40000000E-01  .50967083E+01
   .12351231E-14  .45240200E+01
   .40000000E-01  .40761036E+01
   .80000000E-01  .37150703E+01
   .12000000E+00  .34169430E+01
   .16000000E+00  .31658076E+01
   .20000000E+00  .29506858E+01
   .24000000E+00  .27637591E+01
   .28000000E+00  .25993076E+01
   .32000000E+00  .24530500E+01
   .36000000E+00  .23217175E+01
   .40000000E+00  .22027708E+01
   .44000000E+00  .20942080E+01
   .48000000E+00  .19944254E+01
   .52000000E+00  .19021301E+01
   .56000000E+00  .18162635E+01
   .60000000E+00  .17359463E+01
   .64000000E+00  .16604496E+01
   .68000000E+00  .15891594E+01
   .72000000E+00  .15215555E+01
   .76000000E+00  .14571940E+01
   .80000000E+00  .13956934E+01
   .84000000E+00  .13367242E+01
   .88000000E+00  .12799996E+01
   .92000000E+00  .12252690E+01
   .96000000E+00  .11723120E+01
   .10000000E+01  .11209338E+01
   .10400000E+01  .10709616E+01
   .10800000E+01  .10222408E+01
   .11200000E+01  .97463326E+00
   .11600000E+01  .92801427E+00
   .12000000E+01  .88227108E+00
   .12400000E+01  .83730123E+00
   .12800000E+01  .79301116E+00
   .13200000E+01  .74931509E+00
   .13600000E+01  .70613400E+00
   .14000000E+01  .66339477E+00
   .14400000E+01  .62102944E+00
   .14800000E+01  .57897445E+00
   .15200000E+01  .53717045E+00
   .15600000E+01  .49556124E+00
   .16000000E+01  .45409366E+00
   .16400000E+01  .41271715E+00
   .16800000E+01  .37138331E+00
   .17200000E+01  .33004569E+00
   .17600000E+01  .28865939E+00
   .18000000E+01  .24718090E+00
   .18400000E+01  .20556788E+00
   .18800000E+01  .16377840E+00
   .19200000E+01  .12177164E+00
   .19600000E+01  .79507085E-01
   .20000000E+01  .36944421E-01
Core Pot   L  =        1.00000   -.40473
  -.20000000E+01  .99510712E+00
  -.19600000E+01  .97510743E+00
  -.19200000E+01  .95478873E+00
  -.18800000E+01  .93413899E+00
  -.18400000E+01  .91314554E+00
  -.18000000E+01  .89179503E+00
  -.17600000E+01  .87007335E+00
  -.17200000E+01  .84796557E+00
  -.16800000E+01  .82545592E+00
  -.16400000E+01  .80252771E+00
  -.16000000E+01  .77916325E+00
  -.15600000E+01  .75534378E+00
  -.15200000E+01  .73104937E+00
  -.14800000E+01  .70625889E+00
  -.14400000E+01  .68094983E+00
  -.14000000E+01  .65509824E+00
  -.13600000E+01  .62867860E+00
  -.13200000E+01  .60166368E+00
  -.12800000E+01  .57402442E+00
  -.12400000E+01  .54572972E+00
  -.12000000E+01  .51674630E+00
  -.11600000E+01  .48703850E+00
  -.11200000E+01  .45656805E+00
  -.10800000E+01  .42529383E+00
  -.10400000E+01  .39317158E+00
  -.10000000E+01  .36015362E+00
  -.96000000E+00  .32618852E+00
  -.92000000E+00  .29122066E+00
  -.88000000E+00  .25518988E+00
  -.84000000E+00  .21803092E+00
  -.80000000E+00  .17967291E+00
  -.76000000E+00  .14003878E+00
  -.72000000E+00  .99044487E-01
  -.68000000E+00  .56598263E-01
  -.64000000E+00  .12599686E-01
  -.60000000E+00 -.33061367E-01
  -.56000000E+00 -.80505927E-01
  -.52000000E+00 -.12986732E+00
  -.48000000E+00 -.18129277E+00
  -.44000000E+00 -.23494528E+00
  -.40000000E+00 -.29100578E+00
  -.36000000E+00 -.34967571E+00
  -.32000000E+00 -.41117995E+00
  -.28000000E+00 -.47577042E+00
  -.24000000E+00 -.54373022E+00
  -.20000000E+00 -.61537863E+00
  -.16000000E+00 -.69107712E+00
  -.12000000E+00 -.77123650E+00
  -.80000000E-01 -.85632573E+00
  -.40000000E-01 -.94688251E+00
   .12351231E-14 -.10435264E+01
   .40000000E-01 -.11469752E+01
   .80000000E-01 -.12580649E+01
   .12000000E+00 -.13777753E+01
   .16000000E+00 -.15072622E+01
   .20000000E+00 -.16478992E+01
   .24000000E+00 -.18013310E+01
   .28000000E+00 -.19695440E+01
   .32000000E+00 -.21549602E+01
   .36000000E+00 -.23605631E+01
   .40000000E+00 -.25900710E+01
   .44000000E+00 -.28481776E+01
   .48000000E+00 -.31408947E+01
   .52000000E+00 -.34760495E+01
   .56000000E+00 -.38640266E+01
   .60000000E+00 -.43189047E+01
   .64000000E+00 -.48602603E+01
   .68000000E+00 -.55161416E+01
   .72000000E+00 -.63282070E+01
   .76000000E+00 -.73611210E+01
   .80000000E+00 -.87209796E+01
   .84000000E+00 -.10594822E+02
   .88000000E+00 -.13346018E+02
   .92000000E+00 -.17786132E+02
   .96000000E+00 -.26174057E+02
   .10000000E+01 -.48038229E+02
   .10400000E+01 -.24979629E+03
   .10800000E+01  .81411074E+02
   .11200000E+01  .35602889E+02
   .11600000E+01  .23014701E+02
   .12000000E+01  .17120433E+02
   .12400000E+01  .13698576E+02
   .12800000E+01  .11460717E+02
   .13200000E+01  .98811494E+01
   .13600000E+01  .87052507E+01
   .14000000E+01  .77947027E+01
   .14400000E+01  .70678918E+01
   .14800000E+01  .64735517E+01
   .15200000E+01  .59778576E+01
   .15600000E+01  .55575902E+01
   .16000000E+01  .51962809E+01
   .16400000E+01  .48819247E+01
   .16800000E+01  .46055639E+01
   .17200000E+01  .43603787E+01
   .17600000E+01  .41410850E+01
   .18000000E+01  .39435255E+01
   .18400000E+01  .37643841E+01
   .18800000E+01  .36009836E+01
   .19200000E+01  .34511385E+01
   .19600000E+01  .33130472E+01
   .20000000E+01  .31852114E+01
Potential  L  =        1.00000   -.40473
  -.20000000E+01  .10155652E+01
  -.19600000E+01  .99584767E+00
  -.19200000E+01  .97580963E+00
  -.18800000E+01  .95543842E+00
  -.18400000E+01  .93472060E+00
  -.18000000E+01  .91364194E+00
  -.17600000E+01  .89218740E+00
  -.17200000E+01  .87034099E+00
  -.16800000E+01  .84808577E+00
  -.16400000E+01  .82540369E+00
  -.16000000E+01  .80227559E+00
  -.15600000E+01  .77868105E+00
  -.15200000E+01  .75459831E+00
  -.14800000E+01  .73000414E+00
  -.14400000E+01  .70487372E+00
  -.14000000E+01  .67918052E+00
  -.13600000E+01  .65289609E+00
  -.13200000E+01  .62598996E+00
  -.12800000E+01  .59842940E+00
  -.12400000E+01  .57017921E+00
  -.12000000E+01  .54120152E+00
  -.11600000E+01  .51145547E+00
  -.11200000E+01  .48089693E+00
  -.10800000E+01  .44947821E+00
  -.10400000E+01  .41714762E+00
  -.10000000E+01  .38384908E+00
  -.96000000E+00  .34952161E+00
  -.92000000E+00  .31409882E+00
  -.88000000E+00  .27750826E+00
  -.84000000E+00  .23967072E+00
  -.80000000E+00  .20049942E+00
  -.76000000E+00  .15989907E+00
  -.72000000E+00  .11776481E+00
  -.68000000E+00  .73980957E-01
  -.64000000E+00  .28419565E-01
  -.60000000E+00 -.19061242E-01
  -.56000000E+00 -.68619225E-01
  -.52000000E+00 -.12043033E+00
  -.48000000E+00 -.17469140E+00
  -.44000000E+00 -.23162337E+00
  -.40000000E+00 -.29147509E+00
  -.36000000E+00 -.35452788E+00
  -.32000000E+00 -.42110103E+00
  -.28000000E+00 -.49155842E+00
  -.24000000E+00 -.56631665E+00
  -.20000000E+00 -.64585489E+00
  -.16000000E+00 -.73072717E+00
  -.12000000E+00 -.82157758E+00
  -.80000000E-01 -.91915937E+00
  -.40000000E-01 -.10243592E+01
   .12351231E-14 -.11382278E+01
   .40000000E-01 -.12620202E+01
   .80000000E-01 -.13972478E+01
   .12000000E+00 -.15457472E+01
   .16000000E+00 -.17097729E+01
   .20000000E+00 -.18921234E+01
   .24000000E+00 -.20963156E+01
   .28000000E+00 -.23268317E+01
   .32000000E+00 -.25894744E+01
   .36000000E+00 -.28918923E+01
   .40000000E+00 -.32443775E+01
   .44000000E+00 -.36611153E+01
   .48000000E+00 -.41622180E+01
   .52000000E+00 -.47771820E+01
   .56000000E+00 -.55510835E+01
   .60000000E+00 -.65564305E+01
   .64000000E+00 -.79177762E+01
   .68000000E+00 -.98686275E+01
   .72000000E+00 -.12903929E+02
   .76000000E+00 -.18288174E+02
   .80000000E+00 -.30502074E+02
   .84000000E+00 -.85324838E+02
   .88000000E+00  .11635218E+03
   .92000000E+00  .35421118E+02
   .96000000E+00  .21160550E+02
   .10000000E+01  .15213042E+02
   .10400000E+01  .11945557E+02
   .10800000E+01  .98766389E+01
   .11200000E+01  .84468031E+01
   .11600000E+01  .73978728E+01
   .12000000E+01  .65942129E+01
   .12400000E+01  .59577372E+01
   .12800000E+01  .54403129E+01
   .13200000E+01  .50106551E+01
   .13600000E+01  .46475478E+01
   .14000000E+01  .43360946E+01
   .14400000E+01  .40655287E+01
   .14800000E+01  .38278743E+01
   .15200000E+01  .36170970E+01
   .15600000E+01  .34285471E+01
   .16000000E+01  .32585837E+01
   .16400000E+01  .31043150E+01
   .16800000E+01  .29634148E+01
   .17200000E+01  .28339909E+01
   .17600000E+01  .27144881E+01
   .18000000E+01  .26036161E+01
   .18400000E+01  .25002956E+01
   .18800000E+01  .24036165E+01
   .19200000E+01  .23128060E+01
   .19600000E+01  .22272036E+01
   .20000000E+01  .21462414E+01
Core Pot   L  =        2.00000   -.40000
  -.20000000E+01  .14190281E+01
  -.19600000E+01  .14051118E+01
  -.19200000E+01  .13910707E+01
  -.18800000E+01  .13769017E+01
  -.18400000E+01  .13626018E+01
  -.18000000E+01  .13481678E+01
  -.17600000E+01  .13335962E+01
  -.17200000E+01  .13188835E+01
  -.16800000E+01  .13040262E+01
  -.16400000E+01  .12890205E+01
  -.16000000E+01  .12738624E+01
  -.15600000E+01  .12585480E+01
  -.15200000E+01  .12430728E+01
  -.14800000E+01  .12274327E+01
  -.14400000E+01  .12116228E+01
  -.14000000E+01  .11956385E+01
  -.13600000E+01  .11794748E+01
  -.13200000E+01  .11631265E+01
  -.12800000E+01  .11465881E+01
  -.12400000E+01  .11298540E+01
  -.12000000E+01  .11129182E+01
  -.11600000E+01  .10957747E+01
  -.11200000E+01  .10784168E+01
  -.10800000E+01  .10608379E+01
  -.10400000E+01  .10430308E+01
  -.10000000E+01  .10249882E+01
  -.96000000E+00  .10067022E+01
  -.92000000E+00  .98816476E+00
  -.88000000E+00  .96936723E+00
  -.84000000E+00  .95030064E+00
  -.80000000E+00  .93095554E+00
  -.76000000E+00  .91132200E+00
  -.72000000E+00  .89138956E+00
  -.68000000E+00  .87114720E+00
  -.64000000E+00  .85058332E+00
  -.60000000E+00  .82968567E+00
  -.56000000E+00  .80844133E+00
  -.52000000E+00  .78683664E+00
  -.48000000E+00  .76485717E+00
  -.44000000E+00  .74248764E+00
  -.40000000E+00  .71971188E+00
  -.36000000E+00  .69651272E+00
  -.32000000E+00  .67287198E+00
  -.28000000E+00  .64877031E+00
  -.24000000E+00  .62418718E+00
  -.20000000E+00  .59910070E+00
  -.16000000E+00  .57348759E+00
  -.12000000E+00  .54732298E+00
  -.80000000E-01  .52058034E+00
  -.40000000E-01  .49323132E+00
   .12351231E-14  .46524556E+00
   .40000000E-01  .43659054E+00
   .80000000E-01  .40723136E+00
   .12000000E+00  .37713054E+00
   .16000000E+00  .34624774E+00
   .20000000E+00  .31453952E+00
   .24000000E+00  .28195899E+00
   .28000000E+00  .24845551E+00
   .32000000E+00  .21397425E+00
   .36000000E+00  .17845579E+00
   .40000000E+00  .14183557E+00
   .44000000E+00  .10404340E+00
   .48000000E+00  .65002745E-01
   .52000000E+00  .24630035E-01
   .56000000E+00 -.17166178E-01
   .60000000E+00 -.60486179E-01
   .64000000E+00 -.10544019E+00
   .68000000E+00 -.15214962E+00
   .72000000E+00 -.20074858E+00
   .76000000E+00 -.25138552E+00
   .80000000E+00 -.30422527E+00
   .84000000E+00 -.35945135E+00
   .88000000E+00 -.41726867E+00
   .92000000E+00 -.47790683E+00
   .96000000E+00 -.54162388E+00
   .10000000E+01 -.60871095E+00
   .10400000E+01 -.67949769E+00
   .10800000E+01 -.75435890E+00
   .11200000E+01 -.83372252E+00
   .11600000E+01 -.91807946E+00
   .12000000E+01 -.10079956E+01
   .12400000E+01 -.11041268E+01
   .12800000E+01 -.12072372E+01
   .13200000E+01 -.13182232E+01
   .13600000E+01 -.14381427E+01
   .14000000E+01 -.15682536E+01
   .14400000E+01 -.17100636E+01
   .14800000E+01 -.18653949E+01
   .15200000E+01 -.20364716E+01
   .15600000E+01 -.22260362E+01
   .16000000E+01 -.24375107E+01
   .16400000E+01 -.26752204E+01
   .16800000E+01 -.29447139E+01
   .17200000E+01 -.32532279E+01
   .17600000E+01 -.36103825E+01
   .18000000E+01 -.40292507E+01
   .18400000E+01 -.45280600E+01
   .18800000E+01 -.51330117E+01
   .19200000E+01 -.58831762E+01
   .19600000E+01 -.68395011E+01
   .20000000E+01 -.81026161E+01
Potential  L  =        2.00000   -.40000
  -.20000000E+01  .14179156E+01
  -.19600000E+01  .14039719E+01
  -.19200000E+01  .13899037E+01
  -.18800000E+01  .13757081E+01
  -.18400000E+01  .13613821E+01
  -.18000000E+01  .13469225E+01
  -.17600000E+01  .13323260E+01
  -.17200000E+01  .13175893E+01
  -.16800000E+01  .13027087E+01
  -.16400000E+01  .12876808E+01
  -.16000000E+01  .12725017E+01
  -.15600000E+01  .12571674E+01
  -.15200000E+01  .12416739E+01
  -.14800000E+01  .12260170E+01
  -.14400000E+01  .12101922E+01
  -.14000000E+01  .11941949E+01
  -.13600000E+01  .11780205E+01
  -.13200000E+01  .11616638E+01
  -.12800000E+01  .11451198E+01
  -.12400000E+01  .11283831E+01
  -.12000000E+01  .11114480E+01
  -.11600000E+01  .10943087E+01
  -.11200000E+01  .10769590E+01
  -.10800000E+01  .10593927E+01
  -.10400000E+01  .10416029E+01
  -.10000000E+01  .10235828E+01
  -.96000000E+00  .10053251E+01
  -.92000000E+00  .98682208E+00
  -.88000000E+00  .96806585E+00
  -.84000000E+00  .94904803E+00
  -.80000000E+00  .92975987E+00
  -.76000000E+00  .91019217E+00
  -.72000000E+00  .89033531E+00
  -.68000000E+00  .87017916E+00
  -.64000000E+00  .84971309E+00
  -.60000000E+00  .82892594E+00
  -.56000000E+00  .80780592E+00
  -.52000000E+00  .78634067E+00
  -.48000000E+00  .76451714E+00
  -.44000000E+00  .74232158E+00
  -.40000000E+00  .71973949E+00
  -.36000000E+00  .69675553E+00
  -.32000000E+00  .67335352E+00
  -.28000000E+00  .64951633E+00
  -.24000000E+00  .62522583E+00
  -.20000000E+00  .60046282E+00
  -.16000000E+00  .57520692E+00
  -.12000000E+00  .54943651E+00
  -.80000000E-01  .52312864E+00
  -.40000000E-01  .49625887E+00
   .12351231E-14  .46880120E+00
   .40000000E-01  .44072794E+00
   .80000000E-01  .41200952E+00
   .12000000E+00  .38261436E+00
   .16000000E+00  .35250875E+00
   .20000000E+00  .32165655E+00
   .24000000E+00  .29001906E+00
   .28000000E+00  .25755473E+00
   .32000000E+00  .22421893E+00
   .36000000E+00  .18996365E+00
   .40000000E+00  .15473715E+00
   .44000000E+00  .11848360E+00
   .48000000E+00  .81142676E-01
   .52000000E+00  .42649092E-01
   .56000000E+00  .29320700E-02
   .60000000E+00 -.38085261E-01
   .64000000E+00 -.80486514E-01
   .68000000E+00 -.12436282E+00
   .72000000E+00 -.16981368E+00
   .76000000E+00 -.21694798E+00
   .80000000E+00 -.26588512E+00
   .84000000E+00 -.31675628E+00
   .88000000E+00 -.36970596E+00
   .92000000E+00 -.42489370E+00
   .96000000E+00 -.48249611E+00
   .10000000E+01 -.54270919E+00
   .10400000E+01 -.60575109E+00
   .10800000E+01 -.67186537E+00
   .11200000E+01 -.74132474E+00
   .11600000E+01 -.81443564E+00
   .12000000E+01 -.89154359E+00
   .12400000E+01 -.97303963E+00
   .12800000E+01 -.10593681E+01
   .13200000E+01 -.11510361E+01
   .13600000E+01 -.12486248E+01
   .14000000E+01 -.13528037E+01
   .14400000E+01 -.14643481E+01
   .14800000E+01 -.15841607E+01
   .15200000E+01 -.17132990E+01
   .15600000E+01 -.18530100E+01
   .16000000E+01 -.20047745E+01
   .16400000E+01 -.21703650E+01
   .16800000E+01 -.23519210E+01
   .17200000E+01 -.25520491E+01
   .17600000E+01 -.27739581E+01
   .18000000E+01 -.30216435E+01
   .18400000E+01 -.33001445E+01
   .18800000E+01 -.36159084E+01
   .19200000E+01 -.39773198E+01
   .19600000E+01 -.43954871E+01
   .20000000E+01 -.48854467E+01
Core Pot   L  =        3.00000    .00000
  -.20000000E+01  .18595109E+01
  -.19600000E+01  .18493396E+01
  -.19200000E+01  .18391217E+01
  -.18800000E+01  .18288565E+01
  -.18400000E+01  .18185435E+01
  -.18000000E+01  .18081820E+01
  -.17600000E+01  .17977716E+01
  -.17200000E+01  .17873115E+01
  -.16800000E+01  .17768011E+01
  -.16400000E+01  .17662399E+01
  -.16000000E+01  .17556270E+01
  -.15600000E+01  .17449620E+01
  -.15200000E+01  .17342440E+01
  -.14800000E+01  .17234725E+01
  -.14400000E+01  .17126466E+01
  -.14000000E+01  .17017658E+01
  -.13600000E+01  .16908292E+01
  -.13200000E+01  .16798361E+01
  -.12800000E+01  .16687857E+01
  -.12400000E+01  .16576773E+01
  -.12000000E+01  .16465101E+01
  -.11600000E+01  .16352832E+01
  -.11200000E+01  .16239958E+01
  -.10800000E+01  .16126471E+01
  -.10400000E+01  .16012362E+01
  -.10000000E+01  .15897623E+01
  -.96000000E+00  .15782244E+01
  -.92000000E+00  .15666216E+01
  -.88000000E+00  .15549529E+01
  -.84000000E+00  .15432175E+01
  -.80000000E+00  .15314142E+01
  -.76000000E+00  .15195422E+01
  -.72000000E+00  .15076004E+01
  -.68000000E+00  .14955878E+01
  -.64000000E+00  .14835031E+01
  -.60000000E+00  .14713455E+01
  -.56000000E+00  .14591137E+01
  -.52000000E+00  .14468066E+01
  -.48000000E+00  .14344230E+01
  -.44000000E+00  .14219618E+01
  -.40000000E+00  .14094216E+01
  -.36000000E+00  .13968012E+01
  -.32000000E+00  .13840994E+01
  -.28000000E+00  .13713148E+01
  -.24000000E+00  .13584460E+01
  -.20000000E+00  .13454917E+01
  -.16000000E+00  .13324505E+01
  -.12000000E+00  .13193208E+01
  -.80000000E-01  .13061013E+01
  -.40000000E-01  .12927903E+01
   .12351231E-14  .12793863E+01
   .40000000E-01  .12658877E+01
   .80000000E-01  .12522929E+01
   .12000000E+00  .12386001E+01
   .16000000E+00  .12248076E+01
   .20000000E+00  .12109137E+01
   .24000000E+00  .11969164E+01
   .28000000E+00  .11828140E+01
   .32000000E+00  .11686044E+01
   .36000000E+00  .11542858E+01
   .40000000E+00  .11398561E+01
   .44000000E+00  .11253132E+01
   .48000000E+00  .11106549E+01
   .52000000E+00  .10958790E+01
   .56000000E+00  .10809833E+01
   .60000000E+00  .10659654E+01
   .64000000E+00  .10508230E+01
   .68000000E+00  .10355535E+01
   .72000000E+00  .10201545E+01
   .76000000E+00  .10046232E+01
   .80000000E+00  .98895708E+00
   .84000000E+00  .97315328E+00
   .88000000E+00  .95720895E+00
   .92000000E+00  .94112117E+00
   .96000000E+00  .92488689E+00
   .10000000E+01  .90850299E+00
   .10400000E+01  .89196625E+00
   .10800000E+01  .87527334E+00
   .11200000E+01  .85842084E+00
   .11600000E+01  .84140520E+00
   .12000000E+01  .82422277E+00
   .12400000E+01  .80686979E+00
   .12800000E+01  .78934236E+00
   .13200000E+01  .77163646E+00
   .13600000E+01  .75374794E+00
   .14000000E+01  .73567249E+00
   .14400000E+01  .71740568E+00
   .14800000E+01  .69894292E+00
   .15200000E+01  .68027944E+00
   .15600000E+01  .66141035E+00
   .16000000E+01  .64233053E+00
   .16400000E+01  .62303473E+00
   .16800000E+01  .60351748E+00
   .17200000E+01  .58377312E+00
   .17600000E+01  .56379579E+00
   .18000000E+01  .54357940E+00
   .18400000E+01  .52311764E+00
   .18800000E+01  .50240396E+00
   .19200000E+01  .48143157E+00
   .19600000E+01  .46019341E+00
   .20000000E+01  .43868213E+00
Potential  L  =        3.00000    .00000
  -.20000000E+01  .18596224E+01
  -.19600000E+01  .18494334E+01
  -.19200000E+01  .18391973E+01
  -.18800000E+01  .18289133E+01
  -.18400000E+01  .18185809E+01
  -.18000000E+01  .18081995E+01
  -.17600000E+01  .17977685E+01
  -.17200000E+01  .17872873E+01
  -.16800000E+01  .17767551E+01
  -.16400000E+01  .17661713E+01
  -.16000000E+01  .17555353E+01
  -.15600000E+01  .17448464E+01
  -.15200000E+01  .17341039E+01
  -.14800000E+01  .17233070E+01
  -.14400000E+01  .17124551E+01
  -.14000000E+01  .17015474E+01
  -.13600000E+01  .16905831E+01
  -.13200000E+01  .16795614E+01
  -.12800000E+01  .16684817E+01
  -.12400000E+01  .16573430E+01
  -.12000000E+01  .16461446E+01
  -.11600000E+01  .16348855E+01
  -.11200000E+01  .16235651E+01
  -.10800000E+01  .16121823E+01
  -.10400000E+01  .16007363E+01
  -.10000000E+01  .15892261E+01
  -.96000000E+00  .15776509E+01
  -.92000000E+00  .15660097E+01
  -.88000000E+00  .15543014E+01
  -.84000000E+00  .15425252E+01
  -.80000000E+00  .15306799E+01
  -.76000000E+00  .15187646E+01
  -.72000000E+00  .15067781E+01
  -.68000000E+00  .14947195E+01
  -.64000000E+00  .14825875E+01
  -.60000000E+00  .14703810E+01
  -.56000000E+00  .14580988E+01
  -.52000000E+00  .14457398E+01
  -.48000000E+00  .14333027E+01
  -.44000000E+00  .14207863E+01
  -.40000000E+00  .14081893E+01
  -.36000000E+00  .13955103E+01
  -.32000000E+00  .13827481E+01
  -.28000000E+00  .13699012E+01
  -.24000000E+00  .13569682E+01
  -.20000000E+00  .13439477E+01
  -.16000000E+00  .13308382E+01
  -.12000000E+00  .13176381E+01
  -.80000000E-01  .13043459E+01
  -.40000000E-01  .12909600E+01
   .12351231E-14  .12774788E+01
   .40000000E-01  .12639005E+01
   .80000000E-01  .12502234E+01
   .12000000E+00  .12364457E+01
   .16000000E+00  .12225657E+01
   .20000000E+00  .12085814E+01
   .24000000E+00  .11944909E+01
   .28000000E+00  .11802922E+01
   .32000000E+00  .11659833E+01
   .36000000E+00  .11515622E+01
   .40000000E+00  .11370265E+01
   .44000000E+00  .11223743E+01
   .48000000E+00  .11076031E+01
   .52000000E+00  .10927106E+01
   .56000000E+00  .10776945E+01
   .60000000E+00  .10625522E+01
   .64000000E+00  .10472813E+01
   .68000000E+00  .10318790E+01
   .72000000E+00  .10163428E+01
   .76000000E+00  .10006697E+01
   .80000000E+00  .98485700E+00
   .84000000E+00  .96890168E+00
   .88000000E+00  .95280070E+00
   .92000000E+00  .93655092E+00
   .96000000E+00  .92014911E+00
   .10000000E+01  .90359192E+00
   .10400000E+01  .88687592E+00
   .10800000E+01  .86999754E+00
   .11200000E+01  .85295310E+00
   .11600000E+01  .83573882E+00
   .12000000E+01  .81835077E+00
   .12400000E+01  .80078490E+00
   .12800000E+01  .78303703E+00
   .13200000E+01  .76510282E+00
   .13600000E+01  .74697780E+00
   .14000000E+01  .72865733E+00
   .14400000E+01  .71013662E+00
   .14800000E+01  .69141069E+00
   .15200000E+01  .67247442E+00
   .15600000E+01  .65332247E+00
   .16000000E+01  .63394931E+00
   .16400000E+01  .61434923E+00
   .16800000E+01  .59451629E+00
   .17200000E+01  .57444433E+00
   .17600000E+01  .55412696E+00
   .18000000E+01  .53355753E+00
   .18400000E+01  .51272916E+00
   .18800000E+01  .49163465E+00
   .19200000E+01  .47026663E+00
   .19600000E+01  .44861731E+00
   .20000000E+01  .42667865E+00
Core Pot   L  =        4.00000    .00000
  -.20000000E+01  .22763645E+01
  -.19600000E+01  .22680906E+01
  -.19200000E+01  .22597908E+01
  -.18800000E+01  .22514668E+01
  -.18400000E+01  .22431172E+01
  -.18000000E+01  .22347430E+01
  -.17600000E+01  .22263401E+01
  -.17200000E+01  .22179128E+01
  -.16800000E+01  .22094587E+01
  -.16400000E+01  .22009782E+01
  -.16000000E+01  .21924702E+01
  -.15600000E+01  .21839366E+01
  -.15200000E+01  .21753732E+01
  -.14800000E+01  .21667835E+01
  -.14400000E+01  .21581664E+01
  -.14000000E+01  .21495205E+01
  -.13600000E+01  .21408482E+01
  -.13200000E+01  .21321444E+01
  -.12800000E+01  .21234133E+01
  -.12400000E+01  .21146530E+01
  -.12000000E+01  .21058635E+01
  -.11600000E+01  .20970444E+01
  -.11200000E+01  .20881955E+01
  -.10800000E+01  .20793167E+01
  -.10400000E+01  .20704073E+01
  -.10000000E+01  .20614672E+01
  -.96000000E+00  .20524964E+01
  -.92000000E+00  .20434953E+01
  -.88000000E+00  .20344607E+01
  -.84000000E+00  .20253957E+01
  -.80000000E+00  .20162991E+01
  -.76000000E+00  .20071684E+01
  -.72000000E+00  .19980060E+01
  -.68000000E+00  .19888106E+01
  -.64000000E+00  .19795817E+01
  -.60000000E+00  .19703197E+01
  -.56000000E+00  .19610236E+01
  -.52000000E+00  .19516929E+01
  -.48000000E+00  .19423282E+01
  -.44000000E+00  .19329283E+01
  -.40000000E+00  .19234931E+01
  -.36000000E+00  .19140227E+01
  -.32000000E+00  .19045159E+01
  -.28000000E+00  .18949730E+01
  -.24000000E+00  .18853936E+01
  -.20000000E+00  .18757780E+01
  -.16000000E+00  .18661231E+01
  -.12000000E+00  .18564316E+01
  -.80000000E-01  .18467016E+01
  -.40000000E-01  .18369333E+01
   .12351231E-14  .18271259E+01
   .40000000E-01  .18172797E+01
   .80000000E-01  .18073931E+01
   .12000000E+00  .17974669E+01
   .16000000E+00  .17874999E+01
   .20000000E+00  .17774921E+01
   .24000000E+00  .17674427E+01
   .28000000E+00  .17573518E+01
   .32000000E+00  .17472182E+01
   .36000000E+00  .17370419E+01
   .40000000E+00  .17268226E+01
   .44000000E+00  .17165596E+01
   .48000000E+00  .17062525E+01
   .52000000E+00  .16959007E+01
   .56000000E+00  .16855039E+01
   .60000000E+00  .16750614E+01
   .64000000E+00  .16645727E+01
   .68000000E+00  .16540375E+01
   .72000000E+00  .16434551E+01
   .76000000E+00  .16328251E+01
   .80000000E+00  .16221468E+01
   .84000000E+00  .16114197E+01
   .88000000E+00  .16006433E+01
   .92000000E+00  .15898170E+01
   .96000000E+00  .15789402E+01
   .10000000E+01  .15680123E+01
   .10400000E+01  .15570328E+01
   .10800000E+01  .15460009E+01
   .11200000E+01  .15349162E+01
   .11600000E+01  .15237779E+01
   .12000000E+01  .15125855E+01
   .12400000E+01  .15013381E+01
   .12800000E+01  .14900353E+01
   .13200000E+01  .14786764E+01
   .13600000E+01  .14672605E+01
   .14000000E+01  .14557871E+01
   .14400000E+01  .14442554E+01
   .14800000E+01  .14326647E+01
   .15200000E+01  .14210143E+01
   .15600000E+01  .14093033E+01
   .16000000E+01  .13975310E+01
   .16400000E+01  .13856966E+01
   .16800000E+01  .13737994E+01
   .17200000E+01  .13618385E+01
   .17600000E+01  .13498131E+01
   .18000000E+01  .13377223E+01
   .18400000E+01  .13255653E+01
   .18800000E+01  .13133411E+01
   .19200000E+01  .13010490E+01
   .19600000E+01  .12886879E+01
   .20000000E+01  .12762570E+01
Potential  L  =        4.00000    .00000
  -.20000000E+01  .22771522E+01
  -.19600000E+01  .22688804E+01
  -.19200000E+01  .22605835E+01
  -.18800000E+01  .22522612E+01
  -.18400000E+01  .22439133E+01
  -.18000000E+01  .22355396E+01
  -.17600000E+01  .22271397E+01
  -.17200000E+01  .22187137E+01
  -.16800000E+01  .22102611E+01
  -.16400000E+01  .22017819E+01
  -.16000000E+01  .21932758E+01
  -.15600000E+01  .21847424E+01
  -.15200000E+01  .21761818E+01
  -.14800000E+01  .21675935E+01
  -.14400000E+01  .21589772E+01
  -.14000000E+01  .21503330E+01
  -.13600000E+01  .21416604E+01
  -.13200000E+01  .21329591E+01
  -.12800000E+01  .21242291E+01
  -.12400000E+01  .21154700E+01
  -.12000000E+01  .21066815E+01
  -.11600000E+01  .20978633E+01
  -.11200000E+01  .20890153E+01
  -.10800000E+01  .20801371E+01
  -.10400000E+01  .20712285E+01
  -.10000000E+01  .20622892E+01
  -.96000000E+00  .20533189E+01
  -.92000000E+00  .20443173E+01
  -.88000000E+00  .20352843E+01
  -.84000000E+00  .20262193E+01
  -.80000000E+00  .20171222E+01
  -.76000000E+00  .20079927E+01
  -.72000000E+00  .19988303E+01
  -.68000000E+00  .19896351E+01
  -.64000000E+00  .19804063E+01
  -.60000000E+00  .19711440E+01
  -.56000000E+00  .19618475E+01
  -.52000000E+00  .19525168E+01
  -.48000000E+00  .19431514E+01
  -.44000000E+00  .19337509E+01
  -.40000000E+00  .19243152E+01
  -.36000000E+00  .19148437E+01
  -.32000000E+00  .19053362E+01
  -.28000000E+00  .18957922E+01
  -.24000000E+00  .18862116E+01
  -.20000000E+00  .18765937E+01
  -.16000000E+00  .18669384E+01
  -.12000000E+00  .18572451E+01
  -.80000000E-01  .18475136E+01
  -.40000000E-01  .18377434E+01
   .12351231E-14  .18279341E+01
   .40000000E-01  .18180854E+01
   .80000000E-01  .18081968E+01
   .12000000E+00  .17982679E+01
   .16000000E+00  .17882983E+01
   .20000000E+00  .17782875E+01
   .24000000E+00  .17682351E+01
   .28000000E+00  .17581408E+01
   .32000000E+00  .17480039E+01
   .36000000E+00  .17378241E+01
   .40000000E+00  .17276008E+01
   .44000000E+00  .17173337E+01
   .48000000E+00  .17070222E+01
   .52000000E+00  .16966659E+01
   .56000000E+00  .16862642E+01
   .60000000E+00  .16758167E+01
   .64000000E+00  .16653228E+01
   .68000000E+00  .16547820E+01
   .72000000E+00  .16441938E+01
   .76000000E+00  .16335576E+01
   .80000000E+00  .16228730E+01
   .84000000E+00  .16121392E+01
   .88000000E+00  .16013559E+01
   .92000000E+00  .15905223E+01
   .96000000E+00  .15796379E+01
   .10000000E+01  .15687020E+01
   .10400000E+01  .15577142E+01
   .10800000E+01  .15466738E+01
   .11200000E+01  .15355800E+01
   .11600000E+01  .15244324E+01
   .12000000E+01  .15132302E+01
   .12400000E+01  .15019728E+01
   .12800000E+01  .14906594E+01
   .13200000E+01  .14792895E+01
   .13600000E+01  .14678623E+01
   .14000000E+01  .14563770E+01
   .14400000E+01  .14448330E+01
   .14800000E+01  .14332295E+01
   .15200000E+01  .14215658E+01
   .15600000E+01  .14098410E+01
   .16000000E+01  .13980544E+01
   .16400000E+01  .13862053E+01
   .16800000E+01  .13742927E+01
   .17200000E+01  .13623158E+01
   .17600000E+01  .13502739E+01
   .18000000E+01  .13381659E+01
   .18400000E+01  .13259911E+01
   .18800000E+01  .13137486E+01
   .19200000E+01  .13014374E+01
   .19600000E+01  .12890566E+01
   .20000000E+01  .12766052E+01
KBPotential  L  =       .00000  -2.05341
  -.20000000E+01  .59677467E+00
  -.19600000E+01  .56582092E+00
  -.19200000E+01  .53397926E+00
  -.18800000E+01  .50119672E+00
  -.18400000E+01  .46741586E+00
  -.18000000E+01  .43257437E+00
  -.17600000E+01  .39660442E+00
  -.17200000E+01  .35943215E+00
  -.16800000E+01  .32097694E+00
  -.16400000E+01  .28115051E+00
  -.16000000E+01  .23985621E+00
  -.15600000E+01  .19698778E+00
  -.15200000E+01  .15242828E+00
  -.14800000E+01  .10604860E+00
  -.14400000E+01  .57705968E-01
  -.14000000E+01  .72416263E-02
  -.13600000E+01 -.45520515E-01
  -.13200000E+01 -.10077734E+00
  -.12800000E+01 -.15874913E+00
  -.12400000E+01 -.21968329E+00
  -.12000000E+01 -.28385863E+00
  -.11600000E+01 -.35159057E+00
  -.11200000E+01 -.42323735E+00
  -.10800000E+01 -.49920750E+00
  -.10400000E+01 -.57996909E+00
  -.10000000E+01 -.66606093E+00
  -.96000000E+00 -.75810650E+00
  -.92000000E+00 -.85683128E+00
  -.88000000E+00 -.96308445E+00
  -.84000000E+00 -.10778666E+01
  -.80000000E+00 -.12023649E+01
  -.76000000E+00 -.13379989E+01
  -.72000000E+00 -.14864800E+01
  -.68000000E+00 -.16498911E+01
  -.64000000E+00 -.18307927E+01
  -.60000000E+00 -.20323687E+01
  -.56000000E+00 -.22586276E+01
  -.52000000E+00 -.25146890E+01
  -.48000000E+00 -.28071967E+01
  -.44000000E+00 -.31449316E+01
  -.40000000E+00 -.35397465E+01
  -.36000000E+00 -.40080380E+01
  -.32000000E+00 -.45731555E+01
  -.28000000E+00 -.52695224E+01
  -.24000000E+00 -.61500862E+01
  -.20000000E+00 -.73007144E+01
  -.16000000E+00 -.88704903E+01
  -.12000000E+00 -.11143009E+02
  -.80000000E-01 -.14732271E+02
  -.40000000E-01 -.21261615E+02
   .12351231E-14 -.36884777E+02
   .40000000E-01 -.12456574E+03
   .80000000E-01  .97144083E+02
   .12000000E+00  .35812956E+02
   .16000000E+00  .22261462E+02
   .20000000E+00  .16301627E+02
   .24000000E+00  .12946235E+02
   .28000000E+00  .10791669E+02
   .32000000E+00  .92892974E+01
   .36000000E+00  .81805124E+01
   .40000000E+00  .73274559E+01
   .44000000E+00  .66499100E+01
   .48000000E+00  .60980226E+01
   .52000000E+00  .56391810E+01
   .56000000E+00  .52511529E+01
   .60000000E+00  .49182606E+01
   .64000000E+00  .46291310E+01
   .68000000E+00  .43753133E+01
   .72000000E+00  .41503966E+01
   .76000000E+00  .39494297E+01
   .80000000E+00  .37685275E+01
   .84000000E+00  .36045992E+01
   .88000000E+00  .34551545E+01
   .92000000E+00  .33181650E+01
   .96000000E+00  .31919614E+01
   .10000000E+01  .30751575E+01
   .10400000E+01  .29665925E+01
   .10800000E+01  .28652871E+01
   .11200000E+01  .27704090E+01
   .11600000E+01  .26812466E+01
   .12000000E+01  .25971878E+01
   .12400000E+01  .25177024E+01
   .12800000E+01  .24423299E+01
   .13200000E+01  .23706679E+01
   .13600000E+01  .23023631E+01
   .14000000E+01  .22371039E+01
   .14400000E+01  .21746147E+01
   .14800000E+01  .21146506E+01
   .15200000E+01  .20569932E+01
   .15600000E+01  .20014472E+01
   .16000000E+01  .19478370E+01
   .16400000E+01  .18960049E+01
   .16800000E+01  .18458083E+01
   .17200000E+01  .17971178E+01
   .17600000E+01  .17498166E+01
   .18000000E+01  .17037978E+01
   .18400000E+01  .16589640E+01
   .18800000E+01  .16152259E+01
   .19200000E+01  .15725019E+01
   .19600000E+01  .15307168E+01
   .20000000E+01  .14898013E+01
KBPotential  L  =      1.00000   -.80946
  -.20000000E+01  .99505242E+00
  -.19600000E+01  .97505666E+00
  -.19200000E+01  .95474176E+00
  -.18800000E+01  .93409576E+00
  -.18400000E+01  .91310591E+00
  -.18000000E+01  .89175888E+00
  -.17600000E+01  .87004055E+00
  -.17200000E+01  .84793604E+00
  -.16800000E+01  .82542954E+00
  -.16400000E+01  .80250436E+00
  -.16000000E+01  .77914282E+00
  -.15600000E+01  .75532614E+00
  -.15200000E+01  .73103441E+00
  -.14800000E+01  .70624648E+00
  -.14400000E+01  .68093985E+00
  -.14000000E+01  .65509057E+00
  -.13600000E+01  .62867311E+00
  -.13200000E+01  .60166025E+00
  -.12800000E+01  .57402291E+00
  -.12400000E+01  .54573000E+00
  -.12000000E+01  .51674826E+00
  -.11600000E+01  .48704200E+00
  -.11200000E+01  .45657296E+00
  -.10800000E+01  .42530002E+00
  -.10400000E+01  .39317891E+00
  -.10000000E+01  .36016197E+00
  -.96000000E+00  .32619775E+00
  -.92000000E+00  .29123065E+00
  -.88000000E+00  .25520049E+00
  -.84000000E+00  .21804202E+00
  -.80000000E+00  .17968437E+00
  -.76000000E+00  .14005048E+00
  -.72000000E+00  .99056286E-01
  -.68000000E+00  .56610038E-01
  -.64000000E+00  .12611312E-01
  -.60000000E+00 -.33050010E-01
  -.56000000E+00 -.80494973E-01
  -.52000000E+00 -.12985690E+00
  -.48000000E+00 -.18128300E+00
  -.44000000E+00 -.23493630E+00
  -.40000000E+00 -.29099771E+00
  -.36000000E+00 -.34966869E+00
  -.32000000E+00 -.41117412E+00
  -.28000000E+00 -.47576595E+00
  -.24000000E+00 -.54372727E+00
  -.20000000E+00 -.61537740E+00
  -.16000000E+00 -.69107783E+00
  -.12000000E+00 -.77123941E+00
  -.80000000E-01 -.85633132E+00
  -.40000000E-01 -.94689062E+00
   .12351231E-14 -.10435377E+01
   .40000000E-01 -.11469910E+01
   .80000000E-01 -.12580855E+01
   .12000000E+00 -.13778017E+01
   .16000000E+00 -.15072958E+01
   .20000000E+00 -.16479417E+01
   .24000000E+00 -.18013846E+01
   .28000000E+00 -.19696120E+01
   .32000000E+00 -.21550466E+01
   .36000000E+00 -.23606736E+01
   .40000000E+00 -.25902133E+01
   .44000000E+00 -.28483622E+01
   .48000000E+00 -.31411365E+01
   .52000000E+00 -.34763695E+01
   .56000000E+00 -.38644552E+01
   .60000000E+00 -.43194867E+01
   .64000000E+00 -.48610630E+01
   .68000000E+00 -.55172700E+01
   .72000000E+00 -.63298303E+01
   .76000000E+00 -.73635246E+01
   .80000000E+00 -.87246748E+01
   .84000000E+00 -.10600799E+02
   .88000000E+00 -.13356416E+02
   .92000000E+00 -.17806385E+02
   .96000000E+00 -.26222171E+02
   .10000000E+01 -.48216193E+02
   .10400000E+01 -.25516207E+03
   .10800000E+01  .80804543E+02
   .11200000E+01  .35475408E+02
   .11600000E+01  .22956356E+02
   .12000000E+01  .17085111E+02
   .12400000E+01  .13673856E+02
   .12800000E+01  .11441816E+02
   .13200000E+01  .98658125E+01
   .13600000E+01  .86922648E+01
   .14000000E+01  .77833522E+01
   .14400000E+01  .70577237E+01
   .14800000E+01  .64642635E+01
   .15200000E+01  .59692387E+01
   .15600000E+01  .55494873E+01
   .16000000E+01  .51885799E+01
   .16400000E+01  .48745387E+01
   .16800000E+01  .45984245E+01
   .17200000E+01  .43534311E+01
   .17600000E+01  .41342848E+01
   .18000000E+01  .39368360E+01
   .18400000E+01  .37577739E+01
   .18800000E+01  .35944261E+01
   .19200000E+01  .34446106E+01
   .19600000E+01  .33065287E+01
   .20000000E+01  .31786841E+01
KBPotential  L  =      2.00000    .00000
  -.20000000E+01  .14179156E+01
  -.19600000E+01  .14039719E+01
  -.19200000E+01  .13899037E+01
  -.18800000E+01  .13757081E+01
  -.18400000E+01  .13613821E+01
  -.18000000E+01  .13469225E+01
  -.17600000E+01  .13323260E+01
  -.17200000E+01  .13175893E+01
  -.16800000E+01  .13027087E+01
  -.16400000E+01  .12876808E+01
  -.16000000E+01  .12725017E+01
  -.15600000E+01  .12571674E+01
  -.15200000E+01  .12416739E+01
  -.14800000E+01  .12260170E+01
  -.14400000E+01  .12101922E+01
  -.14000000E+01  .11941949E+01
  -.13600000E+01  .11780205E+01
  -.13200000E+01  .11616638E+01
  -.12800000E+01  .11451198E+01
  -.12400000E+01  .11283831E+01
  -.12000000E+01  .11114480E+01
  -.11600000E+01  .10943087E+01
  -.11200000E+01  .10769590E+01
  -.10800000E+01  .10593927E+01
  -.10400000E+01  .10416029E+01
  -.10000000E+01  .10235828E+01
  -.96000000E+00  .10053251E+01
  -.92000000E+00  .98682208E+00
  -.88000000E+00  .96806585E+00
  -.84000000E+00  .94904803E+00
  -.80000000E+00  .92975987E+00
  -.76000000E+00  .91019217E+00
  -.72000000E+00  .89033531E+00
  -.68000000E+00  .87017916E+00
  -.64000000E+00  .84971309E+00
  -.60000000E+00  .82892594E+00
  -.56000000E+00  .80780592E+00
  -.52000000E+00  .78634067E+00
  -.48000000E+00  .76451714E+00
  -.44000000E+00  .74232158E+00
  -.40000000E+00  .71973949E+00
  -.36000000E+00  .69675553E+00
  -.32000000E+00  .67335352E+00
  -.28000000E+00  .64951633E+00
  -.24000000E+00  .62522583E+00
  -.20000000E+00  .60046282E+00
  -.16000000E+00  .57520692E+00
  -.12000000E+00  .54943651E+00
  -.80000000E-01  .52312864E+00
  -.40000000E-01  .49625887E+00
   .12351231E-14  .46880120E+00
   .40000000E-01  .44072794E+00
   .80000000E-01  .41200952E+00
   .12000000E+00  .38261436E+00
   .16000000E+00  .35250875E+00
   .20000000E+00  .32165655E+00
   .24000000E+00  .29001906E+00
   .28000000E+00  .25755473E+00
   .32000000E+00  .22421893E+00
   .36000000E+00  .18996365E+00
   .40000000E+00  .15473715E+00
   .44000000E+00  .11848360E+00
   .48000000E+00  .81142676E-01
   .52000000E+00  .42649092E-01
   .56000000E+00  .29320700E-02
   .60000000E+00 -.38085261E-01
   .64000000E+00 -.80486514E-01
   .68000000E+00 -.12436282E+00
   .72000000E+00 -.16981368E+00
   .76000000E+00 -.21694798E+00
   .80000000E+00 -.26588512E+00
   .84000000E+00 -.31675628E+00
   .88000000E+00 -.36970596E+00
   .92000000E+00 -.42489370E+00
   .96000000E+00 -.48249611E+00
   .10000000E+01 -.54270919E+00
   .10400000E+01 -.60575109E+00
   .10800000E+01 -.67186537E+00
   .11200000E+01 -.74132474E+00
   .11600000E+01 -.81443564E+00
   .12000000E+01 -.89154359E+00
   .12400000E+01 -.97303963E+00
   .12800000E+01 -.10593681E+01
   .13200000E+01 -.11510361E+01
   .13600000E+01 -.12486248E+01
   .14000000E+01 -.13528037E+01
   .14400000E+01 -.14643481E+01
   .14800000E+01 -.15841607E+01
   .15200000E+01 -.17132990E+01
   .15600000E+01 -.18530100E+01
   .16000000E+01 -.20047745E+01
   .16400000E+01 -.21703650E+01
   .16800000E+01 -.23519210E+01
   .17200000E+01 -.25520491E+01
   .17600000E+01 -.27739581E+01
   .18000000E+01 -.30216435E+01
   .18400000E+01 -.33001445E+01
   .18800000E+01 -.36159084E+01
   .19200000E+01 -.39773198E+01
   .19600000E+01 -.43954871E+01
   .20000000E+01 -.48854467E+01
KBPotential  L  =      3.00000    .00000
  -.20000000E+01  .18596224E+01
  -.19600000E+01  .18494334E+01
  -.19200000E+01  .18391973E+01
  -.18800000E+01  .18289133E+01
  -.18400000E+01  .18185809E+01
  -.18000000E+01  .18081995E+01
  -.17600000E+01  .17977685E+01
  -.17200000E+01  .17872873E+01
  -.16800000E+01  .17767551E+01
  -.16400000E+01  .17661713E+01
  -.16000000E+01  .17555353E+01
  -.15600000E+01  .17448464E+01
  -.15200000E+01  .17341039E+01
  -.14800000E+01  .17233070E+01
  -.14400000E+01  .17124551E+01
  -.14000000E+01  .17015474E+01
  -.13600000E+01  .16905831E+01
  -.13200000E+01  .16795614E+01
  -.12800000E+01  .16684817E+01
  -.12400000E+01  .16573430E+01
  -.12000000E+01  .16461446E+01
  -.11600000E+01  .16348855E+01
  -.11200000E+01  .16235651E+01
  -.10800000E+01  .16121823E+01
  -.10400000E+01  .16007363E+01
  -.10000000E+01  .15892261E+01
  -.96000000E+00  .15776509E+01
  -.92000000E+00  .15660097E+01
  -.88000000E+00  .15543014E+01
  -.84000000E+00  .15425252E+01
  -.80000000E+00  .15306799E+01
  -.76000000E+00  .15187646E+01
  -.72000000E+00  .15067781E+01
  -.68000000E+00  .14947195E+01
  -.64000000E+00  .14825875E+01
  -.60000000E+00  .14703810E+01
  -.56000000E+00  .14580988E+01
  -.52000000E+00  .14457398E+01
  -.48000000E+00  .14333027E+01
  -.44000000E+00  .14207863E+01
  -.40000000E+00  .14081893E+01
  -.36000000E+00  .13955103E+01
  -.32000000E+00  .13827481E+01
  -.28000000E+00  .13699012E+01
  -.24000000E+00  .13569682E+01
  -.20000000E+00  .13439477E+01
  -.16000000E+00  .13308382E+01
  -.12000000E+00  .13176381E+01
  -.80000000E-01  .13043459E+01
  -.40000000E-01  .12909600E+01
   .12351231E-14  .12774788E+01
   .40000000E-01  .12639005E+01
   .80000000E-01  .12502234E+01
   .12000000E+00  .12364457E+01
   .16000000E+00  .12225657E+01
   .20000000E+00  .12085814E+01
   .24000000E+00  .11944909E+01
   .28000000E+00  .11802922E+01
   .32000000E+00  .11659833E+01
   .36000000E+00  .11515622E+01
   .40000000E+00  .11370265E+01
   .44000000E+00  .11223743E+01
   .48000000E+00  .11076031E+01
   .52000000E+00  .10927106E+01
   .56000000E+00  .10776945E+01
   .60000000E+00  .10625522E+01
   .64000000E+00  .10472813E+01
   .68000000E+00  .10318790E+01
   .72000000E+00  .10163428E+01
   .76000000E+00  .10006697E+01
   .80000000E+00  .98485700E+00
   .84000000E+00  .96890168E+00
   .88000000E+00  .95280070E+00
   .92000000E+00  .93655092E+00
   .96000000E+00  .92014911E+00
   .10000000E+01  .90359192E+00
   .10400000E+01  .88687592E+00
   .10800000E+01  .86999754E+00
   .11200000E+01  .85295310E+00
   .11600000E+01  .83573882E+00
   .12000000E+01  .81835077E+00
   .12400000E+01  .80078490E+00
   .12800000E+01  .78303703E+00
   .13200000E+01  .76510282E+00
   .13600000E+01  .74697780E+00
   .14000000E+01  .72865733E+00
   .14400000E+01  .71013662E+00
   .14800000E+01  .69141069E+00
   .15200000E+01  .67247442E+00
   .15600000E+01  .65332247E+00
   .16000000E+01  .63394931E+00
   .16400000E+01  .61434923E+00
   .16800000E+01  .59451629E+00
   .17200000E+01  .57444433E+00
   .17600000E+01  .55412696E+00
   .18000000E+01  .53355753E+00
   .18400000E+01  .51272916E+00
   .18800000E+01  .49163465E+00
   .19200000E+01  .47026663E+00
   .19600000E+01  .44861731E+00
   .20000000E+01  .42667865E+00
KBPotential  L  =      4.00000    .00000
  -.20000000E+01  .22771522E+01
  -.19600000E+01  .22688804E+01
  -.19200000E+01  .22605835E+01
  -.18800000E+01  .22522612E+01
  -.18400000E+01  .22439133E+01
  -.18000000E+01  .22355396E+01
  -.17600000E+01  .22271397E+01
  -.17200000E+01  .22187137E+01
  -.16800000E+01  .22102611E+01
  -.16400000E+01  .22017819E+01
  -.16000000E+01  .21932758E+01
  -.15600000E+01  .21847424E+01
  -.15200000E+01  .21761818E+01
  -.14800000E+01  .21675935E+01
  -.14400000E+01  .21589772E+01
  -.14000000E+01  .21503330E+01
  -.13600000E+01  .21416604E+01
  -.13200000E+01  .21329591E+01
  -.12800000E+01  .21242291E+01
  -.12400000E+01  .21154700E+01
  -.12000000E+01  .21066815E+01
  -.11600000E+01  .20978633E+01
  -.11200000E+01  .20890153E+01
  -.10800000E+01  .20801371E+01
  -.10400000E+01  .20712285E+01
  -.10000000E+01  .20622892E+01
  -.96000000E+00  .20533189E+01
  -.92000000E+00  .20443173E+01
  -.88000000E+00  .20352843E+01
  -.84000000E+00  .20262193E+01
  -.80000000E+00  .20171222E+01
  -.76000000E+00  .20079927E+01
  -.72000000E+00  .19988303E+01
  -.68000000E+00  .19896351E+01
  -.64000000E+00  .19804063E+01
  -.60000000E+00  .19711440E+01
  -.56000000E+00  .19618475E+01
  -.52000000E+00  .19525168E+01
  -.48000000E+00  .19431514E+01
  -.44000000E+00  .19337509E+01
  -.40000000E+00  .19243152E+01
  -.36000000E+00  .19148437E+01
  -.32000000E+00  .19053362E+01
  -.28000000E+00  .18957922E+01
  -.24000000E+00  .18862116E+01
  -.20000000E+00  .18765937E+01
  -.16000000E+00  .18669384E+01
  -.12000000E+00  .18572451E+01
  -.80000000E-01  .18475136E+01
  -.40000000E-01  .18377434E+01
   .12351231E-14  .18279341E+01
   .40000000E-01  .18180854E+01
   .80000000E-01  .18081968E+01
   .12000000E+00  .17982679E+01
   .16000000E+00  .17882983E+01
   .20000000E+00  .17782875E+01
   .24000000E+00  .17682351E+01
   .28000000E+00  .17581408E+01
   .32000000E+00  .17480039E+01
   .36000000E+00  .17378241E+01
   .40000000E+00  .17276008E+01
   .44000000E+00  .17173337E+01
   .48000000E+00  .17070222E+01
   .52000000E+00  .16966659E+01
   .56000000E+00  .16862642E+01
   .60000000E+00  .16758167E+01
   .64000000E+00  .16653228E+01
   .68000000E+00  .16547820E+01
   .72000000E+00  .16441938E+01
   .76000000E+00  .16335576E+01
   .80000000E+00  .16228730E+01
   .84000000E+00  .16121392E+01
   .88000000E+00  .16013559E+01
   .92000000E+00  .15905223E+01
   .96000000E+00  .15796379E+01
   .10000000E+01  .15687020E+01
   .10400000E+01  .15577142E+01
   .10800000E+01  .15466738E+01
   .11200000E+01  .15355800E+01
   .11600000E+01  .15244324E+01
   .12000000E+01  .15132302E+01
   .12400000E+01  .15019728E+01
   .12800000E+01  .14906594E+01
   .13200000E+01  .14792895E+01
   .13600000E+01  .14678623E+01
   .14000000E+01  .14563770E+01
   .14400000E+01  .14448330E+01
   .14800000E+01  .14332295E+01
   .15200000E+01  .14215658E+01
   .15600000E+01  .14098410E+01
   .16000000E+01  .13980544E+01
   .16400000E+01  .13862053E+01
   .16800000E+01  .13742927E+01
   .17200000E+01  .13623158E+01
   .17600000E+01  .13502739E+01
   .18000000E+01  .13381659E+01
   .18400000E+01  .13259911E+01
   .18800000E+01  .13137486E+01
   .19200000E+01  .13014374E+01
   .19600000E+01  .12890566E+01
   .20000000E+01  .12766052E+01
