P : s2p3                                
  .142149478E-03  .144425764E-03  .146738481E-03  .149088211E-03  .151475547E-03
  .153901091E-03  .156365452E-03  .158869252E-03  .161413121E-03  .163997700E-03
  .166623639E-03  .169291601E-03  .172002257E-03  .174756290E-03  .177554392E-03
  .180397269E-03  .183285637E-03  .186220222E-03  .189201764E-03  .192231013E-03
  .195308732E-03  .198435696E-03  .201612691E-03  .204840518E-03  .208119989E-03
  .211451930E-03  .214837178E-03  .218276587E-03  .221771022E-03  .225321361E-03
  .228928500E-03  .232593345E-03  .236316819E-03  .240099858E-03  .243943415E-03
  .247848456E-03  .251815965E-03  .255846938E-03  .259942391E-03  .264103354E-03
  .268330873E-03  .272626012E-03  .276989850E-03  .281423487E-03  .285928036E-03
  .290504631E-03  .295154423E-03  .299878580E-03  .304678292E-03  .309554764E-03
  .314509224E-03  .319542916E-03  .324657107E-03  .329853081E-03  .335132146E-03
  .340495628E-03  .345944876E-03  .351481258E-03  .357106168E-03  .362821019E-03
  .368627246E-03  .374526309E-03  .380519690E-03  .386608896E-03  .392795457E-03
  .399080926E-03  .405466883E-03  .411954933E-03  .418546705E-03  .425243855E-03
  .432048066E-03  .438961046E-03  .445984532E-03  .453120288E-03  .460370105E-03
  .467735805E-03  .475219236E-03  .482822279E-03  .490546841E-03  .498394863E-03
  .506368314E-03  .514469196E-03  .522699542E-03  .531061419E-03  .539556925E-03
  .548188193E-03  .556957387E-03  .565866709E-03  .574918395E-03  .584114715E-03
  .593457977E-03  .602950525E-03  .612594740E-03  .622393042E-03  .632347888E-03
  .642461774E-03  .652737238E-03  .663176856E-03  .673783246E-03  .684559068E-03
  .695507023E-03  .706629856E-03  .717930356E-03  .729411355E-03  .741075731E-03
  .752926408E-03  .764966355E-03  .777198590E-03  .789626178E-03  .802252233E-03
  .815079918E-03  .828112448E-03  .841353086E-03  .854805149E-03  .868472007E-03
  .882357083E-03  .896463854E-03  .910795852E-03  .925356666E-03  .940149941E-03
  .955179382E-03  .970448750E-03  .985961867E-03  .100172262E-02  .101773494E-02
  .103400285E-02  .105053042E-02  .106732177E-02  .108438111E-02  .110171271E-02
  .111932091E-02  .113721010E-02  .115538476E-02  .117384944E-02  .119260875E-02
  .121166739E-02  .123103011E-02  .125070177E-02  .127068726E-02  .129099160E-02
  .131161985E-02  .133257718E-02  .135386881E-02  .137550006E-02  .139747634E-02
  .141980314E-02  .144248604E-02  .146553069E-02  .148894286E-02  .151272839E-02
  .153689321E-02  .156144337E-02  .158638498E-02  .161172428E-02  .163746758E-02
  .166362131E-02  .169019200E-02  .171718627E-02  .174461086E-02  .177247261E-02
  .180077846E-02  .182953548E-02  .185875083E-02  .188843180E-02  .191858579E-02
  .194922031E-02  .198034299E-02  .201196160E-02  .204408401E-02  .207671822E-02
  .210987236E-02  .214355469E-02  .217777360E-02  .221253760E-02  .224785536E-02
  .228373567E-02  .232018745E-02  .235721978E-02  .239484187E-02  .243306309E-02
  .247189294E-02  .251134108E-02  .255141733E-02  .259213164E-02  .263349415E-02
  .267551513E-02  .271820503E-02  .276157446E-02  .280563420E-02  .285039520E-02
  .289586857E-02  .294206562E-02  .298899781E-02  .303667680E-02  .308511443E-02
  .313432272E-02  .318431389E-02  .323510035E-02  .328669469E-02  .333910971E-02
  .339235843E-02  .344645404E-02  .350140996E-02  .355723982E-02  .361395746E-02
  .367157693E-02  .373011252E-02  .378957872E-02  .384999028E-02  .391136216E-02
  .397370955E-02  .403704789E-02  .410139286E-02  .416676040E-02  .423316668E-02
  .430062813E-02  .436916144E-02  .443878357E-02  .450951172E-02  .458136340E-02
  .465435636E-02  .472850865E-02  .480383859E-02  .488036480E-02  .495810618E-02
  .503708192E-02  .511731154E-02  .519881485E-02  .528161195E-02  .536572329E-02
  .545116962E-02  .553797201E-02  .562615189E-02  .571573099E-02  .580673140E-02
  .589917555E-02  .599308623E-02  .608848657E-02  .618540007E-02  .628385061E-02
  .638386242E-02  .648546013E-02  .658866874E-02  .669351365E-02  .680002065E-02
  .690821595E-02  .701812614E-02  .712977825E-02  .724319973E-02  .735841843E-02
  .747546268E-02  .759436122E-02  .771514325E-02  .783783842E-02  .796247685E-02
  .808908911E-02  .821770628E-02  .834835990E-02  .848108200E-02  .861590512E-02
  .875286231E-02  .889198711E-02  .903331361E-02  .917687642E-02  .932271069E-02
  .947085211E-02  .962133693E-02  .977420197E-02  .992948460E-02  .100872228E-01
  .102474551E-01  .104102207E-01  .105755594E-01  .107435114E-01  .109141179E-01
  .110874204E-01  .112634613E-01  .114422835E-01  .116239306E-01  .118084469E-01
  .119958774E-01  .121862677E-01  .123796642E-01  .125761140E-01  .127756649E-01
  .129783655E-01  .131842651E-01  .133934138E-01  .136058623E-01  .138216624E-01
  .140408665E-01  .142635278E-01  .144897004E-01  .147194392E-01  .149527999E-01
  .151898391E-01  .154306143E-01  .156751839E-01  .159236071E-01  .161759441E-01
  .164322559E-01  .166926047E-01  .169570535E-01  .172256661E-01  .174985075E-01
  .177756438E-01  .180571417E-01  .183430694E-01  .186334959E-01  .189284911E-01
  .192281264E-01  .195324740E-01  .198416071E-01  .201556004E-01  .204745294E-01
  .207984709E-01  .211275030E-01  .214617046E-01  .218011563E-01  .221459395E-01
  .224961372E-01  .228518334E-01  .232131136E-01  .235800644E-01  .239527738E-01
  .243313313E-01  .247158274E-01  .251063544E-01  .255030057E-01  .259058763E-01
  .263150625E-01  .267306621E-01  .271527746E-01  .275815007E-01  .280169428E-01
  .284592048E-01  .289083923E-01  .293646123E-01  .298279735E-01  .302985864E-01
  .307765629E-01  .312620168E-01  .317550636E-01  .322558205E-01  .327644064E-01
  .332809422E-01  .338055504E-01  .343383554E-01  .348794837E-01  .354290635E-01
  .359872248E-01  .365541000E-01  .371298229E-01  .377145299E-01  .383083591E-01
  .389114507E-01  .395239471E-01  .401459928E-01  .407777345E-01  .414193211E-01
  .420709036E-01  .427326355E-01  .434046723E-01  .440871722E-01  .447802954E-01
  .454842046E-01  .461990652E-01  .469250447E-01  .476623133E-01  .484110436E-01
  .491714109E-01  .499435931E-01  .507277708E-01  .515241270E-01  .523328477E-01
  .531541216E-01  .539881402E-01  .548350978E-01  .556951916E-01  .565686217E-01
  .574555912E-01  .583563062E-01  .592709758E-01  .601998123E-01  .611430309E-01
  .621008502E-01  .630734921E-01  .640611813E-01  .650641464E-01  .660826190E-01
  .671168341E-01  .681670303E-01  .692334496E-01  .703163377E-01  .714159436E-01
  .725325202E-01  .736663241E-01  .748176155E-01  .759866585E-01  .771737209E-01
  .783790747E-01  .796029956E-01  .808457634E-01  .821076619E-01  .833889792E-01
  .846900074E-01  .860110429E-01  .873523865E-01  .887143430E-01  .900972221E-01
  .915013376E-01  .929270080E-01  .943745563E-01  .958443103E-01  .973366023E-01
  .988517696E-01  .100390154E+00  .101952103E+00  .103537968E+00  .105148106E+00
  .106782879E+00  .108442655E+00  .110127805E+00  .111838708E+00  .113575747E+00
  .115339311E+00  .117129793E+00  .118947594E+00  .120793118E+00  .122666777E+00
  .124568988E+00  .126500174E+00  .128460764E+00  .130451191E+00  .132471899E+00
  .134523333E+00  .136605947E+00  .138720202E+00  .140866563E+00  .143045503E+00
  .145257501E+00  .147503045E+00  .149782626E+00  .152096744E+00  .154445907E+00
  .156830628E+00  .159251428E+00  .161708834E+00  .164203383E+00  .166735617E+00
  .169306087E+00  .171915350E+00  .174563972E+00  .177252526E+00  .179981594E+00
  .182751764E+00  .185563634E+00  .188417810E+00  .191314904E+00  .194255538E+00
  .197240344E+00  .200269960E+00  .203345034E+00  .206466222E+00  .209634189E+00
  .212849609E+00  .216113167E+00  .219425554E+00  .222787471E+00  .226199631E+00
  .229662754E+00  .233177570E+00  .236744820E+00  .240365252E+00  .244039626E+00
  .247768714E+00  .251553294E+00  .255394157E+00  .259292103E+00  .263247944E+00
  .267262502E+00  .271336609E+00  .275471109E+00  .279666857E+00  .283924718E+00
  .288245568E+00  .292630296E+00  .297079803E+00  .301594998E+00  .306176805E+00
  .310826160E+00  .315544008E+00  .320331310E+00  .325189035E+00  .330118168E+00
  .335119705E+00  .340194654E+00  .345344038E+00  .350568889E+00  .355870255E+00
  .361249197E+00  .366706789E+00  .372244117E+00  .377862282E+00  .383562399E+00
  .389345594E+00  .395213011E+00  .401165805E+00  .407205147E+00  .413332220E+00
  .419548225E+00  .425854373E+00  .432251895E+00  .438742031E+00  .445326042E+00
  .452005200E+00  .458780792E+00  .465654124E+00  .472626515E+00  .479699299E+00
  .486873827E+00  .494151466E+00  .501533599E+00  .509021625E+00  .516616958E+00
  .524321030E+00  .532135291E+00  .540061203E+00  .548100250E+00  .556253930E+00
  .564523759E+00  .572911270E+00  .581418013E+00  .590045555E+00  .598795484E+00
  .607669400E+00  .616668926E+00  .625795700E+00  .635051380E+00  .644437639E+00
  .653956173E+00  .663608692E+00  .673396927E+00  .683322627E+00  .693387560E+00
  .703593513E+00  .713942290E+00  .724435718E+00  .735075638E+00  .745863915E+00
  .756802432E+00  .767893089E+00  .779137808E+00  .790538531E+00  .802097219E+00
  .813815851E+00  .825696428E+00  .837740971E+00  .849951520E+00  .862330136E+00
  .874878899E+00  .887599911E+00  .900495292E+00  .913567184E+00  .926817749E+00
  .940249169E+00  .953863648E+00  .967663408E+00  .981650693E+00  .995827768E+00
  .101019692E+01  .102476045E+01  .103952068E+01  .105447997E+01  .106964068E+01
  .108500520E+01  .110057594E+01  .111635533E+01  .113234581E+01  .114854985E+01
  .116496996E+01  .118160863E+01  .119846841E+01  .121555184E+01  .123286149E+01
  .125039996E+01  .126816986E+01  .128617382E+01  .130441449E+01  .132289456E+01
  .134161670E+01  .136058363E+01  .137979808E+01  .139926280E+01  .141898056E+01
  .143895415E+01  .145918638E+01  .147968006E+01  .150043805E+01  .152146321E+01
  .154275841E+01  .156432656E+01  .158617056E+01  .160829335E+01  .163069789E+01
  .165338713E+01  .167636406E+01  .169963168E+01  .172319300E+01  .174705105E+01
  .177120887E+01  .179566952E+01  .182043609E+01  .184551165E+01  .187089930E+01
  .189660216E+01  .192262336E+01  .194896603E+01  .197563333E+01  .200262841E+01
  .202995445E+01  .205761463E+01  .208561214E+01  .211395018E+01  .214263196E+01
  .217166071E+01  .220103963E+01  .223077197E+01  .226086097E+01  .229130985E+01
  .232212187E+01  .235330028E+01  .238484834E+01  .241676929E+01  .244906640E+01
  .248174292E+01  .251480211E+01  .254824723E+01  .258208153E+01  .261630827E+01
  .265093068E+01  .268595202E+01  .272137552E+01  .275720441E+01  .279344192E+01
  .283009126E+01  .286715563E+01  .290463823E+01  .294254223E+01  .298087082E+01
  .301962713E+01  .305881431E+01  .309843547E+01  .313849373E+01  .317899215E+01
  .321993381E+01  .326132175E+01  .330315897E+01  .334544846E+01  .338819320E+01
  .343139612E+01  .347506013E+01  .351918809E+01  .356378285E+01  .360884722E+01
  .365438397E+01  .370039583E+01  .374688550E+01  .379385563E+01  .384130883E+01
  .388924767E+01  .393767466E+01  .398659228E+01  .403600294E+01  .408590901E+01
  .413631281E+01  .418721658E+01  .423862254E+01  .429053280E+01  .434294946E+01
  .439587452E+01  .444930992E+01  .450325753E+01  .455771916E+01  .461269653E+01
  .466819129E+01  .472420503E+01  .478073923E+01  .483779529E+01  .489537455E+01
  .495347824E+01  .501210749E+01  .507126337E+01  .513094682E+01  .519115871E+01
  .525189978E+01  .531317068E+01  .537497197E+01  .543730407E+01  .550016730E+01
  .556356188E+01  .562748789E+01  .569194530E+01  .575693395E+01  .582245357E+01
  .588850374E+01  .595508392E+01  .602219342E+01  .608983144E+01  .615799700E+01
  .622668902E+01  .629590622E+01  .636564722E+01  .643591046E+01  .650669422E+01
  .657799662E+01  .664981564E+01  .672214907E+01  .679499452E+01  .686834947E+01
  .694221118E+01  .701657676E+01  .709144311E+01  .716680697E+01  .724266488E+01
  .731901319E+01  .739584804E+01  .747316540E+01  .755096101E+01  .762923042E+01
  .770796897E+01  .778717179E+01  .786683378E+01  .794694965E+01  .802751386E+01
  .810852065E+01  .818996407E+01  .827183788E+01  .835413566E+01  .843685071E+01
  .851997613E+01  .860350475E+01  .868742917E+01  .877174172E+01  .885643451E+01
  .894149938E+01  .902692790E+01  .911271141E+01  .919884097E+01  .928530738E+01
  .937210117E+01  .945921261E+01  .954663168E+01  .963434811E+01  .972235134E+01
  .981063054E+01  .989917459E+01  .998797209E+01  .100770114E+02  .101662805E+02
  .102557671E+02  .103454588E+02  .104353427E+02  .105254056E+02  .106156343E+02
  .107060148E+02  .107965334E+02  .108871756E+02  .109779269E+02  .110687724E+02
  .111596970E+02  .112506851E+02  .113417210E+02  .114327886E+02  .115238716E+02
  .116149533E+02  .117060168E+02  .117970448E+02  .118880199E+02  .119789241E+02
  .120697394E+02  .121604474E+02  .122510294E+02  .123414665E+02  .124317393E+02
  .125218285E+02  .126117141E+02  .127013762E+02  .127907944E+02  .128799481E+02
  .129688164E+02  .130573783E+02  .131456124E+02  .132334970E+02  .133210103E+02
  .134081303E+02  .134948345E+02  .135811005E+02  .136669054E+02  .137522263E+02
  .138370401E+02  .139213232E+02  .140050522E+02  .140882033E+02  .141707525E+02
  .142526757E+02  .143339486E+02  .144145469E+02  .144944459E+02  .145736210E+02
  .146520473E+02  .147296999E+02  .148065538E+02  .148825839E+02  .149577649E+02
  .150320715E+02  .151054785E+02  .151779605E+02  .152494920E+02  .153200476E+02
  .153896019E+02  .154581295E+02  .155256050E+02  .155920030E+02  .156572981E+02
  .157214652E+02  .157844791E+02  .158463147E+02  .159069470E+02  .159663513E+02
  .160245027E+02  .160813769E+02  .161369494E+02  .161911961E+02  .162440931E+02
  .162956167E+02  .163457434E+02  .163944500E+02  .164417137E+02  .164875118E+02
  .165318222E+02  .165746228E+02  .166158921E+02  .166556090E+02  .166937528E+02
  .167303030E+02  .167652399E+02  .167985439E+02  .168301962E+02  .168601784E+02
  .168884725E+02  .169150613E+02  .169399280E+02  .169630563E+02  .169844309E+02
  .170040367E+02  .170218596E+02  .170378859E+02  .170521029E+02  .170644983E+02
  .170750607E+02  .170837797E+02  .170906452E+02  .170956484E+02  .170987809E+02
  .171000356E+02  .170994058E+02  .170968861E+02  .170924717E+02  .170861590E+02
  .170779452E+02  .170678284E+02  .170558079E+02  .170418839E+02  .170260575E+02
  .170083312E+02  .169887081E+02  .169671927E+02  .169437906E+02  .169185084E+02
  .168913538E+02  .168623357E+02  .168314642E+02  .167987504E+02  .167642069E+02
  .167278471E+02  .166896859E+02  .166497393E+02  .166080245E+02  .165645601E+02
  .165193656E+02  .164724622E+02  .164238719E+02  .163736183E+02  .163217261E+02
  .162682212E+02  .162131310E+02  .161564840E+02  .160983100E+02  .160386400E+02
  .159775063E+02  .159149426E+02  .158509838E+02  .157856657E+02  .157190259E+02
  .156511029E+02  .155819364E+02  .155115675E+02  .154400383E+02  .153673921E+02
  .152936736E+02  .152189285E+02  .151432035E+02  .150665465E+02  .149890067E+02
  .149106341E+02  .148314798E+02  .147515960E+02  .146710359E+02  .145898536E+02
  .145081040E+02  .144258433E+02  .143431282E+02  .142600164E+02  .141765663E+02
  .140928372E+02  .140088891E+02  .139247825E+02  .138405788E+02  .137563398E+02
  .136721281E+02  .135880066E+02  .135040386E+02  .134202882E+02  .133368194E+02
  .132536969E+02  .131709854E+02  .130887501E+02  .130070560E+02  .129259685E+02
  .128455529E+02  .127658746E+02  .126869989E+02  .126089909E+02  .125319157E+02
  .124558380E+02  .123808223E+02  .123069325E+02  .122342325E+02  .121627854E+02
  .120926538E+02  .120238997E+02  .119565844E+02  .118907687E+02  .118265121E+02
  .117638738E+02  .117029116E+02  .116436826E+02  .115862426E+02  .115306464E+02
  .114769477E+02  .114251987E+02  .113754505E+02  .113277526E+02  .112821533E+02
  .112386992E+02  .111974353E+02  .111584052E+02  .111216504E+02  .110872111E+02
  .110551253E+02  .110254293E+02  .109981576E+02  .109733423E+02  .109510139E+02
  .109312005E+02  .109139282E+02  .108992207E+02  .108870998E+02  .108775846E+02
  .108706922E+02  .108664370E+02  .108648311E+02  .108658841E+02  .108696032E+02
  .108759928E+02  .108850549E+02  .108967889E+02  .109111913E+02  .109282562E+02
  .109479748E+02  .109703357E+02  .109953246E+02  .110229245E+02  .110531158E+02
  .110858758E+02  .111211792E+02  .111589978E+02  .111993006E+02  .112420540E+02
  .112872213E+02  .113347631E+02  .113846374E+02  .114367993E+02  .114912012E+02
  .115477927E+02  .116065209E+02  .116673301E+02  .117301620E+02  .117949558E+02
  .118616480E+02  .119301729E+02  .120004621E+02  .120724448E+02  .121460481E+02
  .122211967E+02  .122978129E+02  .123758172E+02  .124551277E+02  .125356607E+02
  .126173305E+02  .127000495E+02  .127837284E+02  .128682760E+02  .129535996E+02
  .130396051E+02  .131261968E+02  .132132776E+02  .133007491E+02  .133885121E+02
  .134764657E+02  .135645086E+02  .136525383E+02  .137404517E+02  .138281447E+02
  .139155131E+02  .140024518E+02  .140888557E+02  .141746193E+02  .142596369E+02
  .143438028E+02  .144270115E+02  .145091577E+02  .145901362E+02  .146698425E+02
  .147481725E+02  .148250228E+02  .149002908E+02  .149738747E+02  .150456738E+02
  .151155884E+02  .151835203E+02  .152493723E+02  .153130489E+02  .153744560E+02
  .154335014E+02  .154900945E+02  .155441467E+02  .155955713E+02  .156442838E+02
  .156902019E+02  .157332455E+02  .157733371E+02  .158104014E+02  .158443661E+02
  .158751612E+02  .159027197E+02  .159269773E+02  .159478729E+02  .159653480E+02
  .159793477E+02  .159898198E+02  .159967156E+02  .159999895E+02  .159995996E+02
  .159955070E+02  .159876765E+02  .159760764E+02  .159606786E+02  .159414585E+02
  .159183951E+02  .158914714E+02  .158606736E+02  .158259921E+02  .157874207E+02
  .157449572E+02  .156986032E+02  .156483638E+02  .155942482E+02  .155362691E+02
  .154744433E+02  .154087910E+02  .153393366E+02  .152661077E+02  .151891361E+02
  .151084569E+02  .150241090E+02  .149361350E+02  .148445809E+02  .147494962E+02
  .146509339E+02  .145489506E+02  .144436059E+02  .143349629E+02  .142230878E+02
  .141080501E+02  .139899221E+02  .138687792E+02  .137446999E+02  .136177651E+02
  .134880588E+02  .133556673E+02  .132206795E+02  .130831870E+02  .129432833E+02
  .128010642E+02  .126566279E+02  .125100741E+02  .123615048E+02  .122110234E+02
  .120587351E+02  .119047464E+02  .117491655E+02  .115921016E+02  .114336650E+02
  .112739670E+02  .111131199E+02  .109512364E+02  .107884302E+02  .106248151E+02
  .104605053E+02  .102956153E+02  .101302594E+02  .996455205E+01  .979860730E+01
  .963253884E+01  .946645995E+01  .930048315E+01  .913472029E+01  .896928223E+01
  .880427886E+01  .863981881E+01  .847600956E+01  .831295700E+01  .815076564E+01
  .798953818E+01  .782937566E+01  .767037712E+01  .751263970E+01  .735625831E+01
  .720132572E+01  .704793232E+01  .689616614E+01  .674611259E+01  .659785459E+01
  .645147225E+01  .630704303E+01  .616464141E+01  .602433905E+01  .588620453E+01
  .575030347E+01  .561669829E+01  .548544833E+01  .535660964E+01  .523023511E+01
  .510637425E+01  .498507334E+01  .486637525E+01  .475031958E+01  .463694245E+01
  .452627671E+01  .441835174E+01  .431319359E+01  .421082495E+01  .411126514E+01
  .401453015E+01  .392063266E+01  .382958210E+01  .374138463E+01  .365604323E+01
  .357355774E+01  .349392489E+01  .341713836E+01  .334318889E+01  .327206426E+01
  .320374944E+01  .313822662E+01  .307547530E+01  .301547237E+01  .295819220E+01
  .290360669E+01  .285168542E+01  .280239568E+01  .275570258E+01  .271156910E+01
  .266995623E+01  .263082299E+01  .259412654E+01  .255982221E+01  .252786364E+01
  .249820270E+01  .247078971E+01  .244557328E+01  .242250056E+01  .240151705E+01
  .238256686E+01  .236559250E+01  .235053516E+01  .233733451E+01  .232592900E+01
  .231625567E+01  .230825048E+01  .230184817E+01  .229698259E+01  .229358660E+01
  .229159246E+01  .229093168E+01  .229153551E+01  .229333475E+01  .229626023E+01
  .230024267E+01  .230521309E+01  .231110270E+01  .231784329E+01  .232536703E+01
  .233360694E+01  .234249661E+01  .235197066E+01  .236196442E+01  .237241442E+01
  .238325802E+01  .239443392E+01  .240588175E+01  .241754258E+01  .242935850E+01
  .244127313E+01  .245323122E+01  .246517912E+01  .247706437E+01  .248883622E+01
  .250044514E+01  .251184341E+01  .252298458E+01  .253382408E+01  .254431867E+01
  .255442703E+01  .256410923E+01  .257332730E+01  .258204471E+01  .259022693E+01
  .259784088E+01  .260485554E+01  .261124133E+01  .261697078E+01  .262201784E+01
  .262635859E+01  .262997056E+01  .263283336E+01  .263492807E+01  .263623784E+01
  .263674724E+01  .263644290E+01  .263531286E+01  .263334717E+01  .263053723E+01
  .262687644E+01  .262235947E+01  .261698296E+01  .261074475E+01  .260364458E+01
  .259568332E+01  .258686369E+01  .257718945E+01  .256666613E+01  .255530023E+01
  .254309993E+01  .253007428E+01  .251623394E+01  .250159034E+01  .248615642E+01
  .246994581E+01  .245297352E+01  .243525520E+01  .241680775E+01  .239764860E+01
  .237779634E+01  .235727000E+01  .233608968E+01  .231427575E+01  .229184961E+01
  .226883284E+01  .224524790E+01  .222111734E+01  .219646451E+01  .217131277E+01
  .214568613E+01  .211960854E+01  .209310453E+01  .206619844E+01  .203891512E+01
  .201127914E+01  .198331548E+01  .195504877E+01  .192650398E+01  .189770563E+01
  .186867850E+01  .183944686E+01  .181003513E+01  .178046725E+01  .175076712E+01
  .172095818E+01  .169106372E+01  .166110653E+01  .163110921E+01  .160109379E+01
  .157108207E+01  .154109520E+01  .151115410E+01  .148127899E+01  .145148978E+01
  .142180570E+01  .139224560E+01  .136282762E+01  .133356952E+01  .130448831E+01
  .127560058E+01  .124692215E+01  .121846845E+01  .119025409E+01  .116229325E+01
  .113459933E+01  .110718526E+01  .108006320E+01  .105324484E+01  .102674107E+01
  .100056235E+01  .974718328E+00  .949218211E+00  .924070412E+00  .899282925E+00
  .874862942E+00  .850817259E+00  .827151882E+00  .803872435E+00  .780983772E+00
  .758490381E+00  .736396003E+00  .714704035E+00  .693417149E+00  .672537696E+00
  .652067330E+00  .632007412E+00  .612358627E+00  .593121401E+00  .574295515E+00
  .555880488E+00  .537875332E+00  .520278680E+00  .503088783E+00  .486303522E+00
  .469920430E+00  .453936704E+00  .438349224E+00  .423154566E+00  .408349025E+00
  .393928624E+00  .379889135E+00  .366226092E+00  .352934813E+00  .340010407E+00
  .327447798E+00  .315241732E+00  .303386800E+00  .291877449E+00  .280707993E+00
  .269872632E+00  .259365464E+00  .249180497E+00  .239311661E+00  .229752824E+00
  .220497798E+00  .211540354E+00  .202874234E+00  .194493157E+00  .186390833E+00
  .178560967E+00  .170997274E+00  .163693484E+00  .156643351E+00  .149840657E+00
  .143279224E+00  .136952918E+00  .130855653E+00  .124981402E+00  .119324195E+00
  .113878129E+00  .108637373E+00  .103596167E+00  .987488294E-01  .940897589E-01
  .896134380E-01  .853144353E-01  .811874077E-01  .772271025E-01  .734283589E-01
  .697861098E-01  .662953830E-01  .629513016E-01  .597490859E-01  .566840527E-01
  .537516170E-01  .509472912E-01  .482666859E-01  .457055095E-01  .432595684E-01
  .409247661E-01  .386971037E-01  .365726786E-01  .345476846E-01  .326184107E-01
  .307812408E-01  .290326528E-01  .273692178E-01  .257875992E-01  .242845516E-01
  .228569203E-01  .215016396E-01  .202157324E-01  .189963090E-01  .178405654E-01
  .167457829E-01  .157093268E-01  .147286446E-01  .138012656E-01  .129247990E-01
  .120969331E-01  .113154336E-01  .105781426E-01  .988297706E-02  .922792763E-02
  .861105703E-02  .803049882E-02  .748445591E-02  .697119915E-02  .648906586E-02
  .603645836E-02  .561184247E-02  .521374605E-02  .484075746E-02  .449152404E-02
  .416475061E-02  .385919790E-02  .357368103E-02  .330706799E-02  .305827804E-02
  .282628026E-02  .261009192E-02  .240877702E-02  .222144474E-02  .204724790E-02
  .188538155E-02  .173508135E-02  .159562224E-02  .146631687E-02  .134651424E-02
  .123559826E-02  .113298635E-02  .103812811E-02  .950503949E-03  .869623769E-03
  .795025709E-03  .726274873E-03  .662962107E-03  .604702806E-03  .551135758E-03
  .501922013E-03  .456743788E-03  .415303411E-03  .377322287E-03  .342539913E-03
  .310712916E-03  .281614134E-03  .255031720E-03  .230768294E-03  .208640121E-03
  .188476319E-03  .170118110E-03  .153418097E-03  .138239575E-03  .124455872E-03
  .111949721E-03  .100612668E-03  .903444994E-04  .810527057E-04  .726519699E-04
  .650636838E-04  .582154897E-04  .520408475E-04  .464786267E-04  .414727209E-04
  .369716858E-04  .329283979E-04  .292997341E-04  .260462721E-04  .231320081E-04
  .205240937E-04  .181925899E-04  .161102367E-04  .142522391E-04  .125960670E-04
  .111212701E-04  .980930453E-05  .864337303E-05  .760827646E-05  .669027620E-05
  .587696705E-05  .515715983E-05  .452077299E-05  .395873284E-05  .346288169E-05
  .302589340E-05  .264119591E-05  .230290015E-05  .200573493E-05  .174498748E-05
  .151644901E-05  .131636510E-05  .114139051E-05  .988548030E-06  .855191024E-06
  .738969522E-06  .637799399E-06  .549834501E-06  .473441421E-06  .407176719E-06
  .349766371E-06  .300087259E-06  .257150504E-06  .220086504E-06  .188131491E-06
  .160615500E-06  .136951580E-06  .116626169E-06  .991904900E-07  .842528840E-07
  .714719848E-07  .605506498E-07  .512305718E-07  .432875012E-07  .365270164E-07
  .307807827E-07  .259032502E-07  .217687418E-07  .182688894E-07  .153103795E-07
  .128129742E-07  .107077764E-07  .893571044E-08  .744619503E-08  .619598386E-08
  .514815580E-08  .427123588E-08  .353843152E-08  .292696986E-08  .241752361E-08
  .199371456E-08  .164168463E-08  .134972611E-08  .110796325E-08  .908078577E-09
  .743078003E-09  .607089562E-09  .495191238E-09  .403263908E-09  .327865952E-09
  .266126511E-09  .215654771E-09  .174462989E-09  .140901303E-09  .113602601E-09
  .914359881E-10  .734675700E-10  .589274667E-10  .471821097E-10  .377110206E-10
  .300873798E-10  .239617955E-10  .190487709E-10  .151154412E-10  .119722164E-10
  .946502438E-11  .746888546E-11  .588261269E-11  .462443207E-11  .362838679E-11
  .284137826E-11  .222074175E-11  .173226271E-11  .134855687E-11  .104774993E-11
  .812403680E-12  .628644234E-12  .485455795E-12  .374109702E-12  .287703769E-12
  .220791396E-12  .169083569E-12  .129209942E-12  .985276789E-13  .749688494E-13
  .569188512E-13  .431197711E-13  .325937327E-13  .245822321E-13  .184982335E-13
  .138884261E-13  .104035530E-13  .777513941E-14  .579728229E-14  .431243262E-14
  .320032135E-14  .236935406E-14  .174993974E-14  .128933142E-14  .947645476E-15
  .694797940E-15  .508152224E-15  .370717534E-15  .269772486E-15  .195816182E-15
  .141770868E-15  .102377363E-15  .737378316E-16  .529708747E-16  .379520376E-16
  .271190803E-16  .193262408E-16  .137354524E-16  .973536459E-17  .688122207E-17
  .485035346E-17  .340930571E-17  .238964534E-17  .167019057E-17  .116400199E-17
  .808884480E-18  .560472431E-18  .387210196E-18  .266718913E-18  .183174487E-18
  .125420883E-18  .856165848E-19  .582664435E-19  .395312904E-19  .267371161E-19
  .180272033E-19  .121163392E-19  .811769472E-20  .542127088E-20  .360882134E-20
  .239449661E-20  .158356628E-20  .104380638E-20  .685730940E-21  .448978939E-21
  .292971146E-21  .190519100E-21  .123468175E-21  .797374456E-22  .513154615E-22
  .329079283E-22  .210284317E-22  .133892059E-22  .849438237E-23  .536939308E-23
  .338160012E-23  .212182770E-23  .132640405E-23  .826050075E-24  .512493733E-24
  .316744534E-24  .195009026E-24  .119594674E-24  .730578551E-25  .444535304E-25
  .269411454E-25  .162623161E-25  .977667682E-26  .585367363E-26  .349043764E-26
  .207267416E-26  .122565283E-26  .721729751E-27  .423192274E-27  .247082513E-27
  .143639042E-27  .831407876E-28  .479128192E-28  .274896979E-28  .157019441E-28
  .892866547E-29  .505421445E-29  .284799330E-29  .159744722E-29  .891867369E-30
  .495614550E-30  .274120505E-30  .150895490E-30  .826669061E-31  .450703664E-31
  .244533089E-31  .132024444E-31  .709290463E-32  .379166281E-32  .201675773E-32
  .106728072E-32  .561935997E-33  .294347598E-33  .153384562E-33  .795119192E-34
  .410009598E-34  .210304537E-34  .107294528E-34  .544455201E-35  .274779017E-35
  .137918605E-35  .688431780E-36  .341726348E-36  .168677092E-36  .827893102E-37
  .404029631E-37  .196043788E-37  .945744519E-38  .453581432E-38  .216260417E-38
  .102498763E-38  .482902396E-39  .226140530E-39  .105257914E-39  .486930810E-40
  .223869311E-40  .102285762E-40  .464416295E-41  .209531598E-41  .939332614E-42
  .418403107E-42  .185162770E-42  .814091430E-43  .355574607E-43  .154277807E-43
  .664918297E-44  .284643967E-44  .121026686E-44  .511072087E-45  .214329162E-45
  .892595086E-46  .369128598E-46  .151574637E-46  .617982970E-47  .250151374E-47
  .100526554E-47  .401037640E-48  .158814674E-48  .624269049E-49  .243558335E-49
  .943101308E-50  .362419702E-50  .138209246E-50  .523007343E-51  .196379980E-51
  .731608108E-52  .270411158E-52  .991535391E-53  .360663259E-53  .130130137E-53
  .465702421E-54  .165298035E-54  .581873753E-55  .203129992E-55  .703285232E-56
  .241520970E-56  .823244888E-57  .279559463E-57  .949735767E-58  .331822780E-58
  .125111878E-58  .590594283E-59  .445634713E-59  .000000000E+00  .000000000E+00
  .000000000E+00  .000000000E+00  .000000000E+00  .000000000E+00  .000000000E+00
  .000000000E+00  .000000000E+00  .000000000E+00  .000000000E+00  .000000000E+00
  .000000000E+00  .000000000E+00  .000000000E+00  .000000000E+00  .000000000E+00
  .000000000E+00  .000000000E+00  .000000000E+00  .000000000E+00  .000000000E+00
  .000000000E+00  .000000000E+00  .000000000E+00  .000000000E+00  .000000000E+00
  .000000000E+00  .000000000E+00  .000000000E+00  .000000000E+00  .000000000E+00
  .000000000E+00  .000000000E+00  .000000000E+00  .000000000E+00  .000000000E+00
  .000000000E+00  .000000000E+00  .000000000E+00  .000000000E+00  .000000000E+00
  .000000000E+00  .000000000E+00  .000000000E+00  .000000000E+00  .000000000E+00
  .000000000E+00  .000000000E+00  .000000000E+00  .000000000E+00  .000000000E+00
  .000000000E+00  .000000000E+00  .000000000E+00  .000000000E+00  .000000000E+00
  .000000000E+00  .000000000E+00  .000000000E+00  .000000000E+00  .000000000E+00
  .000000000E+00  .000000000E+00  .000000000E+00  .000000000E+00  .000000000E+00
  .000000000E+00  .000000000E+00  .000000000E+00  .000000000E+00  .000000000E+00
  .000000000E+00  .000000000E+00  .000000000E+00  .000000000E+00  .000000000E+00
  .000000000E+00  .000000000E+00  .000000000E+00  .000000000E+00  .000000000E+00
  .000000000E+00  .000000000E+00  .000000000E+00  .000000000E+00  .000000000E+00
  .000000000E+00  .000000000E+00  .000000000E+00  .000000000E+00  .000000000E+00
  .000000000E+00  .000000000E+00  .000000000E+00  .000000000E+00  .000000000E+00
  .000000000E+00  .000000000E+00  .000000000E+00  .000000000E+00  .000000000E+00
  .000000000E+00  .000000000E+00  .000000000E+00  .000000000E+00  .000000000E+00
  .000000000E+00  .000000000E+00  .000000000E+00  .000000000E+00  .000000000E+00
  .000000000E+00  .000000000E+00  .000000000E+00  .000000000E+00  .000000000E+00
  .000000000E+00  .000000000E+00  .000000000E+00  .000000000E+00  .000000000E+00
  .000000000E+00  .000000000E+00  .000000000E+00  .000000000E+00  .000000000E+00
  .000000000E+00  .000000000E+00  .000000000E+00  .000000000E+00  .000000000E+00
  .000000000E+00  .000000000E+00  .000000000E+00  .000000000E+00  .000000000E+00
  .000000000E+00  .000000000E+00  .000000000E+00  .000000000E+00  .000000000E+00
  .000000000E+00  .000000000E+00  .000000000E+00  .000000000E+00  .000000000E+00
  .000000000E+00  .000000000E+00  .000000000E+00  .000000000E+00  .000000000E+00
  .000000000E+00  .000000000E+00  .000000000E+00  .000000000E+00  .000000000E+00
  .000000000E+00  .000000000E+00  .000000000E+00  .000000000E+00  .000000000E+00
  .000000000E+00  .000000000E+00  .000000000E+00  .000000000E+00  .000000000E+00
  .000000000E+00  .000000000E+00  .000000000E+00  .000000000E+00  .000000000E+00
  .000000000E+00  .000000000E+00  .000000000E+00  .000000000E+00  .000000000E+00
  .000000000E+00  .000000000E+00  .000000000E+00  .000000000E+00  .000000000E+00
  .000000000E+00  .000000000E+00  .000000000E+00  .000000000E+00  .000000000E+00
  .000000000E+00  .000000000E+00  .000000000E+00  .000000000E+00  .000000000E+00
  .000000000E+00  .000000000E+00  .000000000E+00  .000000000E+00  .000000000E+00
  .000000000E+00  .000000000E+00  .000000000E+00  .000000000E+00  .000000000E+00
  .000000000E+00  .000000000E+00  .000000000E+00  .000000000E+00  .000000000E+00
  .000000000E+00  .000000000E+00  .000000000E+00  .000000000E+00  .000000000E+00
