  PAW_GGA Si_h 08Apr2002                 
 100
Core Pot   L  =         .00000   -.79471
  -.20000000E+01  .66403745E+00
  -.19600000E+01  .64483469E+00
  -.19200000E+01  .62543486E+00
  -.18800000E+01  .60583366E+00
  -.18400000E+01  .58602663E+00
  -.18000000E+01  .56600920E+00
  -.17600000E+01  .54577664E+00
  -.17200000E+01  .52532408E+00
  -.16800000E+01  .50464649E+00
  -.16400000E+01  .48373868E+00
  -.16000000E+01  .46259532E+00
  -.15600000E+01  .44121087E+00
  -.15200000E+01  .41957962E+00
  -.14800000E+01  .39769570E+00
  -.14400000E+01  .37555301E+00
  -.14000000E+01  .35314526E+00
  -.13600000E+01  .33046596E+00
  -.13200000E+01  .30750838E+00
  -.12800000E+01  .28426557E+00
  -.12400000E+01  .26073033E+00
  -.12000000E+01  .23689523E+00
  -.11600000E+01  .21275255E+00
  -.11200000E+01  .18829431E+00
  -.10800000E+01  .16351225E+00
  -.10400000E+01  .13839780E+00
  -.10000000E+01  .11294208E+00
  -.96000000E+00  .87135867E-01
  -.92000000E+00  .60969623E-01
  -.88000000E+00  .34433433E-01
  -.84000000E+00  .75170078E-02
  -.80000000E+00 -.19790339E-01
  -.76000000E+00 -.47499705E-01
  -.72000000E+00 -.75622624E-01
  -.68000000E+00 -.10417109E+00
  -.64000000E+00 -.13315756E+00
  -.60000000E+00 -.16259502E+00
  -.56000000E+00 -.19249697E+00
  -.52000000E+00 -.22287746E+00
  -.48000000E+00 -.25375115E+00
  -.44000000E+00 -.28513330E+00
  -.40000000E+00 -.31703981E+00
  -.36000000E+00 -.34948729E+00
  -.32000000E+00 -.38249306E+00
  -.28000000E+00 -.41607520E+00
  -.24000000E+00 -.45025260E+00
  -.20000000E+00 -.48504499E+00
  -.16000000E+00 -.52047303E+00
  -.12000000E+00 -.55655829E+00
  -.80000000E-01 -.59332337E+00
  -.40000000E-01 -.63079195E+00
   .12351231E-14 -.66898880E+00
   .40000000E-01 -.70793992E+00
   .80000000E-01 -.74767259E+00
   .12000000E+00 -.78821540E+00
   .16000000E+00 -.82959842E+00
   .20000000E+00 -.87185323E+00
   .24000000E+00 -.91501304E+00
   .28000000E+00 -.95911277E+00
   .32000000E+00 -.10041892E+01
   .36000000E+00 -.10502812E+01
   .40000000E+00 -.10974295E+01
   .44000000E+00 -.11456772E+01
   .48000000E+00 -.11950699E+01
   .52000000E+00 -.12456558E+01
   .56000000E+00 -.12974855E+01
   .60000000E+00 -.13506131E+01
   .64000000E+00 -.14050955E+01
   .68000000E+00 -.14609932E+01
   .72000000E+00 -.15183703E+01
   .76000000E+00 -.15772949E+01
   .80000000E+00 -.16378394E+01
   .84000000E+00 -.17000809E+01
   .88000000E+00 -.17641014E+01
   .92000000E+00 -.18299883E+01
   .96000000E+00 -.18978350E+01
   .10000000E+01 -.19677412E+01
   .10400000E+01 -.20398136E+01
   .10800000E+01 -.21141663E+01
   .11200000E+01 -.21909218E+01
   .11600000E+01 -.22702114E+01
   .12000000E+01 -.23521765E+01
   .12400000E+01 -.24369691E+01
   .12800000E+01 -.25247528E+01
   .13200000E+01 -.26157046E+01
   .13600000E+01 -.27100154E+01
   .14000000E+01 -.28078922E+01
   .14400000E+01 -.29095592E+01
   .14800000E+01 -.30152599E+01
   .15200000E+01 -.31252592E+01
   .15600000E+01 -.32398461E+01
   .16000000E+01 -.33593359E+01
   .16400000E+01 -.34840736E+01
   .16800000E+01 -.36144377E+01
   .17200000E+01 -.37508437E+01
   .17600000E+01 -.38937498E+01
   .18000000E+01 -.40436612E+01
   .18400000E+01 -.42011375E+01
   .18800000E+01 -.43667995E+01
   .19200000E+01 -.45413380E+01
   .19600000E+01 -.47255240E+01
   .20000000E+01 -.49202206E+01
Potential  L  =         .00000   -.79471
  -.20000000E+01  .65845011E+00
  -.19600000E+01  .63948075E+00
  -.19200000E+01  .62031325E+00
  -.18800000E+01  .60094315E+00
  -.18400000E+01  .58136586E+00
  -.18000000E+01  .56157660E+00
  -.17600000E+01  .54157051E+00
  -.17200000E+01  .52134249E+00
  -.16800000E+01  .50088731E+00
  -.16400000E+01  .48019958E+00
  -.16000000E+01  .45927369E+00
  -.15600000E+01  .43810389E+00
  -.15200000E+01  .41668418E+00
  -.14800000E+01  .39500839E+00
  -.14400000E+01  .37307012E+00
  -.14000000E+01  .35086276E+00
  -.13600000E+01  .32837943E+00
  -.13200000E+01  .30561305E+00
  -.12800000E+01  .28255625E+00
  -.12400000E+01  .25920141E+00
  -.12000000E+01  .23554062E+00
  -.11600000E+01  .21156567E+00
  -.11200000E+01  .18726806E+00
  -.10800000E+01  .16263896E+00
  -.10400000E+01  .13766918E+00
  -.10000000E+01  .11234922E+00
  -.96000000E+00  .86669159E-01
  -.92000000E+00  .60618725E-01
  -.88000000E+00  .34187209E-01
  -.84000000E+00  .73634826E-02
  -.80000000E+00 -.19864038E-01
  -.76000000E+00 -.47507412E-01
  -.72000000E+00 -.75579204E-01
  -.68000000E+00 -.10409250E+00
  -.64000000E+00 -.13306095E+00
  -.60000000E+00 -.16249880E+00
  -.56000000E+00 -.19242088E+00
  -.52000000E+00 -.22284272E+00
  -.48000000E+00 -.25378050E+00
  -.44000000E+00 -.28525114E+00
  -.40000000E+00 -.31727235E+00
  -.36000000E+00 -.34986262E+00
  -.32000000E+00 -.38304133E+00
  -.28000000E+00 -.41682877E+00
  -.24000000E+00 -.45124618E+00
  -.20000000E+00 -.48631584E+00
  -.16000000E+00 -.52206112E+00
  -.12000000E+00 -.55850654E+00
  -.80000000E-01 -.59567787E+00
  -.40000000E-01 -.63360217E+00
   .12351231E-14 -.67230789E+00
   .40000000E-01 -.71182497E+00
   .80000000E-01 -.75218495E+00
   .12000000E+00 -.79342104E+00
   .16000000E+00 -.83556826E+00
   .20000000E+00 -.87866356E+00
   .24000000E+00 -.92274594E+00
   .28000000E+00 -.96785665E+00
   .32000000E+00 -.10140393E+01
   .36000000E+00 -.10613399E+01
   .40000000E+00 -.11098075E+01
   .44000000E+00 -.11594938E+01
   .48000000E+00 -.12104538E+01
   .52000000E+00 -.12627459E+01
   .56000000E+00 -.13164321E+01
   .60000000E+00 -.13715785E+01
   .64000000E+00 -.14282555E+01
   .68000000E+00 -.14865378E+01
   .72000000E+00 -.15465057E+01
   .76000000E+00 -.16082446E+01
   .80000000E+00 -.16718460E+01
   .84000000E+00 -.17374078E+01
   .88000000E+00 -.18050350E+01
   .92000000E+00 -.18748403E+01
   .96000000E+00 -.19469449E+01
   .10000000E+01 -.20214792E+01
   .10400000E+01 -.20985838E+01
   .10800000E+01 -.21784104E+01
   .11200000E+01 -.22611230E+01
   .11600000E+01 -.23468992E+01
   .12000000E+01 -.24359315E+01
   .12400000E+01 -.25284291E+01
   .12800000E+01 -.26246196E+01
   .13200000E+01 -.27247512E+01
   .13600000E+01 -.28290948E+01
   .14000000E+01 -.29379470E+01
   .14400000E+01 -.30516332E+01
   .14800000E+01 -.31705108E+01
   .15200000E+01 -.32949738E+01
   .15600000E+01 -.34254570E+01
   .16000000E+01 -.35624421E+01
   .16400000E+01 -.37064635E+01
   .16800000E+01 -.38581163E+01
   .17200000E+01 -.40180648E+01
   .17600000E+01 -.41870530E+01
   .18000000E+01 -.43659169E+01
   .18400000E+01 -.45555994E+01
   .18800000E+01 -.47571674E+01
   .19200000E+01 -.49718336E+01
   .19600000E+01 -.52009816E+01
   .20000000E+01 -.54461975E+01
Core Pot   L  =        1.00000   -.29996
  -.20000000E+01  .10649693E+01
  -.19600000E+01  .10494273E+01
  -.19200000E+01  .10337681E+01
  -.18800000E+01  .10179893E+01
  -.18400000E+01  .10020887E+01
  -.18000000E+01  .98606385E+00
  -.17600000E+01  .96991236E+00
  -.17200000E+01  .95363171E+00
  -.16800000E+01  .93721936E+00
  -.16400000E+01  .92067269E+00
  -.16000000E+01  .90398900E+00
  -.15600000E+01  .88716555E+00
  -.15200000E+01  .87019951E+00
  -.14800000E+01  .85308799E+00
  -.14400000E+01  .83582801E+00
  -.14000000E+01  .81841653E+00
  -.13600000E+01  .80085041E+00
  -.13200000E+01  .78312643E+00
  -.12800000E+01  .76524129E+00
  -.12400000E+01  .74719159E+00
  -.12000000E+01  .72897384E+00
  -.11600000E+01  .71058445E+00
  -.11200000E+01  .69201974E+00
  -.10800000E+01  .67327590E+00
  -.10400000E+01  .65434903E+00
  -.10000000E+01  .63523511E+00
  -.96000000E+00  .61592999E+00
  -.92000000E+00  .59642943E+00
  -.88000000E+00  .57672902E+00
  -.84000000E+00  .55682424E+00
  -.80000000E+00  .53671044E+00
  -.76000000E+00  .51638280E+00
  -.72000000E+00  .49583637E+00
  -.68000000E+00  .47506604E+00
  -.64000000E+00  .45406654E+00
  -.60000000E+00  .43283241E+00
  -.56000000E+00  .41135805E+00
  -.52000000E+00  .38963764E+00
  -.48000000E+00  .36766519E+00
  -.44000000E+00  .34543452E+00
  -.40000000E+00  .32293921E+00
  -.36000000E+00  .30017265E+00
  -.32000000E+00  .27712799E+00
  -.28000000E+00  .25379815E+00
  -.24000000E+00  .23017580E+00
  -.20000000E+00  .20625335E+00
  -.16000000E+00  .18202294E+00
  -.12000000E+00  .15747643E+00
  -.80000000E-01  .13260539E+00
  -.40000000E-01  .10740106E+00
   .12351231E-14  .81854391E-01
   .40000000E-01  .55955962E-01
   .80000000E-01  .29696011E-01
   .12000000E+00  .30644057E-02
   .16000000E+00 -.23949381E-01
   .20000000E+00 -.51356284E-01
   .24000000E+00 -.79167669E-01
   .28000000E+00 -.10739535E+00
   .32000000E+00 -.13605163E+00
   .36000000E+00 -.16514928E+00
   .40000000E+00 -.19470163E+00
   .44000000E+00 -.22472254E+00
   .48000000E+00 -.25522646E+00
   .52000000E+00 -.28622845E+00
   .56000000E+00 -.31774422E+00
   .60000000E+00 -.34979014E+00
   .64000000E+00 -.38238333E+00
   .68000000E+00 -.41554163E+00
   .72000000E+00 -.44928372E+00
   .76000000E+00 -.48362911E+00
   .80000000E+00 -.51859818E+00
   .84000000E+00 -.55421230E+00
   .88000000E+00 -.59049381E+00
   .92000000E+00 -.62746613E+00
   .96000000E+00 -.66515381E+00
   .10000000E+01 -.70358257E+00
   .10400000E+01 -.74277942E+00
   .10800000E+01 -.78277273E+00
   .11200000E+01 -.82359229E+00
   .11600000E+01 -.86526942E+00
   .12000000E+01 -.90783706E+00
   .12400000E+01 -.95132990E+00
   .12800000E+01 -.99578448E+00
   .13200000E+01 -.10412393E+01
   .13600000E+01 -.10877350E+01
   .14000000E+01 -.11353144E+01
   .14400000E+01 -.11840229E+01
   .14800000E+01 -.12339083E+01
   .15200000E+01 -.12850213E+01
   .15600000E+01 -.13374156E+01
   .16000000E+01 -.13911481E+01
   .16400000E+01 -.14462790E+01
   .16800000E+01 -.15028725E+01
   .17200000E+01 -.15609965E+01
   .17600000E+01 -.16207235E+01
   .18000000E+01 -.16821305E+01
   .18400000E+01 -.17452998E+01
   .18800000E+01 -.18103189E+01
   .19200000E+01 -.18772814E+01
   .19600000E+01 -.19462875E+01
   .20000000E+01 -.20174442E+01
Potential  L  =        1.00000   -.29996
  -.20000000E+01  .10340399E+01
  -.19600000E+01  .10190512E+01
  -.19200000E+01  .10039487E+01
  -.18800000E+01  .98873022E+00
  -.18400000E+01  .97339392E+00
  -.18000000E+01  .95793767E+00
  -.17600000E+01  .94235935E+00
  -.17200000E+01  .92665679E+00
  -.16800000E+01  .91082773E+00
  -.16400000E+01  .89486990E+00
  -.16000000E+01  .87878094E+00
  -.15600000E+01  .86255843E+00
  -.15200000E+01  .84619989E+00
  -.14800000E+01  .82970279E+00
  -.14400000E+01  .81306451E+00
  -.14000000E+01  .79628236E+00
  -.13600000E+01  .77935360E+00
  -.13200000E+01  .76227539E+00
  -.12800000E+01  .74504483E+00
  -.12400000E+01  .72765892E+00
  -.12000000E+01  .71011460E+00
  -.11600000E+01  .69240870E+00
  -.11200000E+01  .67453798E+00
  -.10800000E+01  .65649910E+00
  -.10400000E+01  .63828862E+00
  -.10000000E+01  .61990300E+00
  -.96000000E+00  .60133860E+00
  -.92000000E+00  .58259168E+00
  -.88000000E+00  .56365838E+00
  -.84000000E+00  .54453473E+00
  -.80000000E+00  .52521662E+00
  -.76000000E+00  .50569984E+00
  -.72000000E+00  .48598005E+00
  -.68000000E+00  .46605276E+00
  -.64000000E+00  .44591335E+00
  -.60000000E+00  .42555705E+00
  -.56000000E+00  .40497894E+00
  -.52000000E+00  .38417396E+00
  -.48000000E+00  .36313685E+00
  -.44000000E+00  .34186222E+00
  -.40000000E+00  .32034448E+00
  -.36000000E+00  .29857785E+00
  -.32000000E+00  .27655637E+00
  -.28000000E+00  .25427388E+00
  -.24000000E+00  .23172400E+00
  -.20000000E+00  .20890015E+00
  -.16000000E+00  .18579550E+00
  -.12000000E+00  .16240300E+00
  -.80000000E-01  .13871534E+00
  -.40000000E-01  .11472496E+00
   .12351231E-14  .90424029E-01
   .40000000E-01  .65804417E-01
   .80000000E-01  .40857715E-01
   .12000000E+00  .15575201E-01
   .16000000E+00 -.10052186E-01
   .20000000E+00 -.36033825E-01
   .24000000E+00 -.62379475E-01
   .28000000E+00 -.89099250E-01
   .32000000E+00 -.11620366E+00
   .36000000E+00 -.14370364E+00
   .40000000E+00 -.17161053E+00
   .44000000E+00 -.19993615E+00
   .48000000E+00 -.22869277E+00
   .52000000E+00 -.25789319E+00
   .56000000E+00 -.28755071E+00
   .60000000E+00 -.31767920E+00
   .64000000E+00 -.34829312E+00
   .68000000E+00 -.37940751E+00
   .72000000E+00 -.41103810E+00
   .76000000E+00 -.44320127E+00
   .80000000E+00 -.47591414E+00
   .84000000E+00 -.50919459E+00
   .88000000E+00 -.54306129E+00
   .92000000E+00 -.57753377E+00
   .96000000E+00 -.61263246E+00
   .10000000E+01 -.64837874E+00
   .10400000E+01 -.68479499E+00
   .10800000E+01 -.72190467E+00
   .11200000E+01 -.75973237E+00
   .11600000E+01 -.79830388E+00
   .12000000E+01 -.83764625E+00
   .12400000E+01 -.87778793E+00
   .12800000E+01 -.91875876E+00
   .13200000E+01 -.96059016E+00
   .13600000E+01 -.10033152E+01
   .14000000E+01 -.10469686E+01
   .14400000E+01 -.10915870E+01
   .14800000E+01 -.11372091E+01
   .15200000E+01 -.11838757E+01
   .15600000E+01 -.12316298E+01
   .16000000E+01 -.12805168E+01
   .16400000E+01 -.13305849E+01
   .16800000E+01 -.13818849E+01
   .17200000E+01 -.14344708E+01
   .17600000E+01 -.14883997E+01
   .18000000E+01 -.15437322E+01
   .18400000E+01 -.16005327E+01
   .18800000E+01 -.16588696E+01
   .19200000E+01 -.17188158E+01
   .19600000E+01 -.17804487E+01
   .20000000E+01 -.18438511E+01
Core Pot   L  =        2.00000   -.30000
  -.20000000E+01  .14806651E+01
  -.19600000E+01  .14681947E+01
  -.19200000E+01  .14556436E+01
  -.18800000E+01  .14430105E+01
  -.18400000E+01  .14302942E+01
  -.18000000E+01  .14174931E+01
  -.17600000E+01  .14046059E+01
  -.17200000E+01  .13916312E+01
  -.16800000E+01  .13785675E+01
  -.16400000E+01  .13654132E+01
  -.16000000E+01  .13521668E+01
  -.15600000E+01  .13388267E+01
  -.15200000E+01  .13253913E+01
  -.14800000E+01  .13118588E+01
  -.14400000E+01  .12982277E+01
  -.14000000E+01  .12844960E+01
  -.13600000E+01  .12706620E+01
  -.13200000E+01  .12567239E+01
  -.12800000E+01  .12426796E+01
  -.12400000E+01  .12285273E+01
  -.12000000E+01  .12142650E+01
  -.11600000E+01  .11998905E+01
  -.11200000E+01  .11854017E+01
  -.10800000E+01  .11707965E+01
  -.10400000E+01  .11560726E+01
  -.10000000E+01  .11412277E+01
  -.96000000E+00  .11262595E+01
  -.92000000E+00  .11111654E+01
  -.88000000E+00  .10959430E+01
  -.84000000E+00  .10805896E+01
  -.80000000E+00  .10651027E+01
  -.76000000E+00  .10494794E+01
  -.72000000E+00  .10337170E+01
  -.68000000E+00  .10178125E+01
  -.64000000E+00  .10017630E+01
  -.60000000E+00  .98556535E+00
  -.56000000E+00  .96921637E+00
  -.52000000E+00  .95271280E+00
  -.48000000E+00  .93605125E+00
  -.44000000E+00  .91922823E+00
  -.40000000E+00  .90224014E+00
  -.36000000E+00  .88508326E+00
  -.32000000E+00  .86775377E+00
  -.28000000E+00  .85024770E+00
  -.24000000E+00  .83256095E+00
  -.20000000E+00  .81468931E+00
  -.16000000E+00  .79662840E+00
  -.12000000E+00  .77837371E+00
  -.80000000E-01  .75992057E+00
  -.40000000E-01  .74126415E+00
   .12351231E-14  .72239944E+00
   .40000000E-01  .70332128E+00
   .80000000E-01  .68402430E+00
   .12000000E+00  .66450295E+00
   .16000000E+00  .64475150E+00
   .20000000E+00  .62476396E+00
   .24000000E+00  .60453418E+00
   .28000000E+00  .58405574E+00
   .32000000E+00  .56332199E+00
   .36000000E+00  .54232603E+00
   .40000000E+00  .52106070E+00
   .44000000E+00  .49951856E+00
   .48000000E+00  .47769186E+00
   .52000000E+00  .45557258E+00
   .56000000E+00  .43315236E+00
   .60000000E+00  .41042249E+00
   .64000000E+00  .38737393E+00
   .68000000E+00  .36399726E+00
   .72000000E+00  .34028266E+00
   .76000000E+00  .31621991E+00
   .80000000E+00  .29179833E+00
   .84000000E+00  .26700682E+00
   .88000000E+00  .24183375E+00
   .92000000E+00  .21626702E+00
   .96000000E+00  .19029397E+00
   .10000000E+01  .16390137E+00
   .10400000E+01  .13707539E+00
   .10800000E+01  .10980156E+00
   .11200000E+01  .82064750E-01
   .11600000E+01  .53849090E-01
   .12000000E+01  .25137969E-01
   .12400000E+01 -.40860375E-02
   .12800000E+01 -.33841202E-01
   .13200000E+01 -.64146708E-01
   .13600000E+01 -.95022704E-01
   .14000000E+01 -.12649036E+00
   .14400000E+01 -.15857195E+00
   .14800000E+01 -.19129091E+00
   .15200000E+01 -.22467191E+00
   .15600000E+01 -.25874094E+00
   .16000000E+01 -.29352544E+00
   .16400000E+01 -.32905434E+00
   .16800000E+01 -.36535820E+00
   .17200000E+01 -.40246930E+00
   .17600000E+01 -.44042182E+00
   .18000000E+01 -.47925192E+00
   .18400000E+01 -.51899790E+00
   .18800000E+01 -.55970040E+00
   .19200000E+01 -.60140253E+00
   .19600000E+01 -.64415010E+00
   .20000000E+01 -.68799181E+00
Potential  L  =        2.00000   -.30000
  -.20000000E+01  .14784910E+01
  -.19600000E+01  .14660204E+01
  -.19200000E+01  .14534703E+01
  -.18800000E+01  .14408394E+01
  -.18400000E+01  .14281264E+01
  -.18000000E+01  .14153301E+01
  -.17600000E+01  .14024490E+01
  -.17200000E+01  .13894818E+01
  -.16800000E+01  .13764271E+01
  -.16400000E+01  .13632834E+01
  -.16000000E+01  .13500493E+01
  -.15600000E+01  .13367233E+01
  -.15200000E+01  .13233037E+01
  -.14800000E+01  .13097891E+01
  -.14400000E+01  .12961777E+01
  -.14000000E+01  .12824680E+01
  -.13600000E+01  .12686582E+01
  -.13200000E+01  .12547465E+01
  -.12800000E+01  .12407312E+01
  -.12400000E+01  .12266104E+01
  -.12000000E+01  .12123822E+01
  -.11600000E+01  .11980447E+01
  -.11200000E+01  .11835958E+01
  -.10800000E+01  .11690336E+01
  -.10400000E+01  .11543560E+01
  -.10000000E+01  .11395607E+01
  -.96000000E+00  .11246457E+01
  -.92000000E+00  .11096085E+01
  -.88000000E+00  .10944469E+01
  -.84000000E+00  .10791584E+01
  -.80000000E+00  .10637407E+01
  -.76000000E+00  .10481911E+01
  -.72000000E+00  .10325071E+01
  -.68000000E+00  .10166860E+01
  -.64000000E+00  .10007249E+01
  -.60000000E+00  .98462122E+00
  -.56000000E+00  .96837187E+00
  -.52000000E+00  .95197388E+00
  -.48000000E+00  .93542417E+00
  -.44000000E+00  .91871953E+00
  -.40000000E+00  .90185671E+00
  -.36000000E+00  .88483231E+00
  -.32000000E+00  .86764285E+00
  -.28000000E+00  .85028474E+00
  -.24000000E+00  .83275429E+00
  -.20000000E+00  .81504767E+00
  -.16000000E+00  .79716095E+00
  -.12000000E+00  .77909006E+00
  -.80000000E-01  .76083082E+00
  -.40000000E-01  .74237889E+00
   .12351231E-14  .72372981E+00
   .40000000E-01  .70487895E+00
   .80000000E-01  .68582156E+00
   .12000000E+00  .66655271E+00
   .16000000E+00  .64706729E+00
   .20000000E+00  .62736004E+00
   .24000000E+00  .60742552E+00
   .28000000E+00  .58725808E+00
   .32000000E+00  .56685189E+00
   .36000000E+00  .54620090E+00
   .40000000E+00  .52529887E+00
   .44000000E+00  .50413930E+00
   .48000000E+00  .48271549E+00
   .52000000E+00  .46102046E+00
   .56000000E+00  .43904700E+00
   .60000000E+00  .41678762E+00
   .64000000E+00  .39423454E+00
   .68000000E+00  .37137969E+00
   .72000000E+00  .34821470E+00
   .76000000E+00  .32473084E+00
   .80000000E+00  .30091909E+00
   .84000000E+00  .27677002E+00
   .88000000E+00  .25227385E+00
   .92000000E+00  .22742040E+00
   .96000000E+00  .20219908E+00
   .10000000E+01  .17659884E+00
   .10400000E+01  .15060819E+00
   .10800000E+01  .12421514E+00
   .11200000E+01  .97407199E-01
   .11600000E+01  .70171326E-01
   .12000000E+01  .42493913E-01
   .12400000E+01  .14360751E-01
   .12800000E+01 -.14243001E-01
   .13200000E+01 -.43332860E-01
   .13600000E+01 -.72925049E-01
   .14000000E+01 -.10303655E+00
   .14400000E+01 -.13368512E+00
   .14800000E+01 -.16488939E+00
   .15200000E+01 -.19666885E+00
   .15600000E+01 -.22904398E+00
   .16000000E+01 -.26203622E+00
   .16400000E+01 -.29566811E+00
   .16800000E+01 -.32996332E+00
   .17200000E+01 -.36494672E+00
   .17600000E+01 -.40064449E+00
   .18000000E+01 -.43708417E+00
   .18400000E+01 -.47429475E+00
   .18800000E+01 -.51230682E+00
   .19200000E+01 -.55115261E+00
   .19600000E+01 -.59086615E+00
   .20000000E+01 -.63148339E+00
Core Pot   L  =        3.00000    .00000
  -.20000000E+01  .21368090E+01
  -.19600000E+01  .21282482E+01
  -.19200000E+01  .21196609E+01
  -.18800000E+01  .21110469E+01
  -.18400000E+01  .21024059E+01
  -.18000000E+01  .20937377E+01
  -.17600000E+01  .20850422E+01
  -.17200000E+01  .20763190E+01
  -.16800000E+01  .20675680E+01
  -.16400000E+01  .20587889E+01
  -.16000000E+01  .20499816E+01
  -.15600000E+01  .20411456E+01
  -.15200000E+01  .20322810E+01
  -.14800000E+01  .20233873E+01
  -.14400000E+01  .20144643E+01
  -.14000000E+01  .20055119E+01
  -.13600000E+01  .19965297E+01
  -.13200000E+01  .19875175E+01
  -.12800000E+01  .19784750E+01
  -.12400000E+01  .19694021E+01
  -.12000000E+01  .19602983E+01
  -.11600000E+01  .19511635E+01
  -.11200000E+01  .19419974E+01
  -.10800000E+01  .19327997E+01
  -.10400000E+01  .19235702E+01
  -.10000000E+01  .19143085E+01
  -.96000000E+00  .19050144E+01
  -.92000000E+00  .18956876E+01
  -.88000000E+00  .18863277E+01
  -.84000000E+00  .18769346E+01
  -.80000000E+00  .18675079E+01
  -.76000000E+00  .18580473E+01
  -.72000000E+00  .18485524E+01
  -.68000000E+00  .18390231E+01
  -.64000000E+00  .18294589E+01
  -.60000000E+00  .18198596E+01
  -.56000000E+00  .18102248E+01
  -.52000000E+00  .18005542E+01
  -.48000000E+00  .17908475E+01
  -.44000000E+00  .17811043E+01
  -.40000000E+00  .17713242E+01
  -.36000000E+00  .17615070E+01
  -.32000000E+00  .17516524E+01
  -.28000000E+00  .17417598E+01
  -.24000000E+00  .17318290E+01
  -.20000000E+00  .17218596E+01
  -.16000000E+00  .17118512E+01
  -.12000000E+00  .17018035E+01
  -.80000000E-01  .16917161E+01
  -.40000000E-01  .16815885E+01
   .12351231E-14  .16714204E+01
   .40000000E-01  .16612114E+01
   .80000000E-01  .16509611E+01
   .12000000E+00  .16406691E+01
   .16000000E+00  .16303349E+01
   .20000000E+00  .16199582E+01
   .24000000E+00  .16095385E+01
   .28000000E+00  .15990753E+01
   .32000000E+00  .15885682E+01
   .36000000E+00  .15780169E+01
   .40000000E+00  .15674207E+01
   .44000000E+00  .15567793E+01
   .48000000E+00  .15460922E+01
   .52000000E+00  .15353588E+01
   .56000000E+00  .15245788E+01
   .60000000E+00  .15137517E+01
   .64000000E+00  .15028768E+01
   .68000000E+00  .14919538E+01
   .72000000E+00  .14809821E+01
   .76000000E+00  .14699612E+01
   .80000000E+00  .14588905E+01
   .84000000E+00  .14477696E+01
   .88000000E+00  .14365978E+01
   .92000000E+00  .14253746E+01
   .96000000E+00  .14140994E+01
   .10000000E+01  .14027717E+01
   .10400000E+01  .13913909E+01
   .10800000E+01  .13799564E+01
   .11200000E+01  .13684675E+01
   .11600000E+01  .13569237E+01
   .12000000E+01  .13453244E+01
   .12400000E+01  .13336688E+01
   .12800000E+01  .13219564E+01
   .13200000E+01  .13101865E+01
   .13600000E+01  .12983585E+01
   .14000000E+01  .12864716E+01
   .14400000E+01  .12745252E+01
   .14800000E+01  .12625185E+01
   .15200000E+01  .12504509E+01
   .15600000E+01  .12383216E+01
   .16000000E+01  .12261299E+01
   .16400000E+01  .12138751E+01
   .16800000E+01  .12015563E+01
   .17200000E+01  .11891728E+01
   .17600000E+01  .11767238E+01
   .18000000E+01  .11642085E+01
   .18400000E+01  .11516261E+01
   .18800000E+01  .11389757E+01
   .19200000E+01  .11262566E+01
   .19600000E+01  .11134677E+01
   .20000000E+01  .11006083E+01
Potential  L  =        3.00000    .00000
  -.20000000E+01  .21355574E+01
  -.19600000E+01  .21269727E+01
  -.19200000E+01  .21183611E+01
  -.18800000E+01  .21097224E+01
  -.18400000E+01  .21010564E+01
  -.18000000E+01  .20923628E+01
  -.17600000E+01  .20836415E+01
  -.17200000E+01  .20748923E+01
  -.16800000E+01  .20661147E+01
  -.16400000E+01  .20573088E+01
  -.16000000E+01  .20484741E+01
  -.15600000E+01  .20396105E+01
  -.15200000E+01  .20307177E+01
  -.14800000E+01  .20217955E+01
  -.14400000E+01  .20128436E+01
  -.14000000E+01  .20038618E+01
  -.13600000E+01  .19948498E+01
  -.13200000E+01  .19858074E+01
  -.12800000E+01  .19767343E+01
  -.12400000E+01  .19676301E+01
  -.12000000E+01  .19584948E+01
  -.11600000E+01  .19493279E+01
  -.11200000E+01  .19401292E+01
  -.10800000E+01  .19308985E+01
  -.10400000E+01  .19216353E+01
  -.10000000E+01  .19123396E+01
  -.96000000E+00  .19030109E+01
  -.92000000E+00  .18936489E+01
  -.88000000E+00  .18842535E+01
  -.84000000E+00  .18748242E+01
  -.80000000E+00  .18653607E+01
  -.76000000E+00  .18558628E+01
  -.72000000E+00  .18463301E+01
  -.68000000E+00  .18367623E+01
  -.64000000E+00  .18271591E+01
  -.60000000E+00  .18175201E+01
  -.56000000E+00  .18078450E+01
  -.52000000E+00  .17981336E+01
  -.48000000E+00  .17883853E+01
  -.44000000E+00  .17785999E+01
  -.40000000E+00  .17687771E+01
  -.36000000E+00  .17589164E+01
  -.32000000E+00  .17490176E+01
  -.28000000E+00  .17390801E+01
  -.24000000E+00  .17291038E+01
  -.20000000E+00  .17190881E+01
  -.16000000E+00  .17090327E+01
  -.12000000E+00  .16989373E+01
  -.80000000E-01  .16888013E+01
  -.40000000E-01  .16786245E+01
   .12351231E-14  .16684064E+01
   .40000000E-01  .16581465E+01
   .80000000E-01  .16478445E+01
   .12000000E+00  .16375000E+01
   .16000000E+00  .16271125E+01
   .20000000E+00  .16166816E+01
   .24000000E+00  .16062067E+01
   .28000000E+00  .15956876E+01
   .32000000E+00  .15851237E+01
   .36000000E+00  .15745145E+01
   .40000000E+00  .15638596E+01
   .44000000E+00  .15531585E+01
   .48000000E+00  .15424107E+01
   .52000000E+00  .15316157E+01
   .56000000E+00  .15207730E+01
   .60000000E+00  .15098821E+01
   .64000000E+00  .14989425E+01
   .68000000E+00  .14879537E+01
   .72000000E+00  .14769150E+01
   .76000000E+00  .14658261E+01
   .80000000E+00  .14546862E+01
   .84000000E+00  .14434949E+01
   .88000000E+00  .14322516E+01
   .92000000E+00  .14209557E+01
   .96000000E+00  .14096065E+01
   .10000000E+01  .13982036E+01
   .10400000E+01  .13867463E+01
   .10800000E+01  .13752340E+01
   .11200000E+01  .13636661E+01
   .11600000E+01  .13520418E+01
   .12000000E+01  .13403606E+01
   .12400000E+01  .13286218E+01
   .12800000E+01  .13168248E+01
   .13200000E+01  .13049687E+01
   .13600000E+01  .12930531E+01
   .14000000E+01  .12810770E+01
   .14400000E+01  .12690399E+01
   .14800000E+01  .12569409E+01
   .15200000E+01  .12447794E+01
   .15600000E+01  .12325545E+01
   .16000000E+01  .12202656E+01
   .16400000E+01  .12079117E+01
   .16800000E+01  .11954922E+01
   .17200000E+01  .11830062E+01
   .17600000E+01  .11704529E+01
   .18000000E+01  .11578313E+01
   .18400000E+01  .11451408E+01
   .18800000E+01  .11323803E+01
   .19200000E+01  .11195490E+01
   .19600000E+01  .11066461E+01
   .20000000E+01  .10936705E+01
Core Pot   L  =        4.00000    .00000
  -.20000000E+01  .27229688E+01
  -.19600000E+01  .27161874E+01
  -.19200000E+01  .27093919E+01
  -.18800000E+01  .27025832E+01
  -.18400000E+01  .26957628E+01
  -.18000000E+01  .26889254E+01
  -.17600000E+01  .26820757E+01
  -.17200000E+01  .26752123E+01
  -.16800000E+01  .26683353E+01
  -.16400000E+01  .26614439E+01
  -.16000000E+01  .26545400E+01
  -.15600000E+01  .26476187E+01
  -.15200000E+01  .26406854E+01
  -.14800000E+01  .26337373E+01
  -.14400000E+01  .26267756E+01
  -.14000000E+01  .26197985E+01
  -.13600000E+01  .26128085E+01
  -.13200000E+01  .26058018E+01
  -.12800000E+01  .25987814E+01
  -.12400000E+01  .25917461E+01
  -.12000000E+01  .25846958E+01
  -.11600000E+01  .25776324E+01
  -.11200000E+01  .25705510E+01
  -.10800000E+01  .25634564E+01
  -.10400000E+01  .25563462E+01
  -.10000000E+01  .25492211E+01
  -.96000000E+00  .25420802E+01
  -.92000000E+00  .25349257E+01
  -.88000000E+00  .25277527E+01
  -.84000000E+00  .25205655E+01
  -.80000000E+00  .25133629E+01
  -.76000000E+00  .25061442E+01
  -.72000000E+00  .24989111E+01
  -.68000000E+00  .24916595E+01
  -.64000000E+00  .24843934E+01
  -.60000000E+00  .24771109E+01
  -.56000000E+00  .24698123E+01
  -.52000000E+00  .24624971E+01
  -.48000000E+00  .24551660E+01
  -.44000000E+00  .24478181E+01
  -.40000000E+00  .24404539E+01
  -.36000000E+00  .24330726E+01
  -.32000000E+00  .24256747E+01
  -.28000000E+00  .24182602E+01
  -.24000000E+00  .24108285E+01
  -.20000000E+00  .24033797E+01
  -.16000000E+00  .23959134E+01
  -.12000000E+00  .23884302E+01
  -.80000000E-01  .23809297E+01
  -.40000000E-01  .23734116E+01
   .12351231E-14  .23658757E+01
   .40000000E-01  .23583223E+01
   .80000000E-01  .23507514E+01
   .12000000E+00  .23431620E+01
   .16000000E+00  .23355548E+01
   .20000000E+00  .23279297E+01
   .24000000E+00  .23202861E+01
   .28000000E+00  .23126243E+01
   .32000000E+00  .23049440E+01
   .36000000E+00  .22972451E+01
   .40000000E+00  .22895275E+01
   .44000000E+00  .22817911E+01
   .48000000E+00  .22740359E+01
   .52000000E+00  .22662616E+01
   .56000000E+00  .22584681E+01
   .60000000E+00  .22506553E+01
   .64000000E+00  .22428232E+01
   .68000000E+00  .22349716E+01
   .72000000E+00  .22271003E+01
   .76000000E+00  .22192092E+01
   .80000000E+00  .22112982E+01
   .84000000E+00  .22033672E+01
   .88000000E+00  .21954161E+01
   .92000000E+00  .21874447E+01
   .96000000E+00  .21794529E+01
   .10000000E+01  .21714406E+01
   .10400000E+01  .21634075E+01
   .10800000E+01  .21553537E+01
   .11200000E+01  .21472789E+01
   .11600000E+01  .21391831E+01
   .12000000E+01  .21310660E+01
   .12400000E+01  .21229276E+01
   .12800000E+01  .21147677E+01
   .13200000E+01  .21065862E+01
   .13600000E+01  .20983828E+01
   .14000000E+01  .20901576E+01
   .14400000E+01  .20819102E+01
   .14800000E+01  .20736406E+01
   .15200000E+01  .20653487E+01
   .15600000E+01  .20570342E+01
   .16000000E+01  .20486971E+01
   .16400000E+01  .20403371E+01
   .16800000E+01  .20319542E+01
   .17200000E+01  .20235481E+01
   .17600000E+01  .20151187E+01
   .18000000E+01  .20066658E+01
   .18400000E+01  .19981894E+01
   .18800000E+01  .19896891E+01
   .19200000E+01  .19811649E+01
   .19600000E+01  .19726165E+01
   .20000000E+01  .19640438E+01
Potential  L  =        4.00000    .00000
  -.20000000E+01  .27232706E+01
  -.19600000E+01  .27164859E+01
  -.19200000E+01  .27096879E+01
  -.18800000E+01  .27028762E+01
  -.18400000E+01  .26960509E+01
  -.18000000E+01  .26892118E+01
  -.17600000E+01  .26823590E+01
  -.17200000E+01  .26754922E+01
  -.16800000E+01  .26686115E+01
  -.16400000E+01  .26617168E+01
  -.16000000E+01  .26548082E+01
  -.15600000E+01  .26478852E+01
  -.15200000E+01  .26409479E+01
  -.14800000E+01  .26339965E+01
  -.14400000E+01  .26270306E+01
  -.14000000E+01  .26200503E+01
  -.13600000E+01  .26130553E+01
  -.13200000E+01  .26060456E+01
  -.12800000E+01  .25990214E+01
  -.12400000E+01  .25919823E+01
  -.12000000E+01  .25849284E+01
  -.11600000E+01  .25778594E+01
  -.11200000E+01  .25707755E+01
  -.10800000E+01  .25636764E+01
  -.10400000E+01  .25565621E+01
  -.10000000E+01  .25494325E+01
  -.96000000E+00  .25422875E+01
  -.92000000E+00  .25351271E+01
  -.88000000E+00  .25279510E+01
  -.84000000E+00  .25207594E+01
  -.80000000E+00  .25135520E+01
  -.76000000E+00  .25063288E+01
  -.72000000E+00  .24990897E+01
  -.68000000E+00  .24918346E+01
  -.64000000E+00  .24845633E+01
  -.60000000E+00  .24772760E+01
  -.56000000E+00  .24699723E+01
  -.52000000E+00  .24626522E+01
  -.48000000E+00  .24553157E+01
  -.44000000E+00  .24479626E+01
  -.40000000E+00  .24405928E+01
  -.36000000E+00  .24332062E+01
  -.32000000E+00  .24258029E+01
  -.28000000E+00  .24183825E+01
  -.24000000E+00  .24109452E+01
  -.20000000E+00  .24034906E+01
  -.16000000E+00  .23960187E+01
  -.12000000E+00  .23885296E+01
  -.80000000E-01  .23810228E+01
  -.40000000E-01  .23734986E+01
   .12351231E-14  .23659567E+01
   .40000000E-01  .23583970E+01
   .80000000E-01  .23508194E+01
   .12000000E+00  .23432238E+01
   .16000000E+00  .23356101E+01
   .20000000E+00  .23279782E+01
   .24000000E+00  .23203278E+01
   .28000000E+00  .23126592E+01
   .32000000E+00  .23049719E+01
   .36000000E+00  .22972659E+01
   .40000000E+00  .22895411E+01
   .44000000E+00  .22817974E+01
   .48000000E+00  .22740347E+01
   .52000000E+00  .22662529E+01
   .56000000E+00  .22584518E+01
   .60000000E+00  .22506312E+01
   .64000000E+00  .22427912E+01
   .68000000E+00  .22349316E+01
   .72000000E+00  .22270522E+01
   .76000000E+00  .22191529E+01
   .80000000E+00  .22112335E+01
   .84000000E+00  .22032940E+01
   .88000000E+00  .21953343E+01
   .92000000E+00  .21873542E+01
   .96000000E+00  .21793535E+01
   .10000000E+01  .21713321E+01
   .10400000E+01  .21632899E+01
   .10800000E+01  .21552268E+01
   .11200000E+01  .21471426E+01
   .11600000E+01  .21390372E+01
   .12000000E+01  .21309105E+01
   .12400000E+01  .21227622E+01
   .12800000E+01  .21145923E+01
   .13200000E+01  .21064006E+01
   .13600000E+01  .20981869E+01
   .14000000E+01  .20899512E+01
   .14400000E+01  .20816932E+01
   .14800000E+01  .20734129E+01
   .15200000E+01  .20651100E+01
   .15600000E+01  .20567845E+01
   .16000000E+01  .20484361E+01
   .16400000E+01  .20400646E+01
   .16800000E+01  .20316701E+01
   .17200000E+01  .20232523E+01
   .17600000E+01  .20148109E+01
   .18000000E+01  .20063459E+01
   .18400000E+01  .19978571E+01
   .18800000E+01  .19893443E+01
   .19200000E+01  .19808074E+01
   .19600000E+01  .19722461E+01
   .20000000E+01  .19636604E+01
KBPotential  L  =       .00000  -1.58943
  -.20000000E+01  .66078670E+00
  -.19600000E+01  .64167041E+00
  -.19200000E+01  .62235571E+00
  -.18800000E+01  .60283830E+00
  -.18400000E+01  .58311372E+00
  -.18000000E+01  .56317737E+00
  -.17600000E+01  .54302455E+00
  -.17200000E+01  .52265038E+00
  -.16800000E+01  .50204982E+00
  -.16400000E+01  .48121768E+00
  -.16000000E+01  .46014861E+00
  -.15600000E+01  .43883708E+00
  -.15200000E+01  .41727741E+00
  -.14800000E+01  .39546368E+00
  -.14400000E+01  .37338981E+00
  -.14000000E+01  .35104953E+00
  -.13600000E+01  .32843631E+00
  -.13200000E+01  .30554345E+00
  -.12800000E+01  .28236400E+00
  -.12400000E+01  .25889076E+00
  -.12000000E+01  .23511630E+00
  -.11600000E+01  .21103292E+00
  -.11200000E+01  .18663263E+00
  -.10800000E+01  .16190719E+00
  -.10400000E+01  .13684804E+00
  -.10000000E+01  .11144630E+00
  -.96000000E+00  .85692792E-01
  -.92000000E+00  .59577970E-01
  -.88000000E+00  .33091946E-01
  -.84000000E+00  .62244529E-02
  -.80000000E+00 -.21035166E-01
  -.76000000E+00 -.48697975E-01
  -.72000000E+00 -.76775484E-01
  -.68000000E+00 -.10527964E+00
  -.64000000E+00 -.13422288E+00
  -.60000000E+00 -.16361811E+00
  -.56000000E+00 -.19347880E+00
  -.52000000E+00 -.22381894E+00
  -.48000000E+00 -.25465310E+00
  -.44000000E+00 -.28599650E+00
  -.40000000E+00 -.31786495E+00
  -.36000000E+00 -.35027497E+00
  -.32000000E+00 -.38324380E+00
  -.28000000E+00 -.41678939E+00
  -.24000000E+00 -.45093054E+00
  -.20000000E+00 -.48568685E+00
  -.16000000E+00 -.52107882E+00
  -.12000000E+00 -.55712790E+00
  -.80000000E-01 -.59385652E+00
  -.40000000E-01 -.63128817E+00
   .12351231E-14 -.66944748E+00
   .40000000E-01 -.70836023E+00
   .80000000E-01 -.74805350E+00
   .12000000E+00 -.78855573E+00
   .16000000E+00 -.82989679E+00
   .20000000E+00 -.87210818E+00
   .24000000E+00 -.91522314E+00
   .28000000E+00 -.95927699E+00
   .32000000E+00 -.10043078E+01
   .36000000E+00 -.10503581E+01
   .40000000E+00 -.10974840E+01
   .44000000E+00 -.11458620E+01
   .48000000E+00 -.11945216E+01
   .52000000E+00 -.12452650E+01
   .56000000E+00 -.12970508E+01
   .60000000E+00 -.13501000E+01
   .64000000E+00 -.14044863E+01
   .68000000E+00 -.14602737E+01
   .72000000E+00 -.15175269E+01
   .76000000E+00 -.15763138E+01
   .80000000E+00 -.16367055E+01
   .84000000E+00 -.16987779E+01
   .88000000E+00 -.17626114E+01
   .92000000E+00 -.18282916E+01
   .96000000E+00 -.18959098E+01
   .10000000E+01 -.19655633E+01
   .10400000E+01 -.20373562E+01
   .10800000E+01 -.21113999E+01
   .11200000E+01 -.21878134E+01
   .11600000E+01 -.22667247E+01
   .12000000E+01 -.23482709E+01
   .12400000E+01 -.24325996E+01
   .12800000E+01 -.25198695E+01
   .13200000E+01 -.26102517E+01
   .13600000E+01 -.27039312E+01
   .14000000E+01 -.28011075E+01
   .14400000E+01 -.29019970E+01
   .14800000E+01 -.30068344E+01
   .15200000E+01 -.31158743E+01
   .15600000E+01 -.32293943E+01
   .16000000E+01 -.33476966E+01
   .16400000E+01 -.34711117E+01
   .16800000E+01 -.36000010E+01
   .17200000E+01 -.37347612E+01
   .17600000E+01 -.38758282E+01
   .18000000E+01 -.40236824E+01
   .18400000E+01 -.41788543E+01
   .18800000E+01 -.43419313E+01
   .19200000E+01 -.45135655E+01
   .19600000E+01 -.46944831E+01
   .20000000E+01 -.48854947E+01
KBPotential  L  =      1.00000   -.59991
  -.20000000E+01  .10587764E+01
  -.19600000E+01  .10434987E+01
  -.19200000E+01  .10280978E+01
  -.18800000E+01  .10125715E+01
  -.18400000E+01  .99691748E+00
  -.18000000E+01  .98113343E+00
  -.17600000E+01  .96521693E+00
  -.17200000E+01  .94916555E+00
  -.16800000E+01  .93297674E+00
  -.16400000E+01  .91664793E+00
  -.16000000E+01  .90017646E+00
  -.15600000E+01  .88355958E+00
  -.15200000E+01  .86679451E+00
  -.14800000E+01  .84987837E+00
  -.14400000E+01  .83280818E+00
  -.14000000E+01  .81558091E+00
  -.13600000E+01  .79819344E+00
  -.13200000E+01  .78064255E+00
  -.12800000E+01  .76292494E+00
  -.12400000E+01  .74503720E+00
  -.12000000E+01  .72697584E+00
  -.11600000E+01  .70873727E+00
  -.11200000E+01  .69031776E+00
  -.10800000E+01  .67171353E+00
  -.10400000E+01  .65292062E+00
  -.10000000E+01  .63393500E+00
  -.96000000E+00  .61475249E+00
  -.92000000E+00  .59536879E+00
  -.88000000E+00  .57577947E+00
  -.84000000E+00  .55597995E+00
  -.80000000E+00  .53596551E+00
  -.76000000E+00  .51573128E+00
  -.72000000E+00  .49527220E+00
  -.68000000E+00  .47458309E+00
  -.64000000E+00  .45365853E+00
  -.60000000E+00  .43249297E+00
  -.56000000E+00  .41108062E+00
  -.52000000E+00  .38941548E+00
  -.48000000E+00  .36749130E+00
  -.44000000E+00  .34530164E+00
  -.40000000E+00  .32283972E+00
  -.36000000E+00  .30009848E+00
  -.32000000E+00  .27707052E+00
  -.28000000E+00  .25374800E+00
  -.24000000E+00  .23012266E+00
  -.20000000E+00  .20618562E+00
  -.16000000E+00  .18192728E+00
  -.12000000E+00  .15733703E+00
  -.80000000E-01  .13240290E+00
  -.40000000E-01  .10711079E+00
   .12351231E-14  .81443250E-01
   .40000000E-01  .55376909E-01
   .80000000E-01  .28876949E-01
   .12000000E+00  .18834064E-02
   .16000000E+00 -.25729368E-01
   .20000000E+00 -.54311399E-01
   .24000000E+00 -.85495676E-01
   .28000000E+00 -.23296387E+00
   .32000000E+00 -.12777660E+00
   .36000000E+00 -.16089530E+00
   .40000000E+00 -.19175927E+00
   .44000000E+00 -.22244667E+00
   .48000000E+00 -.25336526E+00
   .52000000E+00 -.28465844E+00
   .56000000E+00 -.31639615E+00
   .60000000E+00 -.34862151E+00
   .64000000E+00 -.38136619E+00
   .68000000E+00 -.41465661E+00
   .72000000E+00 -.44851666E+00
   .76000000E+00 -.48296915E+00
   .80000000E+00 -.51803653E+00
   .84000000E+00 -.55374130E+00
   .88000000E+00 -.59010688E+00
   .92000000E+00 -.62715684E+00
   .96000000E+00 -.66491575E+00
   .10000000E+01 -.70340907E+00
   .10400000E+01 -.74266341E+00
   .10800000E+01 -.78270649E+00
   .11200000E+01 -.82356732E+00
   .11600000E+01 -.86527628E+00
   .12000000E+01 -.90786521E+00
   .12400000E+01 -.95136753E+00
   .12800000E+01 -.99581835E+00
   .13200000E+01 -.10412546E+01
   .13600000E+01 -.10877150E+01
   .14000000E+01 -.11352406E+01
   .14400000E+01 -.11838744E+01
   .14800000E+01 -.12336618E+01
   .15200000E+01 -.12846509E+01
   .15600000E+01 -.13368924E+01
   .16000000E+01 -.13904398E+01
   .16400000E+01 -.14453498E+01
   .16800000E+01 -.15016825E+01
   .17200000E+01 -.15595016E+01
   .17600000E+01 -.16188747E+01
   .18000000E+01 -.16798733E+01
   .18400000E+01 -.17425737E+01
   .18800000E+01 -.18070571E+01
   .19200000E+01 -.18734098E+01
   .19600000E+01 -.19417238E+01
   .20000000E+01 -.20120975E+01
KBPotential  L  =      2.00000    .00000
  -.20000000E+01  .14784910E+01
  -.19600000E+01  .14660204E+01
  -.19200000E+01  .14534703E+01
  -.18800000E+01  .14408394E+01
  -.18400000E+01  .14281264E+01
  -.18000000E+01  .14153301E+01
  -.17600000E+01  .14024490E+01
  -.17200000E+01  .13894818E+01
  -.16800000E+01  .13764271E+01
  -.16400000E+01  .13632834E+01
  -.16000000E+01  .13500493E+01
  -.15600000E+01  .13367233E+01
  -.15200000E+01  .13233037E+01
  -.14800000E+01  .13097891E+01
  -.14400000E+01  .12961777E+01
  -.14000000E+01  .12824680E+01
  -.13600000E+01  .12686582E+01
  -.13200000E+01  .12547465E+01
  -.12800000E+01  .12407312E+01
  -.12400000E+01  .12266104E+01
  -.12000000E+01  .12123822E+01
  -.11600000E+01  .11980447E+01
  -.11200000E+01  .11835958E+01
  -.10800000E+01  .11690336E+01
  -.10400000E+01  .11543560E+01
  -.10000000E+01  .11395607E+01
  -.96000000E+00  .11246457E+01
  -.92000000E+00  .11096085E+01
  -.88000000E+00  .10944469E+01
  -.84000000E+00  .10791584E+01
  -.80000000E+00  .10637407E+01
  -.76000000E+00  .10481911E+01
  -.72000000E+00  .10325071E+01
  -.68000000E+00  .10166860E+01
  -.64000000E+00  .10007249E+01
  -.60000000E+00  .98462122E+00
  -.56000000E+00  .96837187E+00
  -.52000000E+00  .95197388E+00
  -.48000000E+00  .93542417E+00
  -.44000000E+00  .91871953E+00
  -.40000000E+00  .90185671E+00
  -.36000000E+00  .88483231E+00
  -.32000000E+00  .86764285E+00
  -.28000000E+00  .85028474E+00
  -.24000000E+00  .83275429E+00
  -.20000000E+00  .81504767E+00
  -.16000000E+00  .79716095E+00
  -.12000000E+00  .77909006E+00
  -.80000000E-01  .76083082E+00
  -.40000000E-01  .74237889E+00
   .12351231E-14  .72372981E+00
   .40000000E-01  .70487895E+00
   .80000000E-01  .68582156E+00
   .12000000E+00  .66655271E+00
   .16000000E+00  .64706729E+00
   .20000000E+00  .62736004E+00
   .24000000E+00  .60742552E+00
   .28000000E+00  .58725808E+00
   .32000000E+00  .56685189E+00
   .36000000E+00  .54620090E+00
   .40000000E+00  .52529887E+00
   .44000000E+00  .50413930E+00
   .48000000E+00  .48271549E+00
   .52000000E+00  .46102046E+00
   .56000000E+00  .43904700E+00
   .60000000E+00  .41678762E+00
   .64000000E+00  .39423454E+00
   .68000000E+00  .37137969E+00
   .72000000E+00  .34821470E+00
   .76000000E+00  .32473084E+00
   .80000000E+00  .30091909E+00
   .84000000E+00  .27677002E+00
   .88000000E+00  .25227385E+00
   .92000000E+00  .22742040E+00
   .96000000E+00  .20219908E+00
   .10000000E+01  .17659884E+00
   .10400000E+01  .15060819E+00
   .10800000E+01  .12421514E+00
   .11200000E+01  .97407199E-01
   .11600000E+01  .70171326E-01
   .12000000E+01  .42493913E-01
   .12400000E+01  .14360751E-01
   .12800000E+01 -.14243001E-01
   .13200000E+01 -.43332860E-01
   .13600000E+01 -.72925049E-01
   .14000000E+01 -.10303655E+00
   .14400000E+01 -.13368512E+00
   .14800000E+01 -.16488939E+00
   .15200000E+01 -.19666885E+00
   .15600000E+01 -.22904398E+00
   .16000000E+01 -.26203622E+00
   .16400000E+01 -.29566811E+00
   .16800000E+01 -.32996332E+00
   .17200000E+01 -.36494672E+00
   .17600000E+01 -.40064449E+00
   .18000000E+01 -.43708417E+00
   .18400000E+01 -.47429475E+00
   .18800000E+01 -.51230682E+00
   .19200000E+01 -.55115261E+00
   .19600000E+01 -.59086615E+00
   .20000000E+01 -.63148339E+00
KBPotential  L  =      3.00000    .00000
  -.20000000E+01  .21355574E+01
  -.19600000E+01  .21269727E+01
  -.19200000E+01  .21183611E+01
  -.18800000E+01  .21097224E+01
  -.18400000E+01  .21010564E+01
  -.18000000E+01  .20923628E+01
  -.17600000E+01  .20836415E+01
  -.17200000E+01  .20748923E+01
  -.16800000E+01  .20661147E+01
  -.16400000E+01  .20573088E+01
  -.16000000E+01  .20484741E+01
  -.15600000E+01  .20396105E+01
  -.15200000E+01  .20307177E+01
  -.14800000E+01  .20217955E+01
  -.14400000E+01  .20128436E+01
  -.14000000E+01  .20038618E+01
  -.13600000E+01  .19948498E+01
  -.13200000E+01  .19858074E+01
  -.12800000E+01  .19767343E+01
  -.12400000E+01  .19676301E+01
  -.12000000E+01  .19584948E+01
  -.11600000E+01  .19493279E+01
  -.11200000E+01  .19401292E+01
  -.10800000E+01  .19308985E+01
  -.10400000E+01  .19216353E+01
  -.10000000E+01  .19123396E+01
  -.96000000E+00  .19030109E+01
  -.92000000E+00  .18936489E+01
  -.88000000E+00  .18842535E+01
  -.84000000E+00  .18748242E+01
  -.80000000E+00  .18653607E+01
  -.76000000E+00  .18558628E+01
  -.72000000E+00  .18463301E+01
  -.68000000E+00  .18367623E+01
  -.64000000E+00  .18271591E+01
  -.60000000E+00  .18175201E+01
  -.56000000E+00  .18078450E+01
  -.52000000E+00  .17981336E+01
  -.48000000E+00  .17883853E+01
  -.44000000E+00  .17785999E+01
  -.40000000E+00  .17687771E+01
  -.36000000E+00  .17589164E+01
  -.32000000E+00  .17490176E+01
  -.28000000E+00  .17390801E+01
  -.24000000E+00  .17291038E+01
  -.20000000E+00  .17190881E+01
  -.16000000E+00  .17090327E+01
  -.12000000E+00  .16989373E+01
  -.80000000E-01  .16888013E+01
  -.40000000E-01  .16786245E+01
   .12351231E-14  .16684064E+01
   .40000000E-01  .16581465E+01
   .80000000E-01  .16478445E+01
   .12000000E+00  .16375000E+01
   .16000000E+00  .16271125E+01
   .20000000E+00  .16166816E+01
   .24000000E+00  .16062067E+01
   .28000000E+00  .15956876E+01
   .32000000E+00  .15851237E+01
   .36000000E+00  .15745145E+01
   .40000000E+00  .15638596E+01
   .44000000E+00  .15531585E+01
   .48000000E+00  .15424107E+01
   .52000000E+00  .15316157E+01
   .56000000E+00  .15207730E+01
   .60000000E+00  .15098821E+01
   .64000000E+00  .14989425E+01
   .68000000E+00  .14879537E+01
   .72000000E+00  .14769150E+01
   .76000000E+00  .14658261E+01
   .80000000E+00  .14546862E+01
   .84000000E+00  .14434949E+01
   .88000000E+00  .14322516E+01
   .92000000E+00  .14209557E+01
   .96000000E+00  .14096065E+01
   .10000000E+01  .13982036E+01
   .10400000E+01  .13867463E+01
   .10800000E+01  .13752340E+01
   .11200000E+01  .13636661E+01
   .11600000E+01  .13520418E+01
   .12000000E+01  .13403606E+01
   .12400000E+01  .13286218E+01
   .12800000E+01  .13168248E+01
   .13200000E+01  .13049687E+01
   .13600000E+01  .12930531E+01
   .14000000E+01  .12810770E+01
   .14400000E+01  .12690399E+01
   .14800000E+01  .12569409E+01
   .15200000E+01  .12447794E+01
   .15600000E+01  .12325545E+01
   .16000000E+01  .12202656E+01
   .16400000E+01  .12079117E+01
   .16800000E+01  .11954922E+01
   .17200000E+01  .11830062E+01
   .17600000E+01  .11704529E+01
   .18000000E+01  .11578313E+01
   .18400000E+01  .11451408E+01
   .18800000E+01  .11323803E+01
   .19200000E+01  .11195490E+01
   .19600000E+01  .11066461E+01
   .20000000E+01  .10936705E+01
KBPotential  L  =      4.00000    .00000
  -.20000000E+01  .27232706E+01
  -.19600000E+01  .27164859E+01
  -.19200000E+01  .27096879E+01
  -.18800000E+01  .27028762E+01
  -.18400000E+01  .26960509E+01
  -.18000000E+01  .26892118E+01
  -.17600000E+01  .26823590E+01
  -.17200000E+01  .26754922E+01
  -.16800000E+01  .26686115E+01
  -.16400000E+01  .26617168E+01
  -.16000000E+01  .26548082E+01
  -.15600000E+01  .26478852E+01
  -.15200000E+01  .26409479E+01
  -.14800000E+01  .26339965E+01
  -.14400000E+01  .26270306E+01
  -.14000000E+01  .26200503E+01
  -.13600000E+01  .26130553E+01
  -.13200000E+01  .26060456E+01
  -.12800000E+01  .25990214E+01
  -.12400000E+01  .25919823E+01
  -.12000000E+01  .25849284E+01
  -.11600000E+01  .25778594E+01
  -.11200000E+01  .25707755E+01
  -.10800000E+01  .25636764E+01
  -.10400000E+01  .25565621E+01
  -.10000000E+01  .25494325E+01
  -.96000000E+00  .25422875E+01
  -.92000000E+00  .25351271E+01
  -.88000000E+00  .25279510E+01
  -.84000000E+00  .25207594E+01
  -.80000000E+00  .25135520E+01
  -.76000000E+00  .25063288E+01
  -.72000000E+00  .24990897E+01
  -.68000000E+00  .24918346E+01
  -.64000000E+00  .24845633E+01
  -.60000000E+00  .24772760E+01
  -.56000000E+00  .24699723E+01
  -.52000000E+00  .24626522E+01
  -.48000000E+00  .24553157E+01
  -.44000000E+00  .24479626E+01
  -.40000000E+00  .24405928E+01
  -.36000000E+00  .24332062E+01
  -.32000000E+00  .24258029E+01
  -.28000000E+00  .24183825E+01
  -.24000000E+00  .24109452E+01
  -.20000000E+00  .24034906E+01
  -.16000000E+00  .23960187E+01
  -.12000000E+00  .23885296E+01
  -.80000000E-01  .23810228E+01
  -.40000000E-01  .23734986E+01
   .12351231E-14  .23659567E+01
   .40000000E-01  .23583970E+01
   .80000000E-01  .23508194E+01
   .12000000E+00  .23432238E+01
   .16000000E+00  .23356101E+01
   .20000000E+00  .23279782E+01
   .24000000E+00  .23203278E+01
   .28000000E+00  .23126592E+01
   .32000000E+00  .23049719E+01
   .36000000E+00  .22972659E+01
   .40000000E+00  .22895411E+01
   .44000000E+00  .22817974E+01
   .48000000E+00  .22740347E+01
   .52000000E+00  .22662529E+01
   .56000000E+00  .22584518E+01
   .60000000E+00  .22506312E+01
   .64000000E+00  .22427912E+01
   .68000000E+00  .22349316E+01
   .72000000E+00  .22270522E+01
   .76000000E+00  .22191529E+01
   .80000000E+00  .22112335E+01
   .84000000E+00  .22032940E+01
   .88000000E+00  .21953343E+01
   .92000000E+00  .21873542E+01
   .96000000E+00  .21793535E+01
   .10000000E+01  .21713321E+01
   .10400000E+01  .21632899E+01
   .10800000E+01  .21552268E+01
   .11200000E+01  .21471426E+01
   .11600000E+01  .21390372E+01
   .12000000E+01  .21309105E+01
   .12400000E+01  .21227622E+01
   .12800000E+01  .21145923E+01
   .13200000E+01  .21064006E+01
   .13600000E+01  .20981869E+01
   .14000000E+01  .20899512E+01
   .14400000E+01  .20816932E+01
   .14800000E+01  .20734129E+01
   .15200000E+01  .20651100E+01
   .15600000E+01  .20567845E+01
   .16000000E+01  .20484361E+01
   .16400000E+01  .20400646E+01
   .16800000E+01  .20316701E+01
   .17200000E+01  .20232523E+01
   .17600000E+01  .20148109E+01
   .18000000E+01  .20063459E+01
   .18400000E+01  .19978571E+01
   .18800000E+01  .19893443E+01
   .19200000E+01  .19808074E+01
   .19600000E+01  .19722461E+01
   .20000000E+01  .19636604E+01
