Si: s2p2                                
  .106748897E-03  .108459826E-03  .110198164E-03  .111964349E-03  .113758828E-03
  .115582052E-03  .117434483E-03  .119316588E-03  .121228841E-03  .123171726E-03
  .125145732E-03  .127151358E-03  .129189109E-03  .131259501E-03  .133363054E-03
  .135500301E-03  .137671780E-03  .139878039E-03  .142119635E-03  .144397133E-03
  .146711107E-03  .149062142E-03  .151450831E-03  .153877775E-03  .156343588E-03
  .158848890E-03  .161394315E-03  .163980503E-03  .166608108E-03  .169277791E-03
  .171990226E-03  .174746097E-03  .177546099E-03  .180390938E-03  .183281330E-03
  .186218006E-03  .189201706E-03  .192233180E-03  .195313195E-03  .198442526E-03
  .201621961E-03  .204852304E-03  .208134367E-03  .211468978E-03  .214856978E-03
  .218299220E-03  .221796572E-03  .225349915E-03  .228960145E-03  .232628172E-03
  .236354919E-03  .240141326E-03  .243988347E-03  .247896950E-03  .251868122E-03
  .255902862E-03  .260002186E-03  .264167128E-03  .268398736E-03  .272698076E-03
  .277066232E-03  .281504303E-03  .286013407E-03  .290594679E-03  .295249274E-03
  .299978363E-03  .304783137E-03  .309664806E-03  .314624599E-03  .319663765E-03
  .324783572E-03  .329985309E-03  .335270286E-03  .340639833E-03  .346095301E-03
  .351638064E-03  .357269516E-03  .362991075E-03  .368804181E-03  .374710296E-03
  .380710906E-03  .386807522E-03  .393001677E-03  .399294930E-03  .405688863E-03
  .412185085E-03  .418785231E-03  .425490959E-03  .432303958E-03  .439225940E-03
  .446258647E-03  .453403846E-03  .460663334E-03  .468038937E-03  .475532509E-03
  .483145935E-03  .490881127E-03  .498740031E-03  .506724621E-03  .514836906E-03
  .523078923E-03  .531452745E-03  .539960475E-03  .548604252E-03  .557386246E-03
  .566308666E-03  .575373752E-03  .584583782E-03  .593941069E-03  .603447964E-03
  .613106855E-03  .622920168E-03  .632890366E-03  .643019954E-03  .653311475E-03
  .663767514E-03  .674390695E-03  .685183685E-03  .696149195E-03  .707289975E-03
  .718608823E-03  .730108579E-03  .741792129E-03  .753662405E-03  .765722386E-03
  .777975097E-03  .790423612E-03  .803071054E-03  .815920596E-03  .828975461E-03
  .842238922E-03  .855714306E-03  .869404992E-03  .883314413E-03  .897446056E-03
  .911803464E-03  .926390237E-03  .941210029E-03  .956266557E-03  .971563592E-03
  .987104970E-03  .100289458E-02  .101893639E-02  .103523440E-02  .105179271E-02
  .106861546E-02  .108570687E-02  .110307120E-02  .112071283E-02  .113863615E-02
  .115684566E-02  .117534592E-02  .119414155E-02  .121323727E-02  .123263785E-02
  .125234814E-02  .127237308E-02  .129271768E-02  .131338703E-02  .133438630E-02
  .135572073E-02  .137739568E-02  .139941655E-02  .142178885E-02  .144451818E-02
  .146761022E-02  .149107074E-02  .151490560E-02  .153912077E-02  .156372229E-02
  .158871631E-02  .161410907E-02  .163990692E-02  .166611630E-02  .169274376E-02
  .171979594E-02  .174727960E-02  .177520160E-02  .180356892E-02  .183238863E-02
  .186166792E-02  .189141411E-02  .192163461E-02  .195233697E-02  .198352883E-02
  .201521799E-02  .204741234E-02  .208011992E-02  .211334887E-02  .214710748E-02
  .218140417E-02  .221624749E-02  .225164611E-02  .228760886E-02  .232414469E-02
  .236126272E-02  .239897217E-02  .243728245E-02  .247620308E-02  .251574377E-02
  .255591436E-02  .259672483E-02  .263818536E-02  .268030625E-02  .272309798E-02
  .276657120E-02  .281073672E-02  .285560552E-02  .290118876E-02  .294749777E-02
  .299454406E-02  .304233933E-02  .309089544E-02  .314022447E-02  .319033867E-02
  .324125048E-02  .329297254E-02  .334551771E-02  .339889901E-02  .345312971E-02
  .350822326E-02  .356419333E-02  .362105381E-02  .367881879E-02  .373750261E-02
  .379711982E-02  .385768519E-02  .391921374E-02  .398172072E-02  .404522161E-02
  .410973215E-02  .417526832E-02  .424184634E-02  .430948270E-02  .437819414E-02
  .444799768E-02  .451891058E-02  .459095039E-02  .466413493E-02  .473848230E-02
  .481401089E-02  .489073936E-02  .496868669E-02  .504787213E-02  .512831526E-02
  .521003594E-02  .529305435E-02  .537739100E-02  .546306671E-02  .555010262E-02
  .563852022E-02  .572834130E-02  .581958805E-02  .591228294E-02  .600644885E-02
  .610210897E-02  .619928690E-02  .629800657E-02  .639829230E-02  .650016879E-02
  .660366112E-02  .670879478E-02  .681559563E-02  .692408996E-02  .703430445E-02
  .714626622E-02  .726000278E-02  .737554211E-02  .749291259E-02  .761214307E-02
  .773326282E-02  .785630161E-02  .798128962E-02  .810825755E-02  .823723655E-02
  .836825826E-02  .850135482E-02  .863655885E-02  .877390352E-02  .891342246E-02
  .905514988E-02  .919912047E-02  .934536950E-02  .949393276E-02  .964484662E-02
  .979814800E-02  .995387439E-02  .101120639E-01  .102727551E-01  .104359874E-01
  .106018006E-01  .107702352E-01  .109413324E-01  .111151338E-01  .112916820E-01
  .114710199E-01  .116531914E-01  .118382408E-01  .120262132E-01  .122171544E-01
  .124111110E-01  .126081301E-01  .128082598E-01  .130115487E-01  .132180462E-01
  .134278026E-01  .136408688E-01  .138572967E-01  .140771389E-01  .143004486E-01
  .145272801E-01  .147576885E-01  .149917296E-01  .152294602E-01  .154709380E-01
  .157162214E-01  .159653699E-01  .162184438E-01  .164755043E-01  .167366137E-01
  .170018350E-01  .172712326E-01  .175448713E-01  .178228175E-01  .181051381E-01
  .183919013E-01  .186831764E-01  .189790336E-01  .192795443E-01  .195847808E-01
  .198948167E-01  .202097267E-01  .205295865E-01  .208544733E-01  .211844650E-01
  .215196410E-01  .218600820E-01  .222058696E-01  .225570869E-01  .229138181E-01
  .232761489E-01  .236441662E-01  .240179581E-01  .243976142E-01  .247832255E-01
  .251748841E-01  .255726839E-01  .259767199E-01  .263870887E-01  .268038884E-01
  .272272184E-01  .276571798E-01  .280938752E-01  .285374088E-01  .289878861E-01
  .294454145E-01  .299101029E-01  .303820620E-01  .308614038E-01  .313482425E-01
  .318426936E-01  .323448746E-01  .328549046E-01  .333729046E-01  .338989974E-01
  .344333077E-01  .349759620E-01  .355270888E-01  .360868183E-01  .366552829E-01
  .372326170E-01  .378189569E-01  .384144409E-01  .390192094E-01  .396334052E-01
  .402571728E-01  .408906590E-01  .415340131E-01  .421873861E-01  .428509318E-01
  .435248059E-01  .442091666E-01  .449041744E-01  .456099923E-01  .463267856E-01
  .470547220E-01  .477939720E-01  .485447083E-01  .493071064E-01  .500813442E-01
  .508676024E-01  .516660644E-01  .524769162E-01  .533003466E-01  .541365472E-01
  .549857124E-01  .558480395E-01  .567237288E-01  .576129835E-01  .585160096E-01
  .594330164E-01  .603642163E-01  .613098245E-01  .622700598E-01  .632451438E-01
  .642353016E-01  .652407616E-01  .662617554E-01  .672985182E-01  .683512884E-01
  .694203082E-01  .705058229E-01  .716080818E-01  .727273377E-01  .738638469E-01
  .750178696E-01  .761896699E-01  .773795155E-01  .785876781E-01  .798144334E-01
  .810600609E-01  .823248443E-01  .836090715E-01  .849130344E-01  .862370291E-01
  .875813560E-01  .889463200E-01  .903322301E-01  .917394000E-01  .931681477E-01
  .946187960E-01  .960916721E-01  .975871080E-01  .991054405E-01  .100647011E+00
  .102212166E+00  .103801257E+00  .105414641E+00  .107052678E+00  .108715735E+00
  .110404185E+00  .112118404E+00  .113858774E+00  .115625684E+00  .117419527E+00
  .119240702E+00  .121089612E+00  .122966670E+00  .124872289E+00  .126806893E+00
  .128770910E+00  .130764771E+00  .132788919E+00  .134843798E+00  .136929861E+00
  .139047566E+00  .141197378E+00  .143379769E+00  .145595217E+00  .147844206E+00
  .150127227E+00  .152444779E+00  .154797366E+00  .157185501E+00  .159609702E+00
  .162070496E+00  .164568416E+00  .167104002E+00  .169677803E+00  .172290375E+00
  .174942280E+00  .177634089E+00  .180366382E+00  .183139744E+00  .185954770E+00
  .188812062E+00  .191712232E+00  .194655898E+00  .197643688E+00  .200676236E+00
  .203754189E+00  .206878197E+00  .210048924E+00  .213267040E+00  .216533223E+00
  .219848164E+00  .223212558E+00  .226627114E+00  .230092547E+00  .233609583E+00
  .237178959E+00  .240801418E+00  .244477715E+00  .248208616E+00  .251994895E+00
  .255837338E+00  .259736738E+00  .263693902E+00  .267709645E+00  .271784795E+00
  .275920188E+00  .280116672E+00  .284375107E+00  .288696361E+00  .293081318E+00
  .297530867E+00  .302045915E+00  .306627375E+00  .311276175E+00  .315993254E+00
  .320779561E+00  .325636059E+00  .330563724E+00  .335563542E+00  .340636511E+00
  .345783644E+00  .351005965E+00  .356304510E+00  .361680330E+00  .367134487E+00
  .372668057E+00  .378282130E+00  .383977806E+00  .389756203E+00  .395618449E+00
  .401565688E+00  .407599076E+00  .413719785E+00  .419928999E+00  .426227917E+00
  .432617753E+00  .439099735E+00  .445675104E+00  .452345119E+00  .459111051E+00
  .465974187E+00  .472935829E+00  .479997294E+00  .487159914E+00  .494425038E+00
  .501794029E+00  .509268265E+00  .516849142E+00  .524538071E+00  .532336478E+00
  .540245806E+00  .548267514E+00  .556403079E+00  .564653991E+00  .573021759E+00
  .581507910E+00  .590113984E+00  .598841542E+00  .607692159E+00  .616667428E+00
  .625768960E+00  .634998383E+00  .644357342E+00  .653847500E+00  .663470537E+00
  .673228152E+00  .683122061E+00  .693153998E+00  .703325714E+00  .713638981E+00
  .724095585E+00  .734697335E+00  .745446054E+00  .756343586E+00  .767391793E+00
  .778592556E+00  .789947773E+00  .801459362E+00  .813129259E+00  .824959421E+00
  .836951821E+00  .849108452E+00  .861431327E+00  .873922476E+00  .886583949E+00
  .899417817E+00  .912426166E+00  .925611105E+00  .938974760E+00  .952519277E+00
  .966246820E+00  .980159574E+00  .994259742E+00  .100854955E+01  .102303123E+01
  .103770705E+01  .105257929E+01  .106765025E+01  .108292224E+01  .109839761E+01
  .111407870E+01  .112996790E+01  .114606759E+01  .116238019E+01  .117890813E+01
  .119565387E+01  .121261985E+01  .122980859E+01  .124722257E+01  .126486433E+01
  .128273640E+01  .130084134E+01  .131918173E+01  .133776016E+01  .135657924E+01
  .137564161E+01  .139494991E+01  .141450681E+01  .143431497E+01  .145437710E+01
  .147469591E+01  .149527413E+01  .151611450E+01  .153721978E+01  .155859274E+01
  .158023618E+01  .160215289E+01  .162434571E+01  .164681745E+01  .166957096E+01
  .169260911E+01  .171593476E+01  .173955080E+01  .176346012E+01  .178766563E+01
  .181217026E+01  .183697693E+01  .186208857E+01  .188750815E+01  .191323862E+01
  .193928295E+01  .196564411E+01  .199232509E+01  .201932889E+01  .204665849E+01
  .207431690E+01  .210230713E+01  .213063220E+01  .215929513E+01  .218829893E+01
  .221764662E+01  .224734125E+01  .227738583E+01  .230778338E+01  .233853695E+01
  .236964955E+01  .240112421E+01  .243296395E+01  .246517179E+01  .249775075E+01
  .253070382E+01  .256403401E+01  .259774433E+01  .263183774E+01  .266631723E+01
  .270118576E+01  .273644630E+01  .277210177E+01  .280815511E+01  .284460923E+01
  .288146703E+01  .291873139E+01  .295640516E+01  .299449120E+01  .303299231E+01
  .307191131E+01  .311125096E+01  .315101401E+01  .319120320E+01  .323182120E+01
  .327287069E+01  .331435430E+01  .335627463E+01  .339863427E+01  .344143572E+01
  .348468151E+01  .352837407E+01  .357251584E+01  .361710918E+01  .366215642E+01
  .370765986E+01  .375362173E+01  .380004422E+01  .384692947E+01  .389427956E+01
  .394209653E+01  .399038235E+01  .403913894E+01  .408836814E+01  .413807176E+01
  .418825152E+01  .423890907E+01  .429004601E+01  .434166386E+01  .439376407E+01
  .444634800E+01  .449941695E+01  .455297212E+01  .460701465E+01  .466154559E+01
  .471656588E+01  .477207639E+01  .482807791E+01  .488457110E+01  .494155656E+01
  .499903476E+01  .505700608E+01  .511547080E+01  .517442909E+01  .523388100E+01
  .529382649E+01  .535426536E+01  .541519735E+01  .547662204E+01  .553853888E+01
  .560094723E+01  .566384629E+01  .572723513E+01  .579111271E+01  .585547782E+01
  .592032912E+01  .598566514E+01  .605148424E+01  .611778465E+01  .618456444E+01
  .625182152E+01  .631955365E+01  .638775842E+01  .645643326E+01  .652557543E+01
  .659518203E+01  .666524996E+01  .673577597E+01  .680675662E+01  .687818829E+01
  .695006718E+01  .702238927E+01  .709515039E+01  .716834616E+01  .724197199E+01
  .731602310E+01  .739049451E+01  .746538103E+01  .754067725E+01  .761637757E+01
  .769247615E+01  .776896695E+01  .784584371E+01  .792309992E+01  .800072889E+01
  .807872365E+01  .815707704E+01  .823578163E+01  .831482979E+01  .839421363E+01
  .847392501E+01  .855395556E+01  .863429667E+01  .871493946E+01  .879587481E+01
  .887709334E+01  .895858544E+01  .904034121E+01  .912235051E+01  .920460292E+01
  .928708780E+01  .936979418E+01  .945271089E+01  .953582645E+01  .961912913E+01
  .970260691E+01  .978624753E+01  .987003842E+01  .995396678E+01  .100380195E+02
  .101221832E+02  .102064443E+02  .102907888E+02  .103752025E+02  .104596710E+02
  .105441794E+02  .106287129E+02  .107132561E+02  .107977933E+02  .108823089E+02
  .109667865E+02  .110512100E+02  .111355625E+02  .112198272E+02  .113039868E+02
  .113880240E+02  .114719209E+02  .115556596E+02  .116392219E+02  .117225892E+02
  .118057427E+02  .118886636E+02  .119713324E+02  .120537298E+02  .121358360E+02
  .122176310E+02  .122990946E+02  .123802064E+02  .124609458E+02  .125412918E+02
  .126212234E+02  .127007194E+02  .127797582E+02  .128583182E+02  .129363775E+02
  .130139141E+02  .130909057E+02  .131673301E+02  .132431645E+02  .133183865E+02
  .133929731E+02  .134669014E+02  .135401483E+02  .136126906E+02  .136845050E+02
  .137555681E+02  .138258564E+02  .138953464E+02  .139640144E+02  .140318367E+02
  .140987897E+02  .141648496E+02  .142299926E+02  .142941949E+02  .143574327E+02
  .144196824E+02  .144809202E+02  .145411224E+02  .146002653E+02  .146583256E+02
  .147152796E+02  .147711041E+02  .148257759E+02  .148792717E+02  .149315688E+02
  .149826442E+02  .150324754E+02  .150810400E+02  .151283158E+02  .151742809E+02
  .152189134E+02  .152621920E+02  .153040955E+02  .153446031E+02  .153836941E+02
  .154213485E+02  .154575462E+02  .154922680E+02  .155254946E+02  .155572074E+02
  .155873882E+02  .156160192E+02  .156430831E+02  .156685630E+02  .156924426E+02
  .157147062E+02  .157353385E+02  .157543249E+02  .157716513E+02  .157873041E+02
  .158012706E+02  .158135387E+02  .158240966E+02  .158329338E+02  .158400399E+02
  .158454057E+02  .158490225E+02  .158508824E+02  .158509783E+02  .158493040E+02
  .158458539E+02  .158406235E+02  .158336091E+02  .158248077E+02  .158142173E+02
  .158018370E+02  .157876665E+02  .157717068E+02  .157539595E+02  .157344276E+02
  .157131146E+02  .156900255E+02  .156651659E+02  .156385429E+02  .156101642E+02
  .155800388E+02  .155481768E+02  .155145893E+02  .154792886E+02  .154422879E+02
  .154036019E+02  .153632460E+02  .153212370E+02  .152775929E+02  .152323326E+02
  .151854763E+02  .151370454E+02  .150870625E+02  .150355511E+02  .149825363E+02
  .149280439E+02  .148721013E+02  .148147367E+02  .147559798E+02  .146958612E+02
  .146344127E+02  .145716675E+02  .145076596E+02  .144424244E+02  .143759983E+02
  .143084189E+02  .142397248E+02  .141699557E+02  .140991526E+02  .140273572E+02
  .139546126E+02  .138809627E+02  .138064526E+02  .137311282E+02  .136550364E+02
  .135782253E+02  .135007435E+02  .134226409E+02  .133439680E+02  .132647762E+02
  .131851179E+02  .131050460E+02  .130246143E+02  .129438774E+02  .128628903E+02
  .127817090E+02  .127003898E+02  .126189898E+02  .125375664E+02  .124561777E+02
  .123748822E+02  .122937386E+02  .122128064E+02  .121321449E+02  .120518140E+02
  .119718737E+02  .118923843E+02  .118134060E+02  .117349992E+02  .116572243E+02
  .115801418E+02  .115038119E+02  .114282947E+02  .113536503E+02  .112799383E+02
  .112072181E+02  .111355489E+02  .110649891E+02  .109955971E+02  .109274304E+02
  .108605461E+02  .107950005E+02  .107308494E+02  .106681476E+02  .106069494E+02
  .105473079E+02  .104892754E+02  .104329032E+02  .103782415E+02  .103253395E+02
  .102742452E+02  .102250052E+02  .101776650E+02  .101322687E+02  .100888590E+02
  .100474772E+02  .100081631E+02  .997095475E+01  .993588880E+01  .990300015E+01
  .987232199E+01  .984388574E+01  .981772101E+01  .979385554E+01  .977231515E+01
  .975312369E+01  .973630303E+01  .972187298E+01  .970985125E+01  .970025342E+01
  .969309290E+01  .968838090E+01  .968612638E+01  .968633600E+01  .968901413E+01
  .969416280E+01  .970178166E+01  .971186797E+01  .972441655E+01  .973941980E+01
  .975686766E+01  .977674757E+01  .979904451E+01  .982374093E+01  .985081678E+01
  .988024950E+01  .991201401E+01  .994608269E+01  .998242544E+01  .100210096E+02
  .100618001E+02  .101047594E+02  .101498472E+02  .101970212E+02  .102462364E+02
  .102974455E+02  .103505987E+02  .104056439E+02  .104625270E+02  .105211912E+02
  .105815778E+02  .106436258E+02  .107072720E+02  .107724514E+02  .108390967E+02
  .109071387E+02  .109765065E+02  .110471270E+02  .111189257E+02  .111918261E+02
  .112657502E+02  .113406185E+02  .114163497E+02  .114928614E+02  .115700696E+02
  .116478892E+02  .117262339E+02  .118050161E+02  .118841473E+02  .119635382E+02
  .120430983E+02  .121227367E+02  .122023615E+02  .122818805E+02  .123612007E+02
  .124402288E+02  .125188715E+02  .125970348E+02  .126746248E+02  .127515477E+02
  .128277095E+02  .129030167E+02  .129773758E+02  .130506938E+02  .131228781E+02
  .131938367E+02  .132634784E+02  .133317125E+02  .133984495E+02  .134636005E+02
  .135270779E+02  .135887953E+02  .136486674E+02  .137066102E+02  .137625415E+02
  .138163803E+02  .138680473E+02  .139174650E+02  .139645577E+02  .140092516E+02
  .140514747E+02  .140911573E+02  .141282319E+02  .141626329E+02  .141942972E+02
  .142231642E+02  .142491756E+02  .142722756E+02  .142924110E+02  .143095312E+02
  .143235886E+02  .143345379E+02  .143423369E+02  .143469464E+02  .143483298E+02
  .143464536E+02  .143412873E+02  .143328036E+02  .143209780E+02  .143057894E+02
  .142872195E+02  .142652534E+02  .142398794E+02  .142110888E+02  .141788764E+02
  .141432399E+02  .141041804E+02  .140617022E+02  .140158129E+02  .139665232E+02
  .139138471E+02  .138578016E+02  .137984071E+02  .137356872E+02  .136696683E+02
  .136003802E+02  .135278558E+02  .134521307E+02  .133732439E+02  .132912371E+02
  .132061550E+02  .131180450E+02  .130269575E+02  .129329457E+02  .128360652E+02
  .127363744E+02  .126339343E+02  .125288083E+02  .124210623E+02  .123107643E+02
  .121979849E+02  .120827967E+02  .119652743E+02  .118454946E+02  .117235361E+02
  .115994793E+02  .114734065E+02  .113454016E+02  .112155498E+02  .110839383E+02
  .109506550E+02  .108157895E+02  .106794324E+02  .105416754E+02  .104026111E+02
  .102623328E+02  .101209347E+02  .997851159E+01  .983515869E+01  .969097170E+01
  .954604651E+01  .940047930E+01  .925436620E+01  .910780341E+01  .896088686E+01
  .881371236E+01  .866637521E+01  .851897035E+01  .837159204E+01  .822433395E+01
  .807728884E+01  .793054871E+01  .778420443E+01  .763834588E+01  .749306164E+01
  .734843913E+01  .720456422E+01  .706152146E+01  .691939370E+01  .677826223E+01
  .663820653E+01  .649930432E+01  .636163134E+01  .622526144E+01  .609026634E+01
  .595671570E+01  .582467694E+01  .569421529E+01  .556539360E+01  .543827245E+01
  .531290989E+01  .518936162E+01  .506768074E+01  .494791789E+01  .483012103E+01
  .471433561E+01  .460060434E+01  .448896737E+01  .437946207E+01  .427212319E+01
  .416698272E+01  .406406998E+01  .396341153E+01  .386503128E+01  .376895038E+01
  .367518731E+01  .358375788E+01  .349467524E+01  .340794989E+01  .332358974E+01
  .324160011E+01  .316198379E+01  .308474107E+01  .300986977E+01  .293736530E+01
  .286722072E+01  .279942677E+01  .273397191E+01  .267084245E+01  .261002253E+01
  .255149425E+01  .249523767E+01  .244123096E+01  .238945039E+01  .233987049E+01
  .229246405E+01  .224720222E+01  .220405460E+01  .216298934E+01  .212397313E+01
  .208697137E+01  .205194819E+01  .201886654E+01  .198768822E+01  .195837400E+01
  .193088362E+01  .190517587E+01  .188120861E+01  .185893884E+01  .183832268E+01
  .181931544E+01  .180187163E+01  .178594495E+01  .177148834E+01  .175845401E+01
  .174679340E+01  .173645732E+01  .172739587E+01  .171955859E+01  .171289446E+01
  .170735203E+01  .170287944E+01  .169942458E+01  .169693514E+01  .169535875E+01
  .169464309E+01  .169473597E+01  .169558546E+01  .169714001E+01  .169934848E+01
  .170216032E+01  .170552554E+01  .170939491E+01  .171371989E+01  .171845280E+01
  .172354678E+01  .172895591E+01  .173463519E+01  .174054060E+01  .174662913E+01
  .175285883E+01  .175918875E+01  .176557909E+01  .177199110E+01  .177838722E+01
  .178473095E+01  .179098703E+01  .179712131E+01  .180310089E+01  .180889403E+01
  .181447024E+01  .181980023E+01  .182485597E+01  .182961065E+01  .183403877E+01
  .183811603E+01  .184181944E+01  .184512724E+01  .184801899E+01  .185047548E+01
  .185247879E+01  .185401226E+01  .185506050E+01  .185560937E+01  .185564599E+01
  .185515868E+01  .185413706E+01  .185257189E+01  .185045519E+01  .184778012E+01
  .184454106E+01  .184073348E+01  .183635402E+01  .183140042E+01  .182587151E+01
  .181976715E+01  .181308829E+01  .180583683E+01  .179801570E+01  .178962874E+01
  .178068077E+01  .177117744E+01  .176112531E+01  .175053173E+01  .173940489E+01
  .172775370E+01  .171558784E+01  .170291766E+01  .168975418E+01  .167610904E+01
  .166199449E+01  .164742330E+01  .163240882E+01  .161696483E+01  .160110560E+01
  .158484577E+01  .156820042E+01  .155118492E+01  .153381501E+01  .151610664E+01
  .149807607E+01  .147973972E+01  .146111423E+01  .144221635E+01  .142306297E+01
  .140367104E+01  .138405760E+01  .136423968E+01  .134423433E+01  .132405854E+01
  .130372927E+01  .128326338E+01  .126267761E+01  .124198858E+01  .122121275E+01
  .120036637E+01  .117946553E+01  .115852605E+01  .113756354E+01  .111659333E+01
  .109563046E+01  .107468968E+01  .105378543E+01  .103293181E+01  .101214258E+01
  .991431128E+00  .970810494E+00  .950293318E+00  .929891860E+00  .909617971E+00
  .889483098E+00  .869498267E+00  .849674084E+00  .830020723E+00  .810547928E+00
  .791265002E+00  .772180812E+00  .753303778E+00  .734641883E+00  .716202661E+00
  .697993208E+00  .680020174E+00  .662289775E+00  .644807783E+00  .627579547E+00
  .610609978E+00  .593903572E+00  .577464401E+00  .561296130E+00  .545402016E+00
  .529784925E+00  .514447325E+00  .499391314E+00  .484618611E+00  .470130580E+00
  .455928226E+00  .442012220E+00  .428382897E+00  .415040276E+00  .401984063E+00
  .389213673E+00  .376728228E+00  .364526585E+00  .352607331E+00  .340968809E+00
  .329609120E+00  .318526144E+00  .307717544E+00  .297180783E+00  .286913135E+00
  .276911694E+00  .267173390E+00  .257694998E+00  .248473150E+00  .239504345E+00
  .230784962E+00  .222311270E+00  .214079437E+00  .206085540E+00  .198325579E+00
  .190795482E+00  .183491113E+00  .176408288E+00  .169542776E+00  .162890311E+00
  .156446598E+00  .150207323E+00  .144168156E+00  .138324763E+00  .132672808E+00
  .127207961E+00  .121925903E+00  .116822332E+00  .111892968E+00  .107133557E+00
  .102539875E+00  .981077349E-01  .938329858E-01  .897115202E-01  .857392753E-01
  .819122364E-01  .782264394E-01  .746779734E-01  .712629825E-01  .679776678E-01
  .648182891E-01  .617811666E-01  .588626818E-01  .560592786E-01  .533674646E-01
  .507838114E-01  .483049557E-01  .459275990E-01  .436485088E-01  .414645184E-01
  .393725266E-01  .373694987E-01  .354524654E-01  .336185232E-01  .318648341E-01
  .301886251E-01  .285871880E-01  .270578788E-01  .255981175E-01  .242053874E-01
  .228772343E-01  .216112665E-01  .204051538E-01  .192566267E-01  .181634762E-01
  .171235527E-01  .161347656E-01  .151950823E-01  .143025278E-01  .134551836E-01
  .126511872E-01  .118887312E-01  .111660626E-01  .104814819E-01  .983334242E-02
  .922004942E-02  .864005933E-02  .809187886E-02  .757406421E-02  .708522019E-02
  .662399939E-02  .618910128E-02  .577927135E-02  .539330024E-02  .503002281E-02
  .468831724E-02  .436710416E-02  .406534567E-02  .378204443E-02  .351624275E-02
  .326702161E-02  .303349973E-02  .281483261E-02  .261021161E-02  .241886291E-02
  .224004663E-02  .207305582E-02  .191721552E-02  .177188180E-02  .163644078E-02
  .151030771E-02  .139292600E-02  .128376628E-02  .118232550E-02  .108812593E-02
  .100071433E-02  .919660990E-03  .844558876E-03  .775022717E-03  .710688162E-03
  .651210927E-03  .596265962E-03  .545546633E-03  .498763925E-03  .455645661E-03
  .415935743E-03  .379393404E-03  .345792493E-03  .314920768E-03  .286579215E-03
  .260581391E-03  .236752781E-03  .214930181E-03  .194961101E-03  .176703190E-03
  .160023682E-03  .144798861E-03  .130913550E-03  .118260622E-03  .106740523E-03
  .962608289E-04  .867358103E-04  .780860224E-04  .702379140E-04  .631234539E-04
  .566797760E-04  .508488428E-04  .455771254E-04  .408153005E-04  .365179643E-04
  .326433611E-04  .291531276E-04  .260120521E-04  .231878471E-04  .206509360E-04
  .183742522E-04  .163330509E-04  .145047327E-04  .128686785E-04  .114060950E-04
  .100998705E-04  .893444036E-05  .789566200E-05  .697069805E-05  .614790818E-05
  .541674853E-05  .476767853E-05  .419207457E-05  .368215023E-05  .323088252E-05
  .283194391E-05  .247963963E-05  .216885003E-05  .189497752E-05  .165389797E-05
  .144191600E-05  .125572417E-05  .109236560E-05  .949199761E-06  .823871382E-06
  .714282016E-06  .618564209E-06  .535058008E-06  .462289637E-06  .398952158E-06
  .343887963E-06  .296072938E-06  .254602160E-06  .218676995E-06  .187593474E-06
  .160731835E-06  .137547127E-06  .117560776E-06  .100353028E-06  .855561857E-07
  .728485610E-07  .619490811E-07  .526124766E-07  .446249995E-07  .378006164E-07
  .319776284E-07  .270156753E-07  .227930826E-07  .192045162E-07  .161589120E-07
  .135776506E-07  .113929500E-07  .954645316E-08  .798798784E-08  .667447934E-08
  .556899919E-08  .463993341E-08  .386025684E-08  .320690057E-08  .266020171E-08
  .220342522E-08  .182234913E-08  .150490533E-08  .124086878E-08  .102158930E-08
  .839760189E-09  .689219114E-09  .564777006E-09  .462071189E-09  .377439585E-09
  .307813104E-09  .250623767E-09  .203726361E-09  .165331770E-09  .133950319E-09
  .108343717E-09  .874843523E-10  .705208905E-10  .567492309E-10  .455880411E-10
  .365581792E-10  .292654171E-10  .233859604E-10  .186543323E-10  .148532710E-10
  .118052518E-10  .936556323E-11  .741635217E-11  .586191777E-11  .462461411E-11
  .364159039E-11  .286206747E-11  .224509710E-11  .175772178E-11  .137346655E-11
  .107110522E-11  .833653101E-12  .647546309E-12  .501974325E-12  .388338377E-12
  .299812769E-12  .230990308E-12  .177596321E-12  .136258450E-12  .104321743E-12
  .797004402E-13  .607594198E-13  .462195797E-13  .350824764E-13  .265704378E-13
  .200790737E-13  .151397029E-13  .113896899E-13  .854908062E-14  .640223948E-14
  .478345151E-14  .356565808E-14  .265166533E-14  .196729819E-14  .145608205E-14
  .107512093E-14  .791910618E-15  .581880639E-15  .426502886E-15  .311839938E-15
  .227433530E-15  .165455601E-15  .120061520E-15  .868985788E-16  .627334253E-16
  .451703821E-16  .324390283E-16  .232344298E-16  .165972845E-16  .118242484E-16
  .840102193E-17  .595255285E-17  .420607871E-17  .296377258E-17  .208255257E-17
  .145922036E-17  .101955278E-17  .710317492E-18  .493445538E-18  .341790306E-18
  .236049914E-18  .162540376E-18  .111589058E-18  .763790841E-19  .521205793E-19
  .354580913E-19  .240481737E-19  .162591816E-19  .109585786E-19  .736271118E-20
  .493103685E-20  .329188410E-20  .219051081E-20  .145287925E-20  .960473722E-21
  .632851479E-21  .415591698E-21  .272000056E-21  .177417481E-21  .115328658E-21
  .747101333E-22  .482293227E-22  .310255887E-22  .198881258E-22  .127034092E-22
  .808512728E-23  .512720906E-23  .323959056E-23  .203939524E-23  .127909262E-23
  .799243186E-24  .497529894E-24  .308538622E-24  .190606073E-24  .117297132E-24
  .719031672E-25  .439040943E-25  .267020554E-25  .161753324E-25  .975925485E-26
  .586436501E-26  .350955511E-26  .209168178E-26  .124147294E-26  .733774324E-27
  .431873704E-27  .253107658E-27  .147704335E-27  .858233908E-28  .496509413E-28
  .285985158E-28  .163997931E-28  .936260431E-29  .532111719E-29  .301051740E-29
  .169549224E-29  .950497271E-30  .530383828E-30  .294576303E-30  .162838519E-30
  .895884103E-31  .490529662E-31  .267288795E-31  .144937717E-31  .782078361E-32
  .419923513E-32  .224348890E-32  .119259797E-32  .630758458E-33  .331904620E-33
  .173750833E-33  .904869435E-34  .468783446E-34  .241583738E-34  .123837968E-34
  .631410934E-35  .320201863E-35  .161499156E-35  .810088245E-36  .404101946E-36
  .200459579E-36  .988827442E-37  .485011961E-37  .236539071E-37  .114696965E-37
  .552941917E-38  .265011939E-38  .126266845E-38  .598040579E-39  .281558549E-39
  .131759721E-39  .612846177E-40  .283304828E-40  .130157381E-40  .594257175E-41
  .269618193E-41  .121554550E-41  .544525833E-42  .242364383E-42  .107176551E-42
  .470856833E-43  .205500735E-43  .890943949E-44  .383686758E-44  .164122986E-44
  .697276039E-45  .294211192E-45  .123284636E-45  .513014990E-46  .211981676E-46
  .869739909E-47  .354306196E-47  .143298498E-47  .575377867E-48  .229344421E-48
  .907447317E-49  .356391536E-49  .138924990E-49  .537470354E-50  .206359148E-50
  .786251936E-51  .297263813E-51  .111516209E-51  .415071292E-52  .153274197E-52
  .561499982E-53  .204050338E-53  .735536059E-54  .262979558E-54  .932535369E-55
  .327949633E-55  .114374631E-55  .395604050E-56  .135722888E-56  .462157655E-57
  .156780110E-57  .532052925E-58  .185684437E-58  .699255557E-59  .329700905E-59
  .248644974E-59  .000000000E+00  .000000000E+00  .000000000E+00  .000000000E+00
  .000000000E+00  .000000000E+00  .000000000E+00  .000000000E+00  .000000000E+00
  .000000000E+00  .000000000E+00  .000000000E+00  .000000000E+00  .000000000E+00
  .000000000E+00  .000000000E+00  .000000000E+00  .000000000E+00  .000000000E+00
  .000000000E+00  .000000000E+00  .000000000E+00  .000000000E+00  .000000000E+00
  .000000000E+00  .000000000E+00  .000000000E+00  .000000000E+00  .000000000E+00
  .000000000E+00  .000000000E+00  .000000000E+00  .000000000E+00  .000000000E+00
  .000000000E+00  .000000000E+00  .000000000E+00  .000000000E+00  .000000000E+00
  .000000000E+00  .000000000E+00  .000000000E+00  .000000000E+00  .000000000E+00
  .000000000E+00  .000000000E+00  .000000000E+00  .000000000E+00  .000000000E+00
  .000000000E+00  .000000000E+00  .000000000E+00  .000000000E+00  .000000000E+00
  .000000000E+00  .000000000E+00  .000000000E+00  .000000000E+00  .000000000E+00
  .000000000E+00  .000000000E+00  .000000000E+00  .000000000E+00  .000000000E+00
  .000000000E+00  .000000000E+00  .000000000E+00  .000000000E+00  .000000000E+00
  .000000000E+00  .000000000E+00  .000000000E+00  .000000000E+00  .000000000E+00
  .000000000E+00  .000000000E+00  .000000000E+00  .000000000E+00  .000000000E+00
  .000000000E+00  .000000000E+00  .000000000E+00  .000000000E+00  .000000000E+00
  .000000000E+00  .000000000E+00  .000000000E+00  .000000000E+00  .000000000E+00
  .000000000E+00  .000000000E+00  .000000000E+00  .000000000E+00  .000000000E+00
  .000000000E+00  .000000000E+00  .000000000E+00  .000000000E+00  .000000000E+00
  .000000000E+00  .000000000E+00  .000000000E+00  .000000000E+00  .000000000E+00
  .000000000E+00  .000000000E+00  .000000000E+00  .000000000E+00  .000000000E+00
  .000000000E+00  .000000000E+00  .000000000E+00  .000000000E+00  .000000000E+00
  .000000000E+00  .000000000E+00  .000000000E+00  .000000000E+00  .000000000E+00
  .000000000E+00  .000000000E+00  .000000000E+00  .000000000E+00  .000000000E+00
  .000000000E+00  .000000000E+00  .000000000E+00  .000000000E+00  .000000000E+00
  .000000000E+00  .000000000E+00  .000000000E+00  .000000000E+00  .000000000E+00
  .000000000E+00  .000000000E+00  .000000000E+00  .000000000E+00  .000000000E+00
  .000000000E+00  .000000000E+00  .000000000E+00  .000000000E+00  .000000000E+00
  .000000000E+00  .000000000E+00  .000000000E+00  .000000000E+00  .000000000E+00
  .000000000E+00  .000000000E+00  .000000000E+00  .000000000E+00  .000000000E+00
  .000000000E+00  .000000000E+00  .000000000E+00  .000000000E+00  .000000000E+00
  .000000000E+00  .000000000E+00  .000000000E+00  .000000000E+00  .000000000E+00
  .000000000E+00  .000000000E+00  .000000000E+00  .000000000E+00  .000000000E+00
  .000000000E+00  .000000000E+00  .000000000E+00  .000000000E+00  .000000000E+00
  .000000000E+00  .000000000E+00  .000000000E+00  .000000000E+00  .000000000E+00
  .000000000E+00  .000000000E+00  .000000000E+00  .000000000E+00  .000000000E+00
  .000000000E+00  .000000000E+00  .000000000E+00  .000000000E+00  .000000000E+00
