  Tb_s (soft)                            
 100
Core Pot   L  =         .00000   -.30778
  -.20000000E+01  .11531707E+01
  -.19600000E+01  .11351730E+01
  -.19200000E+01  .11170489E+01
  -.18800000E+01  .10987895E+01
  -.18400000E+01  .10803862E+01
  -.18000000E+01  .10618304E+01
  -.17600000E+01  .10431136E+01
  -.17200000E+01  .10242271E+01
  -.16800000E+01  .10051624E+01
  -.16400000E+01  .98591084E+00
  -.16000000E+01  .96646367E+00
  -.15600000E+01  .94681202E+00
  -.15200000E+01  .92694683E+00
  -.14800000E+01  .90685890E+00
  -.14400000E+01  .88653877E+00
  -.14000000E+01  .86597675E+00
  -.13600000E+01  .84516289E+00
  -.13200000E+01  .82408690E+00
  -.12800000E+01  .80273817E+00
  -.12400000E+01  .78110573E+00
  -.12000000E+01  .75917818E+00
  -.11600000E+01  .73694369E+00
  -.11200000E+01  .71438998E+00
  -.10800000E+01  .69150422E+00
  -.10400000E+01  .66827304E+00
  -.10000000E+01  .64468247E+00
  -.96000000E+00  .62071790E+00
  -.92000000E+00  .59636403E+00
  -.88000000E+00  .57160480E+00
  -.84000000E+00  .54642335E+00
  -.80000000E+00  .52080197E+00
  -.76000000E+00  .49472201E+00
  -.72000000E+00  .46816382E+00
  -.68000000E+00  .44110667E+00
  -.64000000E+00  .41352868E+00
  -.60000000E+00  .38540670E+00
  -.56000000E+00  .35671624E+00
  -.52000000E+00  .32743136E+00
  -.48000000E+00  .29752452E+00
  -.44000000E+00  .26696650E+00
  -.40000000E+00  .23572623E+00
  -.36000000E+00  .20377062E+00
  -.32000000E+00  .17106444E+00
  -.28000000E+00  .13757006E+00
  -.24000000E+00  .10324732E+00
  -.20000000E+00  .68053239E-01
  -.16000000E+00  .31941803E-01
  -.12000000E+00 -.51363450E-02
  -.80000000E-01 -.43234205E-01
  -.40000000E-01 -.82408773E-01
   .12351231E-14 -.12272143E+00
   .40000000E-01 -.16423837E+00
   .80000000E-01 -.20703113E+00
   .12000000E+00 -.25117706E+00
   .16000000E+00 -.29676003E+00
   .20000000E+00 -.34387107E+00
   .24000000E+00 -.39260921E+00
   .28000000E+00 -.44308232E+00
   .32000000E+00 -.49540819E+00
   .36000000E+00 -.54971566E+00
   .40000000E+00 -.60614600E+00
   .44000000E+00 -.66485440E+00
   .48000000E+00 -.72601178E+00
   .52000000E+00 -.78980681E+00
   .56000000E+00 -.85644832E+00
   .60000000E+00 -.92616805E+00
   .64000000E+00 -.99922389E+00
   .68000000E+00 -.10759037E+01
   .72000000E+00 -.11565298E+01
   .76000000E+00 -.12414643E+01
   .80000000E+00 -.13311155E+01
   .84000000E+00 -.14259454E+01
   .88000000E+00 -.15264788E+01
   .92000000E+00 -.16333145E+01
   .96000000E+00 -.17471391E+01
   .10000000E+01 -.18687431E+01
   .10400000E+01 -.19990416E+01
   .10800000E+01 -.21391003E+01
   .11200000E+01 -.22901673E+01
   .11600000E+01 -.24537139E+01
   .12000000E+01 -.26314873E+01
   .12400000E+01 -.28255781E+01
   .12800000E+01 -.30385092E+01
   .13200000E+01 -.32733539E+01
   .13600000E+01 -.35338940E+01
   .14000000E+01 -.38248374E+01
   .14400000E+01 -.41521194E+01
   .14800000E+01 -.45233312E+01
   .15200000E+01 -.49483406E+01
   .15600000E+01 -.54402144E+01
   .16000000E+01 -.60166297E+01
   .16400000E+01 -.67021037E+01
   .16800000E+01 -.75316567E+01
   .17200000E+01 -.85571117E+01
   .17600000E+01 -.98585453E+01
   .18000000E+01 -.11566581E+02
   .18400000E+01 -.13909750E+02
   .18800000E+01 -.17327367E+02
   .19200000E+01 -.22785400E+02
   .19600000E+01 -.32903383E+02
   .20000000E+01 -.58139781E+02
Potential  L  =         .00000   -.30778
  -.20000000E+01  .11348747E+01
  -.19600000E+01  .11185238E+01
  -.19200000E+01  .11019859E+01
  -.18800000E+01  .10852555E+01
  -.18400000E+01  .10683268E+01
  -.18000000E+01  .10511936E+01
  -.17600000E+01  .10338497E+01
  -.17200000E+01  .10162882E+01
  -.16800000E+01  .99850229E+00
  -.16400000E+01  .98048456E+00
  -.16000000E+01  .96222732E+00
  -.15600000E+01  .94372249E+00
  -.15200000E+01  .92496157E+00
  -.14800000E+01  .90593565E+00
  -.14400000E+01  .88663532E+00
  -.14000000E+01  .86705068E+00
  -.13600000E+01  .84717131E+00
  -.13200000E+01  .82698621E+00
  -.12800000E+01  .80648376E+00
  -.12400000E+01  .78565168E+00
  -.12000000E+01  .76447701E+00
  -.11600000E+01  .74294601E+00
  -.11200000E+01  .72104413E+00
  -.10800000E+01  .69875594E+00
  -.10400000E+01  .67606505E+00
  -.10000000E+01  .65295407E+00
  -.96000000E+00  .62940448E+00
  -.92000000E+00  .60539657E+00
  -.88000000E+00  .58090932E+00
  -.84000000E+00  .55592030E+00
  -.80000000E+00  .53040556E+00
  -.76000000E+00  .50433945E+00
  -.72000000E+00  .47769452E+00
  -.68000000E+00  .45044129E+00
  -.64000000E+00  .42254815E+00
  -.60000000E+00  .39398104E+00
  -.56000000E+00  .36470333E+00
  -.52000000E+00  .33467544E+00
  -.48000000E+00  .30385470E+00
  -.44000000E+00  .27219481E+00
  -.40000000E+00  .23964566E+00
  -.36000000E+00  .20615279E+00
  -.32000000E+00  .17165695E+00
  -.28000000E+00  .13609356E+00
  -.24000000E+00  .99392049E-01
  -.20000000E+00  .61475191E-01
  -.16000000E+00  .22258243E-01
  -.12000000E+00 -.18351976E-01
  -.80000000E-01 -.60458180E-01
  -.40000000E-01 -.10417388E+00
   .12351231E-14 -.14962485E+00
   .40000000E-01 -.19695085E+00
   .80000000E-01 -.24630763E+00
   .12000000E+00 -.29786932E+00
   .16000000E+00 -.35183123E+00
   .20000000E+00 -.40841318E+00
   .24000000E+00 -.46786353E+00
   .28000000E+00 -.53046396E+00
   .32000000E+00 -.59653529E+00
   .36000000E+00 -.66644458E+00
   .40000000E+00 -.74061377E+00
   .44000000E+00 -.81953040E+00
   .48000000E+00 -.90376091E+00
   .52000000E+00 -.99396733E+00
   .56000000E+00 -.10909284E+01
   .60000000E+00 -.11955666E+01
   .64000000E+00 -.13089829E+01
   .68000000E+00 -.14325022E+01
   .72000000E+00 -.15677334E+01
   .76000000E+00 -.17166503E+01
   .80000000E+00 -.18817010E+01
   .84000000E+00 -.20659594E+01
   .88000000E+00 -.22733401E+01
   .92000000E+00 -.25089058E+01
   .96000000E+00 -.27793227E+01
   .10000000E+01 -.30935501E+01
   .10400000E+01 -.34639196E+01
   .10800000E+01 -.39078872E+01
   .11200000E+01 -.44510045E+01
   .11600000E+01 -.51322284E+01
   .12000000E+01 -.60140408E+01
   .12400000E+01 -.72033658E+01
   .12800000E+01 -.88996332E+01
   .13200000E+01 -.11522432E+02
   .13600000E+01 -.16131131E+02
   .14000000E+01 -.26395496E+02
   .14400000E+01 -.69535724E+02
   .14800000E+01  .11626811E+03
   .15200000E+01  .32117261E+02
   .15600000E+01  .18763254E+02
   .16000000E+01  .13307006E+02
   .16400000E+01  .10334854E+02
   .16800000E+01  .84606314E+01
   .17200000E+01  .71676867E+01
   .17600000E+01  .62195182E+01
   .18000000E+01  .54925542E+01
   .18400000E+01  .49159341E+01
   .18800000E+01  .44461095E+01
   .19200000E+01  .40548406E+01
   .19600000E+01  .37230117E+01
   .20000000E+01  .34372204E+01
Core Pot   L  =        1.00000  -2.04443
  -.20000000E+01 -.30658533E+01
  -.19600000E+01 -.10784597E+02
  -.19200000E+01  .17079817E+02
  -.18800000E+01  .60367469E+01
  -.18400000E+01  .40595090E+01
  -.18000000E+01  .32257783E+01
  -.17600000E+01  .27616254E+01
  -.17200000E+01  .24629116E+01
  -.16800000E+01  .22524272E+01
  -.16400000E+01  .20945108E+01
  -.16000000E+01  .19704145E+01
  -.15600000E+01  .18693392E+01
  -.15200000E+01  .17846249E+01
  -.14800000E+01  .17119406E+01
  -.14400000E+01  .16483477E+01
  -.14000000E+01  .15917817E+01
  -.13600000E+01  .15407492E+01
  -.13200000E+01  .14941430E+01
  -.12800000E+01  .14511244E+01
  -.12400000E+01  .14110463E+01
  -.12000000E+01  .13734012E+01
  -.11600000E+01  .13377850E+01
  -.11200000E+01  .13038720E+01
  -.10800000E+01  .12713964E+01
  -.10400000E+01  .12401389E+01
  -.10000000E+01  .12099167E+01
  -.96000000E+00  .11805761E+01
  -.92000000E+00  .11519868E+01
  -.88000000E+00  .11240372E+01
  -.84000000E+00  .10966311E+01
  -.80000000E+00  .10696852E+01
  -.76000000E+00  .10431261E+01
  -.72000000E+00  .10168896E+01
  -.68000000E+00  .99091858E+00
  -.64000000E+00  .96516192E+00
  -.60000000E+00  .93957376E+00
  -.56000000E+00  .91411255E+00
  -.52000000E+00  .88874042E+00
  -.48000000E+00  .86342262E+00
  -.44000000E+00  .83812709E+00
  -.40000000E+00  .81282399E+00
  -.36000000E+00  .78748542E+00
  -.32000000E+00  .76208509E+00
  -.28000000E+00  .73659807E+00
  -.24000000E+00  .71100057E+00
  -.20000000E+00  .68526975E+00
  -.16000000E+00  .65938353E+00
  -.12000000E+00  .63332045E+00
  -.80000000E-01  .60705950E+00
  -.40000000E-01  .58058003E+00
   .12351231E-14  .55386160E+00
   .40000000E-01  .52688387E+00
   .80000000E-01  .49962654E+00
   .12000000E+00  .47206919E+00
   .16000000E+00  .44419123E+00
   .20000000E+00  .41597178E+00
   .24000000E+00  .38738963E+00
   .28000000E+00  .35842307E+00
   .32000000E+00  .32904989E+00
   .36000000E+00  .29924719E+00
   .40000000E+00  .26899143E+00
   .44000000E+00  .23825818E+00
   .48000000E+00  .20702212E+00
   .52000000E+00  .17525691E+00
   .56000000E+00  .14293510E+00
   .60000000E+00  .11002796E+00
   .64000000E+00  .76505445E-01
   .68000000E+00  .42335985E-01
   .72000000E+00  .74863985E-02
   .76000000E+00 -.28078282E-01
   .80000000E+00 -.64394963E-01
   .84000000E+00 -.10150267E+00
   .88000000E+00 -.13944274E+00
   .92000000E+00 -.17825902E+00
   .96000000E+00 -.21799812E+00
   .10000000E+01 -.25870964E+00
   .10400000E+01 -.30044646E+00
   .10800000E+01 -.34326503E+00
   .11200000E+01 -.38722575E+00
   .11600000E+01 -.43239329E+00
   .12000000E+01 -.47883704E+00
   .12400000E+01 -.52663158E+00
   .12800000E+01 -.57585717E+00
   .13200000E+01 -.62660034E+00
   .13600000E+01 -.67895456E+00
   .14000000E+01 -.73302095E+00
   .14400000E+01 -.78890912E+00
   .14800000E+01 -.84673807E+00
   .15200000E+01 -.90663728E+00
   .15600000E+01 -.96874790E+00
   .16000000E+01 -.10332241E+01
   .16400000E+01 -.11002347E+01
   .16800000E+01 -.11699648E+01
   .17200000E+01 -.12426180E+01
   .17600000E+01 -.13184188E+01
   .18000000E+01 -.13976153E+01
   .18400000E+01 -.14804821E+01
   .18800000E+01 -.15673247E+01
   .19200000E+01 -.16584833E+01
   .19600000E+01 -.17543382E+01
   .20000000E+01 -.18553159E+01
Potential  L  =        1.00000  -2.04443
  -.20000000E+01 -.18805848E+01
  -.19600000E+01 -.27962966E+01
  -.19200000E+01 -.44263687E+01
  -.18800000E+01 -.81766420E+01
  -.18400000E+01 -.26181418E+02
  -.18000000E+01  .31426621E+02
  -.17600000E+01  .10946720E+02
  -.17200000E+01  .69983691E+01
  -.16800000E+01  .53130832E+01
  -.16400000E+01  .43739133E+01
  -.16000000E+01  .37720095E+01
  -.15600000E+01  .33510580E+01
  -.15200000E+01  .30383796E+01
  -.14800000E+01  .27955928E+01
  -.14400000E+01  .26005161E+01
  -.14000000E+01  .24394358E+01
  -.13600000E+01  .23034169E+01
  -.13200000E+01  .21863874E+01
  -.12800000E+01  .20840763E+01
  -.12400000E+01  .19933911E+01
  -.12000000E+01  .19120374E+01
  -.11600000E+01  .18382765E+01
  -.11200000E+01  .17707660E+01
  -.10800000E+01  .17084530E+01
  -.10400000E+01  .16504993E+01
  -.10000000E+01  .15962293E+01
  -.96000000E+00  .15450917E+01
  -.92000000E+00  .14966318E+01
  -.88000000E+00  .14504713E+01
  -.84000000E+00  .14062921E+01
  -.80000000E+00  .13638247E+01
  -.76000000E+00  .13228387E+01
  -.72000000E+00  .12831359E+01
  -.68000000E+00  .12445445E+01
  -.64000000E+00  .12069144E+01
  -.60000000E+00  .11701135E+01
  -.56000000E+00  .11340250E+01
  -.52000000E+00  .10985448E+01
  -.48000000E+00  .10635796E+01
  -.44000000E+00  .10290450E+01
  -.40000000E+00  .99486441E+00
  -.36000000E+00  .96096769E+00
  -.32000000E+00  .92729027E+00
  -.28000000E+00  .89377225E+00
  -.24000000E+00  .86035772E+00
  -.20000000E+00  .82699406E+00
  -.16000000E+00  .79363148E+00
  -.12000000E+00  .76022249E+00
  -.80000000E-01  .72672144E+00
  -.40000000E-01  .69308423E+00
   .12351231E-14  .65926787E+00
   .40000000E-01  .62523020E+00
   .80000000E-01  .59092961E+00
   .12000000E+00  .55632471E+00
   .16000000E+00  .52137413E+00
   .20000000E+00  .48603622E+00
   .24000000E+00  .45026879E+00
   .28000000E+00  .41402891E+00
   .32000000E+00  .37727264E+00
   .36000000E+00  .33995477E+00
   .40000000E+00  .30202850E+00
   .44000000E+00  .26344534E+00
   .48000000E+00  .22415464E+00
   .52000000E+00  .18410338E+00
   .56000000E+00  .14323582E+00
   .60000000E+00  .10149319E+00
   .64000000E+00  .58813251E-01
   .68000000E+00  .15129904E-01
   .72000000E+00 -.29627254E-01
   .76000000E+00 -.75533453E-01
   .80000000E+00 -.12266930E+00
   .84000000E+00 -.17112143E+00
   .88000000E+00 -.22098317E+00
   .92000000E+00 -.27235535E+00
   .96000000E+00 -.32534722E+00
   .10000000E+01 -.38007741E+00
   .10400000E+01 -.43667511E+00
   .10800000E+01 -.49528140E+00
   .11200000E+01 -.55605070E+00
   .11600000E+01 -.61915255E+00
   .12000000E+01 -.68477359E+00
   .12400000E+01 -.75311987E+00
   .12800000E+01 -.82441953E+00
   .13200000E+01 -.89892597E+00
   .13600000E+01 -.97692154E+00
   .14000000E+01 -.10587219E+01
   .14400000E+01 -.11446810E+01
   .14800000E+01 -.12351975E+01
   .15200000E+01 -.13307221E+01
   .15600000E+01 -.14317660E+01
   .16000000E+01 -.15389120E+01
   .16400000E+01 -.16528272E+01
   .16800000E+01 -.17742794E+01
   .17200000E+01 -.19041564E+01
   .17600000E+01 -.20434911E+01
   .18000000E+01 -.21934917E+01
   .18400000E+01 -.23555817E+01
   .18800000E+01 -.25314492E+01
   .19200000E+01 -.27231122E+01
   .19600000E+01 -.29330034E+01
   .20000000E+01 -.31640820E+01
Core Pot   L  =        2.00000   -.17976
  -.20000000E+01  .12853604E+01
  -.19600000E+01  .12686458E+01
  -.19200000E+01  .12516811E+01
  -.18800000E+01  .12344555E+01
  -.18400000E+01  .12169577E+01
  -.18000000E+01  .11991752E+01
  -.17600000E+01  .11810952E+01
  -.17200000E+01  .11627035E+01
  -.16800000E+01  .11439852E+01
  -.16400000E+01  .11249242E+01
  -.16000000E+01  .11055031E+01
  -.15600000E+01  .10857032E+01
  -.15200000E+01  .10655046E+01
  -.14800000E+01  .10448855E+01
  -.14400000E+01  .10238224E+01
  -.14000000E+01  .10022898E+01
  -.13600000E+01  .98026023E+00
  -.13200000E+01  .95770354E+00
  -.12800000E+01  .93458700E+00
  -.12400000E+01  .91087485E+00
  -.12000000E+01  .88652795E+00
  -.11600000E+01  .86150338E+00
  -.11200000E+01  .83575392E+00
  -.10800000E+01  .80922753E+00
  -.10400000E+01  .78186673E+00
  -.10000000E+01  .75360779E+00
  -.96000000E+00  .72437991E+00
  -.92000000E+00  .69410418E+00
  -.88000000E+00  .66269234E+00
  -.84000000E+00  .63004538E+00
  -.80000000E+00  .59605184E+00
  -.76000000E+00  .56058571E+00
  -.72000000E+00  .52350404E+00
  -.68000000E+00  .48464391E+00
  -.64000000E+00  .44381880E+00
  -.60000000E+00  .40081420E+00
  -.56000000E+00  .35538202E+00
  -.52000000E+00  .30723371E+00
  -.48000000E+00  .25603175E+00
  -.44000000E+00  .20137874E+00
  -.40000000E+00  .14280328E+00
  -.36000000E+00  .79741996E-01
  -.32000000E+00  .11515894E-01
  -.28000000E+00 -.62701029E-01
  -.24000000E+00 -.14392392E+00
  -.20000000E+00 -.23341460E+00
  -.16000000E+00 -.33276144E+00
  -.12000000E+00 -.44399250E+00
  -.80000000E-01 -.56973910E+00
  -.40000000E-01 -.71347836E+00
   .12351231E-14 -.87990303E+00
   .40000000E-01 -.10755039E+01
   .80000000E-01 -.13095228E+01
   .12000000E+00 -.15955827E+01
   .16000000E+00 -.19546346E+01
   .20000000E+00 -.24206508E+01
   .24000000E+00 -.30526036E+01
   .28000000E+00 -.39626486E+01
   .32000000E+00 -.53935347E+01
   .36000000E+00 -.79867403E+01
   .40000000E+00 -.14171586E+02
   .44000000E+00 -.48705899E+02
   .48000000E+00  .38989860E+02
   .52000000E+00  .14579257E+02
   .56000000E+00  .91906703E+01
   .60000000E+00  .68157829E+01
   .64000000E+00  .54738789E+01
   .68000000E+00  .46079848E+01
   .72000000E+00  .40004945E+01
   .76000000E+00  .35488624E+01
   .80000000E+00  .31984323E+01
   .84000000E+00  .29174038E+01
   .88000000E+00  .26860149E+01
   .92000000E+00  .24913371E+01
   .96000000E+00  .23245563E+01
   .10000000E+01  .21794562E+01
   .10400000E+01  .20515261E+01
   .10800000E+01  .19374133E+01
   .11200000E+01  .18345732E+01
   .11600000E+01  .17410393E+01
   .12000000E+01  .16552678E+01
   .12400000E+01  .15760288E+01
   .12800000E+01  .15023308E+01
   .13200000E+01  .14333646E+01
   .13600000E+01  .13684631E+01
   .14000000E+01  .13070715E+01
   .14400000E+01  .12487237E+01
   .14800000E+01  .11930253E+01
   .15200000E+01  .11396400E+01
   .15600000E+01  .10882791E+01
   .16000000E+01  .10386926E+01
   .16400000E+01  .99066338E+00
   .16800000E+01  .94400104E+00
   .17200000E+01  .89853799E+00
   .17600000E+01  .85412577E+00
   .18000000E+01  .81063212E+00
   .18400000E+01  .76793857E+00
   .18800000E+01  .72593842E+00
   .19200000E+01  .68453506E+00
   .19600000E+01  .64364051E+00
   .20000000E+01  .60317425E+00
Potential  L  =        2.00000   -.17976
  -.20000000E+01  .12349820E+01
  -.19600000E+01  .12173754E+01
  -.19200000E+01  .11995009E+01
  -.18800000E+01  .11813477E+01
  -.18400000E+01  .11629044E+01
  -.18000000E+01  .11441589E+01
  -.17600000E+01  .11250982E+01
  -.17200000E+01  .11057087E+01
  -.16800000E+01  .10859757E+01
  -.16400000E+01  .10658838E+01
  -.16000000E+01  .10454162E+01
  -.15600000E+01  .10245554E+01
  -.15200000E+01  .10032823E+01
  -.14800000E+01  .98157652E+00
  -.14400000E+01  .95941641E+00
  -.14000000E+01  .93677855E+00
  -.13600000E+01  .91363777E+00
  -.13200000E+01  .88996699E+00
  -.12800000E+01  .86573702E+00
  -.12400000E+01  .84091630E+00
  -.12000000E+01  .81547070E+00
  -.11600000E+01  .78936322E+00
  -.11200000E+01  .76255371E+00
  -.10800000E+01  .73499849E+00
  -.10400000E+01  .70664995E+00
  -.10000000E+01  .67745612E+00
  -.96000000E+00  .64736014E+00
  -.92000000E+00  .61629966E+00
  -.88000000E+00  .58420614E+00
  -.84000000E+00  .55100409E+00
  -.80000000E+00  .51661013E+00
  -.76000000E+00  .48093194E+00
  -.72000000E+00  .44386700E+00
  -.68000000E+00  .40530118E+00
  -.64000000E+00  .36510694E+00
  -.60000000E+00  .32314140E+00
  -.56000000E+00  .27924389E+00
  -.52000000E+00  .23323306E+00
  -.48000000E+00  .18490348E+00
  -.44000000E+00  .13402145E+00
  -.40000000E+00  .80319952E-01
  -.36000000E+00  .23492463E-01
  -.32000000E+00 -.36814633E-01
  -.28000000E+00 -.10101150E+00
  -.24000000E+00 -.16957665E+00
  -.20000000E+00 -.24307182E+00
  -.16000000E+00 -.32216098E+00
  -.12000000E+00 -.40763464E+00
  -.80000000E-01 -.50044170E+00
  -.40000000E-01 -.60173111E+00
   .12351231E-14 -.71290776E+00
   .40000000E-01 -.83570788E+00
   .80000000E-01 -.97230303E+00
   .12000000E+00 -.11254457E+01
   .16000000E+00 -.12986779E+01
   .20000000E+00 -.14966356E+01
   .24000000E+00 -.17255075E+01
   .28000000E+00 -.19937440E+01
   .32000000E+00 -.23131952E+01
   .36000000E+00 -.27010115E+01
   .40000000E+00 -.31829811E+01
   .44000000E+00 -.37997520E+01
   .48000000E+00 -.46193374E+01
   .52000000E+00 -.57648059E+01
   .56000000E+00 -.74841270E+01
   .60000000E+00 -.10362494E+02
   .64000000E+00 -.16190893E+02
   .68000000E+00 -.34371213E+02
   .72000000E+00  .56605805E+03
   .76000000E+00  .32211981E+02
   .80000000E+00  .16967922E+02
   .84000000E+00  .11681036E+02
   .88000000E+00  .89914006E+01
   .92000000E+00  .73586724E+01
   .96000000E+00  .62594488E+01
   .10000000E+01  .54669239E+01
   .10400000E+01  .48668670E+01
   .10800000E+01  .43954859E+01
   .11200000E+01  .40143548E+01
   .11600000E+01  .36989458E+01
   .12000000E+01  .34328657E+01
   .12400000E+01  .32047415E+01
   .12800000E+01  .30064351E+01
   .13200000E+01  .28319688E+01
   .13600000E+01  .26768530E+01
   .14000000E+01  .25376496E+01
   .14400000E+01  .24116812E+01
   .14800000E+01  .22968311E+01
   .15200000E+01  .21914039E+01
   .15600000E+01  .20940251E+01
   .16000000E+01  .20035686E+01
   .16400000E+01  .19191025E+01
   .16800000E+01  .18398489E+01
   .17200000E+01  .17651530E+01
   .17600000E+01  .16944597E+01
   .18000000E+01  .16272948E+01
   .18400000E+01  .15632506E+01
   .18800000E+01  .15019749E+01
   .19200000E+01  .14431608E+01
   .19600000E+01  .13865401E+01
   .20000000E+01  .13318772E+01
Core Pot   L  =        3.00000    .00000
  -.20000000E+01  .15973819E+01
  -.19600000E+01  .15846441E+01
  -.19200000E+01  .15717771E+01
  -.18800000E+01  .15587745E+01
  -.18400000E+01  .15456293E+01
  -.18000000E+01  .15323337E+01
  -.17600000E+01  .15188788E+01
  -.17200000E+01  .15052547E+01
  -.16800000E+01  .14914501E+01
  -.16400000E+01  .14774520E+01
  -.16000000E+01  .14632457E+01
  -.15600000E+01  .14488140E+01
  -.15200000E+01  .14341367E+01
  -.14800000E+01  .14191901E+01
  -.14400000E+01  .14039460E+01
  -.14000000E+01  .13883705E+01
  -.13600000E+01  .13724224E+01
  -.13200000E+01  .13560511E+01
  -.12800000E+01  .13391932E+01
  -.12400000E+01  .13217690E+01
  -.12000000E+01  .13036756E+01
  -.11600000E+01  .12847781E+01
  -.11200000E+01  .12648959E+01
  -.10800000E+01  .12437813E+01
  -.10400000E+01  .12210840E+01
  -.10000000E+01  .11962920E+01
  -.96000000E+00  .11686247E+01
  -.92000000E+00  .11368298E+01
  -.88000000E+00  .10987604E+01
  -.84000000E+00  .10504014E+01
  -.80000000E+00  .98326643E+00
  -.76000000E+00  .87576427E+00
  -.72000000E+00  .65196671E+00
  -.68000000E+00 -.27951958E+00
  -.64000000E+00  .32479382E+01
  -.60000000E+00  .17524468E+01
  -.56000000E+00  .14842840E+01
  -.52000000E+00  .13637974E+01
  -.48000000E+00  .12904230E+01
  -.44000000E+00  .12379357E+01
  -.40000000E+00  .11964702E+01
  -.36000000E+00  .11614828E+01
  -.32000000E+00  .11305879E+01
  -.28000000E+00  .11024111E+01
  -.24000000E+00  .10761037E+01
  -.20000000E+00  .10511118E+01
  -.16000000E+00  .10270577E+01
  -.12000000E+00  .10036741E+01
  -.80000000E-01  .98076542E+00
  -.40000000E-01  .95818461E+00
   .12351231E-14  .93581816E+00
   .40000000E-01  .91357634E+00
   .80000000E-01  .89138660E+00
   .12000000E+00  .86918903E+00
   .16000000E+00  .84693307E+00
   .20000000E+00  .82457526E+00
   .24000000E+00  .80207740E+00
   .28000000E+00  .77940536E+00
   .32000000E+00  .75652805E+00
   .36000000E+00  .73341662E+00
   .40000000E+00  .71004392E+00
   .44000000E+00  .68638394E+00
   .48000000E+00  .66241147E+00
   .52000000E+00  .63810170E+00
   .56000000E+00  .61342998E+00
   .60000000E+00  .58837156E+00
   .64000000E+00  .56290132E+00
   .68000000E+00  .53699363E+00
   .72000000E+00  .51062207E+00
   .76000000E+00  .48375932E+00
   .80000000E+00  .45637690E+00
   .84000000E+00  .42844503E+00
   .88000000E+00  .39993241E+00
   .92000000E+00  .37080602E+00
   .96000000E+00  .34103093E+00
   .10000000E+01  .31056996E+00
   .10400000E+01  .27938363E+00
   .10800000E+01  .24742971E+00
   .11200000E+01  .21466297E+00
   .11600000E+01  .18103490E+00
   .12000000E+01  .14649328E+00
   .12400000E+01  .11098184E+00
   .12800000E+01  .74439731E-01
   .13200000E+01  .36801057E-01
   .13600000E+01 -.20057135E-02
   .14000000E+01 -.42058403E-01
   .14400000E+01 -.83441875E-01
   .14800000E+01 -.12624888E+00
   .15200000E+01 -.17058103E+00
   .15600000E+01 -.21654991E+00
   .16000000E+01 -.26427840E+00
   .16400000E+01 -.31390210E+00
   .16800000E+01 -.36557114E+00
   .17200000E+01 -.41945214E+00
   .17600000E+01 -.47573061E+00
   .18000000E+01 -.53461374E+00
   .18400000E+01 -.59633365E+00
   .18800000E+01 -.66115132E+00
   .19200000E+01 -.72936128E+00
   .19600000E+01 -.80129717E+00
   .20000000E+01 -.87733850E+00
Potential  L  =        3.00000    .00000
  -.20000000E+01  .16113989E+01
  -.19600000E+01  .15993417E+01
  -.19200000E+01  .15872037E+01
  -.18800000E+01  .15749833E+01
  -.18400000E+01  .15626790E+01
  -.18000000E+01  .15502892E+01
  -.17600000E+01  .15378124E+01
  -.17200000E+01  .15252469E+01
  -.16800000E+01  .15125909E+01
  -.16400000E+01  .14998428E+01
  -.16000000E+01  .14870006E+01
  -.15600000E+01  .14740626E+01
  -.15200000E+01  .14610267E+01
  -.14800000E+01  .14478911E+01
  -.14400000E+01  .14346537E+01
  -.14000000E+01  .14213123E+01
  -.13600000E+01  .14078649E+01
  -.13200000E+01  .13943090E+01
  -.12800000E+01  .13806426E+01
  -.12400000E+01  .13668630E+01
  -.12000000E+01  .13529680E+01
  -.11600000E+01  .13389548E+01
  -.11200000E+01  .13248210E+01
  -.10800000E+01  .13105637E+01
  -.10400000E+01  .12961801E+01
  -.10000000E+01  .12816674E+01
  -.96000000E+00  .12670224E+01
  -.92000000E+00  .12522421E+01
  -.88000000E+00  .12373232E+01
  -.84000000E+00  .12222624E+01
  -.80000000E+00  .12070562E+01
  -.76000000E+00  .11917010E+01
  -.72000000E+00  .11761930E+01
  -.68000000E+00  .11605283E+01
  -.64000000E+00  .11447030E+01
  -.60000000E+00  .11287128E+01
  -.56000000E+00  .11125534E+01
  -.52000000E+00  .10962203E+01
  -.48000000E+00  .10797087E+01
  -.44000000E+00  .10630139E+01
  -.40000000E+00  .10461306E+01
  -.36000000E+00  .10290536E+01
  -.32000000E+00  .10117773E+01
  -.28000000E+00  .99429611E+00
  -.24000000E+00  .97660390E+00
  -.20000000E+00  .95869444E+00
  -.16000000E+00  .94056119E+00
  -.12000000E+00  .92219734E+00
  -.80000000E-01  .90359574E+00
  -.40000000E-01  .88474895E+00
   .12351231E-14  .86564916E+00
   .40000000E-01  .84628821E+00
   .80000000E-01  .82665755E+00
   .12000000E+00  .80674822E+00
   .16000000E+00  .78655083E+00
   .20000000E+00  .76605550E+00
   .24000000E+00  .74525191E+00
   .28000000E+00  .72412916E+00
   .32000000E+00  .70267583E+00
   .36000000E+00  .68087989E+00
   .40000000E+00  .65872868E+00
   .44000000E+00  .63620886E+00
   .48000000E+00  .61330636E+00
   .52000000E+00  .59000634E+00
   .56000000E+00  .56629314E+00
   .60000000E+00  .54215038E+00
   .64000000E+00  .51756014E+00
   .68000000E+00  .49250407E+00
   .72000000E+00  .46696252E+00
   .76000000E+00  .44091465E+00
   .80000000E+00  .41433832E+00
   .84000000E+00  .38721003E+00
   .88000000E+00  .35950478E+00
   .92000000E+00  .33119593E+00
   .96000000E+00  .30225512E+00
   .10000000E+01  .27265205E+00
   .10400000E+01  .24235439E+00
   .10800000E+01  .21132755E+00
   .11200000E+01  .17953449E+00
   .11600000E+01  .14693551E+00
   .12000000E+01  .11348798E+00
   .12400000E+01  .79146095E-01
   .12800000E+01  .43860538E-01
   .13200000E+01  .75778864E-02
   .13600000E+01 -.29758672E-01
   .14000000E+01 -.68211463E-01
   .14400000E+01 -.10784767E+00
   .14800000E+01 -.14874013E+00
   .15200000E+01 -.19096805E+00
   .15600000E+01 -.23461762E+00
   .16000000E+01 -.27978283E+00
   .16400000E+01 -.32656643E+00
   .16800000E+01 -.37508089E+00
   .17200000E+01 -.42544967E+00
   .17600000E+01 -.47780855E+00
   .18000000E+01 -.53230723E+00
   .18400000E+01 -.58911115E+00
   .18800000E+01 -.64840368E+00
   .19200000E+01 -.71038853E+00
   .19600000E+01 -.77529275E+00
   .20000000E+01 -.84337011E+00
Core Pot   L  =        4.00000    .00000
  -.20000000E+01  .19091443E+01
  -.19600000E+01  .18990574E+01
  -.19200000E+01  .18889229E+01
  -.18800000E+01  .18787402E+01
  -.18400000E+01  .18685087E+01
  -.18000000E+01  .18582276E+01
  -.17600000E+01  .18478964E+01
  -.17200000E+01  .18375144E+01
  -.16800000E+01  .18270808E+01
  -.16400000E+01  .18165949E+01
  -.16000000E+01  .18060561E+01
  -.15600000E+01  .17954636E+01
  -.15200000E+01  .17848166E+01
  -.14800000E+01  .17741144E+01
  -.14400000E+01  .17633561E+01
  -.14000000E+01  .17525410E+01
  -.13600000E+01  .17416683E+01
  -.13200000E+01  .17307370E+01
  -.12800000E+01  .17197464E+01
  -.12400000E+01  .17086954E+01
  -.12000000E+01  .16975834E+01
  -.11600000E+01  .16864092E+01
  -.11200000E+01  .16751720E+01
  -.10800000E+01  .16638708E+01
  -.10400000E+01  .16525046E+01
  -.10000000E+01  .16410724E+01
  -.96000000E+00  .16295731E+01
  -.92000000E+00  .16180057E+01
  -.88000000E+00  .16063691E+01
  -.84000000E+00  .15946621E+01
  -.80000000E+00  .15828836E+01
  -.76000000E+00  .15710324E+01
  -.72000000E+00  .15591074E+01
  -.68000000E+00  .15471072E+01
  -.64000000E+00  .15350307E+01
  -.60000000E+00  .15228764E+01
  -.56000000E+00  .15106431E+01
  -.52000000E+00  .14983293E+01
  -.48000000E+00  .14859338E+01
  -.44000000E+00  .14734549E+01
  -.40000000E+00  .14608913E+01
  -.36000000E+00  .14482413E+01
  -.32000000E+00  .14355035E+01
  -.28000000E+00  .14226761E+01
  -.24000000E+00  .14097576E+01
  -.20000000E+00  .13967462E+01
  -.16000000E+00  .13836402E+01
  -.12000000E+00  .13704377E+01
  -.80000000E-01  .13571368E+01
  -.40000000E-01  .13437357E+01
   .12351231E-14  .13302324E+01
   .40000000E-01  .13166249E+01
   .80000000E-01  .13029109E+01
   .12000000E+00  .12890885E+01
   .16000000E+00  .12751552E+01
   .20000000E+00  .12611089E+01
   .24000000E+00  .12469472E+01
   .28000000E+00  .12326676E+01
   .32000000E+00  .12182675E+01
   .36000000E+00  .12037445E+01
   .40000000E+00  .11890957E+01
   .44000000E+00  .11743184E+01
   .48000000E+00  .11594096E+01
   .52000000E+00  .11443666E+01
   .56000000E+00  .11291860E+01
   .60000000E+00  .11138649E+01
   .64000000E+00  .10983998E+01
   .68000000E+00  .10827873E+01
   .72000000E+00  .10670240E+01
   .76000000E+00  .10511062E+01
   .80000000E+00  .10350300E+01
   .84000000E+00  .10187915E+01
   .88000000E+00  .10023867E+01
   .92000000E+00  .98581131E+00
   .96000000E+00  .96906095E+00
   .10000000E+01  .95213104E+00
   .10400000E+01  .93501687E+00
   .10800000E+01  .91771348E+00
   .11200000E+01  .90021578E+00
   .11600000E+01  .88251842E+00
   .12000000E+01  .86461586E+00
   .12400000E+01  .84650234E+00
   .12800000E+01  .82817183E+00
   .13200000E+01  .80961808E+00
   .13600000E+01  .79083455E+00
   .14000000E+01  .77181443E+00
   .14400000E+01  .75255060E+00
   .14800000E+01  .73303564E+00
   .15200000E+01  .71326179E+00
   .15600000E+01  .69322095E+00
   .16000000E+01  .67290461E+00
   .16400000E+01  .65230392E+00
   .16800000E+01  .63140956E+00
   .17200000E+01  .61021181E+00
   .17600000E+01  .58870044E+00
   .18000000E+01  .56686475E+00
   .18400000E+01  .54469350E+00
   .18800000E+01  .52217486E+00
   .19200000E+01  .49929642E+00
   .19600000E+01  .47604512E+00
   .20000000E+01  .45240721E+00
Potential  L  =        4.00000    .00000
  -.20000000E+01  .19112695E+01
  -.19600000E+01  .19012302E+01
  -.19200000E+01  .18911449E+01
  -.18800000E+01  .18810126E+01
  -.18400000E+01  .18708329E+01
  -.18000000E+01  .18606050E+01
  -.17600000E+01  .18503285E+01
  -.17200000E+01  .18400021E+01
  -.16800000E+01  .18296267E+01
  -.16400000E+01  .18192003E+01
  -.16000000E+01  .18087223E+01
  -.15600000E+01  .17981927E+01
  -.15200000E+01  .17876111E+01
  -.14800000E+01  .17769742E+01
  -.14400000E+01  .17662853E+01
  -.14000000E+01  .17555406E+01
  -.13600000E+01  .17447392E+01
  -.13200000E+01  .17338832E+01
  -.12800000E+01  .17229692E+01
  -.12400000E+01  .17119970E+01
  -.12000000E+01  .17009653E+01
  -.11600000E+01  .16898754E+01
  -.11200000E+01  .16787242E+01
  -.10800000E+01  .16675105E+01
  -.10400000E+01  .16562366E+01
  -.10000000E+01  .16448984E+01
  -.96000000E+00  .16334959E+01
  -.92000000E+00  .16220283E+01
  -.88000000E+00  .16104944E+01
  -.84000000E+00  .15988934E+01
  -.80000000E+00  .15872242E+01
  -.76000000E+00  .15754857E+01
  -.72000000E+00  .15636768E+01
  -.68000000E+00  .15517964E+01
  -.64000000E+00  .15398434E+01
  -.60000000E+00  .15278166E+01
  -.56000000E+00  .15157149E+01
  -.52000000E+00  .15035369E+01
  -.48000000E+00  .14912806E+01
  -.44000000E+00  .14789472E+01
  -.40000000E+00  .14665322E+01
  -.36000000E+00  .14540364E+01
  -.32000000E+00  .14414580E+01
  -.28000000E+00  .14287960E+01
  -.24000000E+00  .14160475E+01
  -.20000000E+00  .14032119E+01
  -.16000000E+00  .13902874E+01
  -.12000000E+00  .13772720E+01
  -.80000000E-01  .13641654E+01
  -.40000000E-01  .13509651E+01
   .12351231E-14  .13376696E+01
   .40000000E-01  .13242770E+01
   .80000000E-01  .13107855E+01
   .12000000E+00  .12971933E+01
   .16000000E+00  .12834984E+01
   .20000000E+00  .12696989E+01
   .24000000E+00  .12557928E+01
   .28000000E+00  .12417780E+01
   .32000000E+00  .12276523E+01
   .36000000E+00  .12134135E+01
   .40000000E+00  .11990595E+01
   .44000000E+00  .11845877E+01
   .48000000E+00  .11699959E+01
   .52000000E+00  .11552816E+01
   .56000000E+00  .11404422E+01
   .60000000E+00  .11254750E+01
   .64000000E+00  .11103774E+01
   .68000000E+00  .10951465E+01
   .72000000E+00  .10797795E+01
   .76000000E+00  .10642733E+01
   .80000000E+00  .10486249E+01
   .84000000E+00  .10328311E+01
   .88000000E+00  .10168886E+01
   .92000000E+00  .10007941E+01
   .96000000E+00  .98454391E+00
   .10000000E+01  .96813451E+00
   .10400000E+01  .95156213E+00
   .10800000E+01  .93482287E+00
   .11200000E+01  .91791271E+00
   .11600000E+01  .90082748E+00
   .12000000E+01  .88356287E+00
   .12400000E+01  .86611438E+00
   .12800000E+01  .84847744E+00
   .13200000E+01  .83064721E+00
   .13600000E+01  .81261870E+00
   .14000000E+01  .79438676E+00
   .14400000E+01  .77594601E+00
   .14800000E+01  .75729088E+00
   .15200000E+01  .73841559E+00
   .15600000E+01  .71931411E+00
   .16000000E+01  .69998020E+00
   .16400000E+01  .68040734E+00
   .16800000E+01  .66058876E+00
   .17200000E+01  .64051744E+00
   .17600000E+01  .62018602E+00
   .18000000E+01  .59958687E+00
   .18400000E+01  .57871201E+00
   .18800000E+01  .55755313E+00
   .19200000E+01  .53610156E+00
   .19600000E+01  .51434837E+00
   .20000000E+01  .49228385E+00
KBPotential  L  =       .00000   -.61557
  -.20000000E+01  .11345518E+01
  -.19600000E+01  .11177239E+01
  -.19200000E+01  .11007074E+01
  -.18800000E+01  .10834973E+01
  -.18400000E+01  .10660882E+01
  -.18000000E+01  .10484748E+01
  -.17600000E+01  .10306512E+01
  -.17200000E+01  .10126116E+01
  -.16800000E+01  .99434977E+00
  -.16400000E+01  .97585935E+00
  -.16000000E+01  .95713362E+00
  -.15600000E+01  .93816561E+00
  -.15200000E+01  .91894802E+00
  -.14800000E+01  .89947326E+00
  -.14400000E+01  .87973341E+00
  -.14000000E+01  .85972017E+00
  -.13600000E+01  .83942487E+00
  -.13200000E+01  .81883847E+00
  -.12800000E+01  .79795148E+00
  -.12400000E+01  .77675399E+00
  -.12000000E+01  .75523559E+00
  -.11600000E+01  .73338539E+00
  -.11200000E+01  .71119197E+00
  -.10800000E+01  .68864332E+00
  -.10400000E+01  .66572685E+00
  -.10000000E+01  .64242932E+00
  -.96000000E+00  .61873681E+00
  -.92000000E+00  .59463468E+00
  -.88000000E+00  .57010750E+00
  -.84000000E+00  .54513901E+00
  -.80000000E+00  .51971208E+00
  -.76000000E+00  .49380860E+00
  -.72000000E+00  .46740947E+00
  -.68000000E+00  .44049452E+00
  -.64000000E+00  .41304229E+00
  -.60000000E+00  .38503019E+00
  -.56000000E+00  .35643424E+00
  -.52000000E+00  .32722893E+00
  -.48000000E+00  .29738729E+00
  -.44000000E+00  .26688058E+00
  -.40000000E+00  .23567821E+00
  -.36000000E+00  .20374761E+00
  -.32000000E+00  .17105406E+00
  -.28000000E+00  .13756045E+00
  -.24000000E+00  .10322712E+00
  -.20000000E+00  .68011637E-01
  -.16000000E+00  .31868454E-01
  -.12000000E+00 -.52513487E-02
  -.80000000E-01 -.43400441E-01
  -.40000000E-01 -.82635678E-01
   .12351231E-14 -.12301866E+00
   .40000000E-01 -.16461654E+00
   .80000000E-01 -.20750318E+00
   .12000000E+00 -.25176135E+00
   .16000000E+00 -.29748805E+00
   .20000000E+00 -.34480915E+00
   .24000000E+00 -.39394824E+00
   .28000000E+00 -.44592211E+00
   .32000000E+00 -.49143852E+00
   .36000000E+00 -.54902195E+00
   .40000000E+00 -.60593478E+00
   .44000000E+00 -.66481132E+00
   .48000000E+00 -.72601917E+00
   .52000000E+00 -.78979244E+00
   .56000000E+00 -.85635243E+00
   .60000000E+00 -.92593214E+00
   .64000000E+00 -.99878541E+00
   .68000000E+00 -.10751928E+01
   .72000000E+00 -.11554665E+01
   .76000000E+00 -.12399562E+01
   .80000000E+00 -.13290548E+01
   .84000000E+00 -.14232060E+01
   .88000000E+00 -.15229126E+01
   .92000000E+00 -.16287470E+01
   .96000000E+00 -.17413639E+01
   .10000000E+01 -.18615153E+01
   .10400000E+01 -.19900699E+01
   .10800000E+01 -.21280361E+01
   .11200000E+01 -.22765918E+01
   .11600000E+01 -.24371213E+01
   .12000000E+01 -.26112630E+01
   .12400000E+01 -.28009702E+01
   .12800000E+01 -.30085908E+01
   .13200000E+01 -.32369722E+01
   .13600000E+01 -.34896021E+01
   .14000000E+01 -.37707987E+01
   .14400000E+01 -.40859741E+01
   .14800000E+01 -.44420039E+01
   .15200000E+01 -.48477583E+01
   .15600000E+01 -.53148820E+01
   .16000000E+01 -.58589710E+01
   .16400000E+01 -.65014042E+01
   .16800000E+01 -.72722983E+01
   .17200000E+01 -.82154808E+01
   .17600000E+01 -.93972929E+01
   .18000000E+01 -.10923180E+02
   .18400000E+01 -.12971480E+02
   .18800000E+01 -.15869578E+02
   .19200000E+01 -.20290738E+02
   .19600000E+01 -.27874833E+02
   .20000000E+01 -.43934288E+02
KBPotential  L  =      1.00000  -4.08885
  -.20000000E+01 -.30658442E+01
  -.19600000E+01 -.10784108E+02
  -.19200000E+01  .17081619E+02
  -.18800000E+01  .60370331E+01
  -.18400000E+01  .40596678E+01
  -.18000000E+01  .32259003E+01
  -.17600000E+01  .27617339E+01
  -.17200000E+01  .24630160E+01
  -.16800000E+01  .22525327E+01
  -.16400000E+01  .20946205E+01
  -.16000000E+01  .19705306E+01
  -.15600000E+01  .18694637E+01
  -.15200000E+01  .17847592E+01
  -.14800000E+01  .17120863E+01
  -.14400000E+01  .16485056E+01
  -.14000000E+01  .15919538E+01
  -.13600000E+01  .15409369E+01
  -.13200000E+01  .14943477E+01
  -.12800000E+01  .14513475E+01
  -.12400000E+01  .14112893E+01
  -.12000000E+01  .13736655E+01
  -.11600000E+01  .13380722E+01
  -.11200000E+01  .13041839E+01
  -.10800000E+01  .12717345E+01
  -.10400000E+01  .12405048E+01
  -.10000000E+01  .12103124E+01
  -.96000000E+00  .11810038E+01
  -.92000000E+00  .11524481E+01
  -.88000000E+00  .11245342E+01
  -.84000000E+00  .10971660E+01
  -.80000000E+00  .10702606E+01
  -.76000000E+00  .10437440E+01
  -.72000000E+00  .10175526E+01
  -.68000000E+00  .99162919E+00
  -.64000000E+00  .96592294E+00
  -.60000000E+00  .94038806E+00
  -.56000000E+00  .91498316E+00
  -.52000000E+00  .88967053E+00
  -.48000000E+00  .86441558E+00
  -.44000000E+00  .83918640E+00
  -.40000000E+00  .81395335E+00
  -.36000000E+00  .78868870E+00
  -.32000000E+00  .76336639E+00
  -.28000000E+00  .73796167E+00
  -.24000000E+00  .71245100E+00
  -.20000000E+00  .68681160E+00
  -.16000000E+00  .66102217E+00
  -.12000000E+00  .63506078E+00
  -.80000000E-01  .60890750E+00
  -.40000000E-01  .58254137E+00
   .12351231E-14  .55594247E+00
   .40000000E-01  .52909080E+00
   .80000000E-01  .50196646E+00
   .12000000E+00  .47454939E+00
   .16000000E+00  .44681943E+00
   .20000000E+00  .41875615E+00
   .24000000E+00  .39033885E+00
   .28000000E+00  .36154621E+00
   .32000000E+00  .33235660E+00
   .36000000E+00  .30274777E+00
   .40000000E+00  .27269673E+00
   .44000000E+00  .24217974E+00
   .48000000E+00  .21117219E+00
   .52000000E+00  .17964851E+00
   .56000000E+00  .14758205E+00
   .60000000E+00  .11494469E+00
   .64000000E+00  .81707909E-01
   .68000000E+00  .47840849E-01
   .72000000E+00  .13311461E-01
   .76000000E+00 -.21914057E-01
   .80000000E+00 -.57871316E-01
   .84000000E+00 -.94597951E-01
   .88000000E+00 -.13213380E+00
   .92000000E+00 -.17052105E+00
   .96000000E+00 -.20980454E+00
   .10000000E+01 -.25003193E+00
   .10400000E+01 -.29125404E+00
   .10800000E+01 -.33352501E+00
   .11200000E+01 -.37690271E+00
   .11600000E+01 -.42144900E+00
   .12000000E+01 -.46723045E+00
   .12400000E+01 -.51431822E+00
   .12800000E+01 -.56278890E+00
   .13200000E+01 -.61272526E+00
   .13600000E+01 -.66421626E+00
   .14000000E+01 -.71735818E+00
   .14400000E+01 -.77225523E+00
   .14800000E+01 -.82902047E+00
   .15200000E+01 -.88777696E+00
   .15600000E+01 -.94865809E+00
   .16000000E+01 -.10118100E+01
   .16400000E+01 -.10773921E+01
   .16800000E+01 -.11455794E+01
   .17200000E+01 -.12165642E+01
   .17600000E+01 -.12905569E+01
   .18000000E+01 -.13677910E+01
   .18400000E+01 -.14485243E+01
   .18800000E+01 -.15330431E+01
   .19200000E+01 -.16216654E+01
   .19600000E+01 -.17147461E+01
   .20000000E+01 -.18126827E+01
KBPotential  L  =      2.00000   -.35953
  -.20000000E+01  .12984287E+01
  -.19600000E+01  .12811757E+01
  -.19200000E+01  .12636801E+01
  -.18800000E+01  .12459344E+01
  -.18400000E+01  .12279216E+01
  -.18000000E+01  .12096326E+01
  -.17600000E+01  .11910545E+01
  -.17200000E+01  .11721737E+01
  -.16800000E+01  .11529754E+01
  -.16400000E+01  .11334437E+01
  -.16000000E+01  .11135617E+01
  -.15600000E+01  .10933110E+01
  -.15200000E+01  .10726718E+01
  -.14800000E+01  .10516226E+01
  -.14400000E+01  .10301404E+01
  -.14000000E+01  .10081998E+01
  -.13600000E+01  .98577375E+00
  -.13200000E+01  .96283234E+00
  -.12800000E+01  .93934316E+00
  -.12400000E+01  .91527075E+00
  -.12000000E+01  .89057629E+00
  -.11600000E+01  .86521713E+00
  -.11200000E+01  .83914636E+00
  -.10800000E+01  .81231223E+00
  -.10400000E+01  .78465749E+00
  -.10000000E+01  .75611878E+00
  -.96000000E+00  .72662552E+00
  -.92000000E+00  .69609901E+00
  -.88000000E+00  .66445527E+00
  -.84000000E+00  .63158755E+00
  -.80000000E+00  .59738845E+00
  -.76000000E+00  .56173223E+00
  -.72000000E+00  .52447559E+00
  -.68000000E+00  .48545609E+00
  -.64000000E+00  .44448706E+00
  -.60000000E+00  .40135386E+00
  -.56000000E+00  .35580817E+00
  -.52000000E+00  .30756051E+00
  -.48000000E+00  .25627448E+00
  -.44000000E+00  .20155131E+00
  -.40000000E+00  .14291894E+00
  -.36000000E+00  .79813145E-01
  -.32000000E+00  .11553814E-01
  -.28000000E+00 -.62686288E-01
  -.24000000E+00 -.14392375E+00
  -.20000000E+00 -.23342254E+00
  -.16000000E+00 -.33277262E+00
  -.12000000E+00 -.44400423E+00
  -.80000000E-01 -.56975057E+00
  -.40000000E-01 -.71348997E+00
   .12351231E-14 -.87991463E+00
   .40000000E-01 -.10755109E+01
   .80000000E-01 -.13095074E+01
   .12000000E+00 -.15954939E+01
   .16000000E+00 -.19543574E+01
   .20000000E+00 -.24198967E+01
   .24000000E+00 -.30507006E+01
   .28000000E+00 -.39578876E+01
   .32000000E+00 -.53810671E+01
   .36000000E+00 -.79495085E+01
   .40000000E+00 -.14017101E+02
   .44000000E+00 -.46427489E+02
   .48000000E+00  .41038902E+02
   .52000000E+00  .14927835E+02
   .56000000E+00  .93606904E+01
   .60000000E+00  .69296300E+01
   .64000000E+00  .55625098E+01
   .68000000E+00  .46831893E+01
   .72000000E+00  .40678813E+01
   .76000000E+00  .36115104E+01
   .80000000E+00  .32582138E+01
   .84000000E+00  .29755492E+01
   .88000000E+00  .27433857E+01
   .92000000E+00  .25485693E+01
   .96000000E+00  .23821413E+01
   .10000000E+01  .22377891E+01
   .10400000E+01  .21109363E+01
   .10800000E+01  .19981840E+01
   .11200000E+01  .18969551E+01
   .11600000E+01  .18052597E+01
   .12000000E+01  .17215369E+01
   .12400000E+01  .16445451E+01
   .12800000E+01  .15732841E+01
   .13200000E+01  .15069391E+01
   .13600000E+01  .14448397E+01
   .14000000E+01  .13864118E+01
   .14400000E+01  .13312422E+01
   .14800000E+01  .12788829E+01
   .15200000E+01  .12290164E+01
   .15600000E+01  .11813594E+01
   .16000000E+01  .11356640E+01
   .16400000E+01  .10917154E+01
   .16800000E+01  .10493327E+01
   .17200000E+01  .10083487E+01
   .17600000E+01  .96862231E+00
   .18000000E+01  .93002772E+00
   .18400000E+01  .89245349E+00
   .18800000E+01  .85580185E+00
   .19200000E+01  .81998018E+00
   .19600000E+01  .78491069E+00
   .20000000E+01  .75052272E+00
KBPotential  L  =      3.00000    .00000
  -.20000000E+01  .16113989E+01
  -.19600000E+01  .15993417E+01
  -.19200000E+01  .15872037E+01
  -.18800000E+01  .15749833E+01
  -.18400000E+01  .15626790E+01
  -.18000000E+01  .15502892E+01
  -.17600000E+01  .15378124E+01
  -.17200000E+01  .15252469E+01
  -.16800000E+01  .15125909E+01
  -.16400000E+01  .14998428E+01
  -.16000000E+01  .14870006E+01
  -.15600000E+01  .14740626E+01
  -.15200000E+01  .14610267E+01
  -.14800000E+01  .14478911E+01
  -.14400000E+01  .14346537E+01
  -.14000000E+01  .14213123E+01
  -.13600000E+01  .14078649E+01
  -.13200000E+01  .13943090E+01
  -.12800000E+01  .13806426E+01
  -.12400000E+01  .13668630E+01
  -.12000000E+01  .13529680E+01
  -.11600000E+01  .13389548E+01
  -.11200000E+01  .13248210E+01
  -.10800000E+01  .13105637E+01
  -.10400000E+01  .12961801E+01
  -.10000000E+01  .12816674E+01
  -.96000000E+00  .12670224E+01
  -.92000000E+00  .12522421E+01
  -.88000000E+00  .12373232E+01
  -.84000000E+00  .12222624E+01
  -.80000000E+00  .12070562E+01
  -.76000000E+00  .11917010E+01
  -.72000000E+00  .11761930E+01
  -.68000000E+00  .11605283E+01
  -.64000000E+00  .11447030E+01
  -.60000000E+00  .11287128E+01
  -.56000000E+00  .11125534E+01
  -.52000000E+00  .10962203E+01
  -.48000000E+00  .10797087E+01
  -.44000000E+00  .10630139E+01
  -.40000000E+00  .10461306E+01
  -.36000000E+00  .10290536E+01
  -.32000000E+00  .10117773E+01
  -.28000000E+00  .99429611E+00
  -.24000000E+00  .97660390E+00
  -.20000000E+00  .95869444E+00
  -.16000000E+00  .94056119E+00
  -.12000000E+00  .92219734E+00
  -.80000000E-01  .90359574E+00
  -.40000000E-01  .88474895E+00
   .12351231E-14  .86564916E+00
   .40000000E-01  .84628821E+00
   .80000000E-01  .82665755E+00
   .12000000E+00  .80674822E+00
   .16000000E+00  .78655083E+00
   .20000000E+00  .76605550E+00
   .24000000E+00  .74525191E+00
   .28000000E+00  .72412916E+00
   .32000000E+00  .70267583E+00
   .36000000E+00  .68087989E+00
   .40000000E+00  .65872868E+00
   .44000000E+00  .63620886E+00
   .48000000E+00  .61330636E+00
   .52000000E+00  .59000634E+00
   .56000000E+00  .56629314E+00
   .60000000E+00  .54215038E+00
   .64000000E+00  .51756014E+00
   .68000000E+00  .49250407E+00
   .72000000E+00  .46696252E+00
   .76000000E+00  .44091465E+00
   .80000000E+00  .41433832E+00
   .84000000E+00  .38721003E+00
   .88000000E+00  .35950478E+00
   .92000000E+00  .33119593E+00
   .96000000E+00  .30225512E+00
   .10000000E+01  .27265205E+00
   .10400000E+01  .24235439E+00
   .10800000E+01  .21132755E+00
   .11200000E+01  .17953449E+00
   .11600000E+01  .14693551E+00
   .12000000E+01  .11348798E+00
   .12400000E+01  .79146095E-01
   .12800000E+01  .43860538E-01
   .13200000E+01  .75778864E-02
   .13600000E+01 -.29758672E-01
   .14000000E+01 -.68211463E-01
   .14400000E+01 -.10784767E+00
   .14800000E+01 -.14874013E+00
   .15200000E+01 -.19096805E+00
   .15600000E+01 -.23461762E+00
   .16000000E+01 -.27978283E+00
   .16400000E+01 -.32656643E+00
   .16800000E+01 -.37508089E+00
   .17200000E+01 -.42544967E+00
   .17600000E+01 -.47780855E+00
   .18000000E+01 -.53230723E+00
   .18400000E+01 -.58911115E+00
   .18800000E+01 -.64840368E+00
   .19200000E+01 -.71038853E+00
   .19600000E+01 -.77529275E+00
   .20000000E+01 -.84337011E+00
KBPotential  L  =      4.00000    .00000
  -.20000000E+01  .19112695E+01
  -.19600000E+01  .19012302E+01
  -.19200000E+01  .18911449E+01
  -.18800000E+01  .18810126E+01
  -.18400000E+01  .18708329E+01
  -.18000000E+01  .18606050E+01
  -.17600000E+01  .18503285E+01
  -.17200000E+01  .18400021E+01
  -.16800000E+01  .18296267E+01
  -.16400000E+01  .18192003E+01
  -.16000000E+01  .18087223E+01
  -.15600000E+01  .17981927E+01
  -.15200000E+01  .17876111E+01
  -.14800000E+01  .17769742E+01
  -.14400000E+01  .17662853E+01
  -.14000000E+01  .17555406E+01
  -.13600000E+01  .17447392E+01
  -.13200000E+01  .17338832E+01
  -.12800000E+01  .17229692E+01
  -.12400000E+01  .17119970E+01
  -.12000000E+01  .17009653E+01
  -.11600000E+01  .16898754E+01
  -.11200000E+01  .16787242E+01
  -.10800000E+01  .16675105E+01
  -.10400000E+01  .16562366E+01
  -.10000000E+01  .16448984E+01
  -.96000000E+00  .16334959E+01
  -.92000000E+00  .16220283E+01
  -.88000000E+00  .16104944E+01
  -.84000000E+00  .15988934E+01
  -.80000000E+00  .15872242E+01
  -.76000000E+00  .15754857E+01
  -.72000000E+00  .15636768E+01
  -.68000000E+00  .15517964E+01
  -.64000000E+00  .15398434E+01
  -.60000000E+00  .15278166E+01
  -.56000000E+00  .15157149E+01
  -.52000000E+00  .15035369E+01
  -.48000000E+00  .14912806E+01
  -.44000000E+00  .14789472E+01
  -.40000000E+00  .14665322E+01
  -.36000000E+00  .14540364E+01
  -.32000000E+00  .14414580E+01
  -.28000000E+00  .14287960E+01
  -.24000000E+00  .14160475E+01
  -.20000000E+00  .14032119E+01
  -.16000000E+00  .13902874E+01
  -.12000000E+00  .13772720E+01
  -.80000000E-01  .13641654E+01
  -.40000000E-01  .13509651E+01
   .12351231E-14  .13376696E+01
   .40000000E-01  .13242770E+01
   .80000000E-01  .13107855E+01
   .12000000E+00  .12971933E+01
   .16000000E+00  .12834984E+01
   .20000000E+00  .12696989E+01
   .24000000E+00  .12557928E+01
   .28000000E+00  .12417780E+01
   .32000000E+00  .12276523E+01
   .36000000E+00  .12134135E+01
   .40000000E+00  .11990595E+01
   .44000000E+00  .11845877E+01
   .48000000E+00  .11699959E+01
   .52000000E+00  .11552816E+01
   .56000000E+00  .11404422E+01
   .60000000E+00  .11254750E+01
   .64000000E+00  .11103774E+01
   .68000000E+00  .10951465E+01
   .72000000E+00  .10797795E+01
   .76000000E+00  .10642733E+01
   .80000000E+00  .10486249E+01
   .84000000E+00  .10328311E+01
   .88000000E+00  .10168886E+01
   .92000000E+00  .10007941E+01
   .96000000E+00  .98454391E+00
   .10000000E+01  .96813451E+00
   .10400000E+01  .95156213E+00
   .10800000E+01  .93482287E+00
   .11200000E+01  .91791271E+00
   .11600000E+01  .90082748E+00
   .12000000E+01  .88356287E+00
   .12400000E+01  .86611438E+00
   .12800000E+01  .84847744E+00
   .13200000E+01  .83064721E+00
   .13600000E+01  .81261870E+00
   .14000000E+01  .79438676E+00
   .14400000E+01  .77594601E+00
   .14800000E+01  .75729088E+00
   .15200000E+01  .73841559E+00
   .15600000E+01  .71931411E+00
   .16000000E+01  .69998020E+00
   .16400000E+01  .68040734E+00
   .16800000E+01  .66058876E+00
   .17200000E+01  .64051744E+00
   .17600000E+01  .62018602E+00
   .18000000E+01  .59958687E+00
   .18400000E+01  .57871201E+00
   .18800000E+01  .55755313E+00
   .19200000E+01  .53610156E+00
   .19600000E+01  .51434837E+00
   .20000000E+01  .49228385E+00
