Tb : [core=Xe4]                         
  .116536513E+00  .118175107E+00  .119836613E+00  .121521351E+00  .123229641E+00
  .124961810E+00  .126718190E+00  .128499115E+00  .130304926E+00  .132135967E+00
  .133992588E+00  .135875142E+00  .137783989E+00  .139719492E+00  .141682021E+00
  .143671949E+00  .145689655E+00  .147735522E+00  .149809942E+00  .151913307E+00
  .154046018E+00  .156208480E+00  .158401105E+00  .160624308E+00  .162878512E+00
  .165164145E+00  .167481641E+00  .169831439E+00  .172213984E+00  .174629728E+00
  .177079130E+00  .179562652E+00  .182080765E+00  .184633946E+00  .187222678E+00
  .189847449E+00  .192508757E+00  .195207104E+00  .197943000E+00  .200716961E+00
  .203529512E+00  .206381181E+00  .209272508E+00  .212204038E+00  .215176321E+00
  .218189920E+00  .221245400E+00  .224343336E+00  .227484312E+00  .230668918E+00
  .233897752E+00  .237171421E+00  .240490540E+00  .243855731E+00  .247267626E+00
  .250726864E+00  .254234094E+00  .257789973E+00  .261395166E+00  .265050348E+00
  .268756204E+00  .272513425E+00  .276322715E+00  .280184784E+00  .284100354E+00
  .288070154E+00  .292094927E+00  .296175421E+00  .300312398E+00  .304506627E+00
  .308758889E+00  .313069975E+00  .317440687E+00  .321871837E+00  .326364248E+00
  .330918754E+00  .335536200E+00  .340217442E+00  .344963347E+00  .349774795E+00
  .354652675E+00  .359597892E+00  .364611358E+00  .369694001E+00  .374846759E+00
  .380070584E+00  .385366437E+00  .390735297E+00  .396178153E+00  .401696005E+00
  .407289871E+00  .412960778E+00  .418709769E+00  .424537899E+00  .430446239E+00
  .436435872E+00  .442507896E+00  .448663424E+00  .454903582E+00  .461229513E+00
  .467642372E+00  .474143332E+00  .480733579E+00  .487414316E+00  .494186761E+00
  .501052148E+00  .508011727E+00  .515066764E+00  .522218542E+00  .529468361E+00
  .536817535E+00  .544267400E+00  .551819305E+00  .559474618E+00  .567234725E+00
  .575101030E+00  .583074953E+00  .591157936E+00  .599351437E+00  .607656934E+00
  .616075921E+00  .624609916E+00  .633260454E+00  .642029088E+00  .650917393E+00
  .659926966E+00  .669059420E+00  .678316391E+00  .687699537E+00  .697210535E+00
  .706851084E+00  .716622907E+00  .726527744E+00  .736567362E+00  .746743547E+00
  .757058110E+00  .767512883E+00  .778109724E+00  .788850511E+00  .799737148E+00
  .810771562E+00  .821955705E+00  .833291553E+00  .844781108E+00  .856426395E+00
  .868229467E+00  .880192401E+00  .892317299E+00  .904606293E+00  .917061538E+00
  .929685218E+00  .942479542E+00  .955446750E+00  .968589106E+00  .981908905E+00
  .995408469E+00  .100909015E+01  .102295633E+01  .103700941E+01  .105125184E+01
  .106568608E+01  .108031464E+01  .109514004E+01  .111016485E+01  .112539166E+01
  .114082310E+01  .115646182E+01  .117231050E+01  .118837188E+01  .120464871E+01
  .122114378E+01  .123785991E+01  .125479995E+01  .127196680E+01  .128936338E+01
  .130699266E+01  .132485763E+01  .134296132E+01  .136130681E+01  .137989721E+01
  .139873565E+01  .141782531E+01  .143716943E+01  .145677124E+01  .147663406E+01
  .149676121E+01  .151715607E+01  .153782205E+01  .155876262E+01  .157998126E+01
  .160148151E+01  .162326696E+01  .164534122E+01  .166770795E+01  .169037086E+01
  .171333370E+01  .173660026E+01  .176017438E+01  .178405993E+01  .180826085E+01
  .183278111E+01  .185762471E+01  .188279573E+01  .190829828E+01  .193413650E+01
  .196031460E+01  .198683685E+01  .201370752E+01  .204093098E+01  .206851163E+01
  .209645390E+01  .212476230E+01  .215344137E+01  .218249572E+01  .221193000E+01
  .224174890E+01  .227195718E+01  .230255966E+01  .233356118E+01  .236496667E+01
  .239678109E+01  .242900947E+01  .246165688E+01  .249472846E+01  .252822939E+01
  .256216493E+01  .259654037E+01  .263136108E+01  .266663246E+01  .270236001E+01
  .273854924E+01  .277520576E+01  .281233521E+01  .284994331E+01  .288803584E+01
  .292661861E+01  .296569754E+01  .300527858E+01  .304536773E+01  .308597110E+01
  .312709481E+01  .316874508E+01  .321092818E+01  .325365044E+01  .329691826E+01
  .334073812E+01  .338511653E+01  .343006009E+01  .347557548E+01  .352166941E+01
  .356834869E+01  .361562017E+01  .366349079E+01  .371196755E+01  .376105752E+01
  .381076784E+01  .386110570E+01  .391207840E+01  .396369327E+01  .401595773E+01
  .406887927E+01  .412246544E+01  .417672389E+01  .423166230E+01  .428728845E+01
  .434361020E+01  .440063544E+01  .445837219E+01  .451682850E+01  .457601250E+01
  .463593241E+01  .469659652E+01  .475801318E+01  .482019082E+01  .488313796E+01
  .494686317E+01  .501137511E+01  .507668252E+01  .514279419E+01  .520971902E+01
  .527746596E+01  .534604404E+01  .541546236E+01  .548573013E+01  .555685658E+01
  .562885107E+01  .570172299E+01  .577548184E+01  .585013718E+01  .592569864E+01
  .600217595E+01  .607957888E+01  .615791731E+01  .623720117E+01  .631744048E+01
  .639864532E+01  .648082587E+01  .656399236E+01  .664815511E+01  .673332450E+01
  .681951100E+01  .690672514E+01  .699497753E+01  .708427885E+01  .717463985E+01
  .726607137E+01  .735858429E+01  .745218959E+01  .754689831E+01  .764272154E+01
  .773967049E+01  .783775638E+01  .793699054E+01  .803738434E+01  .813894925E+01
  .824169677E+01  .834563849E+01  .845078605E+01  .855715116E+01  .866474560E+01
  .877358119E+01  .888366983E+01  .899502349E+01  .910765416E+01  .922157392E+01
  .933679490E+01  .945332927E+01  .957118929E+01  .969038723E+01  .981093543E+01
  .993284628E+01  .100561322E+02  .101808058E+02  .103068794E+02  .104343657E+02
  .105632773E+02  .106936269E+02  .108254271E+02  .109586908E+02  .110934305E+02
  .112296593E+02  .113673898E+02  .115066349E+02  .116474076E+02  .117897207E+02
  .119335872E+02  .120790201E+02  .122260322E+02  .123746367E+02  .125248464E+02
  .126766744E+02  .128301338E+02  .129852374E+02  .131419985E+02  .133004299E+02
  .134605447E+02  .136223559E+02  .137858766E+02  .139511196E+02  .141180980E+02
  .142868247E+02  .144573126E+02  .146295747E+02  .148036237E+02  .149794727E+02
  .151571342E+02  .153366211E+02  .155179461E+02  .157011219E+02  .158861610E+02
  .160730760E+02  .162618794E+02  .164525835E+02  .166452008E+02  .168397434E+02
  .170362236E+02  .172346535E+02  .174350450E+02  .176374101E+02  .178417605E+02
  .180481081E+02  .182564643E+02  .184668407E+02  .186792485E+02  .188936990E+02
  .191102034E+02  .193287724E+02  .195494170E+02  .197721478E+02  .199969752E+02
  .202239096E+02  .204529611E+02  .206841397E+02  .209174553E+02  .211529173E+02
  .213905352E+02  .216303182E+02  .218722752E+02  .221164151E+02  .223627463E+02
  .226112772E+02  .228620158E+02  .231149699E+02  .233701471E+02  .236275547E+02
  .238871996E+02  .241490887E+02  .244132282E+02  .246796245E+02  .249482833E+02
  .252192101E+02  .254924101E+02  .257678883E+02  .260456490E+02  .263256966E+02
  .266080347E+02  .268926669E+02  .271795962E+02  .274688253E+02  .277603564E+02
  .280541914E+02  .283503318E+02  .286487786E+02  .289495323E+02  .292525932E+02
  .295579608E+02  .298656345E+02  .301756128E+02  .304878942E+02  .308024763E+02
  .311193563E+02  .314385310E+02  .317599966E+02  .320837486E+02  .324097822E+02
  .327380920E+02  .330686717E+02  .334015149E+02  .337366142E+02  .340739618E+02
  .344135492E+02  .347553674E+02  .350994066E+02  .354456563E+02  .357941056E+02
  .361447426E+02  .364975550E+02  .368525296E+02  .372096525E+02  .375689092E+02
  .379302843E+02  .382937619E+02  .386593250E+02  .390269562E+02  .393966369E+02
  .397683482E+02  .401420699E+02  .405177814E+02  .408954610E+02  .412750863E+02
  .416566339E+02  .420400798E+02  .424253988E+02  .428125652E+02  .432015519E+02
  .435923315E+02  .439848752E+02  .443791534E+02  .447751358E+02  .451727908E+02
  .455720862E+02  .459729885E+02  .463754634E+02  .467794757E+02  .471849890E+02
  .475919660E+02  .480003685E+02  .484101571E+02  .488212915E+02  .492337302E+02
  .496474309E+02  .500623502E+02  .504784434E+02  .508956650E+02  .513139683E+02
  .517333057E+02  .521536283E+02  .525748862E+02  .529970285E+02  .534200031E+02
  .538437569E+02  .542682356E+02  .546933838E+02  .551191451E+02  .555454620E+02
  .559722757E+02  .563995265E+02  .568271535E+02  .572550948E+02  .576832873E+02
  .581116667E+02  .585401679E+02  .589687243E+02  .593972686E+02  .598257322E+02
  .602540455E+02  .606821377E+02  .611099371E+02  .615373708E+02  .619643649E+02
  .623908445E+02  .628167337E+02  .632419554E+02  .636664316E+02  .640900834E+02
  .645128307E+02  .649345927E+02  .653552874E+02  .657748319E+02  .661931426E+02
  .666101348E+02  .670257230E+02  .674398207E+02  .678523407E+02  .682631950E+02
  .686722948E+02  .690795504E+02  .694848715E+02  .698881672E+02  .702893456E+02
  .706883143E+02  .710849805E+02  .714792504E+02  .718710300E+02  .722602245E+02
  .726467389E+02  .730304775E+02  .734113443E+02  .737892430E+02  .741640769E+02
  .745357490E+02  .749041620E+02  .752692187E+02  .756308213E+02  .759888723E+02
  .763432740E+02  .766939286E+02  .770407385E+02  .773836062E+02  .777224343E+02
  .780571256E+02  .783875833E+02  .787137108E+02  .790354120E+02  .793525912E+02
  .796651533E+02  .799730036E+02  .802760483E+02  .805741942E+02  .808673488E+02
  .811554207E+02  .814383192E+02  .817159548E+02  .819882389E+02  .822550840E+02
  .825164042E+02  .827721146E+02  .830221317E+02  .832663736E+02  .835047598E+02
  .837372116E+02  .839636519E+02  .841840053E+02  .843981985E+02  .846061601E+02
  .848078207E+02  .850031130E+02  .851919721E+02  .853743352E+02  .855501422E+02
  .857193352E+02  .858818590E+02  .860376613E+02  .861866921E+02  .863289047E+02
  .864642552E+02  .865927027E+02  .867142095E+02  .868287412E+02  .869362665E+02
  .870367579E+02  .871301909E+02  .872165450E+02  .872958034E+02  .873679528E+02
  .874329839E+02  .874908915E+02  .875416743E+02  .875853352E+02  .876218812E+02
  .876513238E+02  .876736787E+02  .876889663E+02  .876972113E+02  .876984432E+02
  .876926962E+02  .876800091E+02  .876604258E+02  .876339950E+02  .876007704E+02
  .875608107E+02  .875141799E+02  .874609471E+02  .874011865E+02  .873349777E+02
  .872624057E+02  .871835608E+02  .870985388E+02  .870074409E+02  .869103738E+02
  .868074499E+02  .866987871E+02  .865845087E+02  .864647437E+02  .863396270E+02
  .862092988E+02  .860739051E+02  .859335974E+02  .857885330E+02  .856388747E+02
  .854847910E+02  .853264558E+02  .851640488E+02  .849977551E+02  .848277651E+02
  .846542750E+02  .844774860E+02  .842976048E+02  .841148434E+02  .839294189E+02
  .837415534E+02  .835514740E+02  .833594130E+02  .831656072E+02  .829702982E+02
  .827737321E+02  .825761596E+02  .823778355E+02  .821790191E+02  .819799734E+02
  .817809654E+02  .815822659E+02  .813841490E+02  .811868925E+02  .809907771E+02
  .807960864E+02  .806031071E+02  .804121281E+02  .802234408E+02  .800373388E+02
  .798541173E+02  .796740733E+02  .794975051E+02  .793247123E+02  .791559950E+02
  .789916541E+02  .788319907E+02  .786773059E+02  .785279005E+02  .783840747E+02
  .782461276E+02  .781143574E+02  .779890604E+02  .778705312E+02  .777590619E+02
  .776549425E+02  .775584594E+02  .774698964E+02  .773895331E+02  .773176454E+02
  .772545047E+02  .772003777E+02  .771555260E+02  .771202055E+02  .770946665E+02
  .770791527E+02  .770739015E+02  .770791429E+02  .770950997E+02  .771219868E+02
  .771600109E+02  .772093700E+02  .772702532E+02  .773428401E+02  .774273007E+02
  .775237948E+02  .776324716E+02  .777534694E+02  .778869152E+02  .780329245E+02
  .781916006E+02  .783630347E+02  .785473050E+02  .787444768E+02  .789546021E+02
  .791777191E+02  .794138521E+02  .796630109E+02  .799251908E+02  .802003725E+02
  .804885210E+02  .807895865E+02  .811035031E+02  .814301894E+02  .817695478E+02
  .821214643E+02  .824858089E+02  .828624345E+02  .832511778E+02  .836518583E+02
  .840642787E+02  .844882249E+02  .849234654E+02  .853697519E+02  .858268189E+02
  .862943837E+02  .867721468E+02  .872597914E+02  .877569842E+02  .882633748E+02
  .887785962E+02  .893022650E+02  .898339815E+02  .903733299E+02  .909198786E+02
  .914731803E+02  .920327727E+02  .925981784E+02  .931689055E+02  .937444479E+02
  .943242858E+02  .949078861E+02  .954947029E+02  .960841778E+02  .966757409E+02
  .972688109E+02  .978627960E+02  .984570942E+02  .990510945E+02  .996441770E+02
  .100235714E+03  .100825070E+03  .101411604E+03  .101994669E+03  .102573613E+03
  .103147780E+03  .103716511E+03  .104279145E+03  .104835018E+03  .105383468E+03
  .105923832E+03  .106455450E+03  .106977663E+03  .107489816E+03  .107991259E+03
  .108481347E+03  .108959442E+03  .109424913E+03  .109877140E+03  .110315510E+03
  .110739422E+03  .111148289E+03  .111541534E+03  .111918596E+03  .112278930E+03
  .112622006E+03  .112947313E+03  .113254356E+03  .113542663E+03  .113811781E+03
  .114061279E+03  .114290750E+03  .114499808E+03  .114688096E+03  .114855279E+03
  .115001051E+03  .115125134E+03  .115227277E+03  .115307259E+03  .115364892E+03
  .115400014E+03  .115412500E+03  .115402255E+03  .115369216E+03  .115313358E+03
  .115234686E+03  .115133242E+03  .115009104E+03  .114862386E+03  .114693236E+03
  .114501840E+03  .114288421E+03  .114053238E+03  .113796589E+03  .113518806E+03
  .113220260E+03  .112901358E+03  .112562544E+03  .112204299E+03  .111827140E+03
  .111431618E+03  .111018322E+03  .110587873E+03  .110140928E+03  .109678177E+03
  .109200341E+03  .108708174E+03  .108202460E+03  .107684014E+03  .107153678E+03
  .106612321E+03  .106060841E+03  .105500156E+03  .104931212E+03  .104354973E+03
  .103772426E+03  .103184574E+03  .102592439E+03  .101997057E+03  .101399478E+03
  .100800761E+03  .100201977E+03  .996042025E+02  .990085205E+02  .984160160E+02
  .978277753E+02  .972448834E+02  .966684215E+02  .960994651E+02  .955390813E+02
  .949883269E+02  .944482456E+02  .939198657E+02  .934041980E+02  .929022332E+02
  .924149394E+02  .919432600E+02  .914881109E+02  .910503788E+02  .906309181E+02
  .902305492E+02  .898500560E+02  .894901835E+02  .891516361E+02  .888350750E+02
  .885411164E+02  .882703294E+02  .880232342E+02  .878003001E+02  .876019440E+02
  .874285283E+02  .872803599E+02  .871576883E+02  .870607044E+02  .869895393E+02
  .869442631E+02  .869248840E+02  .869313473E+02  .869635350E+02  .870212647E+02
  .871042898E+02  .872122986E+02  .873449145E+02  .875016961E+02  .876821371E+02
  .878856669E+02  .881116509E+02  .883593915E+02  .886281284E+02  .889170403E+02
  .892252456E+02  .895518039E+02  .898957176E+02  .902559334E+02  .906313444E+02
  .910207919E+02  .914230677E+02  .918369166E+02  .922610384E+02  .926940911E+02
  .931346931E+02  .935814269E+02  .940328413E+02  .944874550E+02  .949437600E+02
  .954002248E+02  .958552979E+02  .963074116E+02  .967549854E+02  .971964300E+02
  .976301512E+02  .980545536E+02  .984680448E+02  .988690391E+02  .992559620E+02
  .996272539E+02  .999813741E+02  .100316805E+03  .100632058E+03  .100925672E+03
  .101196225E+03  .101442332E+03  .101662653E+03  .101855892E+03  .102020808E+03
  .102156210E+03  .102260969E+03  .102334015E+03  .102374342E+03  .102381015E+03
  .102353168E+03  .102290009E+03  .102190822E+03  .102054971E+03  .101881901E+03
  .101671140E+03  .101422303E+03  .101135090E+03  .100809291E+03  .100444786E+03
  .100041545E+03  .995996291E+02  .991191935E+02  .986004846E+02  .980438417E+02
  .974496962E+02  .968185714E+02  .961510817E+02  .954479316E+02  .947099143E+02
  .939379106E+02  .931328863E+02  .922958915E+02  .914280568E+02  .905305921E+02
  .896047828E+02  .886519879E+02  .876736354E+02  .866712206E+02  .856463005E+02
  .846004918E+02  .835354654E+02  .824529434E+02  .813546935E+02  .802425256E+02
  .791182861E+02  .779838542E+02  .768411356E+02  .756920588E+02  .745385688E+02
  .733826231E+02  .722261851E+02  .710712203E+02  .699196893E+02  .687735443E+02
  .676347219E+02  .665051397E+02  .653866892E+02  .642812323E+02  .631905947E+02
  .621165624E+02  .610608752E+02  .600252236E+02  .590112422E+02  .580205076E+02
  .570545317E+02  .561147597E+02  .552025643E+02  .543192437E+02  .534660168E+02
  .526440209E+02  .518543079E+02  .510978425E+02  .503754985E+02  .496880579E+02
  .490362078E+02  .484205397E+02  .478415471E+02  .472996254E+02  .467950702E+02
  .463280775E+02  .458987425E+02  .455070608E+02  .451529274E+02  .448361386E+02
  .445563916E+02  .443132868E+02  .441063281E+02  .439349259E+02  .437983979E+02
  .436959724E+02  .436267904E+02  .435899085E+02  .435843026E+02  .436088711E+02
  .436624387E+02  .437437609E+02  .438515280E+02  .439843699E+02  .441408612E+02
  .443195256E+02  .445188416E+02  .447372473E+02  .449731458E+02  .452249106E+02
  .454908905E+02  .457694149E+02  .460587995E+02  .463573506E+02  .466633710E+02
  .469751641E+02  .472910398E+02  .476093184E+02  .479283364E+02  .482464501E+02
  .485620414E+02  .488735208E+02  .491793332E+02  .494779608E+02  .497679283E+02
  .500478055E+02  .503162122E+02  .505718207E+02  .508133599E+02  .510396175E+02
  .512494437E+02  .514417529E+02  .516155271E+02  .517698168E+02  .519037442E+02
  .520165032E+02  .521073623E+02  .521756643E+02  .522208282E+02  .522423487E+02
  .522397975E+02  .522128220E+02  .521611465E+02  .520845701E+02  .519829675E+02
  .518562864E+02  .517045478E+02  .515278433E+02  .513263343E+02  .511002492E+02
  .508498825E+02  .505755915E+02  .502777946E+02  .499569683E+02  .496136447E+02
  .492484090E+02  .488618957E+02  .484547867E+02  .480278071E+02  .475817228E+02
  .471173369E+02  .466354866E+02  .461370395E+02  .456228909E+02  .450939596E+02
  .445511855E+02  .439955254E+02  .434279504E+02  .428494421E+02  .422609900E+02
  .416635873E+02  .410582294E+02  .404459089E+02  .398276149E+02  .392043279E+02
  .385770193E+02  .379466468E+02  .373141535E+02  .366804640E+02  .360464839E+02
  .354130958E+02  .347811591E+02  .341515062E+02  .335249431E+02  .329022452E+02
  .322841587E+02  .316713961E+02  .310646385E+02  .304645312E+02  .298716859E+02
  .292866772E+02  .287100446E+02  .281422896E+02  .275838776E+02  .270352355E+02
  .264967539E+02  .259687849E+02  .254516445E+02  .249456108E+02  .244509262E+02
  .239677961E+02  .234963915E+02  .230368476E+02  .225892666E+02  .221537166E+02
  .217302344E+02  .213188247E+02  .209194630E+02  .205320949E+02  .201566390E+02
  .197929866E+02  .194410042E+02  .191005337E+02  .187713950E+02  .184533859E+02
  .181462850E+02  .178498515E+02  .175638282E+02  .172879415E+02  .170219040E+02
  .167654145E+02  .165181612E+02  .162798214E+02  .160500638E+02  .158285496E+02
  .156149340E+02  .154088668E+02  .152099950E+02  .150179625E+02  .148324125E+02
  .146529879E+02  .144793329E+02  .143110939E+02  .141479204E+02  .139894664E+02
  .138353907E+02  .136853583E+02  .135390410E+02  .133961183E+02  .132562781E+02
  .131192171E+02  .129846419E+02  .128522692E+02  .127218263E+02  .125930520E+02
  .124656961E+02  .123395208E+02  .122143002E+02  .120898208E+02  .119658818E+02
  .118422952E+02  .117188855E+02  .115954905E+02  .114719605E+02  .113481589E+02
  .112239616E+02  .110992573E+02  .109739471E+02  .108479445E+02  .107211746E+02
  .105935750E+02  .104650941E+02  .103356919E+02  .102053391E+02  .100740171E+02
  .994171704E+01  .980844009E+01  .967419651E+01  .953900559E+01  .940289486E+01
  .926590000E+01  .912806400E+01  .898943707E+01  .885007580E+01  .871004301E+01
  .856940698E+01  .842824123E+01  .828662381E+01  .814463704E+01  .800236683E+01
  .785990241E+01  .771733570E+01  .757476104E+01  .743227453E+01  .728997375E+01
  .714795704E+01  .700632422E+01  .686517347E+01  .672460563E+01  .658471808E+01
  .644561009E+01  .630737731E+01  .617011619E+01  .603391928E+01  .589887914E+01
  .576508396E+01  .563262151E+01  .550157457E+01  .537202519E+01  .524404997E+01
  .511772448E+01  .499311843E+01  .487030024E+01  .474933225E+01  .463027526E+01
  .451318378E+01  .439811066E+01  .428510229E+01  .417420338E+01  .406545207E+01
  .395888475E+01  .385453132E+01  .375241992E+01  .365257222E+01  .355500825E+01
  .345974162E+01  .336678449E+01  .327614269E+01  .318782044E+01  .310181698E+01
  .301812860E+01  .293674774E+01  .285766388E+01  .278086290E+01  .270632805E+01
  .263403910E+01  .256397357E+01  .249610575E+01  .243040795E+01  .236684953E+01
  .230539817E+01  .224601889E+01  .218867534E+01  .213332878E+01  .207993938E+01
  .202846523E+01  .197886360E+01  .193108995E+01  .188509923E+01  .184084481E+01
  .179827982E+01  .175735605E+01  .171802532E+01  .168023833E+01  .164394606E+01
  .160909854E+01  .157564632E+01  .154353922E+01  .151272775E+01  .148316187E+01
  .145479241E+01  .142756983E+01  .140144563E+01  .137637105E+01  .135229857E+01
  .132918053E+01  .130697064E+01  .128562263E+01  .126509167E+01  .124533312E+01
  .122630389E+01  .120796116E+01  .119026379E+01  .117317099E+01  .115664375E+01
  .114064347E+01  .112513345E+01  .111007743E+01  .109544112E+01  .108119073E+01
  .106729448E+01  .105372113E+01  .104044148E+01  .102742689E+01  .101465078E+01
  .100208714E+01  .989712006E+00  .977501991E+00  .965435754E+00  .953492580E+00
  .941653446E+00  .929900444E+00  .918216942E+00  .906587544E+00  .894998085E+00
  .883435498E+00  .871888016E+00  .860344824E+00  .848796444E+00  .837234235E+00
  .825650833E+00  .814039716E+00  .802395479E+00  .790713590E+00  .778990503E+00
  .767223508E+00  .755410832E+00  .743551400E+00  .731645099E+00  .719692362E+00
  .707694560E+00  .695653527E+00  .683571930E+00  .671452895E+00  .659300227E+00
  .647118170E+00  .634911557E+00  .622685563E+00  .610445928E+00  .598198587E+00
  .585950026E+00  .573706824E+00  .561476025E+00  .549264721E+00  .537080353E+00
  .524930380E+00  .512822508E+00  .500764388E+00  .488763867E+00  .476828643E+00
  .464966570E+00  .453185261E+00  .441492431E+00  .429895503E+00  .418401929E+00
  .407018798E+00  .395753258E+00  .384611934E+00  .373601529E+00  .362728168E+00
  .351998015E+00  .341416626E+00  .330989562E+00  .320721749E+00  .310618102E+00
  .300682879E+00  .290920313E+00  .281333969E+00  .271927381E+00  .262703415E+00
  .253664903E+00  .244814012E+00  .236152883E+00  .227683001E+00  .219405839E+00
  .211322222E+00  .203432983E+00  .195738330E+00  .188238491E+00  .180933091E+00
  .173821802E+00  .166903716E+00  .160177993E+00  .153643269E+00  .147298135E+00
  .141140920E+00  .135169757E+00  .129382592E+00  .123777199E+00  .118351193E+00
  .113102040E+00  .108027071E+00  .103123493E+00  .983884004E-01  .938187856E-01
  .894115506E-01  .851635165E-01  .810714338E-01  .771319913E-01  .733418253E-01
  .696975283E-01  .661956570E-01  .628327397E-01  .596052841E-01  .565097840E-01
  .535427253E-01  .507005931E-01  .479798766E-01  .453770749E-01  .428887020E-01
  .405112917E-01  .382414019E-01  .360756190E-01  .340105616E-01  .320428845E-01
  .301692818E-01  .283864904E-01  .266912927E-01  .250805200E-01  .235510543E-01
  .220998313E-01  .207238426E-01  .194201374E-01  .181858248E-01  .170180752E-01
  .159141222E-01  .148712637E-01  .138868634E-01  .129583517E-01  .120832266E-01
  .112590547E-01  .104834718E-01  .975418309E-02  .906896386E-02  .842565943E-02
  .782218534E-02  .725652714E-02  .672674027E-02  .623094961E-02  .576734903E-02
  .533420073E-02  .492983455E-02  .455264710E-02  .420110078E-02  .387372276E-02
  .356910378E-02  .328589696E-02  .302281644E-02  .277863600E-02  .255218760E-02
  .234235986E-02  .214809651E-02  .196839474E-02  .180230359E-02  .164892226E-02
  .150739843E-02  .137692650E-02  .125674593E-02  .114613947E-02  .104443147E-02
  .950986169E-03  .865205964E-03  .786529776E-03  .714431374E-03  .648417753E-03
  .588027541E-03  .532829436E-03  .482420686E-03  .436425603E-03  .394494124E-03
  .356300414E-03  .321541516E-03  .289936043E-03  .261222923E-03  .235160194E-03
  .211523838E-03  .190106673E-03  .170717291E-03  .153179043E-03  .137329074E-03
  .123017402E-03  .110106044E-03  .984681951E-04  .879874373E-04  .785570054E-04
  .700790860E-04  .624641612E-04  .556303891E-04  .495030239E-04  .440138706E-04
  .391007752E-04  .347071477E-04  .307815174E-04  .272771173E-04  .241514981E-04
  .213661687E-04  .188862629E-04  .166802300E-04  .147195489E-04  .129784629E-04
  .114337355E-04  .100644253E-04  .885167781E-05  .777853501E-05  .682975973E-05
  .599167483E-05  .525201574E-05  .459979560E-05  .402518193E-05  .351938414E-05
  .307455091E-05  .268367680E-05  .234051727E-05  .203951157E-05  .177571272E-05
  .154472410E-05  .134264205E-05  .116600398E-05  .101174155E-05  .877138416E-06
  .759792204E-06  .657580260E-06  .568628907E-06  .491285836E-06  .424095354E-06
  .365776223E-06  .315201833E-06  .271382488E-06  .233449599E-06  .200641591E-06
  .172291353E-06  .147815078E-06  .126702345E-06  .108507316E-06  .928409325E-07
  .793640088E-07  .677811149E-07  .578351767E-07  .493027073E-07  .419896019E-07
  .357274347E-07  .303701998E-07  .257914467E-07  .218817647E-07  .185465771E-07
  .157042075E-07  .132841880E-07  .112257786E-07  .947667556E-08  .799188229E-08
  .673272663E-08  .566600409E-08  .476323285E-08  .400000610E-08  .335542983E-08
  .281163509E-08  .235335546E-08  .196756123E-08  .164314308E-08  .137063886E-08
  .114199776E-08  .950377026E-09  .789966878E-09  .655839879E-09  .543821481E-09
  .450378884E-09  .372525705E-09  .307740311E-09  .253895925E-09  .209200866E-09
  .172147519E-09  .141468801E-09  .116101065E-09  .951525256E-10  .778764100E-10
  .636481619E-10  .519461012E-10  .423350390E-10  .344524104E-10  .279965548E-10
  .227168216E-10  .184052257E-10  .148894275E-10  .120268137E-10  .969954940E-11
  .781040027E-11  .627925722E-11  .504021407E-11  .403913038E-11  .323159839E-11
  .258124921E-11  .205834391E-11  .163860312E-11  .130223640E-11  .103313828E-11
  .818223600E-12  .646878623E-12  .510508721E-12  .402166048E-12  .316243640E-12
  .248224491E-12  .194476059E-12  .152082271E-12  .118706413E-12  .924794268E-13
  .719090611E-13  .558061181E-13  .432246875E-13  .334138014E-13  .257784018E-13
  .198478854E-13  .152508028E-13  .116945469E-13  .894907866E-14  .683391307E-14
  .520773304E-14  .396011706E-14  .300496389E-14  .227527688E-14  .171903540E-14
  .129593352E-14  .974809379E-15  .731623144E-15  .547870080E-15  .409337709E-15
  .305134639E-15  .226933377E-15  .168381286E-15  .124643397E-15  .920483738E-16
  .678149864E-16  .498412850E-16  .365424784E-16  .267265657E-16  .194991561E-16
  .141908053E-16  .103016746E-16  .745948983E-17  .538768027E-17  .388129558E-17
  .278884640E-17  .199864723E-17  .142857156E-17  .101838672E-17  .724033775E-18
  .513370291E-18  .363010185E-18  .255984315E-18  .180013300E-18  .126235840E-18
  .882749910E-19  .615544736E-19  .427994735E-19  .296731706E-19  .205128490E-19
  .141388544E-19  .971668871E-20  .665775388E-20  .454812118E-20  .309756585E-20
  .210320982E-20  .142366369E-20  .960691856E-21  .646251782E-21  .433360488E-21
  .289678100E-21  .193014353E-21  .128191682E-21  .848623395E-22  .559942719E-22
  .368242650E-22  .241365285E-22  .157671796E-22  .102650218E-22  .666009557E-23
  .430629468E-23  .277471006E-23  .178159850E-23  .113990358E-23  .726741635E-24
  .461671536E-24  .292223195E-24  .184294378E-24  .115801052E-24  .724941593E-25
  .452137595E-25  .280932635E-25  .173893967E-25  .107227026E-25  .658639843E-26
  .402997348E-26  .245614037E-26  .149103291E-26  .901551327E-27  .542936320E-27
  .325648030E-27  .194524782E-27  .115721494E-27  .685569219E-28  .404456885E-28
  .237608592E-28  .138997268E-28  .809635808E-29  .469566886E-29  .271152992E-29
  .155892518E-29  .892307830E-30  .508472188E-30  .288447748E-30  .162891646E-30
  .915685451E-31  .512381765E-31  .285380797E-31  .158206131E-31  .872917049E-32
  .479354975E-32  .261974764E-32  .142482939E-32  .771170756E-33  .415341648E-33
  .222592476E-33  .118699322E-33  .629798042E-34  .332469720E-34  .174615539E-34
  .912380115E-35  .474256026E-35  .245231288E-35  .126138185E-35  .645366647E-36
  .328425682E-36  .166233912E-36  .836826037E-37  .418952469E-37  .208587921E-37
  .103273539E-37  .508446166E-38  .248907094E-38  .121156344E-38  .586342913E-39
  .282119908E-39  .134949741E-39  .641720955E-40  .303344167E-40  .142534367E-40
  .665697830E-41  .309020454E-41  .142570151E-41  .653702110E-42  .297865008E-42
  .134873203E-42  .606843253E-43  .271300115E-43  .120510190E-43  .531833239E-44
  .233175276E-44  .101559852E-44  .439411285E-45  .188845573E-45  .806130879E-46
  .341777888E-46  .143912445E-46  .601789865E-47  .249896102E-47  .103042874E-47
  .421886769E-48  .171501812E-48  .692168132E-49  .277331751E-49  .110308132E-49
  .435521954E-50  .170679597E-50  .663890508E-51  .256288231E-51  .981865692E-52
  .373284874E-52  .140820878E-52  .527114932E-53  .195761942E-53  .721288032E-54
  .263644879E-54  .955944280E-55  .343811645E-55  .122646617E-55  .433921727E-56
  .152251327E-56  .529769021E-57  .182816375E-57  .625745256E-58  .212575723E-58
  .719415984E-59  .243537411E-59  .847754080E-60  .318348528E-60  .149699186E-60
  .112758108E-60  .000000000E+00  .000000000E+00  .000000000E+00  .000000000E+00
  .000000000E+00  .000000000E+00  .000000000E+00  .000000000E+00  .000000000E+00
  .000000000E+00  .000000000E+00  .000000000E+00  .000000000E+00  .000000000E+00
  .000000000E+00  .000000000E+00  .000000000E+00  .000000000E+00  .000000000E+00
  .000000000E+00  .000000000E+00  .000000000E+00  .000000000E+00  .000000000E+00
  .000000000E+00  .000000000E+00  .000000000E+00  .000000000E+00  .000000000E+00
  .000000000E+00  .000000000E+00  .000000000E+00  .000000000E+00  .000000000E+00
  .000000000E+00  .000000000E+00  .000000000E+00  .000000000E+00  .000000000E+00
  .000000000E+00  .000000000E+00  .000000000E+00  .000000000E+00  .000000000E+00
  .000000000E+00  .000000000E+00  .000000000E+00  .000000000E+00  .000000000E+00
  .000000000E+00  .000000000E+00  .000000000E+00  .000000000E+00  .000000000E+00
  .000000000E+00  .000000000E+00  .000000000E+00  .000000000E+00  .000000000E+00
  .000000000E+00  .000000000E+00  .000000000E+00  .000000000E+00  .000000000E+00
  .000000000E+00  .000000000E+00  .000000000E+00  .000000000E+00  .000000000E+00
  .000000000E+00  .000000000E+00  .000000000E+00  .000000000E+00  .000000000E+00
  .000000000E+00  .000000000E+00  .000000000E+00  .000000000E+00  .000000000E+00
  .000000000E+00  .000000000E+00  .000000000E+00  .000000000E+00  .000000000E+00
  .000000000E+00  .000000000E+00  .000000000E+00  .000000000E+00  .000000000E+00
  .000000000E+00  .000000000E+00  .000000000E+00  .000000000E+00  .000000000E+00
  .000000000E+00  .000000000E+00  .000000000E+00  .000000000E+00  .000000000E+00
  .000000000E+00  .000000000E+00  .000000000E+00  .000000000E+00  .000000000E+00
  .000000000E+00  .000000000E+00  .000000000E+00  .000000000E+00  .000000000E+00
  .000000000E+00  .000000000E+00  .000000000E+00  .000000000E+00  .000000000E+00
  .000000000E+00  .000000000E+00  .000000000E+00  .000000000E+00  .000000000E+00
  .000000000E+00  .000000000E+00  .000000000E+00  .000000000E+00  .000000000E+00
  .000000000E+00  .000000000E+00  .000000000E+00  .000000000E+00  .000000000E+00
  .000000000E+00  .000000000E+00  .000000000E+00  .000000000E+00  .000000000E+00
  .000000000E+00  .000000000E+00  .000000000E+00  .000000000E+00  .000000000E+00
  .000000000E+00  .000000000E+00  .000000000E+00  .000000000E+00  .000000000E+00
  .000000000E+00  .000000000E+00  .000000000E+00  .000000000E+00  .000000000E+00
  .000000000E+00  .000000000E+00  .000000000E+00  .000000000E+00  .000000000E+00
  .000000000E+00  .000000000E+00  .000000000E+00  .000000000E+00  .000000000E+00
  .000000000E+00  .000000000E+00  .000000000E+00  .000000000E+00  .000000000E+00
  .000000000E+00  .000000000E+00  .000000000E+00  .000000000E+00  .000000000E+00
  .000000000E+00  .000000000E+00  .000000000E+00  .000000000E+00  .000000000E+00
  .000000000E+00  .000000000E+00  .000000000E+00  .000000000E+00  .000000000E+00
  .000000000E+00  .000000000E+00  .000000000E+00  .000000000E+00  .000000000E+00
  .000000000E+00  .000000000E+00  .000000000E+00  .000000000E+00  .000000000E+00
  .000000000E+00  .000000000E+00  .000000000E+00  .000000000E+00  .000000000E+00
  .000000000E+00  .000000000E+00  .000000000E+00  .000000000E+00  .000000000E+00
  .000000000E+00  .000000000E+00  .000000000E+00  .000000000E+00  .000000000E+00
  .000000000E+00  .000000000E+00  .000000000E+00  .000000000E+00  .000000000E+00
  .000000000E+00  .000000000E+00  .000000000E+00  .000000000E+00  .000000000E+00
  .000000000E+00  .000000000E+00  .000000000E+00  .000000000E+00  .000000000E+00
  .000000000E+00  .000000000E+00  .000000000E+00  .000000000E+00  .000000000E+00
  .000000000E+00  .000000000E+00  .000000000E+00  .000000000E+00  .000000000E+00
