Ti: d3 s1                               
  .673383517E-03  .684082461E-03  .694951234E-03  .705992529E-03  .717209080E-03
  .728603665E-03  .740179105E-03  .751938266E-03  .763884061E-03  .776019447E-03
  .788347428E-03  .800871056E-03  .813593432E-03  .826517704E-03  .839647072E-03
  .852984785E-03  .866534143E-03  .880298501E-03  .894281263E-03  .908485890E-03
  .922915896E-03  .937574852E-03  .952466383E-03  .967594175E-03  .982961967E-03
  .998573563E-03  .101443282E-02  .103054367E-02  .104691008E-02  .106353612E-02
  .108042588E-02  .109758354E-02  .111501335E-02  .113271962E-02  .115070671E-02
  .116897908E-02  .118754125E-02  .120639780E-02  .122555338E-02  .124501275E-02
  .126478069E-02  .128486210E-02  .130526193E-02  .132598523E-02  .134703712E-02
  .136842279E-02  .139014753E-02  .141221669E-02  .143463574E-02  .145741021E-02
  .148054571E-02  .150404796E-02  .152792277E-02  .155217602E-02  .157681370E-02
  .160184189E-02  .162726677E-02  .165309461E-02  .167933179E-02  .170598477E-02
  .173306013E-02  .176056455E-02  .178850481E-02  .181688781E-02  .184572055E-02
  .187501012E-02  .190476376E-02  .193498880E-02  .196569269E-02  .199688300E-02
  .202856741E-02  .206075374E-02  .209344991E-02  .212666398E-02  .216040414E-02
  .219467869E-02  .222949608E-02  .226486489E-02  .230079382E-02  .233729172E-02
  .237436757E-02  .241203052E-02  .245028982E-02  .248915490E-02  .252863531E-02
  .256874078E-02  .260948118E-02  .265086653E-02  .269290700E-02  .273561295E-02
  .277899488E-02  .282306344E-02  .286782949E-02  .291330403E-02  .295949824E-02
  .300642347E-02  .305409126E-02  .310251332E-02  .315170155E-02  .320166805E-02
  .325242507E-02  .330398510E-02  .335636080E-02  .340956502E-02  .346361084E-02
  .351851153E-02  .357428055E-02  .363093161E-02  .368847860E-02  .374693566E-02
  .380631711E-02  .386663754E-02  .392791173E-02  .399015473E-02  .405338178E-02
  .411760840E-02  .418285034E-02  .424912358E-02  .431644437E-02  .438482921E-02
  .445429486E-02  .452485834E-02  .459653693E-02  .466934819E-02  .474330995E-02
  .481844033E-02  .489475771E-02  .497228078E-02  .505102851E-02  .513102018E-02
  .521227536E-02  .529481393E-02  .537865607E-02  .546382229E-02  .555033342E-02
  .563821061E-02  .572747534E-02  .581814942E-02  .591025503E-02  .600381466E-02
  .609885117E-02  .619538777E-02  .629344803E-02  .639305591E-02  .649423572E-02
  .659701216E-02  .670141030E-02  .680745562E-02  .691517400E-02  .702459171E-02
  .713573543E-02  .724863226E-02  .736330972E-02  .747979578E-02  .759811881E-02
  .771830764E-02  .784039156E-02  .796440030E-02  .809036405E-02  .821831349E-02
  .834827975E-02  .848029448E-02  .861438979E-02  .875059831E-02  .888895316E-02
  .902948798E-02  .917223696E-02  .931723479E-02  .946451669E-02  .961411848E-02
  .976607647E-02  .992042759E-02  .100772093E-01  .102364597E-01  .103982174E-01
  .105625216E-01  .107294123E-01  .108989299E-01  .110711156E-01  .112460110E-01
  .114236585E-01  .116041013E-01  .117873830E-01  .119735480E-01  .121626414E-01
  .123547090E-01  .125497973E-01  .127479534E-01  .129492254E-01  .131536619E-01
  .133613123E-01  .135722269E-01  .137864566E-01  .140040532E-01  .142250692E-01
  .144495581E-01  .146775739E-01  .149091719E-01  .151444078E-01  .153833384E-01
  .156260213E-01  .158725150E-01  .161228791E-01  .163771737E-01  .166354602E-01
  .168978007E-01  .171642585E-01  .174348977E-01  .177097833E-01  .179889816E-01
  .182725597E-01  .185605857E-01  .188531290E-01  .191502597E-01  .194520493E-01
  .197585703E-01  .200698961E-01  .203861017E-01  .207072627E-01  .210334562E-01
  .213647605E-01  .217012550E-01  .220430202E-01  .223901381E-01  .227426918E-01
  .231007656E-01  .234644453E-01  .238338178E-01  .242089715E-01  .245899961E-01
  .249769826E-01  .253700234E-01  .257692125E-01  .261746450E-01  .265864179E-01
  .270046292E-01  .274293787E-01  .278607677E-01  .282988990E-01  .287438769E-01
  .291958073E-01  .296547979E-01  .301209578E-01  .305943980E-01  .310752309E-01
  .315635709E-01  .320595339E-01  .325632377E-01  .330748019E-01  .335943478E-01
  .341219987E-01  .346578797E-01  .352021178E-01  .357548418E-01  .363161827E-01
  .368862732E-01  .374652484E-01  .380532450E-01  .386504020E-01  .392568607E-01
  .398727640E-01  .404982576E-01  .411334888E-01  .417786076E-01  .424337661E-01
  .430991185E-01  .437748216E-01  .444610344E-01  .451579185E-01  .458656376E-01
  .465843582E-01  .473142490E-01  .480554816E-01  .488082299E-01  .495726704E-01
  .503489825E-01  .511373480E-01  .519379516E-01  .527509808E-01  .535766257E-01
  .544150796E-01  .552665384E-01  .561312009E-01  .570092692E-01  .579009480E-01
  .588064455E-01  .597259726E-01  .606597436E-01  .616079759E-01  .625708903E-01
  .635487106E-01  .645416642E-01  .655499817E-01  .665738973E-01  .676136485E-01
  .686694765E-01  .697416259E-01  .708303451E-01  .719358861E-01  .730585047E-01
  .741984605E-01  .753560167E-01  .765314406E-01  .777250036E-01  .789369808E-01
  .801676516E-01  .814172993E-01  .826862116E-01  .839746803E-01  .852830016E-01
  .866114760E-01  .879604084E-01  .893301081E-01  .907208892E-01  .921330702E-01
  .935669743E-01  .950229295E-01  .965012685E-01  .980023290E-01  .995264536E-01
  .101073990E+00  .102645290E+00  .104240713E+00  .105860621E+00  .107505382E+00
  .109175370E+00  .110870964E+00  .112592550E+00  .114340516E+00  .116115259E+00
  .117917180E+00  .119746688E+00  .121604194E+00  .123490119E+00  .125404888E+00
  .127348932E+00  .129322690E+00  .131326604E+00  .133361125E+00  .135426712E+00
  .137523825E+00  .139652937E+00  .141814524E+00  .144009069E+00  .146237063E+00
  .148499004E+00  .150795396E+00  .153126752E+00  .155493591E+00  .157896439E+00
  .160335830E+00  .162812307E+00  .165326419E+00  .167878722E+00  .170469783E+00
  .173100174E+00  .175770476E+00  .178481280E+00  .181233182E+00  .184026790E+00
  .186862717E+00  .189741588E+00  .192664034E+00  .195630697E+00  .198642226E+00
  .201699280E+00  .204802529E+00  .207952650E+00  .211150329E+00  .214396264E+00
  .217691162E+00  .221035737E+00  .224430717E+00  .227876838E+00  .231374847E+00
  .234925499E+00  .238529563E+00  .242187816E+00  .245901046E+00  .249670054E+00
  .253495650E+00  .257378654E+00  .261319901E+00  .265320233E+00  .269380508E+00
  .273501591E+00  .277684362E+00  .281929713E+00  .286238547E+00  .290611779E+00
  .295050337E+00  .299555162E+00  .304127206E+00  .308767436E+00  .313476830E+00
  .318256381E+00  .323107095E+00  .328029989E+00  .333026098E+00  .338096466E+00
  .343242155E+00  .348464238E+00  .353763804E+00  .359141956E+00  .364599813E+00
  .370138506E+00  .375759182E+00  .381463004E+00  .387251150E+00  .393124813E+00
  .399085201E+00  .405133539E+00  .411271068E+00  .417499044E+00  .423818739E+00
  .430231444E+00  .436738465E+00  .443341123E+00  .450040760E+00  .456838732E+00
  .463736414E+00  .470735198E+00  .477836494E+00  .485041729E+00  .492352350E+00
  .499769820E+00  .507295623E+00  .514931260E+00  .522678251E+00  .530538136E+00
  .538512473E+00  .546602841E+00  .554810837E+00  .563138080E+00  .571586206E+00
  .580156874E+00  .588851762E+00  .597672570E+00  .606621017E+00  .615698843E+00
  .624907812E+00  .634249706E+00  .643726332E+00  .653339515E+00  .663091104E+00
  .672982972E+00  .683017011E+00  .693195138E+00  .703519292E+00  .713991434E+00
  .724613551E+00  .735387650E+00  .746315765E+00  .757399950E+00  .768642286E+00
  .780044877E+00  .791609852E+00  .803339364E+00  .815235590E+00  .827300734E+00
  .839537024E+00  .851946713E+00  .864532079E+00  .877295429E+00  .890239091E+00
  .903365422E+00  .916676807E+00  .930175653E+00  .943864396E+00  .957745501E+00
  .971821455E+00  .986094777E+00  .100056801E+01  .101524373E+01  .103012453E+01
  .104521304E+01  .106051191E+01  .107602383E+01  .109175152E+01  .110769770E+01
  .112386516E+01  .114025668E+01  .115687509E+01  .117372325E+01  .119080405E+01
  .120812039E+01  .122567523E+01  .124347153E+01  .126151229E+01  .127980056E+01
  .129833939E+01  .131713187E+01  .133618112E+01  .135549031E+01  .137506260E+01
  .139490123E+01  .141500941E+01  .143539045E+01  .145604763E+01  .147698429E+01
  .149820379E+01  .151970955E+01  .154150497E+01  .156359353E+01  .158597870E+01
  .160866401E+01  .163165301E+01  .165494928E+01  .167855643E+01  .170247810E+01
  .172671798E+01  .175127975E+01  .177616715E+01  .180138396E+01  .182693396E+01
  .185282098E+01  .187904888E+01  .190562154E+01  .193254287E+01  .195981684E+01
  .198744740E+01  .201543856E+01  .204379437E+01  .207251888E+01  .210161618E+01
  .213109040E+01  .216094568E+01  .219118621E+01  .222181619E+01  .225283985E+01
  .228426146E+01  .231608531E+01  .234831570E+01  .238095699E+01  .241401353E+01
  .244748973E+01  .248139000E+01  .251571879E+01  .255048056E+01  .258567980E+01
  .262132104E+01  .265740881E+01  .269394767E+01  .273094221E+01  .276839703E+01
  .280631675E+01  .284470603E+01  .288356953E+01  .292291192E+01  .296273793E+01
  .300305226E+01  .304385965E+01  .308516485E+01  .312697264E+01  .316928780E+01
  .321211512E+01  .325545941E+01  .329932550E+01  .334371821E+01  .338864240E+01
  .343410290E+01  .348010458E+01  .352665230E+01  .357375094E+01  .362140538E+01
  .366962049E+01  .371840116E+01  .376775227E+01  .381767871E+01  .386818536E+01
  .391927710E+01  .397095880E+01  .402323535E+01  .407611161E+01  .412959242E+01
  .418368265E+01  .423838712E+01  .429371066E+01  .434965808E+01  .440623417E+01
  .446344372E+01  .452129146E+01  .457978215E+01  .463892049E+01  .469871117E+01
  .475915885E+01  .482026817E+01  .488204372E+01  .494449008E+01  .500761178E+01
  .507141332E+01  .513589915E+01  .520107371E+01  .526694135E+01  .533350640E+01
  .540077316E+01  .546874585E+01  .553742865E+01  .560682567E+01  .567694099E+01
  .574777860E+01  .581934246E+01  .589163642E+01  .596466431E+01  .603842985E+01
  .611293671E+01  .618818847E+01  .626418863E+01  .634094061E+01  .641844776E+01
  .649671331E+01  .657574043E+01  .665553216E+01  .673609148E+01  .681742123E+01
  .689952417E+01  .698240295E+01  .706606009E+01  .715049803E+01  .723571904E+01
  .732172532E+01  .740851890E+01  .749610171E+01  .758447553E+01  .767364201E+01
  .776360266E+01  .785435884E+01  .794591176E+01  .803826249E+01  .813141192E+01
  .822536079E+01  .832010969E+01  .841565901E+01  .851200900E+01  .860915971E+01
  .870711100E+01  .880586258E+01  .890541393E+01  .900576437E+01  .910691298E+01
  .920885866E+01  .931160012E+01  .941513582E+01  .951946402E+01  .962458276E+01
  .973048986E+01  .983718288E+01  .994465918E+01  .100529159E+02  .101619498E+02
  .102717575E+02  .103823355E+02  .104936797E+02  .106057860E+02  .107186501E+02
  .108322670E+02  .109466320E+02  .110617397E+02  .111775844E+02  .112941605E+02
  .114114617E+02  .115294815E+02  .116482133E+02  .117676498E+02  .118877838E+02
  .120086076E+02  .121301130E+02  .122522917E+02  .123751351E+02  .124986340E+02
  .126227791E+02  .127475606E+02  .128729686E+02  .129989924E+02  .131256214E+02
  .132528443E+02  .133806496E+02  .135090254E+02  .136379594E+02  .137674389E+02
  .138974509E+02  .140279819E+02  .141590181E+02  .142905453E+02  .144225487E+02
  .145550135E+02  .146879241E+02  .148212647E+02  .149550190E+02  .150891703E+02
  .152237016E+02  .153585954E+02  .154938336E+02  .156293981E+02  .157652698E+02
  .159014298E+02  .160378582E+02  .161745351E+02  .163114400E+02  .164485518E+02
  .165858494E+02  .167233107E+02  .168609137E+02  .169986357E+02  .171364535E+02
  .172743436E+02  .174122821E+02  .175502446E+02  .176882062E+02  .178261417E+02
  .179640254E+02  .181018312E+02  .182395326E+02  .183771027E+02  .185145140E+02
  .186517388E+02  .187887490E+02  .189255159E+02  .190620105E+02  .191982035E+02
  .193340652E+02  .194695652E+02  .196046732E+02  .197393583E+02  .198735890E+02
  .200073339E+02  .201405610E+02  .202732378E+02  .204053319E+02  .205368101E+02
  .206676392E+02  .207977857E+02  .209272156E+02  .210558947E+02  .211837886E+02
  .213108625E+02  .214370816E+02  .215624106E+02  .216868140E+02  .218102563E+02
  .219327017E+02  .220541140E+02  .221744572E+02  .222936949E+02  .224117906E+02
  .225287078E+02  .226444097E+02  .227588597E+02  .228720208E+02  .229838563E+02
  .230943291E+02  .232034025E+02  .233110394E+02  .234172031E+02  .235218567E+02
  .236249635E+02  .237264868E+02  .238263902E+02  .239246373E+02  .240211919E+02
  .241160180E+02  .242090798E+02  .243003419E+02  .243897688E+02  .244773257E+02
  .245629779E+02  .246466912E+02  .247284316E+02  .248081655E+02  .248858601E+02
  .249614825E+02  .250350007E+02  .251063832E+02  .251755989E+02  .252426173E+02
  .253074086E+02  .253699436E+02  .254301938E+02  .254881314E+02  .255437293E+02
  .255969613E+02  .256478018E+02  .256962261E+02  .257422106E+02  .257857324E+02
  .258267694E+02  .258653008E+02  .259013065E+02  .259347677E+02  .259656665E+02
  .259939861E+02  .260197109E+02  .260428264E+02  .260633194E+02  .260811779E+02
  .260963911E+02  .261089496E+02  .261188452E+02  .261260711E+02  .261306221E+02
  .261324941E+02  .261316846E+02  .261281927E+02  .261220189E+02  .261131651E+02
  .261016351E+02  .260874340E+02  .260705687E+02  .260510477E+02  .260288810E+02
  .260040807E+02  .259766603E+02  .259466352E+02  .259140224E+02  .258788409E+02
  .258411113E+02  .258008562E+02  .257581001E+02  .257128690E+02  .256651912E+02
  .256150967E+02  .255626173E+02  .255077870E+02  .254506413E+02  .253912180E+02
  .253295568E+02  .252656990E+02  .251996883E+02  .251315700E+02  .250613915E+02
  .249892021E+02  .249150530E+02  .248389973E+02  .247610903E+02  .246813887E+02
  .245999516E+02  .245168396E+02  .244321155E+02  .243458436E+02  .242580903E+02
  .241689236E+02  .240784134E+02  .239866314E+02  .238936508E+02  .237995467E+02
  .237043957E+02  .236082762E+02  .235112679E+02  .234134523E+02  .233149122E+02
  .232157320E+02  .231159973E+02  .230157952E+02  .229152140E+02  .228143433E+02
  .227132738E+02  .226120973E+02  .225109067E+02  .224097959E+02  .223088596E+02
  .222081935E+02  .221078938E+02  .220080578E+02  .219087830E+02  .218101676E+02
  .217123103E+02  .216153102E+02  .215192665E+02  .214242786E+02  .213304463E+02
  .212378691E+02  .211466465E+02  .210568778E+02  .209686620E+02  .208820979E+02
  .207972836E+02  .207143167E+02  .206332941E+02  .205543119E+02  .204774654E+02
  .204028487E+02  .203305549E+02  .202606758E+02  .201933021E+02  .201285227E+02
  .200664251E+02  .200070953E+02  .199506172E+02  .198970731E+02  .198465429E+02
  .197991048E+02  .197548345E+02  .197138054E+02  .196760885E+02  .196417522E+02
  .196108622E+02  .195834813E+02  .195596696E+02  .195394840E+02  .195229784E+02
  .195102033E+02  .195012062E+02  .194960308E+02  .194947176E+02  .194973031E+02
  .195038204E+02  .195142986E+02  .195287629E+02  .195472347E+02  .195697310E+02
  .195962648E+02  .196268450E+02  .196614758E+02  .197001575E+02  .197428854E+02
  .197896508E+02  .198404401E+02  .198952352E+02  .199540132E+02  .200167465E+02
  .200834029E+02  .201539452E+02  .202283315E+02  .203065149E+02  .203884437E+02
  .204740614E+02  .205633065E+02  .206561126E+02  .207524084E+02  .208521179E+02
  .209551599E+02  .210614486E+02  .211708934E+02  .212833988E+02  .213988647E+02
  .215171863E+02  .216382539E+02  .217619537E+02  .218881671E+02  .220167712E+02
  .221476387E+02  .222806381E+02  .224156337E+02  .225524859E+02  .226910509E+02
  .228311814E+02  .229727262E+02  .231155306E+02  .232594364E+02  .234042822E+02
  .235499034E+02  .236961324E+02  .238427987E+02  .239897293E+02  .241367485E+02
  .242836784E+02  .244303390E+02  .245765482E+02  .247221222E+02  .248668757E+02
  .250106218E+02  .251531726E+02  .252943394E+02  .254339324E+02  .255717615E+02
  .257076362E+02  .258413661E+02  .259727608E+02  .261016302E+02  .262277849E+02
  .263510364E+02  .264711972E+02  .265880813E+02  .267015039E+02  .268112824E+02
  .269172361E+02  .270191864E+02  .271169575E+02  .272103763E+02  .272992727E+02
  .273834798E+02  .274628343E+02  .275371766E+02  .276063512E+02  .276702065E+02
  .277285956E+02  .277813762E+02  .278284108E+02  .278695672E+02  .279047185E+02
  .279337431E+02  .279565253E+02  .279729555E+02  .279829300E+02  .279863515E+02
  .279831294E+02  .279731795E+02  .279564246E+02  .279327946E+02  .279022265E+02
  .278646646E+02  .278200606E+02  .277683739E+02  .277095716E+02  .276436286E+02
  .275705277E+02  .274902596E+02  .274028233E+02  .273082259E+02  .272064825E+02
  .270976167E+02  .269816604E+02  .268586537E+02  .267286450E+02  .265916913E+02
  .264478577E+02  .262972176E+02  .261398528E+02  .259758534E+02  .258053174E+02
  .256283511E+02  .254450688E+02  .252555927E+02  .250600528E+02  .248585869E+02
  .246513402E+02  .244384654E+02  .242201225E+02  .239964785E+02  .237677073E+02
  .235339897E+02  .232955128E+02  .230524701E+02  .228050611E+02  .225534912E+02
  .222979713E+02  .220387177E+02  .217759516E+02  .215098991E+02  .212407907E+02
  .209688610E+02  .206943487E+02  .204174957E+02  .201385474E+02  .198577520E+02
  .195753601E+02  .192916247E+02  .190068004E+02  .187211437E+02  .184349117E+02
  .181483627E+02  .178617550E+02  .175753473E+02  .172893976E+02  .170041634E+02
  .167199009E+02  .164368650E+02  .161553085E+02  .158754820E+02  .155976337E+02
  .153220086E+02  .150488483E+02  .147783907E+02  .145108698E+02  .142465150E+02
  .139855508E+02  .137281969E+02  .134746673E+02  .132251702E+02  .129799079E+02
  .127390762E+02  .125028643E+02  .122714542E+02  .120450211E+02  .118237323E+02
  .116077476E+02  .113972188E+02  .111922896E+02  .109930954E+02  .107997628E+02
  .106124100E+02  .104311462E+02  .102560716E+02  .100872773E+02  .992484525E+01
  .976884807E+01  .961934905E+01  .947640202E+01  .934005133E+01  .921033187E+01
  .908726903E+01  .897087866E+01  .886116715E+01  .875813139E+01  .866175882E+01
  .857202747E+01  .848890599E+01  .841235373E+01  .834232078E+01  .827874801E+01
  .822156720E+01  .817070108E+01  .812606341E+01  .808755913E+01  .805508442E+01
  .802852687E+01  .800776561E+01  .799267152E+01  .798310734E+01  .797892805E+01
  .797998098E+01  .798610621E+01  .799713687E+01  .801289950E+01  .803321445E+01
  .805789635E+01  .808675446E+01  .811959326E+01  .815621280E+01  .819640929E+01
  .823997546E+01  .828670113E+01  .833637355E+01  .838877795E+01  .844369785E+01
  .850091558E+01  .856021253E+01  .862136969E+01  .868416788E+01  .874838822E+01
  .881381235E+01  .888022298E+01  .894740396E+01  .901514089E+01  .908322124E+01
  .915143482E+01  .921957398E+01  .928743406E+01  .935481356E+01  .942151461E+01
  .948734306E+01  .955210902E+01  .961562689E+01  .967771587E+01  .973820001E+01
  .979690867E+01  .985367657E+01  .990834423E+01  .996075795E+01  .100107703E+02
  .100582400E+02  .101030323E+02  .101450193E+02  .101840797E+02  .102200992E+02
  .102529706E+02  .102825938E+02  .103088762E+02  .103317321E+02  .103510836E+02
  .103668600E+02  .103789982E+02  .103874423E+02  .103921443E+02  .103930632E+02
  .103901655E+02  .103834251E+02  .103728232E+02  .103583479E+02  .103399948E+02
  .103177661E+02  .102916710E+02  .102617254E+02  .102279516E+02  .101903784E+02
  .101490410E+02  .101039803E+02  .100552432E+02  .100028823E+02  .994695555E+01
  .988752618E+01  .982466241E+01  .975843720E+01  .968892810E+01  .961621694E+01
  .954038963E+01  .946153588E+01  .937974900E+01  .929512561E+01  .920776540E+01
  .911777090E+01  .902524717E+01  .893030165E+01  .883304379E+01  .873358491E+01
  .863203786E+01  .852851687E+01  .842313719E+01  .831601500E+01  .820726704E+01
  .809701047E+01  .798536259E+01  .787244069E+01  .775836172E+01  .764324225E+01
  .752719808E+01  .741034423E+01  .729279456E+01  .717466179E+01  .705605715E+01
  .693709035E+01  .681786930E+01  .669850012E+01  .657908675E+01  .645973110E+01
  .634053269E+01  .622158870E+01  .610299370E+01  .598483973E+01  .586721600E+01
  .575020903E+01  .563390233E+01  .551837648E+01  .540370885E+01  .528997430E+01
  .517724340E+01  .506558530E+01  .495506391E+01  .484574203E+01  .473767717E+01
  .463092561E+01  .452553842E+01  .442156538E+01  .431905106E+01  .421803883E+01
  .411856684E+01  .402067210E+01  .392438645E+01  .382974057E+01  .373676068E+01
  .364547075E+01  .355589134E+01  .346804056E+01  .338193324E+01  .329758195E+01
  .321499603E+01  .313418275E+01  .305514629E+01  .297788890E+01  .290240991E+01
  .282870689E+01  .275677463E+01  .268660636E+01  .261819268E+01  .255152282E+01
  .248658355E+01  .242336046E+01  .236183684E+01  .230199501E+01  .224381514E+01
  .218727663E+01  .213235689E+01  .207903276E+01  .202727925E+01  .197707101E+01
  .192838096E+01  .188118189E+01  .183544501E+01  .179114155E+01  .174824134E+01
  .170671437E+01  .166652938E+01  .162765542E+01  .159006043E+01  .155371282E+01
  .151857997E+01  .148462992E+01  .145182976E+01  .142014736E+01  .138954977E+01
  .136000491E+01  .133148000E+01  .130394322E+01  .127736210E+01  .125170529E+01
  .122694083E+01  .120303795E+01  .117996534E+01  .115769298E+01  .113619034E+01
  .111542824E+01  .109537706E+01  .107600859E+01  .105729417E+01  .103920665E+01
  .102171847E+01  .100480357E+01  .988435549E+00  .972589532E+00  .957240307E+00
  .942364249E+00  .927937390E+00  .913937382E+00  .900341539E+00  .887128823E+00
  .874277859E+00  .861768937E+00  .849582007E+00  .837698702E+00  .826100311E+00
  .814769808E+00  .803689814E+00  .792844647E+00  .782218252E+00  .771796271E+00
  .761563958E+00  .751508260E+00  .741615718E+00  .731874552E+00  .722272555E+00
  .712799194E+00  .703443478E+00  .694196076E+00  .685047172E+00  .675988595E+00
  .667011659E+00  .658109302E+00  .649273919E+00  .640499508E+00  .631779494E+00
  .623108878E+00  .614482057E+00  .605894987E+00  .597342983E+00  .588822891E+00
  .580330886E+00  .571864653E+00  .563421171E+00  .554998899E+00  .546595560E+00
  .538210332E+00  .529841629E+00  .521489285E+00  .513152339E+00  .504831230E+00
  .496525569E+00  .488236335E+00  .479963651E+00  .471708982E+00  .463472908E+00
  .455257321E+00  .447063200E+00  .438892808E+00  .430747468E+00  .422629762E+00
  .414541297E+00  .406484919E+00  .398462472E+00  .390477008E+00  .382530554E+00
  .374626319E+00  .366766463E+00  .358954303E+00  .351192079E+00  .343483168E+00
  .335829849E+00  .328235513E+00  .320702425E+00  .313233952E+00  .305832312E+00
  .298500803E+00  .291241550E+00  .284057751E+00  .276951412E+00  .269925619E+00
  .262982159E+00  .256124006E+00  .249352757E+00  .242671199E+00  .236080724E+00
  .229583912E+00  .223181940E+00  .216877165E+00  .210670526E+00  .204564149E+00
  .198558734E+00  .192656164E+00  .186856889E+00  .181162551E+00  .175573353E+00
  .170090692E+00  .164714521E+00  .159445999E+00  .154284839E+00  .149231968E+00
  .144286860E+00  .139450219E+00  .134721298E+00  .130100588E+00  .125587125E+00
  .121181202E+00  .116881662E+00  .112688602E+00  .108600684E+00  .104617835E+00
  .100738553E+00  .969625994E-01  .932883225E-01  .897153443E-01  .862418830E-01
  .828674210E-01  .795900648E-01  .764091859E-01  .733229390E-01  .703301217E-01
  .674292993E-01  .646190063E-01  .618977398E-01  .592639648E-01  .567161171E-01
  .542526064E-01  .518718198E-01  .495721239E-01  .473518685E-01  .452093887E-01
  .431430079E-01  .411510401E-01  .392317924E-01  .373835672E-01  .356046646E-01
  .338933843E-01  .322480278E-01  .306669003E-01  .291483122E-01  .276905816E-01
  .262920353E-01  .249510107E-01  .236658573E-01  .224349382E-01  .212566315E-01
  .201293315E-01  .190514503E-01  .180214185E-01  .170376869E-01  .160987271E-01
  .152030330E-01  .143491213E-01  .135355328E-01  .127608332E-01  .120236136E-01
  .113224917E-01  .106561120E-01  .100231470E-01  .942229741E-02  .885229260E-02
  .831189138E-02  .779988219E-02  .731508354E-02  .685634424E-02  .642254373E-02
  .601259216E-02  .562543062E-02  .526003110E-02  .491539661E-02  .459056107E-02
  .428458926E-02  .399657664E-02  .372564921E-02  .347096323E-02  .323170494E-02
  .300709024E-02  .279636433E-02  .259880127E-02  .241370355E-02  .224040161E-02
  .207825330E-02  .192664337E-02  .178498288E-02  .165270858E-02  .152928234E-02
  .141419047E-02  .130694309E-02  .120707344E-02  .111413723E-02  .102771191E-02
  .947396029E-03  .872808480E-03  .803587834E-03  .739391623E-03  .679895647E-03
  .624793275E-03  .573794756E-03  .526626536E-03  .483030585E-03  .442763733E-03
  .405597020E-03  .371315052E-03  .339715381E-03  .310607893E-03  .283814211E-03
  .259167118E-03  .236509994E-03  .215696271E-03  .196588906E-03  .179059873E-03
  .162989669E-03  .148266844E-03  .134787544E-03  .122455075E-03  .111179486E-03
  .100877167E-03  .914704662E-04  .828873276E-04  .750609392E-04  .679294043E-04
  .614354256E-04  .555260070E-04  .501521698E-04  .452686847E-04  .408338185E-04
  .368090940E-04  .331590647E-04  .298511013E-04  .268551921E-04  .241437541E-04
  .216914567E-04  .194750554E-04  .174732371E-04  .156664743E-04  .140368898E-04
  .125681291E-04  .112452429E-04  .100545764E-04  .898366672E-05  .802114784E-05
  .715666160E-05  .638077571E-05  .568490740E-05  .506125288E-05  .450272198E-05
  .400287779E-05  .355588086E-05  .315643780E-05  .279975381E-05  .248148903E-05
  .219771836E-05  .194489451E-05  .171981406E-05  .151958639E-05  .134160506E-05
  .118352175E-05  .104322228E-05  .918804752E-06  .808559579E-06  .710951222E-06
  .624601565E-06  .548274752E-06  .480863377E-06  .421375933E-06  .368925394E-06
  .322718851E-06  .282048101E-06  .246281124E-06  .214854350E-06  .187265671E-06
  .163068116E-06  .141864131E-06  .123300424E-06  .107063308E-06  .928745054E-07
  .804873705E-07  .696834887E-07  .602696207E-07  .520749566E-07  .449486526E-07
  .387576215E-07  .333845530E-07  .287261431E-07  .246915091E-07  .212007744E-07
  .181838055E-07  .155790846E-07  .133327064E-07  .113974841E-07  .973215520E-08
  .830067523E-08  .707159161E-08  .601748799E-08  .511449232E-08  .434184154E-08
  .368149674E-08  .311780340E-08  .263719176E-08  .222791265E-08  .187980519E-08
  .158409238E-08  .133320169E-08  .112060765E-08  .940693963E-09  .788632761E-09
  .660279130E-09  .552078983E-09  .460988733E-09  .384405328E-09  .320105392E-09
  .266192353E-09  .221050558E-09  .183305522E-09  .151789518E-09  .125511841E-09
  .103633141E-09  .854432961E-10  .703423705E-10  .578242428E-10  .474625539E-10
  .388986621E-10  .318313337E-10  .260079275E-10  .212168849E-10  .172813000E-10
  .140534943E-10  .114103558E-10  .924943048E-11  .748558410E-11  .604818701E-11
  .487873725E-11  .392885675E-11  .315860500E-11  .253506193E-11  .203113922E-11
  .162458476E-11  .129715021E-11  .103389634E-11  .822614068E-12  .653342938E-12
  .517971297E-12  .409904851E-12  .323792432E-12  .255299497E-12  .200921386E-12
  .157829644E-12  .123745784E-12  .968377839E-13  .756353798E-13  .589608769E-13
  .458727412E-13  .356196988E-13  .276034591E-13  .213484998E-13  .164776253E-13
  .126922336E-13  .975641756E-14  .748418044E-14  .572917742E-14  .437650064E-14
  .333611425E-14  .253761929E-14  .192608757E-14  .145875355E-14  .110239292E-14
  .831250091E-15  .625402970E-15  .469475788E-15  .351628048E-15  .262762164E-15
  .195903889E-15  .145718950E-15  .108136802E-15  .800584611E-16  .591301284E-16
  .435682237E-16  .320244622E-16  .234820626E-16  .171760945E-16  .125324995E-16
  .912152198E-17  .662223264E-17  .479556933E-17  .346390174E-17  .249558041E-17
  .179328401E-17  .128525384E-17  .918717140E-18  .654965573E-18  .465682024E-18
  .330206295E-18  .233505195E-18  .164669606E-18  .115804741E-18  .812129816E-19
  .567938007E-19  .396043455E-19  .275385560E-19  .190935117E-19  .131997775E-19
  .909857343E-20  .625310269E-20  .428472507E-20  .292715018E-20  .199366006E-20
  .135372548E-20  .916373949E-21  .618395993E-21  .416007799E-21  .278975550E-21
  .186487434E-21  .124262641E-21  .825330475E-22  .546386693E-22  .360533661E-22
  .237111953E-22  .155421594E-22  .101533140E-22  .661044956E-23  .428912768E-23
  .277338228E-23  .178706837E-23  .114749569E-23  .734221523E-24  .468119692E-24
  .297391093E-24  .188246820E-24  .118725301E-24  .746039887E-25  .467058247E-25
  .291311253E-25  .181012090E-25  .112049209E-25  .690951508E-26  .424434305E-26
  .259707198E-26  .158290353E-26  .960966193E-27  .581073550E-27  .349952797E-27
  .209908057E-27  .125393733E-27  .745993979E-28  .441970375E-28  .260756297E-28
  .153195357E-28  .896212049E-29  .522054021E-29  .302792137E-29  .174857029E-29
  .100534634E-29  .575475773E-30  .327945466E-30  .186047503E-30  .105069810E-30
  .590674297E-31  .330535591E-31  .184107847E-31  .102069041E-31  .563205728E-32
  .309296406E-32  .169044417E-32  .919450104E-33  .497668296E-33  .268052104E-33
  .143664257E-33  .766145397E-34  .406526791E-34  .214617470E-34  .112725241E-34
  .589032975E-35  .306198017E-35  .158340247E-35  .814494494E-36  .416748875E-36
  .212095564E-36  .107359597E-36  .540484712E-37  .270607722E-37  .134738593E-37
  .667143949E-38  .328475765E-38  .160813949E-38  .782818200E-39  .378874150E-39
  .182308030E-39  .872113720E-40  .414740568E-40  .196062896E-40  .921316946E-41
  .430324975E-41  .199773013E-41  .921740409E-42  .422659440E-42  .192602131E-42
  .872164557E-43  .392446720E-43  .175463108E-43  .779455861E-44  .344013437E-44
  .150839422E-44  .657032890E-45  .284294992E-45  .122190665E-45  .521639244E-46
  .221178246E-46  .931388385E-47  .389503736E-47  .161756151E-47  .667043454E-48
  .273128606E-48  .111038962E-48  .448181540E-49  .179588253E-49  .714368202E-50
  .282072780E-50  .110552755E-50  .430052570E-51  .166031761E-51  .636139432E-52
  .241868128E-52  .912522589E-53  .341602093E-53  .126876854E-53  .467522061E-54
  .170904020E-54  .619734090E-55  .222912066E-55  .795259881E-56  .281388098E-56
  .987407844E-57  .343608222E-57  .118586144E-57  .405937085E-58  .137916980E-58
  .466796695E-59  .158037077E-59  .550187310E-60  .206631152E-60  .971767283E-61
  .732003807E-61  .000000000E+00  .000000000E+00  .000000000E+00  .000000000E+00
  .000000000E+00  .000000000E+00  .000000000E+00  .000000000E+00  .000000000E+00
  .000000000E+00  .000000000E+00  .000000000E+00  .000000000E+00  .000000000E+00
  .000000000E+00  .000000000E+00  .000000000E+00  .000000000E+00  .000000000E+00
  .000000000E+00  .000000000E+00  .000000000E+00  .000000000E+00  .000000000E+00
  .000000000E+00  .000000000E+00  .000000000E+00  .000000000E+00  .000000000E+00
  .000000000E+00  .000000000E+00  .000000000E+00  .000000000E+00  .000000000E+00
  .000000000E+00  .000000000E+00  .000000000E+00  .000000000E+00  .000000000E+00
  .000000000E+00  .000000000E+00  .000000000E+00  .000000000E+00  .000000000E+00
  .000000000E+00  .000000000E+00  .000000000E+00  .000000000E+00  .000000000E+00
  .000000000E+00  .000000000E+00  .000000000E+00  .000000000E+00  .000000000E+00
  .000000000E+00  .000000000E+00  .000000000E+00  .000000000E+00  .000000000E+00
  .000000000E+00  .000000000E+00  .000000000E+00  .000000000E+00  .000000000E+00
  .000000000E+00  .000000000E+00  .000000000E+00  .000000000E+00  .000000000E+00
  .000000000E+00  .000000000E+00  .000000000E+00  .000000000E+00  .000000000E+00
  .000000000E+00  .000000000E+00  .000000000E+00  .000000000E+00  .000000000E+00
  .000000000E+00  .000000000E+00  .000000000E+00  .000000000E+00  .000000000E+00
  .000000000E+00  .000000000E+00  .000000000E+00  .000000000E+00  .000000000E+00
  .000000000E+00  .000000000E+00  .000000000E+00  .000000000E+00  .000000000E+00
  .000000000E+00  .000000000E+00  .000000000E+00  .000000000E+00  .000000000E+00
  .000000000E+00  .000000000E+00  .000000000E+00  .000000000E+00  .000000000E+00
  .000000000E+00  .000000000E+00  .000000000E+00  .000000000E+00  .000000000E+00
  .000000000E+00  .000000000E+00  .000000000E+00  .000000000E+00  .000000000E+00
  .000000000E+00  .000000000E+00  .000000000E+00  .000000000E+00  .000000000E+00
  .000000000E+00  .000000000E+00  .000000000E+00  .000000000E+00  .000000000E+00
  .000000000E+00  .000000000E+00  .000000000E+00  .000000000E+00  .000000000E+00
  .000000000E+00  .000000000E+00  .000000000E+00  .000000000E+00  .000000000E+00
  .000000000E+00  .000000000E+00  .000000000E+00  .000000000E+00  .000000000E+00
  .000000000E+00  .000000000E+00  .000000000E+00  .000000000E+00  .000000000E+00
  .000000000E+00  .000000000E+00  .000000000E+00  .000000000E+00  .000000000E+00
  .000000000E+00  .000000000E+00  .000000000E+00  .000000000E+00  .000000000E+00
  .000000000E+00  .000000000E+00  .000000000E+00  .000000000E+00  .000000000E+00
  .000000000E+00  .000000000E+00  .000000000E+00  .000000000E+00  .000000000E+00
