  PAW Cu                                 
 100
Core Pot   L  =         .00000   -.33880
  -.30000000E+01  .14381926E+01
  -.29500000E+01  .14205686E+01
  -.29000000E+01  .14027442E+01
  -.28500000E+01  .13847133E+01
  -.28000000E+01  .13664697E+01
  -.27500000E+01  .13480069E+01
  -.27000000E+01  .13293181E+01
  -.26500000E+01  .13103960E+01
  -.26000000E+01  .12912333E+01
  -.25500000E+01  .12718220E+01
  -.25000000E+01  .12521540E+01
  -.24500000E+01  .12322206E+01
  -.24000000E+01  .12120129E+01
  -.23500000E+01  .11915212E+01
  -.23000000E+01  .11707356E+01
  -.22500000E+01  .11496457E+01
  -.22000000E+01  .11282403E+01
  -.21500000E+01  .11065079E+01
  -.21000000E+01  .10844361E+01
  -.20500000E+01  .10620121E+01
  -.20000000E+01  .10392221E+01
  -.19500000E+01  .10160518E+01
  -.19000000E+01  .99248588E+00
  -.18500000E+01  .96850820E+00
  -.18000000E+01  .94410164E+00
  -.17500000E+01  .91924810E+00
  -.17000000E+01  .89392832E+00
  -.16500000E+01  .86812186E+00
  -.16000000E+01  .84180699E+00
  -.15500000E+01  .81496059E+00
  -.15000000E+01  .78755801E+00
  -.14500000E+01  .75957296E+00
  -.14000000E+01  .73097737E+00
  -.13500000E+01  .70174124E+00
  -.13000000E+01  .67183244E+00
  -.12500000E+01  .64121656E+00
  -.12000000E+01  .60985666E+00
  -.11500000E+01  .57771306E+00
  -.11000000E+01  .54474305E+00
  -.10500000E+01  .51090063E+00
  -.10000000E+01  .47613616E+00
  -.95000000E+00  .44039597E+00
  -.90000000E+00  .40362199E+00
  -.85000000E+00  .36575126E+00
  -.80000000E+00  .32671536E+00
  -.75000000E+00  .28643989E+00
  -.70000000E+00  .24484371E+00
  -.65000000E+00  .20183821E+00
  -.60000000E+00  .15732640E+00
  -.55000000E+00  .11120190E+00
  -.50000000E+00  .63347760E-01
  -.45000000E+00  .13635129E-01
  -.40000000E+00 -.38078339E-01
  -.35000000E+00 -.91950281E-01
  -.30000000E+00 -.14815575E+00
  -.25000000E+00 -.20688970E+00
  -.20000000E+00 -.26836990E+00
  -.15000000E+00 -.33284040E+00
  -.10000000E+00 -.40057560E+00
  -.50000000E-01 -.47188515E+00
  -.22898350E-14 -.54711982E+00
   .50000000E-01 -.62667858E+00
   .10000000E+00 -.71101714E+00
   .15000000E+00 -.80065850E+00
   .20000000E+00 -.89620580E+00
   .25000000E+00 -.99835836E+00
   .30000000E+00 -.11079316E+01
   .35000000E+00 -.12258824E+01
   .40000000E+00 -.13533408E+01
   .45000000E+00 -.14916515E+01
   .50000000E+00 -.16424272E+01
   .55000000E+00 -.18076190E+01
   .60000000E+00 -.19896098E+01
   .65000000E+00 -.21913413E+01
   .70000000E+00 -.24164880E+01
   .75000000E+00 -.26697001E+01
   .80000000E+00 -.29569511E+01
   .85000000E+00 -.32860445E+01
   .90000000E+00 -.36673723E+01
   .95000000E+00 -.41150868E+01
   .10000000E+01 -.46489694E+01
   .10500000E+01 -.52975391E+01
   .11000000E+01 -.61034770E+01
   .11500000E+01 -.71336621E+01
   .12000000E+01 -.84991536E+01
   .12500000E+01 -.10398891E+02
   .13000000E+01 -.13228052E+02
   .13500000E+01 -.17899237E+02
   .14000000E+01 -.27101392E+02
   .14500000E+01 -.53718617E+02
   .15000000E+01 -.10478146E+04
   .15500000E+01  .61942008E+02
   .16000000E+01  .30549305E+02
   .16500000E+01  .20464700E+02
   .17000000E+01  .15484266E+02
   .17500000E+01  .12511374E+02
   .18000000E+01  .10532908E+02
   .18500000E+01  .91192589E+01
   .19000000E+01  .80571072E+01
   .19500000E+01  .72285246E+01
   .20000000E+01  .65630138E+01
Potential  L  =         .00000   -.33880
  -.30000000E+01  .14777870E+01
  -.29500000E+01  .14608523E+01
  -.29000000E+01  .14437286E+01
  -.28500000E+01  .14264099E+01
  -.28000000E+01  .14088898E+01
  -.27500000E+01  .13911616E+01
  -.27000000E+01  .13732185E+01
  -.26500000E+01  .13550529E+01
  -.26000000E+01  .13366572E+01
  -.25500000E+01  .13180232E+01
  -.25000000E+01  .12991422E+01
  -.24500000E+01  .12800051E+01
  -.24000000E+01  .12606022E+01
  -.23500000E+01  .12409233E+01
  -.23000000E+01  .12209576E+01
  -.22500000E+01  .12006935E+01
  -.22000000E+01  .11801188E+01
  -.21500000E+01  .11592205E+01
  -.21000000E+01  .11379849E+01
  -.20500000E+01  .11163971E+01
  -.20000000E+01  .10944413E+01
  -.19500000E+01  .10721009E+01
  -.19000000E+01  .10493577E+01
  -.18500000E+01  .10261925E+01
  -.18000000E+01  .10025846E+01
  -.17500000E+01  .97851182E+00
  -.17000000E+01  .95395013E+00
  -.16500000E+01  .92887377E+00
  -.16000000E+01  .90325490E+00
  -.15500000E+01  .87706338E+00
  -.15000000E+01  .85026658E+00
  -.14500000E+01  .82282907E+00
  -.14000000E+01  .79471231E+00
  -.13500000E+01  .76587430E+00
  -.13000000E+01  .73626919E+00
  -.12500000E+01  .70584677E+00
  -.12000000E+01  .67455197E+00
  -.11500000E+01  .64232426E+00
  -.11000000E+01  .60909684E+00
  -.10500000E+01  .57479594E+00
  -.10000000E+01  .53933975E+00
  -.95000000E+00  .50263734E+00
  -.90000000E+00  .46458729E+00
  -.85000000E+00  .42507615E+00
  -.80000000E+00  .38397654E+00
  -.75000000E+00  .34114495E+00
  -.70000000E+00  .29641902E+00
  -.65000000E+00  .24961437E+00
  -.60000000E+00  .20052064E+00
  -.55000000E+00  .14889674E+00
  -.50000000E+00  .94464942E-01
  -.45000000E+00  .36903609E-01
  -.40000000E+00 -.24161905E-01
  -.35000000E+00 -.89170732E-01
  -.30000000E+00 -.15864107E+00
  -.25000000E+00 -.23318890E+00
  -.20000000E+00 -.31355234E+00
  -.15000000E+00 -.40062362E+00
  -.10000000E+00 -.49549162E+00
  -.50000000E-01 -.59949948E+00
  -.22898350E-14 -.71432359E+00
   .50000000E-01 -.84208399E+00
   .10000000E+00 -.98550195E+00
   .15000000E+00 -.11481297E+01
   .20000000E+00 -.13346941E+01
   .25000000E+00 -.15516271E+01
   .30000000E+00 -.18079108E+01
   .35000000E+00 -.21164816E+01
   .40000000E+00 -.24966771E+01
   .45000000E+00 -.29787558E+01
   .50000000E+00 -.36128760E+01
   .55000000E+00 -.44886792E+01
   .60000000E+00 -.57836639E+01
   .65000000E+00 -.79057648E+01
   .70000000E+00 -.12047026E+02
   .75000000E+00 -.23810454E+02
   .80000000E+00 -.32556842E+03
   .85000000E+00  .29318005E+02
   .90000000E+00  .14319079E+02
   .95000000E+00  .95809102E+01
   .10000000E+01  .72486863E+01
   .10500000E+01  .58548823E+01
   .11000000E+01  .49237024E+01
   .11500000E+01  .42544102E+01
   .12000000E+01  .37476568E+01
   .12500000E+01  .33486455E+01
   .13000000E+01  .30246723E+01
   .13500000E+01  .27550088E+01
   .14000000E+01  .25258788E+01
   .14500000E+01  .23277669E+01
   .15000000E+01  .21538881E+01
   .15500000E+01  .19992720E+01
   .16000000E+01  .18601931E+01
   .16500000E+01  .17338024E+01
   .17000000E+01  .16178825E+01
   .17500000E+01  .15106806E+01
   .18000000E+01  .14107915E+01
   .18500000E+01  .13170744E+01
   .19000000E+01  .12285919E+01
   .19500000E+01  .11445660E+01
   .20000000E+01  .10643437E+01
Core Pot   L  =        1.00000   -.20000
  -.30000000E+01  .16109334E+01
  -.29500000E+01  .15953053E+01
  -.29000000E+01  .15795551E+01
  -.28500000E+01  .15636789E+01
  -.28000000E+01  .15476731E+01
  -.27500000E+01  .15315338E+01
  -.27000000E+01  .15152572E+01
  -.26500000E+01  .14988391E+01
  -.26000000E+01  .14822756E+01
  -.25500000E+01  .14655625E+01
  -.25000000E+01  .14486955E+01
  -.24500000E+01  .14316701E+01
  -.24000000E+01  .14144819E+01
  -.23500000E+01  .13971262E+01
  -.23000000E+01  .13795980E+01
  -.22500000E+01  .13618925E+01
  -.22000000E+01  .13440045E+01
  -.21500000E+01  .13259286E+01
  -.21000000E+01  .13076592E+01
  -.20500000E+01  .12891907E+01
  -.20000000E+01  .12705171E+01
  -.19500000E+01  .12516321E+01
  -.19000000E+01  .12325293E+01
  -.18500000E+01  .12132021E+01
  -.18000000E+01  .11936434E+01
  -.17500000E+01  .11738459E+01
  -.17000000E+01  .11538021E+01
  -.16500000E+01  .11335041E+01
  -.16000000E+01  .11129435E+01
  -.15500000E+01  .10921118E+01
  -.15000000E+01  .10709998E+01
  -.14500000E+01  .10495982E+01
  -.14000000E+01  .10278969E+01
  -.13500000E+01  .10058856E+01
  -.13000000E+01  .98355348E+00
  -.12500000E+01  .96088896E+00
  -.12000000E+01  .93788007E+00
  -.11500000E+01  .91451416E+00
  -.11000000E+01  .89077793E+00
  -.10500000E+01  .86665739E+00
  -.10000000E+01  .84213776E+00
  -.95000000E+00  .81720350E+00
  -.90000000E+00  .79183816E+00
  -.85000000E+00  .76602440E+00
  -.80000000E+00  .73974387E+00
  -.75000000E+00  .71297715E+00
  -.70000000E+00  .68570368E+00
  -.65000000E+00  .65790165E+00
  -.60000000E+00  .62954792E+00
  -.55000000E+00  .60061792E+00
  -.50000000E+00  .57108552E+00
  -.45000000E+00  .54092289E+00
  -.40000000E+00  .51010041E+00
  -.35000000E+00  .47858645E+00
  -.30000000E+00  .44634726E+00
  -.25000000E+00  .41334674E+00
  -.20000000E+00  .37954625E+00
  -.15000000E+00  .34490439E+00
  -.10000000E+00  .30937671E+00
  -.50000000E-01  .27291546E+00
  -.22898350E-14  .23546926E+00
   .50000000E-01  .19698274E+00
   .10000000E+00  .15739614E+00
   .15000000E+00  .11664488E+00
   .20000000E+00  .74659034E-01
   .25000000E+00  .31362788E-01
   .30000000E+00 -.13326215E-01
   .35000000E+00 -.59497597E-01
   .40000000E+00 -.10724907E+00
   .45000000E+00 -.15668736E+00
   .50000000E+00 -.20792931E+00
   .55000000E+00 -.26110309E+00
   .60000000E+00 -.31634959E+00
   .65000000E+00 -.37382411E+00
   .70000000E+00 -.43369817E+00
   .75000000E+00 -.49616178E+00
   .80000000E+00 -.56142595E+00
   .85000000E+00 -.62972569E+00
   .90000000E+00 -.70132357E+00
   .95000000E+00 -.77651386E+00
   .10000000E+01 -.85562747E+00
   .10500000E+01 -.93903785E+00
   .11000000E+01 -.10271681E+01
   .11500000E+01 -.11204996E+01
   .12000000E+01 -.12195820E+01
   .12500000E+01 -.13250465E+01
   .13000000E+01 -.14376209E+01
   .13500000E+01 -.15581492E+01
   .14000000E+01 -.16876159E+01
   .14500000E+01 -.18271761E+01
   .15000000E+01 -.19781943E+01
   .15500000E+01 -.21422946E+01
   .16000000E+01 -.23214248E+01
   .16500000E+01 -.25179422E+01
   .17000000E+01 -.27347262E+01
   .17500000E+01 -.29753325E+01
   .18000000E+01 -.32442031E+01
   .18500000E+01 -.35469617E+01
   .19000000E+01 -.38908341E+01
   .19500000E+01 -.42852632E+01
   .20000000E+01 -.47428296E+01
Potential  L  =        1.00000   -.20000
  -.30000000E+01  .16126209E+01
  -.29500000E+01  .15974074E+01
  -.29000000E+01  .15820620E+01
  -.28500000E+01  .15665814E+01
  -.28000000E+01  .15509625E+01
  -.27500000E+01  .15352017E+01
  -.27000000E+01  .15192955E+01
  -.26500000E+01  .15032403E+01
  -.26000000E+01  .14870323E+01
  -.25500000E+01  .14706674E+01
  -.25000000E+01  .14541416E+01
  -.24500000E+01  .14374505E+01
  -.24000000E+01  .14205897E+01
  -.23500000E+01  .14035545E+01
  -.23000000E+01  .13863401E+01
  -.22500000E+01  .13689413E+01
  -.22000000E+01  .13513529E+01
  -.21500000E+01  .13335695E+01
  -.21000000E+01  .13155851E+01
  -.20500000E+01  .12973939E+01
  -.20000000E+01  .12789894E+01
  -.19500000E+01  .12603651E+01
  -.19000000E+01  .12415142E+01
  -.18500000E+01  .12224293E+01
  -.18000000E+01  .12031029E+01
  -.17500000E+01  .11835270E+01
  -.17000000E+01  .11636934E+01
  -.16500000E+01  .11435931E+01
  -.16000000E+01  .11232171E+01
  -.15500000E+01  .11025555E+01
  -.15000000E+01  .10815983E+01
  -.14500000E+01  .10603346E+01
  -.14000000E+01  .10387531E+01
  -.13500000E+01  .10168418E+01
  -.13000000E+01  .99458808E+00
  -.12500000E+01  .97197858E+00
  -.12000000E+01  .94899916E+00
  -.11500000E+01  .92563482E+00
  -.11000000E+01  .90186970E+00
  -.10500000E+01  .87768695E+00
  -.10000000E+01  .85306868E+00
  -.95000000E+00  .82799586E+00
  -.90000000E+00  .80244825E+00
  -.85000000E+00  .77640428E+00
  -.80000000E+00  .74984094E+00
  -.75000000E+00  .72273365E+00
  -.70000000E+00  .69505614E+00
  -.65000000E+00  .66678027E+00
  -.60000000E+00  .63787591E+00
  -.55000000E+00  .60831069E+00
  -.50000000E+00  .57804982E+00
  -.45000000E+00  .54705586E+00
  -.40000000E+00  .51528845E+00
  -.35000000E+00  .48270402E+00
  -.30000000E+00  .44925544E+00
  -.25000000E+00  .41489168E+00
  -.20000000E+00  .37955736E+00
  -.15000000E+00  .34319229E+00
  -.10000000E+00  .30573091E+00
  -.50000000E-01  .26710169E+00
  -.22898350E-14  .22722642E+00
   .50000000E-01  .18601941E+00
   .10000000E+00  .14338652E+00
   .15000000E+00  .99224183E-01
   .20000000E+00  .53418064E-01
   .25000000E+00  .58416976E-02
   .30000000E+00 -.43645211E-01
   .35000000E+00 -.95198740E-01
   .40000000E+00 -.14899305E+00
   .45000000E+00 -.20522309E+00
   .50000000E+00 -.26410783E+00
   .55000000E+00 -.32589407E+00
   .60000000E+00 -.39086107E+00
   .65000000E+00 -.45932605E+00
   .70000000E+00 -.53165092E+00
   .75000000E+00 -.60825046E+00
   .80000000E+00 -.68960239E+00
   .85000000E+00 -.77625978E+00
   .90000000E+00 -.86886661E+00
   .95000000E+00 -.96817726E+00
   .10000000E+01 -.10750813E+01
   .10500000E+01 -.11906352E+01
   .11000000E+01 -.13161036E+01
   .11500000E+01 -.14530133E+01
   .12000000E+01 -.16032247E+01
   .12500000E+01 -.17690288E+01
   .13000000E+01 -.19532793E+01
   .13500000E+01 -.21595766E+01
   .14000000E+01 -.23925296E+01
   .14500000E+01 -.26581357E+01
   .15000000E+01 -.29643463E+01
   .15500000E+01 -.33219333E+01
   .16000000E+01 -.37458628E+01
   .16500000E+01 -.42575554E+01
   .17000000E+01 -.48887891E+01
   .17500000E+01 -.56888190E+01
   .18000000E+01 -.67383107E+01
   .18500000E+01 -.81791281E+01
   .19000000E+01 -.10285959E+02
   .19500000E+01 -.13669273E+02
   .20000000E+01 -.20014226E+02
Core Pot   L  =        2.00000   -.37038
  -.30000000E+01  .18050300E+01
  -.29500000E+01  .17909024E+01
  -.29000000E+01  .17766464E+01
  -.28500000E+01  .17622574E+01
  -.28000000E+01  .17477311E+01
  -.27500000E+01  .17330624E+01
  -.27000000E+01  .17182461E+01
  -.26500000E+01  .17032767E+01
  -.26000000E+01  .16881481E+01
  -.25500000E+01  .16728540E+01
  -.25000000E+01  .16573874E+01
  -.24500000E+01  .16417410E+01
  -.24000000E+01  .16259066E+01
  -.23500000E+01  .16098755E+01
  -.23000000E+01  .15936384E+01
  -.22500000E+01  .15771850E+01
  -.22000000E+01  .15605039E+01
  -.21500000E+01  .15435830E+01
  -.21000000E+01  .15264089E+01
  -.20500000E+01  .15089666E+01
  -.20000000E+01  .14912399E+01
  -.19500000E+01  .14732107E+01
  -.19000000E+01  .14548588E+01
  -.18500000E+01  .14361617E+01
  -.18000000E+01  .14170944E+01
  -.17500000E+01  .13976284E+01
  -.17000000E+01  .13777318E+01
  -.16500000E+01  .13573683E+01
  -.16000000E+01  .13364964E+01
  -.15500000E+01  .13150686E+01
  -.15000000E+01  .12930299E+01
  -.14500000E+01  .12703168E+01
  -.14000000E+01  .12468547E+01
  -.13500000E+01  .12225560E+01
  -.13000000E+01  .11973169E+01
  -.12500000E+01  .11710130E+01
  -.12000000E+01  .11434943E+01
  -.11500000E+01  .11145781E+01
  -.11000000E+01  .10840387E+01
  -.10500000E+01  .10515951E+01
  -.10000000E+01  .10168914E+01
  -.95000000E+00  .97947060E+00
  -.90000000E+00  .93873559E+00
  -.85000000E+00  .89389031E+00
  -.80000000E+00  .84384907E+00
  -.75000000E+00  .78709097E+00
  -.70000000E+00  .72141680E+00
  -.65000000E+00  .64352223E+00
  -.60000000E+00  .54820252E+00
  -.55000000E+00  .42675465E+00
  -.50000000E+00  .26344128E+00
  -.45000000E+00  .26578536E-01
  -.40000000E+00 -.35852508E+00
  -.35000000E+00 -.11200503E+01
  -.30000000E+00 -.34506091E+01
  -.25000000E+00  .80394721E+02
  -.20000000E+00  .50486034E+01
  -.15000000E+00  .30611100E+01
  -.10000000E+00  .23619444E+01
  -.50000000E-01  .19974621E+01
  -.22898350E-14  .17688310E+01
   .50000000E-01  .16085943E+01
   .10000000E+00  .14875443E+01
   .15000000E+00  .13909756E+01
   .20000000E+00  .13106759E+01
   .25000000E+00  .12416966E+01
   .30000000E+00  .11808762E+01
   .35000000E+00  .11260989E+01
   .40000000E+00  .10758937E+01
   .45000000E+00  .10292051E+01
   .50000000E+00  .98525469E+00
   .55000000E+00  .94345463E+00
   .60000000E+00  .90335174E+00
   .65000000E+00  .86458991E+00
   .70000000E+00  .82688448E+00
   .75000000E+00  .79000418E+00
   .80000000E+00  .75375827E+00
   .85000000E+00  .71798713E+00
   .90000000E+00  .68255531E+00
   .95000000E+00  .64734621E+00
   .10000000E+01  .61225818E+00
   .10500000E+01  .57720132E+00
   .11000000E+01  .54209508E+00
   .11500000E+01  .50686631E+00
   .12000000E+01  .47144773E+00
   .12500000E+01  .43577661E+00
   .13000000E+01  .39979374E+00
   .13500000E+01  .36344256E+00
   .14000000E+01  .32666835E+00
   .14500000E+01  .28941765E+00
   .15000000E+01  .25163761E+00
   .15500000E+01  .21327551E+00
   .16000000E+01  .17427828E+00
   .16500000E+01  .13459202E+00
   .17000000E+01  .94161597E-01
   .17500000E+01  .52930226E-01
   .18000000E+01  .10839027E-01
   .18500000E+01 -.32173386E-01
   .19000000E+01 -.76171349E-01
   .19500000E+01 -.12122261E+00
   .20000000E+01 -.16739882E+00
Potential  L  =        2.00000   -.37038
  -.30000000E+01  .16523919E+01
  -.29500000E+01  .16345164E+01
  -.29000000E+01  .16163768E+01
  -.28500000E+01  .15979620E+01
  -.28000000E+01  .15792606E+01
  -.27500000E+01  .15602603E+01
  -.27000000E+01  .15409480E+01
  -.26500000E+01  .15213097E+01
  -.26000000E+01  .15013308E+01
  -.25500000E+01  .14809952E+01
  -.25000000E+01  .14602862E+01
  -.24500000E+01  .14391855E+01
  -.24000000E+01  .14176737E+01
  -.23500000E+01  .13957302E+01
  -.23000000E+01  .13733324E+01
  -.22500000E+01  .13504563E+01
  -.22000000E+01  .13270760E+01
  -.21500000E+01  .13031634E+01
  -.21000000E+01  .12786885E+01
  -.20500000E+01  .12536184E+01
  -.20000000E+01  .12279176E+01
  -.19500000E+01  .12015475E+01
  -.19000000E+01  .11744664E+01
  -.18500000E+01  .11466283E+01
  -.18000000E+01  .11179832E+01
  -.17500000E+01  .10884766E+01
  -.17000000E+01  .10580484E+01
  -.16500000E+01  .10266324E+01
  -.16000000E+01  .99415607E+00
  -.15500000E+01  .96053882E+00
  -.15000000E+01  .92569159E+00
  -.14500000E+01  .88951538E+00
  -.14000000E+01  .85189978E+00
  -.13500000E+01  .81272147E+00
  -.13000000E+01  .77184211E+00
  -.12500000E+01  .72910603E+00
  -.12000000E+01  .68433733E+00
  -.11500000E+01  .63733663E+00
  -.11000000E+01  .58787688E+00
  -.10500000E+01  .53569839E+00
  -.10000000E+01  .48050278E+00
  -.95000000E+00  .42194545E+00
  -.90000000E+00  .35962607E+00
  -.85000000E+00  .29307709E+00
  -.80000000E+00  .22174916E+00
  -.75000000E+00  .14499168E+00
  -.70000000E+00  .62028903E-01
  -.65000000E+00 -.28071859E-01
  -.60000000E+00 -.12644212E+00
  -.55000000E+00 -.23446824E+00
  -.50000000E+00 -.35386745E+00
  -.45000000E+00 -.48679298E+00
  -.40000000E+00 -.63598185E+00
  -.35000000E+00 -.80496720E+00
  -.30000000E+00 -.99839060E+00
  -.25000000E+00 -.12224738E+01
  -.20000000E+00 -.14857542E+01
  -.15000000E+00 -.18002721E+01
  -.10000000E+00 -.21835743E+01
  -.50000000E-01 -.26622672E+01
  -.22898350E-14 -.32787321E+01
   .50000000E-01 -.41048513E+01
   .10000000E+00 -.52730850E+01
   .15000000E+00 -.70573231E+01
   .20000000E+00 -.10130377E+02
   .25000000E+00 -.16706171E+02
   .30000000E+00 -.40864877E+02
   .35000000E+00  .12530433E+03
   .40000000E+00  .26364873E+02
   .45000000E+00  .15213410E+02
   .50000000E+00  .10907098E+02
   .55000000E+00  .86182012E+01
   .60000000E+00  .71946608E+01
   .65000000E+00  .62212980E+01
   .70000000E+00  .55118824E+01
   .75000000E+00  .49704264E+01
   .80000000E+00  .45424464E+01
   .85000000E+00  .41947028E+01
   .90000000E+00  .39057728E+01
   .95000000E+00  .36612257E+01
   .10000000E+01  .34509853E+01
   .10500000E+01  .32678024E+01
   .11000000E+01  .31063279E+01
   .11500000E+01  .29625288E+01
   .12000000E+01  .28333061E+01
   .12500000E+01  .27162396E+01
   .13000000E+01  .26094112E+01
   .13500000E+01  .25112808E+01
   .14000000E+01  .24205978E+01
   .14500000E+01  .23363358E+01
   .15000000E+01  .22576443E+01
   .15500000E+01  .21838126E+01
   .16000000E+01  .21142419E+01
   .16500000E+01  .20484240E+01
   .17000000E+01  .19859250E+01
   .17500000E+01  .19263716E+01
   .18000000E+01  .18694410E+01
   .18500000E+01  .18148527E+01
   .19000000E+01  .17623612E+01
   .19500000E+01  .17117513E+01
   .20000000E+01  .16628328E+01
Core Pot   L  =        3.00000    .00000
  -.30000000E+01  .21185372E+01
  -.29500000E+01  .21071373E+01
  -.29000000E+01  .20956823E+01
  -.28500000E+01  .20841715E+01
  -.28000000E+01  .20726040E+01
  -.27500000E+01  .20609792E+01
  -.27000000E+01  .20492963E+01
  -.26500000E+01  .20375543E+01
  -.26000000E+01  .20257526E+01
  -.25500000E+01  .20138902E+01
  -.25000000E+01  .20019663E+01
  -.24500000E+01  .19899800E+01
  -.24000000E+01  .19779304E+01
  -.23500000E+01  .19658166E+01
  -.23000000E+01  .19536377E+01
  -.22500000E+01  .19413926E+01
  -.22000000E+01  .19290804E+01
  -.21500000E+01  .19167001E+01
  -.21000000E+01  .19042507E+01
  -.20500000E+01  .18917310E+01
  -.20000000E+01  .18791401E+01
  -.19500000E+01  .18664768E+01
  -.19000000E+01  .18537399E+01
  -.18500000E+01  .18409283E+01
  -.18000000E+01  .18280408E+01
  -.17500000E+01  .18150762E+01
  -.17000000E+01  .18020332E+01
  -.16500000E+01  .17889106E+01
  -.16000000E+01  .17757070E+01
  -.15500000E+01  .17624211E+01
  -.15000000E+01  .17490515E+01
  -.14500000E+01  .17355967E+01
  -.14000000E+01  .17220553E+01
  -.13500000E+01  .17084259E+01
  -.13000000E+01  .16947068E+01
  -.12500000E+01  .16808965E+01
  -.12000000E+01  .16669933E+01
  -.11500000E+01  .16529957E+01
  -.11000000E+01  .16389019E+01
  -.10500000E+01  .16247100E+01
  -.10000000E+01  .16104184E+01
  -.95000000E+00  .15960252E+01
  -.90000000E+00  .15815283E+01
  -.85000000E+00  .15669260E+01
  -.80000000E+00  .15522160E+01
  -.75000000E+00  .15373964E+01
  -.70000000E+00  .15224651E+01
  -.65000000E+00  .15074197E+01
  -.60000000E+00  .14922579E+01
  -.55000000E+00  .14769776E+01
  -.50000000E+00  .14615762E+01
  -.45000000E+00  .14460512E+01
  -.40000000E+00  .14304000E+01
  -.35000000E+00  .14146200E+01
  -.30000000E+00  .13987085E+01
  -.25000000E+00  .13826626E+01
  -.20000000E+00  .13664794E+01
  -.15000000E+00  .13501558E+01
  -.10000000E+00  .13336888E+01
  -.50000000E-01  .13170751E+01
  -.22898350E-14  .13003114E+01
   .50000000E-01  .12833942E+01
   .10000000E+00  .12663199E+01
   .15000000E+00  .12490849E+01
   .20000000E+00  .12316854E+01
   .25000000E+00  .12141173E+01
   .30000000E+00  .11963766E+01
   .35000000E+00  .11784590E+01
   .40000000E+00  .11603601E+01
   .45000000E+00  .11420753E+01
   .50000000E+00  .11235999E+01
   .55000000E+00  .11049289E+01
   .60000000E+00  .10860572E+01
   .65000000E+00  .10669795E+01
   .70000000E+00  .10476903E+01
   .75000000E+00  .10281838E+01
   .80000000E+00  .10084540E+01
   .85000000E+00  .98849469E+00
   .90000000E+00  .96829940E+00
   .95000000E+00  .94786136E+00
   .10000000E+01  .92717352E+00
   .10500000E+01  .90622856E+00
   .11000000E+01  .88501880E+00
   .11500000E+01  .86353624E+00
   .12000000E+01  .84177254E+00
   .12500000E+01  .81971896E+00
   .13000000E+01  .79736638E+00
   .13500000E+01  .77470525E+00
   .14000000E+01  .75172558E+00
   .14500000E+01  .72841689E+00
   .15000000E+01  .70476823E+00
   .15500000E+01  .68076809E+00
   .16000000E+01  .65640440E+00
   .16500000E+01  .63166449E+00
   .17000000E+01  .60653505E+00
   .17500000E+01  .58100208E+00
   .18000000E+01  .55505085E+00
   .18500000E+01  .52866585E+00
   .19000000E+01  .50183076E+00
   .19500000E+01  .47452834E+00
   .20000000E+01  .44674043E+00
Potential  L  =        3.00000    .00000
  -.30000000E+01  .21199055E+01
  -.29500000E+01  .21085392E+01
  -.29000000E+01  .20971188E+01
  -.28500000E+01  .20856436E+01
  -.28000000E+01  .20741129E+01
  -.27500000E+01  .20625259E+01
  -.27000000E+01  .20508820E+01
  -.26500000E+01  .20391802E+01
  -.26000000E+01  .20274199E+01
  -.25500000E+01  .20156003E+01
  -.25000000E+01  .20037205E+01
  -.24500000E+01  .19917796E+01
  -.24000000E+01  .19797769E+01
  -.23500000E+01  .19677114E+01
  -.23000000E+01  .19555822E+01
  -.22500000E+01  .19433885E+01
  -.22000000E+01  .19311294E+01
  -.21500000E+01  .19188038E+01
  -.21000000E+01  .19064108E+01
  -.20500000E+01  .18939494E+01
  -.20000000E+01  .18814186E+01
  -.19500000E+01  .18688174E+01
  -.19000000E+01  .18561446E+01
  -.18500000E+01  .18433992E+01
  -.18000000E+01  .18305801E+01
  -.17500000E+01  .18176861E+01
  -.17000000E+01  .18047161E+01
  -.16500000E+01  .17916688E+01
  -.16000000E+01  .17785431E+01
  -.15500000E+01  .17653377E+01
  -.15000000E+01  .17520512E+01
  -.14500000E+01  .17386825E+01
  -.14000000E+01  .17252300E+01
  -.13500000E+01  .17116925E+01
  -.13000000E+01  .16980686E+01
  -.12500000E+01  .16843567E+01
  -.12000000E+01  .16705553E+01
  -.11500000E+01  .16566630E+01
  -.11000000E+01  .16426782E+01
  -.10500000E+01  .16285992E+01
  -.10000000E+01  .16144245E+01
  -.95000000E+00  .16001522E+01
  -.90000000E+00  .15857807E+01
  -.85000000E+00  .15713081E+01
  -.80000000E+00  .15567327E+01
  -.75000000E+00  .15420525E+01
  -.70000000E+00  .15272655E+01
  -.65000000E+00  .15123699E+01
  -.60000000E+00  .14973634E+01
  -.55000000E+00  .14822441E+01
  -.50000000E+00  .14670097E+01
  -.45000000E+00  .14516579E+01
  -.40000000E+00  .14361866E+01
  -.35000000E+00  .14205933E+01
  -.30000000E+00  .14048755E+01
  -.25000000E+00  .13890308E+01
  -.20000000E+00  .13730565E+01
  -.15000000E+00  .13569500E+01
  -.10000000E+00  .13407085E+01
  -.50000000E-01  .13243292E+01
  -.22898350E-14  .13078092E+01
   .50000000E-01  .12911454E+01
   .10000000E+00  .12743347E+01
   .15000000E+00  .12573739E+01
   .20000000E+00  .12402597E+01
   .25000000E+00  .12229886E+01
   .30000000E+00  .12055571E+01
   .35000000E+00  .11879615E+01
   .40000000E+00  .11701980E+01
   .45000000E+00  .11522627E+01
   .50000000E+00  .11341515E+01
   .55000000E+00  .11158603E+01
   .60000000E+00  .10973847E+01
   .65000000E+00  .10787202E+01
   .70000000E+00  .10598621E+01
   .75000000E+00  .10408056E+01
   .80000000E+00  .10215457E+01
   .85000000E+00  .10020771E+01
   .90000000E+00  .98239463E+00
   .95000000E+00  .96249253E+00
   .10000000E+01  .94236504E+00
   .10500000E+01  .92200612E+00
   .11000000E+01  .90140951E+00
   .11500000E+01  .88056870E+00
   .12000000E+01  .85947690E+00
   .12500000E+01  .83812707E+00
   .13000000E+01  .81651187E+00
   .13500000E+01  .79462367E+00
   .14000000E+01  .77245451E+00
   .14500000E+01  .74999609E+00
   .15000000E+01  .72723977E+00
   .15500000E+01  .70417652E+00
   .16000000E+01  .68079693E+00
   .16500000E+01  .65709116E+00
   .17000000E+01  .63304895E+00
   .17500000E+01  .60865954E+00
   .18000000E+01  .58391171E+00
   .18500000E+01  .55879369E+00
   .19000000E+01  .53329306E+00
   .19500000E+01  .50739716E+00
   .20000000E+01  .48109234E+00
Core Pot   L  =        4.00000    .00000
  -.30000000E+01  .24470100E+01
  -.29500000E+01  .24372298E+01
  -.29000000E+01  .24274153E+01
  -.28500000E+01  .24175662E+01
  -.28000000E+01  .24076821E+01
  -.27500000E+01  .23977626E+01
  -.27000000E+01  .23878076E+01
  -.26500000E+01  .23778165E+01
  -.26000000E+01  .23677890E+01
  -.25500000E+01  .23577249E+01
  -.25000000E+01  .23476236E+01
  -.24500000E+01  .23374848E+01
  -.24000000E+01  .23273082E+01
  -.23500000E+01  .23170934E+01
  -.23000000E+01  .23068399E+01
  -.22500000E+01  .22965474E+01
  -.22000000E+01  .22862154E+01
  -.21500000E+01  .22758436E+01
  -.21000000E+01  .22654315E+01
  -.20500000E+01  .22549787E+01
  -.20000000E+01  .22444848E+01
  -.19500000E+01  .22339494E+01
  -.19000000E+01  .22233719E+01
  -.18500000E+01  .22127519E+01
  -.18000000E+01  .22020890E+01
  -.17500000E+01  .21913827E+01
  -.17000000E+01  .21806325E+01
  -.16500000E+01  .21698380E+01
  -.16000000E+01  .21589986E+01
  -.15500000E+01  .21481138E+01
  -.15000000E+01  .21371831E+01
  -.14500000E+01  .21262061E+01
  -.14000000E+01  .21151821E+01
  -.13500000E+01  .21041106E+01
  -.13000000E+01  .20929911E+01
  -.12500000E+01  .20818231E+01
  -.12000000E+01  .20706059E+01
  -.11500000E+01  .20593390E+01
  -.11000000E+01  .20480217E+01
  -.10500000E+01  .20366536E+01
  -.10000000E+01  .20252339E+01
  -.95000000E+00  .20137621E+01
  -.90000000E+00  .20022375E+01
  -.85000000E+00  .19906594E+01
  -.80000000E+00  .19790273E+01
  -.75000000E+00  .19673404E+01
  -.70000000E+00  .19555981E+01
  -.65000000E+00  .19437996E+01
  -.60000000E+00  .19319443E+01
  -.55000000E+00  .19200314E+01
  -.50000000E+00  .19080602E+01
  -.45000000E+00  .18960299E+01
  -.40000000E+00  .18839398E+01
  -.35000000E+00  .18717891E+01
  -.30000000E+00  .18595770E+01
  -.25000000E+00  .18473026E+01
  -.20000000E+00  .18349652E+01
  -.15000000E+00  .18225639E+01
  -.10000000E+00  .18100978E+01
  -.50000000E-01  .17975660E+01
  -.22898350E-14  .17849677E+01
   .50000000E-01  .17723020E+01
   .10000000E+00  .17595678E+01
   .15000000E+00  .17467642E+01
   .20000000E+00  .17338903E+01
   .25000000E+00  .17209450E+01
   .30000000E+00  .17079273E+01
   .35000000E+00  .16948363E+01
   .40000000E+00  .16816707E+01
   .45000000E+00  .16684295E+01
   .50000000E+00  .16551117E+01
   .55000000E+00  .16417160E+01
   .60000000E+00  .16282413E+01
   .65000000E+00  .16146864E+01
   .70000000E+00  .16010501E+01
   .75000000E+00  .15873312E+01
   .80000000E+00  .15735283E+01
   .85000000E+00  .15596402E+01
   .90000000E+00  .15456654E+01
   .95000000E+00  .15316028E+01
   .10000000E+01  .15174508E+01
   .10500000E+01  .15032080E+01
   .11000000E+01  .14888730E+01
   .11500000E+01  .14744442E+01
   .12000000E+01  .14599201E+01
   .12500000E+01  .14452992E+01
   .13000000E+01  .14305797E+01
   .13500000E+01  .14157601E+01
   .14000000E+01  .14008387E+01
   .14500000E+01  .13858137E+01
   .15000000E+01  .13706833E+01
   .15500000E+01  .13554457E+01
   .16000000E+01  .13400990E+01
   .16500000E+01  .13246413E+01
   .17000000E+01  .13090707E+01
   .17500000E+01  .12933849E+01
   .18000000E+01  .12775821E+01
   .18500000E+01  .12616600E+01
   .19000000E+01  .12456164E+01
   .19500000E+01  .12294491E+01
   .20000000E+01  .12131558E+01
Potential  L  =        4.00000    .00000
  -.30000000E+01  .24473587E+01
  -.29500000E+01  .24375844E+01
  -.29000000E+01  .24277749E+01
  -.28500000E+01  .24179333E+01
  -.28000000E+01  .24080555E+01
  -.27500000E+01  .23981426E+01
  -.27000000E+01  .23881947E+01
  -.26500000E+01  .23782090E+01
  -.26000000E+01  .23681898E+01
  -.25500000E+01  .23581330E+01
  -.25000000E+01  .23480394E+01
  -.24500000E+01  .23379084E+01
  -.24000000E+01  .23277396E+01
  -.23500000E+01  .23175328E+01
  -.23000000E+01  .23072876E+01
  -.22500000E+01  .22970036E+01
  -.22000000E+01  .22866801E+01
  -.21500000E+01  .22763159E+01
  -.21000000E+01  .22659145E+01
  -.20500000E+01  .22554713E+01
  -.20000000E+01  .22449870E+01
  -.19500000E+01  .22344612E+01
  -.19000000E+01  .22238940E+01
  -.18500000E+01  .22132844E+01
  -.18000000E+01  .22026321E+01
  -.17500000E+01  .21919367E+01
  -.17000000E+01  .21811978E+01
  -.16500000E+01  .21704136E+01
  -.16000000E+01  .21595863E+01
  -.15500000E+01  .21487148E+01
  -.15000000E+01  .21377965E+01
  -.14500000E+01  .21268325E+01
  -.14000000E+01  .21158214E+01
  -.13500000E+01  .21047636E+01
  -.13000000E+01  .20936565E+01
  -.12500000E+01  .20825026E+01
  -.12000000E+01  .20713000E+01
  -.11500000E+01  .20600481E+01
  -.11000000E+01  .20487462E+01
  -.10500000E+01  .20373938E+01
  -.10000000E+01  .20259916E+01
  -.95000000E+00  .20145360E+01
  -.90000000E+00  .20030284E+01
  -.85000000E+00  .19914670E+01
  -.80000000E+00  .19798539E+01
  -.75000000E+00  .19681855E+01
  -.70000000E+00  .19564620E+01
  -.65000000E+00  .19446829E+01
  -.60000000E+00  .19328476E+01
  -.55000000E+00  .19209550E+01
  -.50000000E+00  .19090040E+01
  -.45000000E+00  .18969963E+01
  -.40000000E+00  .18849282E+01
  -.35000000E+00  .18728003E+01
  -.30000000E+00  .18606117E+01
  -.25000000E+00  .18483613E+01
  -.20000000E+00  .18360477E+01
  -.15000000E+00  .18236728E+01
  -.10000000E+00  .18112328E+01
  -.50000000E-01  .17987279E+01
  -.22898350E-14  .17861562E+01
   .50000000E-01  .17735197E+01
   .10000000E+00  .17608137E+01
   .15000000E+00  .17480410E+01
   .20000000E+00  .17351979E+01
   .25000000E+00  .17222842E+01
   .30000000E+00  .17092991E+01
   .35000000E+00  .16962415E+01
   .40000000E+00  .16831104E+01
   .45000000E+00  .16699046E+01
   .50000000E+00  .16566232E+01
   .55000000E+00  .16432650E+01
   .60000000E+00  .16298289E+01
   .65000000E+00  .16163137E+01
   .70000000E+00  .16027182E+01
   .75000000E+00  .15890413E+01
   .80000000E+00  .15752817E+01
   .85000000E+00  .15614381E+01
   .90000000E+00  .15475092E+01
   .95000000E+00  .15334938E+01
   .10000000E+01  .15193904E+01
   .10500000E+01  .15051977E+01
   .11000000E+01  .14909143E+01
   .11500000E+01  .14765387E+01
   .12000000E+01  .14620694E+01
   .12500000E+01  .14475049E+01
   .13000000E+01  .14328437E+01
   .13500000E+01  .14180841E+01
   .14000000E+01  .14032245E+01
   .14500000E+01  .13882632E+01
   .15000000E+01  .13731986E+01
   .15500000E+01  .13580288E+01
   .16000000E+01  .13427521E+01
   .16500000E+01  .13273665E+01
   .17000000E+01  .13118702E+01
   .17500000E+01  .12962613E+01
   .18000000E+01  .12805377E+01
   .18500000E+01  .12646975E+01
   .19000000E+01  .12487384E+01
   .19500000E+01  .12326583E+01
   .20000000E+01  .12164551E+01
KBPotential  L  =      2.00000   -.74077
  -.30000000E+01  .18061739E+01
  -.29500000E+01  .17920268E+01
  -.29000000E+01  .17777506E+01
  -.28500000E+01  .17633411E+01
  -.28000000E+01  .17487936E+01
  -.27500000E+01  .17341032E+01
  -.27000000E+01  .17192648E+01
  -.26500000E+01  .17042727E+01
  -.26000000E+01  .16891211E+01
  -.25500000E+01  .16738034E+01
  -.25000000E+01  .16583128E+01
  -.24500000E+01  .16426418E+01
  -.24000000E+01  .16267824E+01
  -.23500000E+01  .16107260E+01
  -.23000000E+01  .15944631E+01
  -.22500000E+01  .15779834E+01
  -.22000000E+01  .15612757E+01
  -.21500000E+01  .15443279E+01
  -.21000000E+01  .15271264E+01
  -.20500000E+01  .15096566E+01
  -.20000000E+01  .14919020E+01
  -.19500000E+01  .14738447E+01
  -.19000000E+01  .14554644E+01
  -.18500000E+01  .14367389E+01
  -.18000000E+01  .14176429E+01
  -.17500000E+01  .13981482E+01
  -.17000000E+01  .13782230E+01
  -.16500000E+01  .13578308E+01
  -.16000000E+01  .13369303E+01
  -.15500000E+01  .13154739E+01
  -.15000000E+01  .12934070E+01
  -.14500000E+01  .12706659E+01
  -.14000000E+01  .12471762E+01
  -.13500000E+01  .12228504E+01
  -.13000000E+01  .11975845E+01
  -.12500000E+01  .11712546E+01
  -.12000000E+01  .11437108E+01
  -.11500000E+01  .11147702E+01
  -.11000000E+01  .10842076E+01
  -.10500000E+01  .10517417E+01
  -.10000000E+01  .10170170E+01
  -.95000000E+00  .97957665E+00
  -.90000000E+00  .93882358E+00
  -.85000000E+00  .89396190E+00
  -.80000000E+00  .84390604E+00
  -.75000000E+00  .78713525E+00
  -.70000000E+00  .72145038E+00
  -.65000000E+00  .64354740E+00
  -.60000000E+00  .54822097E+00
  -.55000000E+00  .42676808E+00
  -.50000000E+00  .26345071E+00
  -.45000000E+00  .26583504E-01
  -.40000000E+00 -.35852840E+00
  -.35000000E+00 -.11200736E+01
  -.30000000E+00 -.34506669E+01
  -.25000000E+00  .80459693E+02
  -.20000000E+00  .50492845E+01
  -.15000000E+00  .30615978E+01
  -.10000000E+00  .23624236E+01
  -.50000000E-01  .19979599E+01
  -.22898350E-14  .17693752E+01
   .50000000E-01  .16092033E+01
   .10000000E+00  .14882335E+01
   .15000000E+00  .13917593E+01
   .20000000E+00  .13115683E+01
   .25000000E+00  .12427123E+01
   .30000000E+00  .11820306E+01
   .35000000E+00  .11274045E+01
   .40000000E+00  .10773739E+01
   .45000000E+00  .10308794E+01
   .50000000E+00  .98714001E+00
   .55000000E+00  .94557370E+00
   .60000000E+00  .90572659E+00
   .65000000E+00  .86724570E+00
   .70000000E+00  .82984827E+00
   .75000000E+00  .79330419E+00
   .80000000E+00  .75742718E+00
   .85000000E+00  .72205865E+00
   .90000000E+00  .68706783E+00
   .95000000E+00  .65233745E+00
   .10000000E+01  .61777288E+00
   .10500000E+01  .58328607E+00
   .11000000E+01  .54880014E+00
   .11500000E+01  .51424638E+00
   .12000000E+01  .47956267E+00
   .12500000E+01  .44469009E+00
   .13000000E+01  .40957662E+00
   .13500000E+01  .37416896E+00
   .14000000E+01  .33842149E+00
   .14500000E+01  .30228637E+00
   .15000000E+01  .26571865E+00
   .15500000E+01  .22867436E+00
   .16000000E+01  .19110931E+00
   .16500000E+01  .15298009E+00
   .17000000E+01  .11424258E+00
   .17500000E+01  .74852067E-01
   .18000000E+01  .34763822E-01
   .18500000E+01 -.60704347E-02
   .19000000E+01 -.47696671E-01
   .19500000E+01 -.90165324E-01
   .20000000E+01 -.13352805E+00
KBPotential  L  =       .00000   -.67761
  -.30000000E+01  .14374435E+01
  -.29500000E+01  .14198469E+01
  -.29000000E+01  .14020495E+01
  -.28500000E+01  .13840453E+01
  -.28000000E+01  .13658280E+01
  -.27500000E+01  .13473910E+01
  -.27000000E+01  .13287276E+01
  -.26500000E+01  .13098305E+01
  -.26000000E+01  .12906923E+01
  -.25500000E+01  .12713052E+01
  -.25000000E+01  .12516609E+01
  -.24500000E+01  .12317508E+01
  -.24000000E+01  .12115658E+01
  -.23500000E+01  .11910965E+01
  -.23000000E+01  .11703328E+01
  -.22500000E+01  .11492643E+01
  -.22000000E+01  .11278799E+01
  -.21500000E+01  .11061679E+01
  -.21000000E+01  .10841161E+01
  -.20500000E+01  .10617114E+01
  -.20000000E+01  .10389403E+01
  -.19500000E+01  .10157884E+01
  -.19000000E+01  .99224030E+00
  -.18500000E+01  .96827989E+00
  -.18000000E+01  .94389006E+00
  -.17500000E+01  .91905271E+00
  -.17000000E+01  .89374855E+00
  -.16500000E+01  .86795708E+00
  -.16000000E+01  .84165660E+00
  -.15500000E+01  .81482397E+00
  -.15000000E+01  .78743455E+00
  -.14500000E+01  .75946202E+00
  -.14000000E+01  .73087831E+00
  -.13500000E+01  .70165344E+00
  -.13000000E+01  .67175526E+00
  -.12500000E+01  .64114935E+00
  -.12000000E+01  .60979877E+00
  -.11500000E+01  .57766383E+00
  -.11000000E+01  .54470182E+00
  -.10500000E+01  .51086676E+00
  -.10000000E+01  .47610898E+00
  -.95000000E+00  .44037485E+00
  -.90000000E+00  .40360629E+00
  -.85000000E+00  .36574035E+00
  -.80000000E+00  .32670864E+00
  -.75000000E+00  .28643677E+00
  -.70000000E+00  .24484363E+00
  -.65000000E+00  .20184060E+00
  -.60000000E+00  .15733074E+00
  -.55000000E+00  .11120771E+00
  -.50000000E+00  .63354607E-01
  -.45000000E+00  .13642606E-01
  -.40000000E+00 -.38070583E-01
  -.35000000E+00 -.91942548E-01
  -.30000000E+00 -.14814827E+00
  -.25000000E+00 -.20688264E+00
  -.20000000E+00 -.26836338E+00
  -.15000000E+00 -.33283446E+00
  -.10000000E+00 -.40057025E+00
  -.50000000E-01 -.47188033E+00
  -.22898350E-14 -.54711543E+00
   .50000000E-01 -.62667449E+00
   .10000000E+00 -.71101324E+00
   .15000000E+00 -.80065475E+00
   .20000000E+00 -.89620228E+00
   .25000000E+00 -.99835539E+00
   .30000000E+00 -.11079299E+01
   .35000000E+00 -.12258833E+01
   .40000000E+00 -.13533464E+01
   .45000000E+00 -.14916655E+01
   .50000000E+00 -.16424550E+01
   .55000000E+00 -.18076689E+01
   .60000000E+00 -.19896943E+01
   .65000000E+00 -.21914789E+01
   .70000000E+00 -.24167061E+01
   .75000000E+00 -.26700390E+01
   .80000000E+00 -.29574708E+01
   .85000000E+00 -.32868350E+01
   .90000000E+00 -.36685696E+01
   .95000000E+00 -.41168998E+01
   .10000000E+01 -.46517267E+01
   .10500000E+01 -.53017711E+01
   .11000000E+01 -.61100700E+01
   .11500000E+01 -.71441671E+01
   .12000000E+01 -.85164517E+01
   .12500000E+01 -.10428788E+02
   .13000000E+01 -.13283684E+02
   .13500000E+01 -.18016006E+02
   .14000000E+01 -.27407909E+02
   .14500000E+01 -.55106057E+02
   .15000000E+01 -.23606202E+04
   .15500000E+01  .59724573E+02
   .16000000E+01  .29931861E+02
   .16500000E+01  .20151696E+02
   .17000000E+01  .15282796E+02
   .17500000E+01  .12363921E+02
   .18000000E+01  .10416017E+02
   .18500000E+01  .90214359E+01
   .19000000E+01  .79719891E+01
   .19500000E+01  .71522649E+01
   .20000000E+01  .64931272E+01
KBPotential  L  =      1.00000   -.40000
  -.30000000E+01  .16060982E+01
  -.29500000E+01  .15907177E+01
  -.29000000E+01  .15752038E+01
  -.28500000E+01  .15595533E+01
  -.28000000E+01  .15437630E+01
  -.27500000E+01  .15278297E+01
  -.27000000E+01  .15117500E+01
  -.26500000E+01  .14955204E+01
  -.26000000E+01  .14791371E+01
  -.25500000E+01  .14625965E+01
  -.25000000E+01  .14458945E+01
  -.24500000E+01  .14290271E+01
  -.24000000E+01  .14119900E+01
  -.23500000E+01  .13947790E+01
  -.23000000E+01  .13773893E+01
  -.22500000E+01  .13598164E+01
  -.22000000E+01  .13420551E+01
  -.21500000E+01  .13241005E+01
  -.21000000E+01  .13059471E+01
  -.20500000E+01  .12875895E+01
  -.20000000E+01  .12690218E+01
  -.19500000E+01  .12502379E+01
  -.19000000E+01  .12312317E+01
  -.18500000E+01  .12119966E+01
  -.18000000E+01  .11925257E+01
  -.17500000E+01  .11728118E+01
  -.17000000E+01  .11528475E+01
  -.16500000E+01  .11326251E+01
  -.16000000E+01  .11121363E+01
  -.15500000E+01  .10913725E+01
  -.15000000E+01  .10703250E+01
  -.14500000E+01  .10489842E+01
  -.14000000E+01  .10273404E+01
  -.13500000E+01  .10053833E+01
  -.13000000E+01  .98310196E+00
  -.12500000E+01  .96048514E+00
  -.12000000E+01  .93752087E+00
  -.11500000E+01  .91419658E+00
  -.11000000E+01  .89049906E+00
  -.10500000E+01  .86641437E+00
  -.10000000E+01  .84192784E+00
  -.95000000E+00  .81702398E+00
  -.90000000E+00  .79168637E+00
  -.85000000E+00  .76589789E+00
  -.80000000E+00  .73964018E+00
  -.75000000E+00  .71289392E+00
  -.70000000E+00  .68563862E+00
  -.65000000E+00  .65785256E+00
  -.60000000E+00  .62951270E+00
  -.55000000E+00  .60059453E+00
  -.50000000E+00  .57107203E+00
  -.45000000E+00  .54091756E+00
  -.40000000E+00  .51010141E+00
  -.35000000E+00  .47859216E+00
  -.30000000E+00  .44635616E+00
  -.25000000E+00  .41335743E+00
  -.20000000E+00  .37955744E+00
  -.15000000E+00  .34491492E+00
  -.10000000E+00  .30938557E+00
  -.50000000E-01  .27292176E+00
  -.22898350E-14  .23547226E+00
   .50000000E-01  .19698184E+00
   .10000000E+00  .15739092E+00
   .15000000E+00  .11663504E+00
   .20000000E+00  .74644496E-01
   .25000000E+00  .31343621E-01
   .30000000E+00 -.13349769E-01
   .35000000E+00 -.59525121E-01
   .40000000E+00 -.10727997E+00
   .45000000E+00 -.15672090E+00
   .50000000E+00 -.20796457E+00
   .55000000E+00 -.26113901E+00
   .60000000E+00 -.31638500E+00
   .65000000E+00 -.37385767E+00
   .70000000E+00 -.43372867E+00
   .75000000E+00 -.49618796E+00
   .80000000E+00 -.56144665E+00
   .85000000E+00 -.62974000E+00
   .90000000E+00 -.70133091E+00
   .95000000E+00 -.77651417E+00
   .10000000E+01 -.85562162E+00
   .10500000E+01 -.93902780E+00
   .11000000E+01 -.10271574E+01
   .11500000E+01 -.11204937E+01
   .12000000E+01 -.12195896E+01
   .12500000E+01 -.13250797E+01
   .13000000E+01 -.14376971E+01
   .13500000E+01 -.15582924E+01
   .14000000E+01 -.16878590E+01
   .14500000E+01 -.18275637E+01
   .15000000E+01 -.19787869E+01
   .15500000E+01 -.21431737E+01
   .16000000E+01 -.23227005E+01
   .16500000E+01 -.25197630E+01
   .17000000E+01 -.27372939E+01
   .17500000E+01 -.29789218E+01
   .18000000E+01 -.32491914E+01
   .18500000E+01 -.35538721E+01
   .19000000E+01 -.39004003E+01
   .19500000E+01 -.42985286E+01
   .20000000E+01 -.47613043E+01
KBPotential  L  =      3.00000    .00000
  -.30000000E+01  .21199055E+01
  -.29500000E+01  .21085392E+01
  -.29000000E+01  .20971188E+01
  -.28500000E+01  .20856436E+01
  -.28000000E+01  .20741129E+01
  -.27500000E+01  .20625259E+01
  -.27000000E+01  .20508820E+01
  -.26500000E+01  .20391802E+01
  -.26000000E+01  .20274199E+01
  -.25500000E+01  .20156003E+01
  -.25000000E+01  .20037205E+01
  -.24500000E+01  .19917796E+01
  -.24000000E+01  .19797769E+01
  -.23500000E+01  .19677114E+01
  -.23000000E+01  .19555822E+01
  -.22500000E+01  .19433885E+01
  -.22000000E+01  .19311294E+01
  -.21500000E+01  .19188038E+01
  -.21000000E+01  .19064108E+01
  -.20500000E+01  .18939494E+01
  -.20000000E+01  .18814186E+01
  -.19500000E+01  .18688174E+01
  -.19000000E+01  .18561446E+01
  -.18500000E+01  .18433992E+01
  -.18000000E+01  .18305801E+01
  -.17500000E+01  .18176861E+01
  -.17000000E+01  .18047161E+01
  -.16500000E+01  .17916688E+01
  -.16000000E+01  .17785431E+01
  -.15500000E+01  .17653377E+01
  -.15000000E+01  .17520512E+01
  -.14500000E+01  .17386825E+01
  -.14000000E+01  .17252300E+01
  -.13500000E+01  .17116925E+01
  -.13000000E+01  .16980686E+01
  -.12500000E+01  .16843567E+01
  -.12000000E+01  .16705553E+01
  -.11500000E+01  .16566630E+01
  -.11000000E+01  .16426782E+01
  -.10500000E+01  .16285992E+01
  -.10000000E+01  .16144245E+01
  -.95000000E+00  .16001522E+01
  -.90000000E+00  .15857807E+01
  -.85000000E+00  .15713081E+01
  -.80000000E+00  .15567327E+01
  -.75000000E+00  .15420525E+01
  -.70000000E+00  .15272655E+01
  -.65000000E+00  .15123699E+01
  -.60000000E+00  .14973634E+01
  -.55000000E+00  .14822441E+01
  -.50000000E+00  .14670097E+01
  -.45000000E+00  .14516579E+01
  -.40000000E+00  .14361866E+01
  -.35000000E+00  .14205933E+01
  -.30000000E+00  .14048755E+01
  -.25000000E+00  .13890308E+01
  -.20000000E+00  .13730565E+01
  -.15000000E+00  .13569500E+01
  -.10000000E+00  .13407085E+01
  -.50000000E-01  .13243292E+01
  -.22898350E-14  .13078092E+01
   .50000000E-01  .12911454E+01
   .10000000E+00  .12743347E+01
   .15000000E+00  .12573739E+01
   .20000000E+00  .12402597E+01
   .25000000E+00  .12229886E+01
   .30000000E+00  .12055571E+01
   .35000000E+00  .11879615E+01
   .40000000E+00  .11701980E+01
   .45000000E+00  .11522627E+01
   .50000000E+00  .11341515E+01
   .55000000E+00  .11158603E+01
   .60000000E+00  .10973847E+01
   .65000000E+00  .10787202E+01
   .70000000E+00  .10598621E+01
   .75000000E+00  .10408056E+01
   .80000000E+00  .10215457E+01
   .85000000E+00  .10020771E+01
   .90000000E+00  .98239463E+00
   .95000000E+00  .96249253E+00
   .10000000E+01  .94236504E+00
   .10500000E+01  .92200612E+00
   .11000000E+01  .90140951E+00
   .11500000E+01  .88056870E+00
   .12000000E+01  .85947690E+00
   .12500000E+01  .83812707E+00
   .13000000E+01  .81651187E+00
   .13500000E+01  .79462367E+00
   .14000000E+01  .77245451E+00
   .14500000E+01  .74999609E+00
   .15000000E+01  .72723977E+00
   .15500000E+01  .70417652E+00
   .16000000E+01  .68079693E+00
   .16500000E+01  .65709116E+00
   .17000000E+01  .63304895E+00
   .17500000E+01  .60865954E+00
   .18000000E+01  .58391171E+00
   .18500000E+01  .55879369E+00
   .19000000E+01  .53329306E+00
   .19500000E+01  .50739716E+00
   .20000000E+01  .48109234E+00
KBPotential  L  =      4.00000    .00000
  -.30000000E+01  .24473587E+01
  -.29500000E+01  .24375844E+01
  -.29000000E+01  .24277749E+01
  -.28500000E+01  .24179333E+01
  -.28000000E+01  .24080555E+01
  -.27500000E+01  .23981426E+01
  -.27000000E+01  .23881947E+01
  -.26500000E+01  .23782090E+01
  -.26000000E+01  .23681898E+01
  -.25500000E+01  .23581330E+01
  -.25000000E+01  .23480394E+01
  -.24500000E+01  .23379084E+01
  -.24000000E+01  .23277396E+01
  -.23500000E+01  .23175328E+01
  -.23000000E+01  .23072876E+01
  -.22500000E+01  .22970036E+01
  -.22000000E+01  .22866801E+01
  -.21500000E+01  .22763159E+01
  -.21000000E+01  .22659145E+01
  -.20500000E+01  .22554713E+01
  -.20000000E+01  .22449870E+01
  -.19500000E+01  .22344612E+01
  -.19000000E+01  .22238940E+01
  -.18500000E+01  .22132844E+01
  -.18000000E+01  .22026321E+01
  -.17500000E+01  .21919367E+01
  -.17000000E+01  .21811978E+01
  -.16500000E+01  .21704136E+01
  -.16000000E+01  .21595863E+01
  -.15500000E+01  .21487148E+01
  -.15000000E+01  .21377965E+01
  -.14500000E+01  .21268325E+01
  -.14000000E+01  .21158214E+01
  -.13500000E+01  .21047636E+01
  -.13000000E+01  .20936565E+01
  -.12500000E+01  .20825026E+01
  -.12000000E+01  .20713000E+01
  -.11500000E+01  .20600481E+01
  -.11000000E+01  .20487462E+01
  -.10500000E+01  .20373938E+01
  -.10000000E+01  .20259916E+01
  -.95000000E+00  .20145360E+01
  -.90000000E+00  .20030284E+01
  -.85000000E+00  .19914670E+01
  -.80000000E+00  .19798539E+01
  -.75000000E+00  .19681855E+01
  -.70000000E+00  .19564620E+01
  -.65000000E+00  .19446829E+01
  -.60000000E+00  .19328476E+01
  -.55000000E+00  .19209550E+01
  -.50000000E+00  .19090040E+01
  -.45000000E+00  .18969963E+01
  -.40000000E+00  .18849282E+01
  -.35000000E+00  .18728003E+01
  -.30000000E+00  .18606117E+01
  -.25000000E+00  .18483613E+01
  -.20000000E+00  .18360477E+01
  -.15000000E+00  .18236728E+01
  -.10000000E+00  .18112328E+01
  -.50000000E-01  .17987279E+01
  -.22898350E-14  .17861562E+01
   .50000000E-01  .17735197E+01
   .10000000E+00  .17608137E+01
   .15000000E+00  .17480410E+01
   .20000000E+00  .17351979E+01
   .25000000E+00  .17222842E+01
   .30000000E+00  .17092991E+01
   .35000000E+00  .16962415E+01
   .40000000E+00  .16831104E+01
   .45000000E+00  .16699046E+01
   .50000000E+00  .16566232E+01
   .55000000E+00  .16432650E+01
   .60000000E+00  .16298289E+01
   .65000000E+00  .16163137E+01
   .70000000E+00  .16027182E+01
   .75000000E+00  .15890413E+01
   .80000000E+00  .15752817E+01
   .85000000E+00  .15614381E+01
   .90000000E+00  .15475092E+01
   .95000000E+00  .15334938E+01
   .10000000E+01  .15193904E+01
   .10500000E+01  .15051977E+01
   .11000000E+01  .14909143E+01
   .11500000E+01  .14765387E+01
   .12000000E+01  .14620694E+01
   .12500000E+01  .14475049E+01
   .13000000E+01  .14328437E+01
   .13500000E+01  .14180841E+01
   .14000000E+01  .14032245E+01
   .14500000E+01  .13882632E+01
   .15000000E+01  .13731986E+01
   .15500000E+01  .13580288E+01
   .16000000E+01  .13427521E+01
   .16500000E+01  .13273665E+01
   .17000000E+01  .13118702E+01
   .17500000E+01  .12962613E+01
   .18000000E+01  .12805377E+01
   .18500000E+01  .12646975E+01
   .19000000E+01  .12487384E+01
   .19500000E+01  .12326583E+01
   .20000000E+01  .12164551E+01
