  PAW V                                  
 100
Core Pot   L  =         .00000   -.28467
  -.40000000E+01  .19922475E+01
  -.39400000E+01  .19587861E+01
  -.38800000E+01  .19273380E+01
  -.38200000E+01  .18975191E+01
  -.37600000E+01  .18690305E+01
  -.37000000E+01  .18416359E+01
  -.36400000E+01  .18151462E+01
  -.35800000E+01  .17894079E+01
  -.35200000E+01  .17642949E+01
  -.34600000E+01  .17397026E+01
  -.34000000E+01  .17155431E+01
  -.33400000E+01  .16917423E+01
  -.32800000E+01  .16682368E+01
  -.32200000E+01  .16449719E+01
  -.31600000E+01  .16219002E+01
  -.31000000E+01  .15989803E+01
  -.30400000E+01  .15761756E+01
  -.29800000E+01  .15534536E+01
  -.29200000E+01  .15307851E+01
  -.28600000E+01  .15081441E+01
  -.28000000E+01  .14855065E+01
  -.27400000E+01  .14628507E+01
  -.26800000E+01  .14401567E+01
  -.26200000E+01  .14174057E+01
  -.25600000E+01  .13945804E+01
  -.25000000E+01  .13716645E+01
  -.24400000E+01  .13486425E+01
  -.23800000E+01  .13254996E+01
  -.23200000E+01  .13022218E+01
  -.22600000E+01  .12787953E+01
  -.22000000E+01  .12552069E+01
  -.21400000E+01  .12314436E+01
  -.20800000E+01  .12074928E+01
  -.20200000E+01  .11833419E+01
  -.19600000E+01  .11589785E+01
  -.19000000E+01  .11343902E+01
  -.18400000E+01  .11095644E+01
  -.17800000E+01  .10844888E+01
  -.17200000E+01  .10591507E+01
  -.16600000E+01  .10335374E+01
  -.16000000E+01  .10076359E+01
  -.15400000E+01  .98143280E+00
  -.14800000E+01  .95491471E+00
  -.14200000E+01  .92806768E+00
  -.13600000E+01  .90087742E+00
  -.13000000E+01  .87332919E+00
  -.12400000E+01  .84540777E+00
  -.11800000E+01  .81709741E+00
  -.11200000E+01  .78838175E+00
  -.10600000E+01  .75924381E+00
  -.10000000E+01  .72966592E+00
  -.94000000E+00  .69962962E+00
  -.88000000E+00  .66911567E+00
  -.82000000E+00  .63810394E+00
  -.76000000E+00  .60657333E+00
  -.70000000E+00  .57450172E+00
  -.64000000E+00  .54186588E+00
  -.58000000E+00  .50864140E+00
  -.52000000E+00  .47480256E+00
  -.46000000E+00  .44032227E+00
  -.40000000E+00  .40517187E+00
  -.34000000E+00  .36932120E+00
  -.28000000E+00  .33273824E+00
  -.22000000E+00  .29538914E+00
  -.16000000E+00  .25723797E+00
  -.10000000E+00  .21824662E+00
  -.40000000E-01  .17837455E+00
   .20000000E-01  .13757863E+00
   .80000000E-01  .95812900E-01
   .14000000E+00  .53028331E-01
   .20000000E+00  .91725488E-02
   .26000000E+00 -.35810462E-01
   .32000000E+00 -.81980696E-01
   .38000000E+00 -.12940249E+00
   .44000000E+00 -.17814495E+00
   .50000000E+00 -.22828238E+00
   .56000000E+00 -.27989480E+00
   .62000000E+00 -.33306856E+00
   .68000000E+00 -.38789692E+00
   .74000000E+00 -.44448081E+00
   .80000000E+00 -.50292963E+00
   .86000000E+00 -.56336215E+00
   .92000000E+00 -.62590761E+00
   .98000000E+00 -.69070682E+00
   .10400000E+01 -.75791356E+00
   .11000000E+01 -.82769609E+00
   .11600000E+01 -.90023892E+00
   .12200000E+01 -.97574483E+00
   .12800000E+01 -.10544372E+01
   .13400000E+01 -.11365626E+01
   .14000000E+01 -.12223943E+01
   .14600000E+01 -.13122352E+01
   .15200000E+01 -.14064230E+01
   .15800000E+01 -.15053344E+01
   .16400000E+01 -.16093915E+01
   .17000000E+01 -.17190688E+01
   .17600000E+01 -.18349013E+01
   .18200000E+01 -.19574948E+01
   .18800000E+01 -.20875380E+01
   .19400000E+01 -.22258169E+01
   .20000000E+01 -.23732332E+01
Potential  L  =         .00000   -.28467
  -.40000000E+01  .17699088E+01
  -.39400000E+01  .17537272E+01
  -.38800000E+01  .17374192E+01
  -.38200000E+01  .17209821E+01
  -.37600000E+01  .17044133E+01
  -.37000000E+01  .16877098E+01
  -.36400000E+01  .16708689E+01
  -.35800000E+01  .16538874E+01
  -.35200000E+01  .16367623E+01
  -.34600000E+01  .16194903E+01
  -.34000000E+01  .16020681E+01
  -.33400000E+01  .15844923E+01
  -.32800000E+01  .15667593E+01
  -.32200000E+01  .15488653E+01
  -.31600000E+01  .15308067E+01
  -.31000000E+01  .15125793E+01
  -.30400000E+01  .14941792E+01
  -.29800000E+01  .14756019E+01
  -.29200000E+01  .14568432E+01
  -.28600000E+01  .14378985E+01
  -.28000000E+01  .14187629E+01
  -.27400000E+01  .13994315E+01
  -.26800000E+01  .13798992E+01
  -.26200000E+01  .13601606E+01
  -.25600000E+01  .13402102E+01
  -.25000000E+01  .13200422E+01
  -.24400000E+01  .12996505E+01
  -.23800000E+01  .12790290E+01
  -.23200000E+01  .12581710E+01
  -.22600000E+01  .12370697E+01
  -.22000000E+01  .12157181E+01
  -.21400000E+01  .11941088E+01
  -.20800000E+01  .11722339E+01
  -.20200000E+01  .11500854E+01
  -.19600000E+01  .11276548E+01
  -.19000000E+01  .11049333E+01
  -.18400000E+01  .10819116E+01
  -.17800000E+01  .10585801E+01
  -.17200000E+01  .10349285E+01
  -.16600000E+01  .10109462E+01
  -.16000000E+01  .98662211E+00
  -.15400000E+01  .96194439E+00
  -.14800000E+01  .93690076E+00
  -.14200000E+01  .91147824E+00
  -.13600000E+01  .88566323E+00
  -.13000000E+01  .85944135E+00
  -.12400000E+01  .83279750E+00
  -.11800000E+01  .80571573E+00
  -.11200000E+01  .77817922E+00
  -.10600000E+01  .75017021E+00
  -.10000000E+01  .72166992E+00
  -.94000000E+00  .69265849E+00
  -.88000000E+00  .66311490E+00
  -.82000000E+00  .63301687E+00
  -.76000000E+00  .60234075E+00
  -.70000000E+00  .57106145E+00
  -.64000000E+00  .53915231E+00
  -.58000000E+00  .50658495E+00
  -.52000000E+00  .47332916E+00
  -.46000000E+00  .43935270E+00
  -.40000000E+00  .40462125E+00
  -.34000000E+00  .36909807E+00
  -.28000000E+00  .33274381E+00
  -.22000000E+00  .29551640E+00
  -.16000000E+00  .25737070E+00
  -.10000000E+00  .21825822E+00
  -.40000000E-01  .17812684E+00
   .20000000E-01  .13692039E+00
   .80000000E-01  .94578345E-01
   .14000000E+00  .51035284E-01
   .20000000E+00  .62204538E-02
   .26000000E+00 -.39942821E-01
   .32000000E+00 -.87537770E-01
   .38000000E+00 -.13665490E+00
   .44000000E+00 -.18739283E+00
   .50000000E+00 -.23985919E+00
   .56000000E+00 -.29417171E+00
   .62000000E+00 -.35045946E+00
   .68000000E+00 -.40886421E+00
   .74000000E+00 -.46954209E+00
   .80000000E+00 -.53266541E+00
   .86000000E+00 -.59842490E+00
   .92000000E+00 -.66703219E+00
   .98000000E+00 -.73872277E+00
   .10400000E+01 -.81375951E+00
   .11000000E+01 -.89243674E+00
   .11600000E+01 -.97508512E+00
   .12200000E+01 -.10620775E+01
   .12800000E+01 -.11538357E+01
   .13400000E+01 -.12508393E+01
   .14000000E+01 -.13536352E+01
   .14600000E+01 -.14628506E+01
   .15200000E+01 -.15792079E+01
   .15800000E+01 -.17035438E+01
   .16400000E+01 -.18368323E+01
   .17000000E+01 -.19802152E+01
   .17600000E+01 -.21350385E+01
   .18200000E+01 -.23029018E+01
   .18800000E+01 -.24857195E+01
   .19400000E+01 -.26858037E+01
   .20000000E+01 -.29059722E+01
Core Pot   L  =        1.00000  -2.97603
  -.40000000E+01  .15878564E+01
  -.39400000E+01  .15555074E+01
  -.38800000E+01  .15210059E+01
  -.38200000E+01  .14839630E+01
  -.37600000E+01  .14438857E+01
  -.37000000E+01  .14001401E+01
  -.36400000E+01  .13518959E+01
  -.35800000E+01  .12980450E+01
  -.35200000E+01  .12370732E+01
  -.34600000E+01  .11668563E+01
  -.34000000E+01  .10843171E+01
  -.33400000E+01  .98482321E+00
  -.32800000E+01  .86106206E+00
  -.32200000E+01  .70077308E+00
  -.31600000E+01  .48170915E+00
  -.31000000E+01  .15886635E+00
  -.30400000E+01 -.37461784E+00
  -.29800000E+01 -.14494006E+01
  -.29200000E+01 -.48496082E+01
  -.28600000E+01  .66910889E+02
  -.28000000E+01  .69725883E+01
  -.27400000E+01  .43741466E+01
  -.26800000E+01  .34461511E+01
  -.26200000E+01  .29632348E+01
  -.25600000E+01  .26629834E+01
  -.25000000E+01  .24553371E+01
  -.24400000E+01  .23010435E+01
  -.23800000E+01  .21802562E+01
  -.23200000E+01  .20818605E+01
  -.22600000E+01  .19991462E+01
  -.22000000E+01  .19278222E+01
  -.21400000E+01  .18650154E+01
  -.20800000E+01  .18087296E+01
  -.20200000E+01  .17575338E+01
  -.19600000E+01  .17103752E+01
  -.19000000E+01  .16664613E+01
  -.18400000E+01  .16251842E+01
  -.17800000E+01  .15860689E+01
  -.17200000E+01  .15487389E+01
  -.16600000E+01  .15128915E+01
  -.16000000E+01  .14782801E+01
  -.15400000E+01  .14447017E+01
  -.14800000E+01  .14119872E+01
  -.14200000E+01  .13799946E+01
  -.13600000E+01  .13486030E+01
  -.13000000E+01  .13177092E+01
  -.12400000E+01  .12872237E+01
  -.11800000E+01  .12570689E+01
  -.11200000E+01  .12271762E+01
  -.10600000E+01  .11974851E+01
  -.10000000E+01  .11679416E+01
  -.94000000E+00  .11384971E+01
  -.88000000E+00  .11091075E+01
  -.82000000E+00  .10797324E+01
  -.76000000E+00  .10503349E+01
  -.70000000E+00  .10208805E+01
  -.64000000E+00  .99133698E+00
  -.58000000E+00  .96167406E+00
  -.52000000E+00  .93186297E+00
  -.46000000E+00  .90187618E+00
  -.40000000E+00  .87168721E+00
  -.34000000E+00  .84127035E+00
  -.28000000E+00  .81060051E+00
  -.22000000E+00  .77965304E+00
  -.16000000E+00  .74840356E+00
  -.10000000E+00  .71682782E+00
  -.40000000E-01  .68490158E+00
   .20000000E-01  .65260045E+00
   .80000000E-01  .61989979E+00
   .14000000E+00  .58677460E+00
   .20000000E+00  .55319937E+00
   .26000000E+00  .51914802E+00
   .32000000E+00  .48459372E+00
   .38000000E+00  .44950885E+00
   .44000000E+00  .41386478E+00
   .50000000E+00  .37763186E+00
   .56000000E+00  .34077925E+00
   .62000000E+00  .30327475E+00
   .68000000E+00  .26508471E+00
   .74000000E+00  .22617384E+00
   .80000000E+00  .18650509E+00
   .86000000E+00  .14603947E+00
   .92000000E+00  .10473586E+00
   .98000000E+00  .62550780E-01
   .10400000E+01  .19438246E-01
   .11000000E+01 -.24650523E-01
   .11600000E+01 -.69767343E-01
   .12200000E+01 -.11596735E+00
   .12800000E+01 -.16330929E+00
   .13400000E+01 -.21185591E+00
   .14000000E+01 -.26167428E+00
   .14600000E+01 -.31283624E+00
   .15200000E+01 -.36541885E+00
   .15800000E+01 -.41950496E+00
   .16400000E+01 -.47518368E+00
   .17000000E+01 -.53255116E+00
   .17600000E+01 -.59171119E+00
   .18200000E+01 -.65277612E+00
   .18800000E+01 -.71586771E+00
   .19400000E+01 -.78111818E+00
   .20000000E+01 -.84867144E+00
Potential  L  =        1.00000  -2.97603
  -.40000000E+01  .13650695E+01
  -.39400000E+01  .13200109E+01
  -.38800000E+01  .12716209E+01
  -.38200000E+01  .12193572E+01
  -.37600000E+01  .11625507E+01
  -.37000000E+01  .11003652E+01
  -.36400000E+01  .10317420E+01
  -.35800000E+01  .95532095E+00
  -.35200000E+01  .86932377E+00
  -.34600000E+01  .77138060E+00
  -.34000000E+01  .65826150E+00
  -.33400000E+01  .52544673E+00
  -.32800000E+01  .36641049E+00
  -.32200000E+01  .17137036E+00
  -.31600000E+01 -.75034986E-01
  -.31000000E+01 -.39838721E+00
  -.30400000E+01 -.84468226E+00
  -.29800000E+01 -.15057725E+01
  -.29200000E+01 -.25954894E+01
  -.28600000E+01 -.47527695E+01
  -.28000000E+01 -.11141953E+02
  -.27400000E+01 -.10786542E+04
  -.26800000E+01  .14782813E+02
  -.26200000E+01  .81594104E+01
  -.25600000E+01  .59582263E+01
  -.25000000E+01  .48525102E+01
  -.24400000E+01  .41833191E+01
  -.23800000E+01  .37318849E+01
  -.23200000E+01  .34046631E+01
  -.22600000E+01  .31549500E+01
  -.22000000E+01  .29568264E+01
  -.21400000E+01  .27947511E+01
  -.20800000E+01  .26588397E+01
  -.20200000E+01  .25425047E+01
  -.19600000E+01  .24411864E+01
  -.19000000E+01  .23516279E+01
  -.18400000E+01  .22714404E+01
  -.17800000E+01  .21988320E+01
  -.17200000E+01  .21324316E+01
  -.16600000E+01  .20711721E+01
  -.16000000E+01  .20142102E+01
  -.15400000E+01  .19608706E+01
  -.14800000E+01  .19106055E+01
  -.14200000E+01  .18629662E+01
  -.13600000E+01  .18175809E+01
  -.13000000E+01  .17741391E+01
  -.12400000E+01  .17323787E+01
  -.11800000E+01  .16920775E+01
  -.11200000E+01  .16530450E+01
  -.10600000E+01  .16151171E+01
  -.10000000E+01  .15781514E+01
  -.94000000E+00  .15420235E+01
  -.88000000E+00  .15066240E+01
  -.82000000E+00  .14718564E+01
  -.76000000E+00  .14376348E+01
  -.70000000E+00  .14038822E+01
  -.64000000E+00  .13705298E+01
  -.58000000E+00  .13375149E+01
  -.52000000E+00  .13047809E+01
  -.46000000E+00  .12722757E+01
  -.40000000E+00  .12399515E+01
  -.34000000E+00  .12077644E+01
  -.28000000E+00  .11756731E+01
  -.22000000E+00  .11436393E+01
  -.16000000E+00  .11116270E+01
  -.10000000E+00  .10796019E+01
  -.40000000E-01  .10475316E+01
   .20000000E-01  .10153851E+01
   .80000000E-01  .98313248E+00
   .14000000E+00  .95074482E+00
   .20000000E+00  .91819403E+00
   .26000000E+00  .88545260E+00
   .32000000E+00  .85249350E+00
   .38000000E+00  .81929000E+00
   .44000000E+00  .78581553E+00
   .50000000E+00  .75204358E+00
   .56000000E+00  .71794756E+00
   .62000000E+00  .68350066E+00
   .68000000E+00  .64867576E+00
   .74000000E+00  .61344529E+00
   .80000000E+00  .57778114E+00
   .86000000E+00  .54165443E+00
   .92000000E+00  .50503573E+00
   .98000000E+00  .46789445E+00
   .10400000E+01  .43019906E+00
   .11000000E+01  .39191680E+00
   .11600000E+01  .35301367E+00
   .12200000E+01  .31345413E+00
   .12800000E+01  .27320108E+00
   .13400000E+01  .23221570E+00
   .14000000E+01  .19045690E+00
   .14600000E+01  .14788171E+00
   .15200000E+01  .10444480E+00
   .15800000E+01  .60098100E-01
   .16400000E+01  .14790776E-01
   .17000000E+01 -.31531179E-01
   .17600000E+01 -.78925137E-01
   .18200000E+01 -.12745228E+00
   .18800000E+01 -.17717777E+00
   .19400000E+01 -.22817147E+00
   .20000000E+01 -.28050808E+00
Core Pot   L  =        2.00000   -.17917
  -.40000000E+01  .20016866E+01
  -.39400000E+01  .19862748E+01
  -.38800000E+01  .19707283E+01
  -.38200000E+01  .19550432E+01
  -.37600000E+01  .19392154E+01
  -.37000000E+01  .19232407E+01
  -.36400000E+01  .19071144E+01
  -.35800000E+01  .18908317E+01
  -.35200000E+01  .18743875E+01
  -.34600000E+01  .18577767E+01
  -.34000000E+01  .18409934E+01
  -.33400000E+01  .18240317E+01
  -.32800000E+01  .18068853E+01
  -.32200000E+01  .17895474E+01
  -.31600000E+01  .17720110E+01
  -.31000000E+01  .17542684E+01
  -.30400000E+01  .17363116E+01
  -.29800000E+01  .17181319E+01
  -.29200000E+01  .16997201E+01
  -.28600000E+01  .16810665E+01
  -.28000000E+01  .16621604E+01
  -.27400000E+01  .16429905E+01
  -.26800000E+01  .16235447E+01
  -.26200000E+01  .16038099E+01
  -.25600000E+01  .15837720E+01
  -.25000000E+01  .15634157E+01
  -.24400000E+01  .15427244E+01
  -.23800000E+01  .15216804E+01
  -.23200000E+01  .15002641E+01
  -.22600000E+01  .14784543E+01
  -.22000000E+01  .14562278E+01
  -.21400000E+01  .14335592E+01
  -.20800000E+01  .14104207E+01
  -.20200000E+01  .13867817E+01
  -.19600000E+01  .13626082E+01
  -.19000000E+01  .13378629E+01
  -.18400000E+01  .13125043E+01
  -.17800000E+01  .12864860E+01
  -.17200000E+01  .12597562E+01
  -.16600000E+01  .12322571E+01
  -.16000000E+01  .12039233E+01
  -.15400000E+01  .11746809E+01
  -.14800000E+01  .11444462E+01
  -.14200000E+01  .11131234E+01
  -.13600000E+01  .10806031E+01
  -.13000000E+01  .10467590E+01
  -.12400000E+01  .10114448E+01
  -.11800000E+01  .97449015E+00
  -.11200000E+01  .93569509E+00
  -.10600000E+01  .89482343E+00
  -.10000000E+01  .85159403E+00
  -.94000000E+00  .80566950E+00
  -.88000000E+00  .75664117E+00
  -.82000000E+00  .70400918E+00
  -.76000000E+00  .64715525E+00
  -.70000000E+00  .58530527E+00
  -.64000000E+00  .51747665E+00
  -.58000000E+00  .44240269E+00
  -.52000000E+00  .35842162E+00
  -.46000000E+00  .26330897E+00
  -.40000000E+00  .15401702E+00
  -.34000000E+00  .26253913E-01
  -.28000000E+00 -.12622373E+00
  -.22000000E+00 -.31286400E+00
  -.16000000E+00 -.54868030E+00
  -.10000000E+00 -.85905941E+00
  -.40000000E-01 -.12905954E+01
   .20000000E-01 -.19390873E+01
   .80000000E-01 -.30378032E+01
   .14000000E+00 -.53420456E+01
   .20000000E+00 -.13444344E+02
   .26000000E+00  .54443317E+02
   .32000000E+00  .10329442E+02
   .38000000E+00  .60688554E+01
   .44000000E+00  .44461280E+01
   .50000000E+00  .35825348E+01
   .56000000E+00  .30410063E+01
   .62000000E+00  .26658729E+01
   .68000000E+00  .23877912E+01
   .74000000E+00  .21711871E+01
   .80000000E+00  .19959276E+01
   .86000000E+00  .18497612E+01
   .92000000E+00  .17248029E+01
   .98000000E+00  .16157462E+01
   .10400000E+01  .15188876E+01
   .11000000E+01  .14315618E+01
   .11600000E+01  .13518008E+01
   .12200000E+01  .12781183E+01
   .12800000E+01  .12093700E+01
   .13400000E+01  .11446588E+01
   .14000000E+01  .10832709E+01
   .14600000E+01  .10246301E+01
   .15200000E+01  .96826470E+00
   .15800000E+01  .91378439E+00
   .16400000E+01  .86086199E+00
   .17000000E+01  .80922040E+00
   .17600000E+01  .75862233E+00
   .18200000E+01  .70886245E+00
   .18800000E+01  .65976124E+00
   .19400000E+01  .61116011E+00
   .20000000E+01  .56291751E+00
Potential  L  =        2.00000   -.17917
  -.40000000E+01  .18732078E+01
  -.39400000E+01  .18556203E+01
  -.38800000E+01  .18378419E+01
  -.38200000E+01  .18198669E+01
  -.37600000E+01  .18016891E+01
  -.37000000E+01  .17833023E+01
  -.36400000E+01  .17646998E+01
  -.35800000E+01  .17458747E+01
  -.35200000E+01  .17268196E+01
  -.34600000E+01  .17075268E+01
  -.34000000E+01  .16879884E+01
  -.33400000E+01  .16681959E+01
  -.32800000E+01  .16481403E+01
  -.32200000E+01  .16278124E+01
  -.31600000E+01  .16072021E+01
  -.31000000E+01  .15862992E+01
  -.30400000E+01  .15650926E+01
  -.29800000E+01  .15435708E+01
  -.29200000E+01  .15217216E+01
  -.28600000E+01  .14995318E+01
  -.28000000E+01  .14769879E+01
  -.27400000E+01  .14540753E+01
  -.26800000E+01  .14307786E+01
  -.26200000E+01  .14070814E+01
  -.25600000E+01  .13829663E+01
  -.25000000E+01  .13584148E+01
  -.24400000E+01  .13334072E+01
  -.23800000E+01  .13079225E+01
  -.23200000E+01  .12819383E+01
  -.22600000E+01  .12554306E+01
  -.22000000E+01  .12283737E+01
  -.21400000E+01  .12007402E+01
  -.20800000E+01  .11725007E+01
  -.20200000E+01  .11436235E+01
  -.19600000E+01  .11140745E+01
  -.19000000E+01  .10838172E+01
  -.18400000E+01  .10528119E+01
  -.17800000E+01  .10210160E+01
  -.17200000E+01  .98838330E+00
  -.16600000E+01  .95486364E+00
  -.16000000E+01  .92040266E+00
  -.15400000E+01  .88494121E+00
  -.14800000E+01  .84841482E+00
  -.14200000E+01  .81075310E+00
  -.13600000E+01  .77187903E+00
  -.13000000E+01  .73170815E+00
  -.12400000E+01  .69014765E+00
  -.11800000E+01  .64709529E+00
  -.11200000E+01  .60243818E+00
  -.10600000E+01  .55605131E+00
  -.10000000E+01  .50779590E+00
  -.94000000E+00  .45751746E+00
  -.88000000E+00  .40504343E+00
  -.82000000E+00  .35018050E+00
  -.76000000E+00  .29271135E+00
  -.70000000E+00  .23239083E+00
  -.64000000E+00  .16894126E+00
  -.58000000E+00  .10204693E+00
  -.52000000E+00  .31347274E-01
  -.46000000E+00 -.43571403E-01
  -.40000000E+00 -.12318609E+00
  -.34000000E+00 -.20804970E+00
  -.28000000E+00 -.29880682E+00
  -.22000000E+00 -.39621358E+00
  -.16000000E+00 -.50116290E+00
  -.10000000E+00 -.61471696E+00
  -.40000000E-01 -.73814928E+00
   .20000000E-01 -.87300019E+00
   .80000000E-01 -.10211505E+01
   .14000000E+00 -.11849215E+01
   .20000000E+00 -.13672112E+01
   .26000000E+00 -.15716865E+01
   .32000000E+00 -.18030558E+01
   .38000000E+00 -.20674669E+01
   .44000000E+00 -.23731035E+01
   .50000000E+00 -.27311037E+01
   .56000000E+00 -.31570259E+01
   .62000000E+00 -.36732835E+01
   .68000000E+00 -.43133882E+01
   .74000000E+00 -.51297902E+01
   .80000000E+00 -.62094589E+01
   .86000000E+00 -.77078741E+01
   .92000000E+00 -.99330344E+01
   .98000000E+00 -.13593244E+02
   .10400000E+01 -.20760490E+02
   .11000000E+01 -.41197769E+02
   .11600000E+01 -.58781897E+03
   .12200000E+01  .50755732E+02
   .12800000E+01  .24955224E+02
   .13400000E+01  .16799537E+02
   .14000000E+01  .12793089E+02
   .14600000E+01  .10406997E+02
   .15200000E+01  .88203927E+01
   .15800000E+01  .76867338E+01
   .16400000E+01  .68344448E+01
   .17000000E+01  .61688682E+01
   .17600000E+01  .56335046E+01
   .18200000E+01  .51925447E+01
   .18800000E+01  .48221922E+01
   .19400000E+01  .45060159E+01
   .20000000E+01  .42323042E+01
Core Pot   L  =        3.00000    .00000
  -.40000000E+01  .23331010E+01
  -.39400000E+01  .23205616E+01
  -.38800000E+01  .23079600E+01
  -.38200000E+01  .22952953E+01
  -.37600000E+01  .22825667E+01
  -.37000000E+01  .22697731E+01
  -.36400000E+01  .22569138E+01
  -.35800000E+01  .22439877E+01
  -.35200000E+01  .22309938E+01
  -.34600000E+01  .22179312E+01
  -.34000000E+01  .22047989E+01
  -.33400000E+01  .21915957E+01
  -.32800000E+01  .21783207E+01
  -.32200000E+01  .21649727E+01
  -.31600000E+01  .21515506E+01
  -.31000000E+01  .21380533E+01
  -.30400000E+01  .21244796E+01
  -.29800000E+01  .21108282E+01
  -.29200000E+01  .20970980E+01
  -.28600000E+01  .20832876E+01
  -.28000000E+01  .20693958E+01
  -.27400000E+01  .20554213E+01
  -.26800000E+01  .20413626E+01
  -.26200000E+01  .20272184E+01
  -.25600000E+01  .20129873E+01
  -.25000000E+01  .19986677E+01
  -.24400000E+01  .19842582E+01
  -.23800000E+01  .19697571E+01
  -.23200000E+01  .19551629E+01
  -.22600000E+01  .19404740E+01
  -.22000000E+01  .19256886E+01
  -.21400000E+01  .19108051E+01
  -.20800000E+01  .18958216E+01
  -.20200000E+01  .18807364E+01
  -.19600000E+01  .18655474E+01
  -.19000000E+01  .18502529E+01
  -.18400000E+01  .18348507E+01
  -.17800000E+01  .18193389E+01
  -.17200000E+01  .18037153E+01
  -.16600000E+01  .17879777E+01
  -.16000000E+01  .17721240E+01
  -.15400000E+01  .17561518E+01
  -.14800000E+01  .17400586E+01
  -.14200000E+01  .17238421E+01
  -.13600000E+01  .17074998E+01
  -.13000000E+01  .16910289E+01
  -.12400000E+01  .16744268E+01
  -.11800000E+01  .16576908E+01
  -.11200000E+01  .16408179E+01
  -.10600000E+01  .16238052E+01
  -.10000000E+01  .16066497E+01
  -.94000000E+00  .15893480E+01
  -.88000000E+00  .15718970E+01
  -.82000000E+00  .15542933E+01
  -.76000000E+00  .15365334E+01
  -.70000000E+00  .15186136E+01
  -.64000000E+00  .15005301E+01
  -.58000000E+00  .14822792E+01
  -.52000000E+00  .14638567E+01
  -.46000000E+00  .14452584E+01
  -.40000000E+00  .14264801E+01
  -.34000000E+00  .14075172E+01
  -.28000000E+00  .13883650E+01
  -.22000000E+00  .13690187E+01
  -.16000000E+00  .13494734E+01
  -.10000000E+00  .13297236E+01
  -.40000000E-01  .13097641E+01
   .20000000E-01  .12895891E+01
   .80000000E-01  .12691927E+01
   .14000000E+00  .12485689E+01
   .20000000E+00  .12277113E+01
   .26000000E+00  .12066131E+01
   .32000000E+00  .11852675E+01
   .38000000E+00  .11636672E+01
   .44000000E+00  .11418048E+01
   .50000000E+00  .11196723E+01
   .56000000E+00  .10972614E+01
   .62000000E+00  .10745637E+01
   .68000000E+00  .10515700E+01
   .74000000E+00  .10282710E+01
   .80000000E+00  .10046569E+01
   .86000000E+00  .98071720E+00
   .92000000E+00  .95644121E+00
   .98000000E+00  .93181754E+00
   .10400000E+01  .90683427E+00
   .11000000E+01  .88147887E+00
   .11600000E+01  .85573818E+00
   .12200000E+01  .82959836E+00
   .12800000E+01  .80304484E+00
   .13400000E+01  .77606226E+00
   .14000000E+01  .74863445E+00
   .14600000E+01  .72074433E+00
   .15200000E+01  .69237388E+00
   .15800000E+01  .66350405E+00
   .16400000E+01  .63411470E+00
   .17000000E+01  .60418450E+00
   .17600000E+01  .57369086E+00
   .18200000E+01  .54260983E+00
   .18800000E+01  .51091596E+00
   .19400000E+01  .47858227E+00
   .20000000E+01  .44558002E+00
Potential  L  =        3.00000    .00000
  -.40000000E+01  .23364895E+01
  -.39400000E+01  .23240285E+01
  -.38800000E+01  .23115075E+01
  -.38200000E+01  .22989257E+01
  -.37600000E+01  .22862824E+01
  -.37000000E+01  .22735767E+01
  -.36400000E+01  .22608077E+01
  -.35800000E+01  .22479746E+01
  -.35200000E+01  .22350765E+01
  -.34600000E+01  .22221125E+01
  -.34000000E+01  .22090817E+01
  -.33400000E+01  .21959831E+01
  -.32800000E+01  .21828158E+01
  -.32200000E+01  .21695787E+01
  -.31600000E+01  .21562709E+01
  -.31000000E+01  .21428913E+01
  -.30400000E+01  .21294389E+01
  -.29800000E+01  .21159126E+01
  -.29200000E+01  .21023114E+01
  -.28600000E+01  .20886339E+01
  -.28000000E+01  .20748792E+01
  -.27400000E+01  .20610461E+01
  -.26800000E+01  .20471332E+01
  -.26200000E+01  .20331394E+01
  -.25600000E+01  .20190635E+01
  -.25000000E+01  .20049041E+01
  -.24400000E+01  .19906598E+01
  -.23800000E+01  .19763294E+01
  -.23200000E+01  .19619114E+01
  -.22600000E+01  .19474045E+01
  -.22000000E+01  .19328070E+01
  -.21400000E+01  .19181176E+01
  -.20800000E+01  .19033346E+01
  -.20200000E+01  .18884566E+01
  -.19600000E+01  .18734818E+01
  -.19000000E+01  .18584087E+01
  -.18400000E+01  .18432354E+01
  -.17800000E+01  .18279603E+01
  -.17200000E+01  .18125816E+01
  -.16600000E+01  .17970973E+01
  -.16000000E+01  .17815057E+01
  -.15400000E+01  .17658047E+01
  -.14800000E+01  .17499924E+01
  -.14200000E+01  .17340666E+01
  -.13600000E+01  .17180253E+01
  -.13000000E+01  .17018663E+01
  -.12400000E+01  .16855873E+01
  -.11800000E+01  .16691860E+01
  -.11200000E+01  .16526602E+01
  -.10600000E+01  .16360072E+01
  -.10000000E+01  .16192247E+01
  -.94000000E+00  .16023099E+01
  -.88000000E+00  .15852604E+01
  -.82000000E+00  .15680732E+01
  -.76000000E+00  .15507456E+01
  -.70000000E+00  .15332746E+01
  -.64000000E+00  .15156573E+01
  -.58000000E+00  .14978906E+01
  -.52000000E+00  .14799711E+01
  -.46000000E+00  .14618957E+01
  -.40000000E+00  .14436609E+01
  -.34000000E+00  .14252632E+01
  -.28000000E+00  .14066990E+01
  -.22000000E+00  .13879644E+01
  -.16000000E+00  .13690556E+01
  -.10000000E+00  .13499686E+01
  -.40000000E-01  .13306993E+01
   .20000000E-01  .13112432E+01
   .80000000E-01  .12915961E+01
   .14000000E+00  .12717531E+01
   .20000000E+00  .12517097E+01
   .26000000E+00  .12314608E+01
   .32000000E+00  .12110014E+01
   .38000000E+00  .11903260E+01
   .44000000E+00  .11694292E+01
   .50000000E+00  .11483054E+01
   .56000000E+00  .11269484E+01
   .62000000E+00  .11053523E+01
   .68000000E+00  .10835105E+01
   .74000000E+00  .10614165E+01
   .80000000E+00  .10390632E+01
   .86000000E+00  .10164437E+01
   .92000000E+00  .99355021E+00
   .98000000E+00  .97037513E+00
   .10400000E+01  .94691029E+00
   .11000000E+01  .92314725E+00
   .11600000E+01  .89907720E+00
   .12200000E+01  .87469095E+00
   .12800000E+01  .84997891E+00
   .13400000E+01  .82493108E+00
   .14000000E+01  .79953701E+00
   .14600000E+01  .77378578E+00
   .15200000E+01  .74766596E+00
   .15800000E+01  .72116562E+00
   .16400000E+01  .69427224E+00
   .17000000E+01  .66697274E+00
   .17600000E+01  .63925358E+00
   .18200000E+01  .61109999E+00
   .18800000E+01  .58249708E+00
   .19400000E+01  .55342898E+00
   .20000000E+01  .52387905E+00
Core Pot   L  =        4.00000    .00000
  -.40000000E+01  .26819161E+01
  -.39400000E+01  .26711412E+01
  -.38800000E+01  .26603294E+01
  -.38200000E+01  .26494785E+01
  -.37600000E+01  .26385903E+01
  -.37000000E+01  .26276586E+01
  -.36400000E+01  .26166899E+01
  -.35800000E+01  .26056793E+01
  -.35200000E+01  .25946263E+01
  -.34600000E+01  .25835333E+01
  -.34000000E+01  .25723980E+01
  -.33400000E+01  .25612207E+01
  -.32800000E+01  .25500021E+01
  -.32200000E+01  .25387386E+01
  -.31600000E+01  .25274301E+01
  -.31000000E+01  .25160807E+01
  -.30400000E+01  .25046850E+01
  -.29800000E+01  .24932425E+01
  -.29200000E+01  .24817567E+01
  -.28600000E+01  .24702257E+01
  -.28000000E+01  .24586468E+01
  -.27400000E+01  .24470191E+01
  -.26800000E+01  .24353458E+01
  -.26200000E+01  .24236255E+01
  -.25600000E+01  .24118549E+01
  -.25000000E+01  .24000336E+01
  -.24400000E+01  .23881645E+01
  -.23800000E+01  .23762445E+01
  -.23200000E+01  .23642749E+01
  -.22600000E+01  .23522510E+01
  -.22000000E+01  .23401768E+01
  -.21400000E+01  .23280494E+01
  -.20800000E+01  .23158686E+01
  -.20200000E+01  .23036340E+01
  -.19600000E+01  .22913442E+01
  -.19000000E+01  .22789996E+01
  -.18400000E+01  .22665989E+01
  -.17800000E+01  .22541414E+01
  -.17200000E+01  .22416265E+01
  -.16600000E+01  .22290535E+01
  -.16000000E+01  .22164216E+01
  -.15400000E+01  .22037301E+01
  -.14800000E+01  .21909783E+01
  -.14200000E+01  .21781654E+01
  -.13600000E+01  .21652906E+01
  -.13000000E+01  .21523530E+01
  -.12400000E+01  .21393519E+01
  -.11800000E+01  .21262865E+01
  -.11200000E+01  .21131559E+01
  -.10600000E+01  .20999592E+01
  -.10000000E+01  .20866956E+01
  -.94000000E+00  .20733640E+01
  -.88000000E+00  .20599637E+01
  -.82000000E+00  .20464937E+01
  -.76000000E+00  .20329530E+01
  -.70000000E+00  .20193406E+01
  -.64000000E+00  .20056556E+01
  -.58000000E+00  .19918968E+01
  -.52000000E+00  .19780634E+01
  -.46000000E+00  .19641541E+01
  -.40000000E+00  .19501679E+01
  -.34000000E+00  .19361037E+01
  -.28000000E+00  .19219603E+01
  -.22000000E+00  .19077366E+01
  -.16000000E+00  .18934314E+01
  -.10000000E+00  .18790435E+01
  -.40000000E-01  .18645716E+01
   .20000000E-01  .18500144E+01
   .80000000E-01  .18353706E+01
   .14000000E+00  .18206390E+01
   .20000000E+00  .18058181E+01
   .26000000E+00  .17909065E+01
   .32000000E+00  .17759029E+01
   .38000000E+00  .17608056E+01
   .44000000E+00  .17456133E+01
   .50000000E+00  .17303244E+01
   .56000000E+00  .17149373E+01
   .62000000E+00  .16994504E+01
   .68000000E+00  .16838621E+01
   .74000000E+00  .16681706E+01
   .80000000E+00  .16523743E+01
   .86000000E+00  .16364712E+01
   .92000000E+00  .16204597E+01
   .98000000E+00  .16043378E+01
   .10400000E+01  .15881036E+01
   .11000000E+01  .15717551E+01
   .11600000E+01  .15552903E+01
   .12200000E+01  .15387071E+01
   .12800000E+01  .15220034E+01
   .13400000E+01  .15051770E+01
   .14000000E+01  .14882256E+01
   .14600000E+01  .14711470E+01
   .15200000E+01  .14539386E+01
   .15800000E+01  .14365982E+01
   .16400000E+01  .14191231E+01
   .17000000E+01  .14015108E+01
   .17600000E+01  .13837586E+01
   .18200000E+01  .13658638E+01
   .18800000E+01  .13478235E+01
   .19400000E+01  .13296349E+01
   .20000000E+01  .13112950E+01
Potential  L  =        4.00000    .00000
  -.40000000E+01  .26830180E+01
  -.39400000E+01  .26722635E+01
  -.38800000E+01  .26614708E+01
  -.38200000E+01  .26506395E+01
  -.37600000E+01  .26397693E+01
  -.37000000E+01  .26288596E+01
  -.36400000E+01  .26179105E+01
  -.35800000E+01  .26069210E+01
  -.35200000E+01  .25958911E+01
  -.34600000E+01  .25848202E+01
  -.34000000E+01  .25737080E+01
  -.33400000E+01  .25625541E+01
  -.32800000E+01  .25513576E+01
  -.32200000E+01  .25401190E+01
  -.31600000E+01  .25288371E+01
  -.31000000E+01  .25175116E+01
  -.30400000E+01  .25061422E+01
  -.29800000E+01  .24947283E+01
  -.29200000E+01  .24832695E+01
  -.28600000E+01  .24717654E+01
  -.28000000E+01  .24602151E+01
  -.27400000E+01  .24486187E+01
  -.26800000E+01  .24369738E+01
  -.26200000E+01  .24252840E+01
  -.25600000E+01  .24135453E+01
  -.25000000E+01  .24017567E+01
  -.24400000E+01  .23899202E+01
  -.23800000E+01  .23780352E+01
  -.23200000E+01  .23660981E+01
  -.22600000E+01  .23541127E+01
  -.22000000E+01  .23420741E+01
  -.21400000E+01  .23299843E+01
  -.20800000E+01  .23178416E+01
  -.20200000E+01  .23056461E+01
  -.19600000E+01  .22933969E+01
  -.19000000E+01  .22810931E+01
  -.18400000E+01  .22687343E+01
  -.17800000E+01  .22563200E+01
  -.17200000E+01  .22438492E+01
  -.16600000E+01  .22313213E+01
  -.16000000E+01  .22187356E+01
  -.15400000E+01  .22060920E+01
  -.14800000E+01  .21933887E+01
  -.14200000E+01  .21806257E+01
  -.13600000E+01  .21678024E+01
  -.13000000E+01  .21549171E+01
  -.12400000E+01  .21419703E+01
  -.11800000E+01  .21289601E+01
  -.11200000E+01  .21158862E+01
  -.10600000E+01  .21027476E+01
  -.10000000E+01  .20895436E+01
  -.94000000E+00  .20762734E+01
  -.88000000E+00  .20629359E+01
  -.82000000E+00  .20495303E+01
  -.76000000E+00  .20360557E+01
  -.70000000E+00  .20225112E+01
  -.64000000E+00  .20088958E+01
  -.58000000E+00  .19952087E+01
  -.52000000E+00  .19814486E+01
  -.46000000E+00  .19676147E+01
  -.40000000E+00  .19537060E+01
  -.34000000E+00  .19397214E+01
  -.28000000E+00  .19256597E+01
  -.22000000E+00  .19115199E+01
  -.16000000E+00  .18973009E+01
  -.10000000E+00  .18830015E+01
  -.40000000E-01  .18686206E+01
   .20000000E-01  .18541569E+01
   .80000000E-01  .18396093E+01
   .14000000E+00  .18249765E+01
   .20000000E+00  .18102572E+01
   .26000000E+00  .17954500E+01
   .32000000E+00  .17805537E+01
   .38000000E+00  .17655669E+01
   .44000000E+00  .17504882E+01
   .50000000E+00  .17353161E+01
   .56000000E+00  .17200492E+01
   .62000000E+00  .17046860E+01
   .68000000E+00  .16892249E+01
   .74000000E+00  .16736645E+01
   .80000000E+00  .16580030E+01
   .86000000E+00  .16422387E+01
   .92000000E+00  .16263701E+01
   .98000000E+00  .16103954E+01
   .10400000E+01  .15943127E+01
   .11000000E+01  .15781204E+01
   .11600000E+01  .15618165E+01
   .12200000E+01  .15453991E+01
   .12800000E+01  .15288662E+01
   .13400000E+01  .15122159E+01
   .14000000E+01  .14954460E+01
   .14600000E+01  .14785545E+01
   .15200000E+01  .14615391E+01
   .15800000E+01  .14443977E+01
   .16400000E+01  .14271279E+01
   .17000000E+01  .14097274E+01
   .17600000E+01  .13921938E+01
   .18200000E+01  .13745245E+01
   .18800000E+01  .13567171E+01
   .19400000E+01  .13387690E+01
   .20000000E+01  .13206773E+01
KBPotential  L  =      1.00000  -5.95206
  -.40000000E+01  .15929656E+01
  -.39400000E+01  .15605267E+01
  -.38800000E+01  .15259286E+01
  -.38200000E+01  .14887815E+01
  -.37600000E+01  .14485908E+01
  -.37000000E+01  .14047210E+01
  -.36400000E+01  .13563409E+01
  -.35800000E+01  .13023382E+01
  -.35200000E+01  .12411965E+01
  -.34600000E+01  .11707841E+01
  -.34000000E+01  .10880225E+01
  -.33400000E+01  .98826813E+00
  -.32800000E+01  .86419784E+00
  -.32200000E+01  .70352714E+00
  -.31600000E+01  .48398143E+00
  -.31000000E+01  .16051245E+00
  -.30400000E+01 -.37378963E+00
  -.29800000E+01 -.14494097E+01
  -.29200000E+01 -.48452350E+01
  -.28600000E+01  .69156720E+02
  -.28000000E+01  .70076645E+01
  -.27400000E+01  .43913265E+01
  -.26800000E+01  .34584479E+01
  -.26200000E+01  .29732943E+01
  -.25600000E+01  .26717498E+01
  -.25000000E+01  .24632480E+01
  -.24400000E+01  .23083360E+01
  -.23800000E+01  .21870711E+01
  -.23200000E+01  .20882885E+01
  -.22600000E+01  .20052491E+01
  -.22000000E+01  .19336425E+01
  -.21400000E+01  .18705846E+01
  -.20800000E+01  .18140717E+01
  -.20200000E+01  .17626655E+01
  -.19600000E+01  .17153074E+01
  -.19000000E+01  .16712075E+01
  -.18400000E+01  .16297526E+01
  -.17800000E+01  .15904660E+01
  -.17200000E+01  .15529699E+01
  -.16600000E+01  .15169606E+01
  -.16000000E+01  .14821906E+01
  -.15400000E+01  .14484563E+01
  -.14800000E+01  .14155881E+01
  -.14200000E+01  .13834432E+01
  -.13600000E+01  .13519011E+01
  -.13000000E+01  .13208580E+01
  -.12400000E+01  .12902243E+01
  -.11800000E+01  .12599221E+01
  -.11200000E+01  .12298830E+01
  -.10600000E+01  .12000463E+01
  -.10000000E+01  .11703581E+01
  -.94000000E+00  .11407697E+01
  -.88000000E+00  .11112373E+01
  -.82000000E+00  .10817206E+01
  -.76000000E+00  .10521829E+01
  -.70000000E+00  .10225897E+01
  -.64000000E+00  .99290927E+00
  -.58000000E+00  .96311156E+00
  -.52000000E+00  .93316813E+00
  -.46000000E+00  .90305187E+00
  -.40000000E+00  .87273671E+00
  -.34000000E+00  .84219746E+00
  -.28000000E+00  .81140958E+00
  -.22000000E+00  .78034902E+00
  -.16000000E+00  .74899208E+00
  -.10000000E+00  .71731526E+00
  -.40000000E-01  .68529515E+00
   .20000000E-01  .65290826E+00
   .80000000E-01  .62013098E+00
   .14000000E+00  .58693940E+00
   .20000000E+00  .55330924E+00
   .26000000E+00  .51921575E+00
   .32000000E+00  .48463359E+00
   .38000000E+00  .44953675E+00
   .44000000E+00  .41389839E+00
   .50000000E+00  .37769082E+00
   .56000000E+00  .34088538E+00
   .62000000E+00  .30345222E+00
   .68000000E+00  .26536031E+00
   .74000000E+00  .22657725E+00
   .80000000E+00  .18706918E+00
   .86000000E+00  .14680063E+00
   .92000000E+00  .10573427E+00
   .98000000E+00  .63830920E-01
   .10400000E+01  .21049334E-01
   .11000000E+01 -.22654077E-01
   .11600000E+01 -.67325357E-01
   .12200000E+01 -.11301329E+00
   .12800000E+01 -.15976953E+00
   .13400000E+01 -.20764897E+00
   .14000000E+01 -.25670994E+00
   .14600000E+01 -.30701459E+00
   .15200000E+01 -.35862919E+00
   .15800000E+01 -.41162450E+00
   .16400000E+01 -.46607624E+00
   .17000000E+01 -.52206549E+00
   .17600000E+01 -.57967918E+00
   .18200000E+01 -.63901087E+00
   .18800000E+01 -.70016105E+00
   .19400000E+01 -.76323812E+00
   .20000000E+01 -.82835907E+00
KBPotential  L  =      2.00000   -.35833
  -.40000000E+01  .20021077E+01
  -.39400000E+01  .19866959E+01
  -.38800000E+01  .19711492E+01
  -.38200000E+01  .19554637E+01
  -.37600000E+01  .19396352E+01
  -.37000000E+01  .19236594E+01
  -.36400000E+01  .19075318E+01
  -.35800000E+01  .18912475E+01
  -.35200000E+01  .18748014E+01
  -.34600000E+01  .18581882E+01
  -.34000000E+01  .18414024E+01
  -.33400000E+01  .18244378E+01
  -.32800000E+01  .18072881E+01
  -.32200000E+01  .17899466E+01
  -.31600000E+01  .17724063E+01
  -.31000000E+01  .17546594E+01
  -.30400000E+01  .17366979E+01
  -.29800000E+01  .17185131E+01
  -.29200000E+01  .17000960E+01
  -.28600000E+01  .16814366E+01
  -.28000000E+01  .16625243E+01
  -.27400000E+01  .16433480E+01
  -.26800000E+01  .16238953E+01
  -.26200000E+01  .16041533E+01
  -.25600000E+01  .15841078E+01
  -.25000000E+01  .15637435E+01
  -.24400000E+01  .15430440E+01
  -.23800000E+01  .15219913E+01
  -.23200000E+01  .15005660E+01
  -.22600000E+01  .14787468E+01
  -.22000000E+01  .14565106E+01
  -.21400000E+01  .14338320E+01
  -.20800000E+01  .14106832E+01
  -.20200000E+01  .13870336E+01
  -.19600000E+01  .13628493E+01
  -.19000000E+01  .13380929E+01
  -.18400000E+01  .13127228E+01
  -.17800000E+01  .12866930E+01
  -.17200000E+01  .12599515E+01
  -.16600000E+01  .12324405E+01
  -.16000000E+01  .12040946E+01
  -.15400000E+01  .11748401E+01
  -.14800000E+01  .11445932E+01
  -.14200000E+01  .11132582E+01
  -.13600000E+01  .10807258E+01
  -.13000000E+01  .10468695E+01
  -.12400000E+01  .10115434E+01
  -.11800000E+01  .97457702E+00
  -.11200000E+01  .93577042E+00
  -.10600000E+01  .89488752E+00
  -.10000000E+01  .85164725E+00
  -.94000000E+00  .80571226E+00
  -.88000000E+00  .75667397E+00
  -.82000000E+00  .70403256E+00
  -.76000000E+00  .64716983E+00
  -.70000000E+00  .58531173E+00
  -.64000000E+00  .51748291E+00
  -.58000000E+00  .44240298E+00
  -.52000000E+00  .35841681E+00
  -.46000000E+00  .26330001E+00
  -.40000000E+00  .15400473E+00
  -.34000000E+00  .26239174E-01
  -.28000000E+00 -.12624020E+00
  -.22000000E+00 -.31288165E+00
  -.16000000E+00 -.54869879E+00
  -.10000000E+00 -.85907841E+00
  -.40000000E-01 -.12906145E+01
   .20000000E-01 -.19391108E+01
   .80000000E-01 -.30377994E+01
   .14000000E+00 -.53418064E+01
   .20000000E+00 -.13441703E+02
   .26000000E+00  .54512030E+02
   .32000000E+00  .10333146E+02
   .38000000E+00  .60707047E+01
   .44000000E+00  .44475193E+01
   .50000000E+00  .35837703E+01
   .56000000E+00  .30421999E+01
   .62000000E+00  .26670995E+01
   .68000000E+00  .23890626E+01
   .74000000E+00  .21725344E+01
   .80000000E+00  .19973751E+01
   .86000000E+00  .18513242E+01
   .92000000E+00  .17265121E+01
   .98000000E+00  .16176139E+01
   .10400000E+01  .15209331E+01
   .11000000E+01  .14338053E+01
   .11600000E+01  .13542655E+01
   .12200000E+01  .12808230E+01
   .12800000E+01  .12123421E+01
   .13400000E+01  .11479209E+01
   .14000000E+01  .10868522E+01
   .14600000E+01  .10285602E+01
   .15200000E+01  .97257562E+00
   .15800000E+01  .91851060E+00
   .16400000E+01  .86604066E+00
   .17000000E+01  .81489169E+00
   .17600000E+01  .76482963E+00
   .18200000E+01  .71565270E+00
   .18800000E+01  .66718520E+00
   .19400000E+01  .61927275E+00
   .20000000E+01  .57177835E+00
KBPotential  L  =       .00000   -.56933
  -.40000000E+01  .18037831E+01
  -.39400000E+01  .17872345E+01
  -.38800000E+01  .17705521E+01
  -.38200000E+01  .17537332E+01
  -.37600000E+01  .17367748E+01
  -.37000000E+01  .17196741E+01
  -.36400000E+01  .17024280E+01
  -.35800000E+01  .16850335E+01
  -.35200000E+01  .16674873E+01
  -.34600000E+01  .16497860E+01
  -.34000000E+01  .16319264E+01
  -.33400000E+01  .16139049E+01
  -.32800000E+01  .15957177E+01
  -.32200000E+01  .15773612E+01
  -.31600000E+01  .15588315E+01
  -.31000000E+01  .15401245E+01
  -.30400000E+01  .15212360E+01
  -.29800000E+01  .15021618E+01
  -.29200000E+01  .14828974E+01
  -.28600000E+01  .14634382E+01
  -.28000000E+01  .14437794E+01
  -.27400000E+01  .14239161E+01
  -.26800000E+01  .14038430E+01
  -.26200000E+01  .13835550E+01
  -.25600000E+01  .13630466E+01
  -.25000000E+01  .13423119E+01
  -.24400000E+01  .13213450E+01
  -.23800000E+01  .13001398E+01
  -.23200000E+01  .12786898E+01
  -.22600000E+01  .12569886E+01
  -.22000000E+01  .12350290E+01
  -.21400000E+01  .12128041E+01
  -.20800000E+01  .11903062E+01
  -.20200000E+01  .11675276E+01
  -.19600000E+01  .11444602E+01
  -.19000000E+01  .11210956E+01
  -.18400000E+01  .10974249E+01
  -.17800000E+01  .10734391E+01
  -.17200000E+01  .10491285E+01
  -.16600000E+01  .10244831E+01
  -.16000000E+01  .99949257E+00
  -.15400000E+01  .97414601E+00
  -.14800000E+01  .94843204E+00
  -.14200000E+01  .92233875E+00
  -.13600000E+01  .89585369E+00
  -.13000000E+01  .86896384E+00
  -.12400000E+01  .84165554E+00
  -.11800000E+01  .81391449E+00
  -.11200000E+01  .78572568E+00
  -.10600000E+01  .75707336E+00
  -.10000000E+01  .72794100E+00
  -.94000000E+00  .69831119E+00
  -.88000000E+00  .66816574E+00
  -.82000000E+00  .63748538E+00
  -.76000000E+00  .60624994E+00
  -.70000000E+00  .57443799E+00
  -.64000000E+00  .54202712E+00
  -.58000000E+00  .50899359E+00
  -.52000000E+00  .47531238E+00
  -.46000000E+00  .44095700E+00
  -.40000000E+00  .40589948E+00
  -.34000000E+00  .37011021E+00
  -.28000000E+00  .33355775E+00
  -.22000000E+00  .29620884E+00
  -.16000000E+00  .25802816E+00
  -.10000000E+00  .21897817E+00
  -.40000000E-01  .17901898E+00
   .20000000E-01  .13810811E+00
   .80000000E-01  .96200284E-01
   .14000000E+00  .53247253E-01
   .20000000E+00  .91974831E-02
   .26000000E+00 -.36004135E-01
   .32000000E+00 -.82416569E-01
   .38000000E+00 -.13010300E+00
   .44000000E+00 -.17913122E+00
   .50000000E+00 -.22957406E+00
   .56000000E+00 -.28150984E+00
   .62000000E+00 -.33502294E+00
   .68000000E+00 -.39020440E+00
   .74000000E+00 -.44715256E+00
   .80000000E+00 -.50597383E+00
   .86000000E+00 -.56678354E+00
   .92000000E+00 -.62970689E+00
   .98000000E+00 -.69488006E+00
   .10400000E+01 -.76245140E+00
   .11000000E+01 -.83258290E+00
   .11600000E+01 -.90545171E+00
   .12200000E+01 -.98125187E+00
   .12800000E+01 -.10601973E+01
   .13400000E+01 -.11425224E+01
   .14000000E+01 -.12284867E+01
   .14600000E+01 -.13183774E+01
   .15200000E+01 -.14125132E+01
   .15800000E+01 -.15112491E+01
   .16400000E+01 -.16149819E+01
   .17000000E+01 -.17241571E+01
   .17600000E+01 -.18392780E+01
   .18200000E+01 -.19609196E+01
   .18800000E+01 -.20897543E+01
   .19400000E+01 -.22266381E+01
   .20000000E+01 -.23733401E+01
KBPotential  L  =      3.00000    .00000
  -.40000000E+01  .23364895E+01
  -.39400000E+01  .23240285E+01
  -.38800000E+01  .23115075E+01
  -.38200000E+01  .22989257E+01
  -.37600000E+01  .22862824E+01
  -.37000000E+01  .22735767E+01
  -.36400000E+01  .22608077E+01
  -.35800000E+01  .22479746E+01
  -.35200000E+01  .22350765E+01
  -.34600000E+01  .22221125E+01
  -.34000000E+01  .22090817E+01
  -.33400000E+01  .21959831E+01
  -.32800000E+01  .21828158E+01
  -.32200000E+01  .21695787E+01
  -.31600000E+01  .21562709E+01
  -.31000000E+01  .21428913E+01
  -.30400000E+01  .21294389E+01
  -.29800000E+01  .21159126E+01
  -.29200000E+01  .21023114E+01
  -.28600000E+01  .20886339E+01
  -.28000000E+01  .20748792E+01
  -.27400000E+01  .20610461E+01
  -.26800000E+01  .20471332E+01
  -.26200000E+01  .20331394E+01
  -.25600000E+01  .20190635E+01
  -.25000000E+01  .20049041E+01
  -.24400000E+01  .19906598E+01
  -.23800000E+01  .19763294E+01
  -.23200000E+01  .19619114E+01
  -.22600000E+01  .19474045E+01
  -.22000000E+01  .19328070E+01
  -.21400000E+01  .19181176E+01
  -.20800000E+01  .19033346E+01
  -.20200000E+01  .18884566E+01
  -.19600000E+01  .18734818E+01
  -.19000000E+01  .18584087E+01
  -.18400000E+01  .18432354E+01
  -.17800000E+01  .18279603E+01
  -.17200000E+01  .18125816E+01
  -.16600000E+01  .17970973E+01
  -.16000000E+01  .17815057E+01
  -.15400000E+01  .17658047E+01
  -.14800000E+01  .17499924E+01
  -.14200000E+01  .17340666E+01
  -.13600000E+01  .17180253E+01
  -.13000000E+01  .17018663E+01
  -.12400000E+01  .16855873E+01
  -.11800000E+01  .16691860E+01
  -.11200000E+01  .16526602E+01
  -.10600000E+01  .16360072E+01
  -.10000000E+01  .16192247E+01
  -.94000000E+00  .16023099E+01
  -.88000000E+00  .15852604E+01
  -.82000000E+00  .15680732E+01
  -.76000000E+00  .15507456E+01
  -.70000000E+00  .15332746E+01
  -.64000000E+00  .15156573E+01
  -.58000000E+00  .14978906E+01
  -.52000000E+00  .14799711E+01
  -.46000000E+00  .14618957E+01
  -.40000000E+00  .14436609E+01
  -.34000000E+00  .14252632E+01
  -.28000000E+00  .14066990E+01
  -.22000000E+00  .13879644E+01
  -.16000000E+00  .13690556E+01
  -.10000000E+00  .13499686E+01
  -.40000000E-01  .13306993E+01
   .20000000E-01  .13112432E+01
   .80000000E-01  .12915961E+01
   .14000000E+00  .12717531E+01
   .20000000E+00  .12517097E+01
   .26000000E+00  .12314608E+01
   .32000000E+00  .12110014E+01
   .38000000E+00  .11903260E+01
   .44000000E+00  .11694292E+01
   .50000000E+00  .11483054E+01
   .56000000E+00  .11269484E+01
   .62000000E+00  .11053523E+01
   .68000000E+00  .10835105E+01
   .74000000E+00  .10614165E+01
   .80000000E+00  .10390632E+01
   .86000000E+00  .10164437E+01
   .92000000E+00  .99355021E+00
   .98000000E+00  .97037513E+00
   .10400000E+01  .94691029E+00
   .11000000E+01  .92314725E+00
   .11600000E+01  .89907720E+00
   .12200000E+01  .87469095E+00
   .12800000E+01  .84997891E+00
   .13400000E+01  .82493108E+00
   .14000000E+01  .79953701E+00
   .14600000E+01  .77378578E+00
   .15200000E+01  .74766596E+00
   .15800000E+01  .72116562E+00
   .16400000E+01  .69427224E+00
   .17000000E+01  .66697274E+00
   .17600000E+01  .63925358E+00
   .18200000E+01  .61109999E+00
   .18800000E+01  .58249708E+00
   .19400000E+01  .55342898E+00
   .20000000E+01  .52387905E+00
KBPotential  L  =      4.00000    .00000
  -.40000000E+01  .26830180E+01
  -.39400000E+01  .26722635E+01
  -.38800000E+01  .26614708E+01
  -.38200000E+01  .26506395E+01
  -.37600000E+01  .26397693E+01
  -.37000000E+01  .26288596E+01
  -.36400000E+01  .26179105E+01
  -.35800000E+01  .26069210E+01
  -.35200000E+01  .25958911E+01
  -.34600000E+01  .25848202E+01
  -.34000000E+01  .25737080E+01
  -.33400000E+01  .25625541E+01
  -.32800000E+01  .25513576E+01
  -.32200000E+01  .25401190E+01
  -.31600000E+01  .25288371E+01
  -.31000000E+01  .25175116E+01
  -.30400000E+01  .25061422E+01
  -.29800000E+01  .24947283E+01
  -.29200000E+01  .24832695E+01
  -.28600000E+01  .24717654E+01
  -.28000000E+01  .24602151E+01
  -.27400000E+01  .24486187E+01
  -.26800000E+01  .24369738E+01
  -.26200000E+01  .24252840E+01
  -.25600000E+01  .24135453E+01
  -.25000000E+01  .24017567E+01
  -.24400000E+01  .23899202E+01
  -.23800000E+01  .23780352E+01
  -.23200000E+01  .23660981E+01
  -.22600000E+01  .23541127E+01
  -.22000000E+01  .23420741E+01
  -.21400000E+01  .23299843E+01
  -.20800000E+01  .23178416E+01
  -.20200000E+01  .23056461E+01
  -.19600000E+01  .22933969E+01
  -.19000000E+01  .22810931E+01
  -.18400000E+01  .22687343E+01
  -.17800000E+01  .22563200E+01
  -.17200000E+01  .22438492E+01
  -.16600000E+01  .22313213E+01
  -.16000000E+01  .22187356E+01
  -.15400000E+01  .22060920E+01
  -.14800000E+01  .21933887E+01
  -.14200000E+01  .21806257E+01
  -.13600000E+01  .21678024E+01
  -.13000000E+01  .21549171E+01
  -.12400000E+01  .21419703E+01
  -.11800000E+01  .21289601E+01
  -.11200000E+01  .21158862E+01
  -.10600000E+01  .21027476E+01
  -.10000000E+01  .20895436E+01
  -.94000000E+00  .20762734E+01
  -.88000000E+00  .20629359E+01
  -.82000000E+00  .20495303E+01
  -.76000000E+00  .20360557E+01
  -.70000000E+00  .20225112E+01
  -.64000000E+00  .20088958E+01
  -.58000000E+00  .19952087E+01
  -.52000000E+00  .19814486E+01
  -.46000000E+00  .19676147E+01
  -.40000000E+00  .19537060E+01
  -.34000000E+00  .19397214E+01
  -.28000000E+00  .19256597E+01
  -.22000000E+00  .19115199E+01
  -.16000000E+00  .18973009E+01
  -.10000000E+00  .18830015E+01
  -.40000000E-01  .18686206E+01
   .20000000E-01  .18541569E+01
   .80000000E-01  .18396093E+01
   .14000000E+00  .18249765E+01
   .20000000E+00  .18102572E+01
   .26000000E+00  .17954500E+01
   .32000000E+00  .17805537E+01
   .38000000E+00  .17655669E+01
   .44000000E+00  .17504882E+01
   .50000000E+00  .17353161E+01
   .56000000E+00  .17200492E+01
   .62000000E+00  .17046860E+01
   .68000000E+00  .16892249E+01
   .74000000E+00  .16736645E+01
   .80000000E+00  .16580030E+01
   .86000000E+00  .16422387E+01
   .92000000E+00  .16263701E+01
   .98000000E+00  .16103954E+01
   .10400000E+01  .15943127E+01
   .11000000E+01  .15781204E+01
   .11600000E+01  .15618165E+01
   .12200000E+01  .15453991E+01
   .12800000E+01  .15288662E+01
   .13400000E+01  .15122159E+01
   .14000000E+01  .14954460E+01
   .14600000E+01  .14785545E+01
   .15200000E+01  .14615391E+01
   .15800000E+01  .14443977E+01
   .16400000E+01  .14271279E+01
   .17000000E+01  .14097274E+01
   .17600000E+01  .13921938E+01
   .18200000E+01  .13745245E+01
   .18800000E+01  .13567171E+01
   .19400000E+01  .13387690E+01
   .20000000E+01  .13206773E+01
