   Pa: PAW                               
 100
Core Pot   L  =         .00000  -3.69993
  -.30000000E+01  .15785406E+01
  -.29500000E+01  .15524195E+01
  -.29000000E+01  .15273074E+01
  -.28500000E+01  .15029837E+01
  -.28000000E+01  .14792767E+01
  -.27500000E+01  .14560507E+01
  -.27000000E+01  .14331967E+01
  -.26500000E+01  .14106255E+01
  -.26000000E+01  .13882632E+01
  -.25500000E+01  .13660479E+01
  -.25000000E+01  .13439268E+01
  -.24500000E+01  .13218542E+01
  -.24000000E+01  .12997904E+01
  -.23500000E+01  .12777002E+01
  -.23000000E+01  .12555521E+01
  -.22500000E+01  .12333174E+01
  -.22000000E+01  .12109701E+01
  -.21500000E+01  .11884857E+01
  -.21000000E+01  .11658415E+01
  -.20500000E+01  .11430156E+01
  -.20000000E+01  .11199873E+01
  -.19500000E+01  .10967364E+01
  -.19000000E+01  .10732431E+01
  -.18500000E+01  .10494879E+01
  -.18000000E+01  .10254515E+01
  -.17500000E+01  .10011143E+01
  -.17000000E+01  .97645677E+00
  -.16500000E+01  .95145880E+00
  -.16000000E+01  .92609998E+00
  -.15500000E+01  .90035931E+00
  -.15000000E+01  .87421508E+00
  -.14500000E+01  .84764477E+00
  -.14000000E+01  .82062491E+00
  -.13500000E+01  .79313100E+00
  -.13000000E+01  .76513731E+00
  -.12500000E+01  .73661677E+00
  -.12000000E+01  .70754084E+00
  -.11500000E+01  .67787930E+00
  -.11000000E+01  .64760010E+00
  -.10500000E+01  .61666917E+00
  -.10000000E+01  .58505023E+00
  -.95000000E+00  .55270449E+00
  -.90000000E+00  .51959047E+00
  -.85000000E+00  .48566367E+00
  -.80000000E+00  .45087630E+00
  -.75000000E+00  .41517687E+00
  -.70000000E+00  .37850985E+00
  -.65000000E+00  .34081518E+00
  -.60000000E+00  .30202783E+00
  -.55000000E+00  .26207720E+00
  -.50000000E+00  .22088647E+00
  -.45000000E+00  .17837190E+00
  -.40000000E+00  .13444202E+00
  -.35000000E+00  .88996631E-01
  -.30000000E+00  .41925761E-01
  -.25000000E+00 -.68916102E-02
  -.20000000E+00 -.57588986E-01
  -.15000000E+00 -.11031404E+00
  -.10000000E+00 -.16523058E+00
  -.50000000E-01 -.22252085E+00
  -.22898350E-14 -.28238818E+00
   .50000000E-01 -.34506024E+00
   .10000000E+00 -.41079272E+00
   .15000000E+00 -.47987393E+00
   .20000000E+00 -.55263011E+00
   .25000000E+00 -.62943194E+00
   .30000000E+00 -.71070247E+00
   .35000000E+00 -.79692666E+00
   .40000000E+00 -.88866324E+00
   .45000000E+00 -.98655929E+00
   .50000000E+00 -.10913685E+01
   .55000000E+00 -.12039743E+01
   .60000000E+00 -.13254185E+01
   .65000000E+00 -.14569393E+01
   .70000000E+00 -.16000195E+01
   .75000000E+00 -.17564502E+01
   .80000000E+00 -.19284152E+01
   .85000000E+00 -.21186054E+01
   .90000000E+00 -.23303748E+01
   .95000000E+00 -.25679585E+01
   .10000000E+01 -.28367827E+01
   .10500000E+01 -.31439149E+01
   .11000000E+01 -.34987357E+01
   .11500000E+01 -.39139698E+01
   .12000000E+01 -.44073222E+01
   .12500000E+01 -.50041797E+01
   .13000000E+01 -.57422843E+01
   .13500000E+01 -.66802913E+01
   .14000000E+01 -.79145857E+01
   .14500000E+01 -.96154338E+01
   .15000000E+01 -.12114556E+02
   .15500000E+01 -.16155966E+02
   .16000000E+01 -.23825297E+02
   .16500000E+01 -.44056079E+02
   .17000000E+01 -.24950604E+03
   .17500000E+01  .70618311E+02
   .18000000E+01  .31383349E+02
   .18500000E+01  .20343885E+02
   .19000000E+01  .15132723E+02
   .19500000E+01  .12093165E+02
   .20000000E+01  .10098335E+02
Potential  L  =         .00000  -3.69993
  -.30000000E+01  .14845850E+01
  -.29500000E+01  .14597056E+01
  -.29000000E+01  .14353303E+01
  -.28500000E+01  .14113072E+01
  -.28000000E+01  .13875158E+01
  -.27500000E+01  .13638577E+01
  -.27000000E+01  .13402513E+01
  -.26500000E+01  .13166270E+01
  -.26000000E+01  .12929243E+01
  -.25500000E+01  .12690894E+01
  -.25000000E+01  .12450734E+01
  -.24500000E+01  .12208312E+01
  -.24000000E+01  .11963198E+01
  -.23500000E+01  .11714980E+01
  -.23000000E+01  .11463254E+01
  -.22500000E+01  .11207616E+01
  -.22000000E+01  .10947658E+01
  -.21500000E+01  .10682961E+01
  -.21000000E+01  .10413093E+01
  -.20500000E+01  .10137599E+01
  -.20000000E+01  .98559987E+00
  -.19500000E+01  .95677797E+00
  -.19000000E+01  .92723920E+00
  -.18500000E+01  .89692408E+00
  -.18000000E+01  .86576795E+00
  -.17500000E+01  .83370000E+00
  -.17000000E+01  .80064246E+00
  -.16500000E+01  .76650937E+00
  -.16000000E+01  .73120529E+00
  -.15500000E+01  .69462376E+00
  -.15000000E+01  .65664546E+00
  -.14500000E+01  .61713606E+00
  -.14000000E+01  .57594358E+00
  -.13500000E+01  .53289521E+00
  -.13000000E+01  .48779349E+00
  -.12500000E+01  .44041156E+00
  -.12000000E+01  .39048731E+00
  -.11500000E+01  .33771620E+00
  -.11000000E+01  .28174165E+00
  -.10500000E+01  .22214428E+00
  -.10000000E+01  .15842611E+00
  -.95000000E+00  .89991742E-01
  -.90000000E+00  .16122904E-01
  -.85000000E+00 -.64055186E-01
  -.80000000E+00 -.15161917E+00
  -.75000000E+00 -.24790960E+00
  -.70000000E+00 -.35461745E+00
  -.65000000E+00 -.47390694E+00
  -.60000000E+00 -.60859399E+00
  -.55000000E+00 -.76241207E+00
  -.50000000E+00 -.94041962E+00
  -.45000000E+00 -.11496458E+01
  -.40000000E+00 -.14001550E+01
  -.35000000E+00 -.17068839E+01
  -.30000000E+00 -.20929989E+01
  -.25000000E+00 -.25964701E+01
  -.20000000E+00 -.32841497E+01
  -.15000000E+00 -.42856859E+01
  -.10000000E+00 -.58898953E+01
  -.50000000E-01 -.88972113E+01
  -.22898350E-14 -.16653129E+02
   .50000000E-01 -.84368922E+02
   .10000000E+00  .30383486E+02
   .15000000E+00  .13362506E+02
   .20000000E+00  .87406451E+01
   .25000000E+00  .65771593E+01
   .30000000E+00  .53165944E+01
   .35000000E+00  .44870546E+01
   .40000000E+00  .38966122E+01
   .45000000E+00  .34524977E+01
   .50000000E+00  .31043842E+01
   .55000000E+00  .28226045E+01
   .60000000E+00  .25885348E+01
   .65000000E+00  .23898913E+01
   .70000000E+00  .22182428E+01
   .75000000E+00  .20676081E+01
   .80000000E+00  .19336254E+01
   .85000000E+00  .18130375E+01
   .90000000E+00  .17033616E+01
   .95000000E+00  .16026709E+01
   .10000000E+01  .15094461E+01
   .10500000E+01  .14224720E+01
   .11000000E+01  .13407639E+01
   .11500000E+01  .12635143E+01
   .12000000E+01  .11900536E+01
   .12500000E+01  .11198212E+01
   .13000000E+01  .10523428E+01
   .13500000E+01  .98721346E+00
   .14000000E+01  .92408443E+00
   .14500000E+01  .86265259E+00
   .15000000E+01  .80265224E+00
   .15500000E+01  .74384846E+00
   .16000000E+01  .68603174E+00
   .16500000E+01  .62901356E+00
   .17000000E+01  .57262280E+00
   .17500000E+01  .51670273E+00
   .18000000E+01  .46110823E+00
   .18500000E+01  .40570439E+00
   .19000000E+01  .35036361E+00
   .19500000E+01  .29496466E+00
   .20000000E+01  .23939105E+00
Core Pot   L  =        1.00000  -1.85413
  -.30000000E+01  .13619702E+01
  -.29500000E+01  .13371054E+01
  -.29000000E+01  .13112613E+01
  -.28500000E+01  .12843203E+01
  -.28000000E+01  .12561436E+01
  -.27500000E+01  .12265655E+01
  -.27000000E+01  .11953871E+01
  -.26500000E+01  .11623673E+01
  -.26000000E+01  .11272106E+01
  -.25500000E+01  .10895509E+01
  -.25000000E+01  .10489289E+01
  -.24500000E+01  .10047601E+01
  -.24000000E+01  .95628937E+00
  -.23500000E+01  .90252261E+00
  -.23000000E+01  .84212440E+00
  -.22500000E+01  .77325707E+00
  -.22000000E+01  .69331952E+00
  -.21500000E+01  .59850426E+00
  -.21000000E+01  .48300502E+00
  -.20500000E+01  .33750591E+00
  -.20000000E+01  .14605525E+00
  -.19500000E+01 -.12112548E+00
  -.19000000E+01 -.52677413E+00
  -.18500000E+01 -.12296418E+01
  -.18000000E+01 -.27820154E+01
  -.17500000E+01 -.93367867E+01
  -.17000000E+01  .17937495E+02
  -.16500000E+01  .58414307E+01
  -.16000000E+01  .38670091E+01
  -.15500000E+01  .30474685E+01
  -.15000000E+01  .25928136E+01
  -.14500000E+01  .22996977E+01
  -.14000000E+01  .20921315E+01
  -.13500000E+01  .19352728E+01
  -.13000000E+01  .18108945E+01
  -.12500000E+01  .17085339E+01
  -.12000000E+01  .16217544E+01
  -.11500000E+01  .15463782E+01
  -.11000000E+01  .14795735E+01
  -.10500000E+01  .14193524E+01
  -.10000000E+01  .13642767E+01
  -.95000000E+00  .13132797E+01
  -.90000000E+00  .12655525E+01
  -.85000000E+00  .12204698E+01
  -.80000000E+00  .11775396E+01
  -.75000000E+00  .11363688E+01
  -.70000000E+00  .10966390E+01
  -.65000000E+00  .10580886E+01
  -.60000000E+00  .10205000E+01
  -.55000000E+00  .98369019E+00
  -.50000000E+00  .94750325E+00
  -.45000000E+00  .91180506E+00
  -.40000000E+00  .87647884E+00
  -.35000000E+00  .84142186E+00
  -.30000000E+00  .80654272E+00
  -.25000000E+00  .77175925E+00
  -.20000000E+00  .73699675E+00
  -.15000000E+00  .70218658E+00
  -.10000000E+00  .66726494E+00
  -.50000000E-01  .63217194E+00
  -.22898350E-14  .59685071E+00
   .50000000E-01  .56124671E+00
   .10000000E+00  .52530708E+00
   .15000000E+00  .48898008E+00
   .20000000E+00  .45221461E+00
   .25000000E+00  .41495973E+00
   .30000000E+00  .37716421E+00
   .35000000E+00  .33877618E+00
   .40000000E+00  .29974266E+00
   .45000000E+00  .26000924E+00
   .50000000E+00  .21951963E+00
   .55000000E+00  .17821529E+00
   .60000000E+00  .13603501E+00
   .65000000E+00  .92914457E-01
   .70000000E+00  .48785730E-01
   .75000000E+00  .35768446E-02
   .80000000E+00 -.42788812E-01
   .85000000E+00 -.90393075E-01
   .90000000E+00 -.13932366E+00
   .95000000E+00 -.18967490E+00
   .10000000E+01 -.24154858E+00
   .10500000E+01 -.29505482E+00
   .11000000E+01 -.35031317E+00
   .11500000E+01 -.40745373E+00
   .12000000E+01 -.46661858E+00
   .12500000E+01 -.52796322E+00
   .13000000E+01 -.59165846E+00
   .13500000E+01 -.65789237E+00
   .14000000E+01 -.72687271E+00
   .14500000E+01 -.79882966E+00
   .15000000E+01 -.87401910E+00
   .15500000E+01 -.95272639E+00
   .16000000E+01 -.10352708E+01
   .16500000E+01 -.11220110E+01
   .17000000E+01 -.12133511E+01
   .17500000E+01 -.13097486E+01
   .18000000E+01 -.14117234E+01
   .18500000E+01 -.15198688E+01
   .19000000E+01 -.16348653E+01
   .19500000E+01 -.17574974E+01
   .20000000E+01 -.18886739E+01
Potential  L  =        1.00000  -1.85413
  -.30000000E+01  .13804485E+01
  -.29500000E+01  .13568623E+01
  -.29000000E+01  .13324193E+01
  -.28500000E+01  .13070174E+01
  -.28000000E+01  .12805358E+01
  -.27500000E+01  .12528300E+01
  -.27000000E+01  .12237257E+01
  -.26500000E+01  .11930108E+01
  -.26000000E+01  .11604238E+01
  -.25500000E+01  .11256394E+01
  -.25000000E+01  .10882466E+01
  -.24500000E+01  .10477186E+01
  -.24000000E+01  .10033685E+01
  -.23500000E+01  .95428306E+00
  -.23000000E+01  .89922104E+00
  -.22500000E+01  .83644997E+00
  -.22000000E+01  .76347612E+00
  -.21500000E+01  .67657314E+00
  -.21000000E+01  .56991312E+00
  -.20500000E+01  .43383617E+00
  -.20000000E+01  .25108113E+00
  -.19500000E+01 -.12529351E-01
  -.19000000E+01 -.43554681E+00
  -.18500000E+01 -.12475535E+01
  -.18000000E+01 -.35281837E+01
  -.17500000E+01 -.62147262E+02
  -.17000000E+01  .66635773E+01
  -.16500000E+01  .37652068E+01
  -.16000000E+01  .28383839E+01
  -.15500000E+01  .23739562E+01
  -.15000000E+01  .20897880E+01
  -.14500000E+01  .18943783E+01
  -.14000000E+01  .17491134E+01
  -.13500000E+01  .16348764E+01
  -.13000000E+01  .15411173E+01
  -.12500000E+01  .14615381E+01
  -.12000000E+01  .13921391E+01
  -.11500000E+01  .13302604E+01
  -.11000000E+01  .12740603E+01
  -.10500000E+01  .12222217E+01
  -.10000000E+01  .11737758E+01
  -.95000000E+00  .11279926E+01
  -.90000000E+00  .10843099E+01
  -.85000000E+00  .10422860E+01
  -.80000000E+00  .10015678E+01
  -.75000000E+00  .96186766E+00
  -.70000000E+00  .92294801E+00
  -.65000000E+00  .88460904E+00
  -.60000000E+00  .84668020E+00
  -.55000000E+00  .80901359E+00
  -.50000000E+00  .77147892E+00
  -.45000000E+00  .73395961E+00
  -.40000000E+00  .69634962E+00
  -.35000000E+00  .65855104E+00
  -.30000000E+00  .62047195E+00
  -.25000000E+00  .58202480E+00
  -.20000000E+00  .54312485E+00
  -.15000000E+00  .50368898E+00
  -.10000000E+00  .46363450E+00
  -.50000000E-01  .42287808E+00
  -.22898350E-14  .38133487E+00
   .50000000E-01  .33891722E+00
   .10000000E+00  .29553408E+00
   .15000000E+00  .25108980E+00
   .20000000E+00  .20548310E+00
   .25000000E+00  .15860591E+00
   .30000000E+00  .11034205E+00
   .35000000E+00  .60566387E-01
   .40000000E+00  .91424897E-02
   .45000000E+00 -.44078619E-01
   .50000000E+00 -.99260569E-01
   .55000000E+00 -.15658397E+00
   .60000000E+00 -.21624911E+00
   .65000000E+00 -.27847919E+00
   .70000000E+00 -.34352402E+00
   .75000000E+00 -.41166453E+00
   .80000000E+00 -.48321813E+00
   .85000000E+00 -.55854518E+00
   .90000000E+00 -.63805690E+00
   .95000000E+00 -.72222494E+00
   .10000000E+01 -.81159324E+00
   .10500000E+01 -.90679279E+00
   .11000000E+01 -.10085601E+01
   .11500000E+01 -.11177606E+01
   .12000000E+01 -.12354182E+01
   .12500000E+01 -.13627541E+01
   .13000000E+01 -.15012366E+01
   .13500000E+01 -.16526478E+01
   .14000000E+01 -.18191719E+01
   .14500000E+01 -.20035167E+01
   .15000000E+01 -.22090798E+01
   .15500000E+01 -.24401849E+01
   .16000000E+01 -.27024201E+01
   .16500000E+01 -.30031373E+01
   .17000000E+01 -.33522094E+01
   .17500000E+01 -.37632114E+01
   .18000000E+01 -.42553381E+01
   .18500000E+01 -.48566460E+01
   .19000000E+01 -.56098416E+01
   .19500000E+01 -.65832758E+01
   .20000000E+01 -.78935990E+01
Core Pot   L  =        2.00000   -.23011
  -.30000000E+01  .16012506E+01
  -.29500000E+01  .15849434E+01
  -.29000000E+01  .15684507E+01
  -.28500000E+01  .15517661E+01
  -.28000000E+01  .15348828E+01
  -.27500000E+01  .15177938E+01
  -.27000000E+01  .15004914E+01
  -.26500000E+01  .14829678E+01
  -.26000000E+01  .14652144E+01
  -.25500000E+01  .14472222E+01
  -.25000000E+01  .14289818E+01
  -.24500000E+01  .14104830E+01
  -.24000000E+01  .13917150E+01
  -.23500000E+01  .13726664E+01
  -.23000000E+01  .13533248E+01
  -.22500000E+01  .13336771E+01
  -.22000000E+01  .13137094E+01
  -.21500000E+01  .12934066E+01
  -.21000000E+01  .12727526E+01
  -.20500000E+01  .12517301E+01
  -.20000000E+01  .12303203E+01
  -.19500000E+01  .12085032E+01
  -.19000000E+01  .11862571E+01
  -.18500000E+01  .11635585E+01
  -.18000000E+01  .11403819E+01
  -.17500000E+01  .11166996E+01
  -.17000000E+01  .10924817E+01
  -.16500000E+01  .10676952E+01
  -.16000000E+01  .10423044E+01
  -.15500000E+01  .10162701E+01
  -.15000000E+01  .98954910E+00
  -.14500000E+01  .96209409E+00
  -.14000000E+01  .93385280E+00
  -.13500000E+01  .90476740E+00
  -.13000000E+01  .87477376E+00
  -.12500000E+01  .84380051E+00
  -.12000000E+01  .81176801E+00
  -.11500000E+01  .77858706E+00
  -.11000000E+01  .74415742E+00
  -.10500000E+01  .70836602E+00
  -.10000000E+01  .67108479E+00
  -.95000000E+00  .63216809E+00
  -.90000000E+00  .59144956E+00
  -.85000000E+00  .54873821E+00
  -.80000000E+00  .50381367E+00
  -.75000000E+00  .45642029E+00
  -.70000000E+00  .40625971E+00
  -.65000000E+00  .35298144E+00
  -.60000000E+00  .29617096E+00
  -.55000000E+00  .23533429E+00
  -.50000000E+00  .16987785E+00
  -.45000000E+00  .99081961E-01
  -.40000000E+00  .22065331E-01
  -.35000000E+00 -.62263176E-01
  -.30000000E+00 -.15527111E+00
  -.25000000E+00 -.25869614E+00
  -.20000000E+00 -.37478058E+00
  -.15000000E+00 -.50646929E+00
  -.10000000E+00 -.65770860E+00
  -.50000000E-01 -.83391205E+00
  -.22898350E-14 -.10427128E+01
   .50000000E-01 -.12952322E+01
   .10000000E+00 -.16083299E+01
   .15000000E+00 -.20088552E+01
   .20000000E+00 -.25423342E+01
   .25000000E+00 -.32926322E+01
   .30000000E+00 -.44330807E+01
   .35000000E+00 -.63891799E+01
   .40000000E+00 -.10559335E+02
   .45000000E+00 -.25806253E+02
   .50000000E+00  .80459838E+02
   .55000000E+00  .16751735E+02
   .60000000E+00  .96389613E+01
   .65000000E+00  .68894151E+01
   .70000000E+00  .54234437E+01
   .75000000E+00  .45075145E+01
   .80000000E+00  .38775042E+01
   .85000000E+00  .34149965E+01
   .90000000E+00  .30589805E+01
   .95000000E+00  .27748232E+01
   .10000000E+01  .25414027E+01
   .10500000E+01  .23451033E+01
   .11000000E+01  .21767517E+01
   .11500000E+01  .20299410E+01
   .12000000E+01  .19000591E+01
   .12500000E+01  .17837011E+01
   .13000000E+01  .16782967E+01
   .13500000E+01  .15818691E+01
   .14000000E+01  .14928713E+01
   .14500000E+01  .14100750E+01
   .15000000E+01  .13324916E+01
   .15500000E+01  .12593154E+01
   .16000000E+01  .11898824E+01
   .16500000E+01  .11236397E+01
   .17000000E+01  .10601227E+01
   .17500000E+01  .99893667E+00
   .18000000E+01  .93974405E+00
   .18500000E+01  .88225323E+00
   .19000000E+01  .82621039E+00
   .19500000E+01  .77139281E+00
   .20000000E+01  .71760342E+00
Potential  L  =        2.00000   -.23011
  -.30000000E+01  .16066479E+01
  -.29500000E+01  .15904656E+01
  -.29000000E+01  .15741017E+01
  -.28500000E+01  .15575500E+01
  -.28000000E+01  .15408040E+01
  -.27500000E+01  .15238566E+01
  -.27000000E+01  .15067005E+01
  -.26500000E+01  .14893279E+01
  -.26000000E+01  .14717305E+01
  -.25500000E+01  .14538996E+01
  -.25000000E+01  .14358259E+01
  -.24500000E+01  .14174995E+01
  -.24000000E+01  .13989097E+01
  -.23500000E+01  .13800453E+01
  -.23000000E+01  .13608943E+01
  -.22500000E+01  .13414439E+01
  -.22000000E+01  .13216801E+01
  -.21500000E+01  .13015884E+01
  -.21000000E+01  .12811527E+01
  -.20500000E+01  .12603561E+01
  -.20000000E+01  .12391801E+01
  -.19500000E+01  .12176048E+01
  -.19000000E+01  .11956087E+01
  -.18500000E+01  .11731687E+01
  -.18000000E+01  .11502594E+01
  -.17500000E+01  .11268533E+01
  -.17000000E+01  .11029205E+01
  -.16500000E+01  .10784283E+01
  -.16000000E+01  .10533409E+01
  -.15500000E+01  .10276190E+01
  -.15000000E+01  .10012193E+01
  -.14500000E+01  .97409408E+00
  -.14000000E+01  .94619068E+00
  -.13500000E+01  .91745056E+00
  -.13000000E+01  .88780860E+00
  -.12500000E+01  .85719213E+00
  -.12000000E+01  .82551974E+00
  -.11500000E+01  .79269994E+00
  -.11000000E+01  .75862949E+00
  -.10500000E+01  .72319144E+00
  -.10000000E+01  .68625272E+00
  -.95000000E+00  .64766124E+00
  -.90000000E+00  .60724231E+00
  -.85000000E+00  .56479425E+00
  -.80000000E+00  .52008287E+00
  -.75000000E+00  .47283466E+00
  -.70000000E+00  .42272801E+00
  -.65000000E+00  .36938198E+00
  -.60000000E+00  .31234233E+00
  -.55000000E+00  .25106213E+00
  -.50000000E+00  .18487738E+00
  -.45000000E+00  .11297318E+00
  -.40000000E+00  .34338760E-01
  -.35000000E+00 -.52295883E-01
  -.30000000E+00 -.14854888E+00
  -.25000000E+00 -.25651488E+00
  -.20000000E+00 -.37895483E+00
  -.15000000E+00 -.51958428E+00
  -.10000000E+00 -.68352560E+00
  -.50000000E-01 -.87804432E+00
  -.22898350E-14 -.11138019E+01
   .50000000E-01 -.14071041E+01
   .10000000E+00 -.17842072E+01
   .15000000E+00 -.22902791E+01
   .20000000E+00 -.30101693E+01
   .25000000E+00 -.41242588E+01
   .30000000E+00 -.60955961E+01
   .35000000E+00 -.10580270E+02
   .40000000E+00 -.31224627E+02
   .45000000E+00  .40296932E+02
   .50000000E+00  .12969567E+02
   .55000000E+00  .79548968E+01
   .60000000E+00  .58363956E+01
   .65000000E+00  .46603031E+01
   .70000000E+00  .39074568E+01
   .75000000E+00  .33807730E+01
   .80000000E+00  .29890145E+01
   .85000000E+00  .26841407E+01
   .90000000E+00  .24384462E+01
   .95000000E+00  .22348299E+01
   .10000000E+01  .20621561E+01
   .10500000E+01  .19128707E+01
   .11000000E+01  .17816575E+01
   .11500000E+01  .16646690E+01
   .12000000E+01  .15590499E+01
   .12500000E+01  .14626347E+01
   .13000000E+01  .13737501E+01
   .13500000E+01  .12910815E+01
   .14000000E+01  .12135801E+01
   .14500000E+01  .11403978E+01
   .15000000E+01  .10708401E+01
   .15500000E+01  .10043315E+01
   .16000000E+01  .94039010E+00
   .16500000E+01  .87860764E+00
   .17000000E+01  .81863501E+00
   .17500000E+01  .76017060E+00
   .18000000E+01  .70295123E+00
   .18500000E+01  .64674498E+00
   .19000000E+01  .59134579E+00
   .19500000E+01  .53656758E+00
   .20000000E+01  .48224209E+00
Core Pot   L  =        3.00000   -.48004
  -.30000000E+01  .18128220E+01
  -.29500000E+01  .17987890E+01
  -.29000000E+01  .17846341E+01
  -.28500000E+01  .17703535E+01
  -.28000000E+01  .17559432E+01
  -.27500000E+01  .17413989E+01
  -.27000000E+01  .17267160E+01
  -.26500000E+01  .17118897E+01
  -.26000000E+01  .16969148E+01
  -.25500000E+01  .16817856E+01
  -.25000000E+01  .16664963E+01
  -.24500000E+01  .16510403E+01
  -.24000000E+01  .16354107E+01
  -.23500000E+01  .16196000E+01
  -.23000000E+01  .16036001E+01
  -.22500000E+01  .15874020E+01
  -.22000000E+01  .15709960E+01
  -.21500000E+01  .15543715E+01
  -.21000000E+01  .15375169E+01
  -.20500000E+01  .15204193E+01
  -.20000000E+01  .15030643E+01
  -.19500000E+01  .14854362E+01
  -.19000000E+01  .14675171E+01
  -.18500000E+01  .14492872E+01
  -.18000000E+01  .14307240E+01
  -.17500000E+01  .14118020E+01
  -.17000000E+01  .13924922E+01
  -.16500000E+01  .13727611E+01
  -.16000000E+01  .13525702E+01
  -.15500000E+01  .13318747E+01
  -.15000000E+01  .13106218E+01
  -.14500000E+01  .12887494E+01
  -.14000000E+01  .12661831E+01
  -.13500000E+01  .12428337E+01
  -.13000000E+01  .12185921E+01
  -.12500000E+01  .11933240E+01
  -.12000000E+01  .11668620E+01
  -.11500000E+01  .11389938E+01
  -.11000000E+01  .11094461E+01
  -.10500000E+01  .10778605E+01
  -.10000000E+01  .10437572E+01
  -.95000000E+00  .10064774E+01
  -.90000000E+00  .96509094E+00
  -.85000000E+00  .91823887E+00
  -.80000000E+00  .86385259E+00
  -.75000000E+00  .79861824E+00
  -.70000000E+00  .71687003E+00
  -.65000000E+00  .60804750E+00
  -.60000000E+00  .44994307E+00
  -.55000000E+00  .18651045E+00
  -.50000000E+00 -.37630780E+00
  -.45000000E+00 -.26761916E+01
  -.40000000E+00  .71491787E+01
  -.35000000E+00  .26605921E+01
  -.30000000E+00  .19318707E+01
  -.25000000E+00  .16214621E+01
  -.20000000E+00  .14423341E+01
  -.15000000E+00  .13210154E+01
  -.10000000E+00  .12301184E+01
  -.50000000E-01  .11570998E+01
  -.22898350E-14  .10953978E+01
   .50000000E-01  .10412425E+01
   .10000000E+00  .99230935E+00
   .15000000E+00  .94708374E+00
   .20000000E+00  .90453298E+00
   .25000000E+00  .86392566E+00
   .30000000E+00  .82472627E+00
   .35000000E+00  .78653090E+00
   .40000000E+00  .74902644E+00
   .45000000E+00  .71196377E+00
   .50000000E+00  .67513967E+00
   .55000000E+00  .63838428E+00
   .60000000E+00  .60155212E+00
   .65000000E+00  .56451556E+00
   .70000000E+00  .52715999E+00
   .75000000E+00  .48938009E+00
   .80000000E+00  .45107691E+00
   .85000000E+00  .41215554E+00
   .90000000E+00  .37252312E+00
   .95000000E+00  .33208724E+00
   .10000000E+01  .29075438E+00
   .10500000E+01  .24842860E+00
   .11000000E+01  .20501018E+00
   .11500000E+01  .16039435E+00
   .12000000E+01  .11446994E+00
   .12500000E+01  .67117988E-01
   .13000000E+01  .18210205E-01
   .13500000E+01 -.32392695E-01
   .14000000E+01 -.84842870E-01
   .14500000E+01 -.13930749E+00
   .15000000E+01 -.19597121E+00
   .15500000E+01 -.25503898E+00
   .16000000E+01 -.31673946E+00
   .16500000E+01 -.38132893E+00
   .17000000E+01 -.44909604E+00
   .17500000E+01 -.52036745E+00
   .18000000E+01 -.59551464E+00
   .18500000E+01 -.67496227E+00
   .19000000E+01 -.75919833E+00
   .19500000E+01 -.84878680E+00
   .20000000E+01 -.94438323E+00
Potential  L  =        3.00000   -.48004
  -.30000000E+01  .16717658E+01
  -.29500000E+01  .16542369E+01
  -.29000000E+01  .16364473E+01
  -.28500000E+01  .16183857E+01
  -.28000000E+01  .16000398E+01
  -.27500000E+01  .15813964E+01
  -.27000000E+01  .15624414E+01
  -.26500000E+01  .15431598E+01
  -.26000000E+01  .15235354E+01
  -.25500000E+01  .15035508E+01
  -.25000000E+01  .14831872E+01
  -.24500000E+01  .14624243E+01
  -.24000000E+01  .14412404E+01
  -.23500000E+01  .14196116E+01
  -.23000000E+01  .13975123E+01
  -.22500000E+01  .13749146E+01
  -.22000000E+01  .13517880E+01
  -.21500000E+01  .13280996E+01
  -.21000000E+01  .13038128E+01
  -.20500000E+01  .12788882E+01
  -.20000000E+01  .12532820E+01
  -.19500000E+01  .12269463E+01
  -.19000000E+01  .11998281E+01
  -.18500000E+01  .11718687E+01
  -.18000000E+01  .11430030E+01
  -.17500000E+01  .11131587E+01
  -.17000000E+01  .10822550E+01
  -.16500000E+01  .10502012E+01
  -.16000000E+01  .10168956E+01
  -.15500000E+01  .98222339E+00
  -.15000000E+01  .94605448E+00
  -.14500000E+01  .90824100E+00
  -.14000000E+01  .86861399E+00
  -.13500000E+01  .82697956E+00
  -.13000000E+01  .78311402E+00
  -.12500000E+01  .73675791E+00
  -.12000000E+01  .68760861E+00
  -.11500000E+01  .63531075E+00
  -.11000000E+01  .57944426E+00
  -.10500000E+01  .51950886E+00
  -.10000000E+01  .45490392E+00
  -.95000000E+00  .38490184E+00
  -.90000000E+00  .30861253E+00
  -.85000000E+00  .22493544E+00
  -.80000000E+00  .13249292E+00
  -.75000000E+00  .29537485E-01
  -.70000000E+00 -.86181740E-01
  -.65000000E+00 -.21761437E+00
  -.60000000E+00 -.36870315E+00
  -.55000000E+00 -.54484048E+00
  -.50000000E+00 -.75360267E+00
  -.45000000E+00 -.10059806E+01
  -.40000000E+00 -.13185484E+01
  -.35000000E+00 -.17175253E+01
  -.30000000E+00 -.22469878E+01
  -.25000000E+00 -.29871940E+01
  -.20000000E+00 -.41013002E+01
  -.15000000E+00 -.59796576E+01
  -.10000000E+00 -.98464793E+01
  -.50000000E-01 -.22538519E+02
  -.22898350E-14  .16356331E+03
   .50000000E-01  .19525517E+02
   .10000000E+00  .10875692E+02
   .15000000E+00  .77458711E+01
   .20000000E+00  .61238274E+01
   .25000000E+00  .51272878E+01
   .30000000E+00  .44499180E+01
   .35000000E+00  .39572971E+01
   .40000000E+00  .35811582E+01
   .45000000E+00  .32831488E+01
   .50000000E+00  .30400624E+01
   .55000000E+00  .28370324E+01
   .60000000E+00  .26640939E+01
   .65000000E+00  .25143162E+01
   .70000000E+00  .23827293E+01
   .75000000E+00  .22656757E+01
   .80000000E+00  .21604031E+01
   .85000000E+00  .20648004E+01
   .90000000E+00  .19772205E+01
   .95000000E+00  .18963592E+01
   .10000000E+01  .18211697E+01
   .10500000E+01  .17508016E+01
   .11000000E+01  .16845567E+01
   .11500000E+01  .16218556E+01
   .12000000E+01  .15622134E+01
   .12500000E+01  .15052204E+01
   .13000000E+01  .14505281E+01
   .13500000E+01  .13978372E+01
   .14000000E+01  .13468894E+01
   .14500000E+01  .12974598E+01
   .15000000E+01  .12493513E+01
   .15500000E+01  .12023904E+01
   .16000000E+01  .11564227E+01
   .16500000E+01  .11113108E+01
   .17000000E+01  .10669308E+01
   .17500000E+01  .10231708E+01
   .18000000E+01  .97992886E+00
   .18500000E+01  .93711172E+00
   .19000000E+01  .89463321E+00
   .19500000E+01  .85241339E+00
   .20000000E+01  .81037753E+00
Core Pot   L  =        4.00000    .00000
  -.30000000E+01  .20538678E+01
  -.29500000E+01  .20419035E+01
  -.29000000E+01  .20298729E+01
  -.28500000E+01  .20177750E+01
  -.28000000E+01  .20056087E+01
  -.27500000E+01  .19933729E+01
  -.27000000E+01  .19810664E+01
  -.26500000E+01  .19686881E+01
  -.26000000E+01  .19562367E+01
  -.25500000E+01  .19437109E+01
  -.25000000E+01  .19311096E+01
  -.24500000E+01  .19184313E+01
  -.24000000E+01  .19056748E+01
  -.23500000E+01  .18928386E+01
  -.23000000E+01  .18799214E+01
  -.22500000E+01  .18669215E+01
  -.22000000E+01  .18538376E+01
  -.21500000E+01  .18406680E+01
  -.21000000E+01  .18274112E+01
  -.20500000E+01  .18140655E+01
  -.20000000E+01  .18006291E+01
  -.19500000E+01  .17871004E+01
  -.19000000E+01  .17734775E+01
  -.18500000E+01  .17597584E+01
  -.18000000E+01  .17459414E+01
  -.17500000E+01  .17320244E+01
  -.17000000E+01  .17180053E+01
  -.16500000E+01  .17038820E+01
  -.16000000E+01  .16896523E+01
  -.15500000E+01  .16753139E+01
  -.15000000E+01  .16608646E+01
  -.14500000E+01  .16463017E+01
  -.14000000E+01  .16316229E+01
  -.13500000E+01  .16168254E+01
  -.13000000E+01  .16019067E+01
  -.12500000E+01  .15868639E+01
  -.12000000E+01  .15716941E+01
  -.11500000E+01  .15563942E+01
  -.11000000E+01  .15409612E+01
  -.10500000E+01  .15253918E+01
  -.10000000E+01  .15096827E+01
  -.95000000E+00  .14938303E+01
  -.90000000E+00  .14778310E+01
  -.85000000E+00  .14616810E+01
  -.80000000E+00  .14453763E+01
  -.75000000E+00  .14289129E+01
  -.70000000E+00  .14122864E+01
  -.65000000E+00  .13954925E+01
  -.60000000E+00  .13785264E+01
  -.55000000E+00  .13613833E+01
  -.50000000E+00  .13440581E+01
  -.45000000E+00  .13265456E+01
  -.40000000E+00  .13088401E+01
  -.35000000E+00  .12909359E+01
  -.30000000E+00  .12728269E+01
  -.25000000E+00  .12545067E+01
  -.20000000E+00  .12359688E+01
  -.15000000E+00  .12172059E+01
  -.10000000E+00  .11982110E+01
  -.50000000E-01  .11789761E+01
  -.22898350E-14  .11594932E+01
   .50000000E-01  .11397537E+01
   .10000000E+00  .11197486E+01
   .15000000E+00  .10994685E+01
   .20000000E+00  .10789034E+01
   .25000000E+00  .10580425E+01
   .30000000E+00  .10368749E+01
   .35000000E+00  .10153886E+01
   .40000000E+00  .99357111E+00
   .45000000E+00  .97140917E+00
   .50000000E+00  .94888866E+00
   .55000000E+00  .92599462E+00
   .60000000E+00  .90271112E+00
   .65000000E+00  .87902120E+00
   .70000000E+00  .85490676E+00
   .75000000E+00  .83034851E+00
   .80000000E+00  .80532582E+00
   .85000000E+00  .77981661E+00
   .90000000E+00  .75379720E+00
   .95000000E+00  .72724221E+00
   .10000000E+01  .70012434E+00
   .10500000E+01  .67241421E+00
   .11000000E+01  .64408013E+00
   .11500000E+01  .61508791E+00
   .12000000E+01  .58540054E+00
   .12500000E+01  .55497791E+00
   .13000000E+01  .52377648E+00
   .13500000E+01  .49174889E+00
   .14000000E+01  .45884351E+00
   .14500000E+01  .42500396E+00
   .15000000E+01  .39016848E+00
   .15500000E+01  .35426935E+00
   .16000000E+01  .31723205E+00
   .16500000E+01  .27897444E+00
   .17000000E+01  .23940566E+00
   .17500000E+01  .19842499E+00
   .18000000E+01  .15592043E+00
   .18500000E+01  .11176704E+00
   .19000000E+01  .65824981E-01
   .19500000E+01  .17937218E-01
   .20000000E+01 -.32073268E-01
Potential  L  =        4.00000    .00000
  -.30000000E+01  .20540713E+01
  -.29500000E+01  .20421128E+01
  -.29000000E+01  .20300897E+01
  -.28500000E+01  .20179999E+01
  -.28000000E+01  .20058420E+01
  -.27500000E+01  .19936158E+01
  -.27000000E+01  .19813176E+01
  -.26500000E+01  .19689497E+01
  -.26000000E+01  .19565073E+01
  -.25500000E+01  .19439933E+01
  -.25000000E+01  .19314021E+01
  -.24500000E+01  .19187370E+01
  -.24000000E+01  .19059925E+01
  -.23500000E+01  .18931684E+01
  -.23000000E+01  .18802650E+01
  -.22500000E+01  .18672806E+01
  -.22000000E+01  .18542118E+01
  -.21500000E+01  .18410578E+01
  -.21000000E+01  .18278171E+01
  -.20500000E+01  .18144888E+01
  -.20000000E+01  .18010710E+01
  -.19500000E+01  .17875619E+01
  -.19000000E+01  .17739590E+01
  -.18500000E+01  .17602622E+01
  -.18000000E+01  .17464679E+01
  -.17500000E+01  .17325749E+01
  -.17000000E+01  .17185820E+01
  -.16500000E+01  .17044846E+01
  -.16000000E+01  .16902841E+01
  -.15500000E+01  .16759742E+01
  -.15000000E+01  .16615565E+01
  -.14500000E+01  .16470275E+01
  -.14000000E+01  .16323835E+01
  -.13500000E+01  .16176219E+01
  -.13000000E+01  .16027421E+01
  -.12500000E+01  .15877403E+01
  -.12000000E+01  .15726139E+01
  -.11500000E+01  .15573598E+01
  -.11000000E+01  .15419754E+01
  -.10500000E+01  .15264572E+01
  -.10000000E+01  .15108022E+01
  -.95000000E+00  .14950073E+01
  -.90000000E+00  .14790687E+01
  -.85000000E+00  .14629831E+01
  -.80000000E+00  .14467467E+01
  -.75000000E+00  .14303556E+01
  -.70000000E+00  .14138057E+01
  -.65000000E+00  .13970931E+01
  -.60000000E+00  .13802133E+01
  -.55000000E+00  .13631619E+01
  -.50000000E+00  .13459340E+01
  -.45000000E+00  .13285249E+01
  -.40000000E+00  .13109295E+01
  -.35000000E+00  .12931423E+01
  -.30000000E+00  .12751579E+01
  -.25000000E+00  .12569703E+01
  -.20000000E+00  .12385736E+01
  -.15000000E+00  .12199613E+01
  -.10000000E+00  .12011269E+01
  -.50000000E-01  .11820634E+01
  -.22898350E-14  .11627634E+01
   .50000000E-01  .11432194E+01
   .10000000E+00  .11234232E+01
   .15000000E+00  .11033666E+01
   .20000000E+00  .10830405E+01
   .25000000E+00  .10624358E+01
   .30000000E+00  .10415426E+01
   .35000000E+00  .10203506E+01
   .40000000E+00  .99884891E+00
   .45000000E+00  .97702614E+00
   .50000000E+00  .95487016E+00
   .55000000E+00  .93236818E+00
   .60000000E+00  .90950668E+00
   .65000000E+00  .88627137E+00
   .70000000E+00  .86264709E+00
   .75000000E+00  .83861776E+00
   .80000000E+00  .81416634E+00
   .85000000E+00  .78927470E+00
   .90000000E+00  .76392355E+00
   .95000000E+00  .73809239E+00
   .10000000E+01  .71175932E+00
   .10500000E+01  .68490099E+00
   .11000000E+01  .65749248E+00
   .11500000E+01  .62950702E+00
   .12000000E+01  .60091609E+00
   .12500000E+01  .57168900E+00
   .13000000E+01  .54179279E+00
   .13500000E+01  .51119204E+00
   .14000000E+01  .47984859E+00
   .14500000E+01  .44772124E+00
   .15000000E+01  .41476550E+00
   .15500000E+01  .38093321E+00
   .16000000E+01  .34617210E+00
   .16500000E+01  .31042555E+00
   .17000000E+01  .27363185E+00
   .17500000E+01  .23572363E+00
   .18000000E+01  .19662738E+00
   .18500000E+01  .15626262E+00
   .19000000E+01  .11454105E+00
   .19500000E+01  .71365527E-01
   .20000000E+01  .26628975E-01
KBPotential  L  =       .00000  -7.39987
  -.30000000E+01  .15777607E+01
  -.29500000E+01  .15516396E+01
  -.29000000E+01  .15265272E+01
  -.28500000E+01  .15022027E+01
  -.28000000E+01  .14784948E+01
  -.27500000E+01  .14552681E+01
  -.27000000E+01  .14324133E+01
  -.26500000E+01  .14098415E+01
  -.26000000E+01  .13874786E+01
  -.25500000E+01  .13652631E+01
  -.25000000E+01  .13431421E+01
  -.24500000E+01  .13210700E+01
  -.24000000E+01  .12990071E+01
  -.23500000E+01  .12769183E+01
  -.23000000E+01  .12547720E+01
  -.22500000E+01  .12325400E+01
  -.22000000E+01  .12101959E+01
  -.21500000E+01  .11877154E+01
  -.21000000E+01  .11650757E+01
  -.20500000E+01  .11422553E+01
  -.20000000E+01  .11192332E+01
  -.19500000E+01  .10959895E+01
  -.19000000E+01  .10725044E+01
  -.18500000E+01  .10487585E+01
  -.18000000E+01  .10247323E+01
  -.17500000E+01  .10004065E+01
  -.17000000E+01  .97576145E+00
  -.16500000E+01  .95077728E+00
  -.16000000E+01  .92543358E+00
  -.15500000E+01  .89970935E+00
  -.15000000E+01  .87358294E+00
  -.14500000E+01  .84703189E+00
  -.14000000E+01  .82003268E+00
  -.13500000E+01  .79256091E+00
  -.13000000E+01  .76459088E+00
  -.12500000E+01  .73609559E+00
  -.12000000E+01  .70704644E+00
  -.11500000E+01  .67741330E+00
  -.11000000E+01  .64716398E+00
  -.10500000E+01  .61626440E+00
  -.10000000E+01  .58467811E+00
  -.95000000E+00  .55236628E+00
  -.90000000E+00  .51928731E+00
  -.85000000E+00  .48539634E+00
  -.80000000E+00  .45064525E+00
  -.75000000E+00  .41498243E+00
  -.70000000E+00  .37835178E+00
  -.65000000E+00  .34069279E+00
  -.60000000E+00  .30193950E+00
  -.55000000E+00  .26202075E+00
  -.50000000E+00  .22085863E+00
  -.45000000E+00  .17836824E+00
  -.40000000E+00  .13445645E+00
  -.35000000E+00  .89021262E-01
  -.30000000E+00  .41950612E-01
  -.25000000E+00 -.68791911E-02
  -.20000000E+00 -.57605095E-01
  -.15000000E+00 -.11037850E+00
  -.10000000E+00 -.16536827E+00
  -.50000000E-01 -.22276230E+00
  -.22898350E-14 -.28277115E+00
   .50000000E-01 -.34563100E+00
   .10000000E+00 -.41160867E+00
   .15000000E+00 -.48100523E+00
   .20000000E+00 -.55416325E+00
   .25000000E+00 -.63147358E+00
   .30000000E+00 -.71338369E+00
   .35000000E+00 -.80040970E+00
   .40000000E+00 -.89314946E+00
   .45000000E+00 -.99229868E+00
   .50000000E+00 -.10986736E+01
   .55000000E+00 -.12132366E+01
   .60000000E+00 -.13371321E+01
   .65000000E+00 -.14717308E+01
   .70000000E+00 -.16186894E+01
   .75000000E+00 -.17800286E+01
   .80000000E+00 -.19582404E+01
   .85000000E+00 -.21564331E+01
   .90000000E+00 -.23785359E+01
   .95000000E+00 -.26295878E+01
   .10000000E+01 -.29161607E+01
   .10500000E+01 -.32469929E+01
   .11000000E+01 -.36339569E+01
   .11500000E+01 -.40936115E+01
   .12000000E+01 -.46497640E+01
   .12500000E+01 -.53379226E+01
   .13000000E+01 -.62135071E+01
   .13500000E+01 -.73680676E+01
   .14000000E+01 -.89644775E+01
   .14500000E+01 -.11323208E+02
   .15000000E+01 -.15173786E+02
   .15500000E+01 -.22613205E+02
   .16000000E+01 -.43136623E+02
   .16500000E+01 -.37008724E+03
   .17000000E+01  .57821730E+02
   .17500000E+01  .27115498E+02
   .18000000E+01  .17818883E+02
   .18500000E+01  .13318615E+02
   .19000000E+01  .10657506E+02
   .19500000E+01  .88947661E+01
   .20000000E+01  .76376741E+01
KBPotential  L  =      1.00000  -3.70826
  -.30000000E+01  .13602309E+01
  -.29500000E+01  .13353589E+01
  -.29000000E+01  .13095091E+01
  -.28500000E+01  .12825642E+01
  -.28000000E+01  .12543855E+01
  -.27500000E+01  .12248076E+01
  -.27000000E+01  .11936321E+01
  -.26500000E+01  .11606182E+01
  -.26000000E+01  .11254708E+01
  -.25500000E+01  .10878246E+01
  -.25000000E+01  .10472210E+01
  -.24500000E+01  .10030765E+01
  -.24000000E+01  .95463688E+00
  -.23500000E+01  .90090968E+00
  -.23000000E+01  .84056121E+00
  -.22500000E+01  .77175616E+00
  -.22000000E+01  .69189643E+00
  -.21500000E+01  .59717845E+00
  -.21000000E+01  .48180083E+00
  -.20500000E+01  .33645376E+00
  -.20000000E+01  .14519164E+00
  -.19500000E+01 -.12176403E+00
  -.19000000E+01 -.52718390E+00
  -.18500000E+01 -.12300372E+01
  -.18000000E+01 -.27842650E+01
  -.17500000E+01 -.93768575E+01
  -.17000000E+01  .17736136E+02
  -.16500000E+01  .58143739E+01
  -.16000000E+01  .38528830E+01
  -.15500000E+01  .30373778E+01
  -.15000000E+01  .25845992E+01
  -.14500000E+01  .22925406E+01
  -.14000000E+01  .20856406E+01
  -.13500000E+01  .19292333E+01
  -.13000000E+01  .18051761E+01
  -.12500000E+01  .17030524E+01
  -.12000000E+01  .16164522E+01
  -.11500000E+01  .15412142E+01
  -.11000000E+01  .14745177E+01
  -.10500000E+01  .14143819E+01
  -.10000000E+01  .13593741E+01
  -.95000000E+00  .13084314E+01
  -.90000000E+00  .12607476E+01
  -.85000000E+00  .12156995E+01
  -.80000000E+00  .11727970E+01
  -.75000000E+00  .11316483E+01
  -.70000000E+00  .10919359E+01
  -.65000000E+00  .10533993E+01
  -.60000000E+00  .10158215E+01
  -.55000000E+00  .97902024E+00
  -.50000000E+00  .94284005E+00
  -.45000000E+00  .90714737E+00
  -.40000000E+00  .87182581E+00
  -.35000000E+00  .83677298E+00
  -.30000000E+00  .80189794E+00
  -.25000000E+00  .76711878E+00
  -.20000000E+00  .73236117E+00
  -.15000000E+00  .69755674E+00
  -.10000000E+00  .66264201E+00
  -.50000000E-01  .62755737E+00
  -.22898350E-14  .59224624E+00
   .50000000E-01  .55665446E+00
   .10000000E+00  .52072932E+00
   .15000000E+00  .48441942E+00
   .20000000E+00  .44767398E+00
   .25000000E+00  .41044234E+00
   .30000000E+00  .37267365E+00
   .35000000E+00  .33431630E+00
   .40000000E+00  .29531769E+00
   .45000000E+00  .25562373E+00
   .50000000E+00  .21517848E+00
   .55000000E+00  .17392383E+00
   .60000000E+00  .13179889E+00
   .65000000E+00  .88739752E-01
   .70000000E+00  .44678923E-01
   .75000000E+00 -.45519436E-03
   .80000000E+00 -.46738771E-01
   .85000000E+00 -.94253246E-01
   .90000000E+00 -.14308588E+00
   .95000000E+00 -.19333061E+00
   .10000000E+01 -.24508878E+00
   .10500000E+01 -.29847031E+00
   .11000000E+01 -.35359409E+00
   .11500000E+01 -.41059005E+00
   .12000000E+01 -.46960004E+00
   .12500000E+01 -.53077939E+00
   .13000000E+01 -.59429885E+00
   .13500000E+01 -.66034657E+00
   .14000000E+01 -.72913064E+00
   .14500000E+01 -.80088180E+00
   .15000000E+01 -.87585684E+00
   .15500000E+01 -.95434242E+00
   .16000000E+01 -.10366596E+01
   .16500000E+01 -.11231698E+01
   .17000000E+01 -.12142804E+01
   .17500000E+01 -.13104538E+01
   .18000000E+01 -.14122158E+01
   .18500000E+01 -.15201681E+01
   .19000000E+01 -.16350018E+01
   .19500000E+01 -.17575152E+01
   .20000000E+01 -.18886357E+01
KBPotential  L  =      2.00000   -.46023
  -.30000000E+01  .16004769E+01
  -.29500000E+01  .15841859E+01
  -.29000000E+01  .15677079E+01
  -.28500000E+01  .15510389E+01
  -.28000000E+01  .15341712E+01
  -.27500000E+01  .15170971E+01
  -.27000000E+01  .14998108E+01
  -.26500000E+01  .14823031E+01
  -.26000000E+01  .14645652E+01
  -.25500000E+01  .14465891E+01
  -.25000000E+01  .14283654E+01
  -.24500000E+01  .14098825E+01
  -.24000000E+01  .13911313E+01
  -.23500000E+01  .13720993E+01
  -.23000000E+01  .13527740E+01
  -.22500000E+01  .13331430E+01
  -.22000000E+01  .13131925E+01
  -.21500000E+01  .12929066E+01
  -.21000000E+01  .12722694E+01
  -.20500000E+01  .12512636E+01
  -.20000000E+01  .12298719E+01
  -.19500000E+01  .12080714E+01
  -.19000000E+01  .11858431E+01
  -.18500000E+01  .11631620E+01
  -.18000000E+01  .11400024E+01
  -.17500000E+01  .11163366E+01
  -.17000000E+01  .10921365E+01
  -.16500000E+01  .10673700E+01
  -.16000000E+01  .10419956E+01
  -.15500000E+01  .10159769E+01
  -.15000000E+01  .98927154E+00
  -.14500000E+01  .96183168E+00
  -.14000000E+01  .93360588E+00
  -.13500000E+01  .90453573E+00
  -.13000000E+01  .87455703E+00
  -.12500000E+01  .84359752E+00
  -.12000000E+01  .81157835E+00
  -.11500000E+01  .77841016E+00
  -.11000000E+01  .74399316E+00
  -.10500000E+01  .70821313E+00
  -.10000000E+01  .67094259E+00
  -.95000000E+00  .63203575E+00
  -.90000000E+00  .59132680E+00
  -.85000000E+00  .54862376E+00
  -.80000000E+00  .50370658E+00
  -.75000000E+00  .45631900E+00
  -.70000000E+00  .40616292E+00
  -.65000000E+00  .35288841E+00
  -.60000000E+00  .29608137E+00
  -.55000000E+00  .23524705E+00
  -.50000000E+00  .16979184E+00
  -.45000000E+00  .98996842E-01
  -.40000000E+00  .21979300E-01
  -.35000000E+00 -.62351221E-01
  -.30000000E+00 -.15536399E+00
  -.25000000E+00 -.25879312E+00
  -.20000000E+00 -.37488260E+00
  -.15000000E+00 -.50657623E+00
  -.10000000E+00 -.65782339E+00
  -.50000000E-01 -.83403403E+00
  -.22898350E-14 -.10428440E+01
   .50000000E-01 -.12953763E+01
   .10000000E+00 -.16084936E+01
   .15000000E+00 -.20090539E+01
   .20000000E+00 -.25426038E+01
   .25000000E+00 -.32930619E+01
   .30000000E+00 -.44339200E+01
   .35000000E+00 -.63912370E+01
   .40000000E+00 -.10566372E+02
   .45000000E+00 -.25860786E+02
   .50000000E+00  .79776769E+02
   .55000000E+00  .16713207E+02
   .60000000E+00  .96225743E+01
   .65000000E+00  .68787477E+01
   .70000000E+00  .54151070E+01
   .75000000E+00  .45003198E+01
   .80000000E+00  .38709044E+01
   .85000000E+00  .34086991E+01
   .90000000E+00  .30528022E+01
   .95000000E+00  .27686398E+01
   .10000000E+01  .25351233E+01
   .10500000E+01  .23386543E+01
   .11000000E+01  .21700751E+01
   .11500000E+01  .20229806E+01
   .12000000E+01  .18927636E+01
   .12500000E+01  .17760225E+01
   .13000000E+01  .16701874E+01
   .13500000E+01  .15732797E+01
   .14000000E+01  .14837526E+01
   .14500000E+01  .14003733E+01
   .15000000E+01  .13221546E+01
   .15500000E+01  .12482861E+01
   .16000000E+01  .11781003E+01
   .16500000E+01  .11110402E+01
   .17000000E+01  .10466376E+01
   .17500000E+01  .98449110E+00
   .18000000E+01  .92425831E+00
   .18500000E+01  .86564186E+00
   .19000000E+01  .80838180E+00
   .19500000E+01  .75224674E+00
   .20000000E+01  .69703177E+00
KBPotential  L  =      3.00000   -.96007
  -.30000000E+01  .18142211E+01
  -.29500000E+01  .18001750E+01
  -.29000000E+01  .17860062E+01
  -.28500000E+01  .17717109E+01
  -.28000000E+01  .17572852E+01
  -.27500000E+01  .17427247E+01
  -.27000000E+01  .17280248E+01
  -.26500000E+01  .17131808E+01
  -.26000000E+01  .16981872E+01
  -.25500000E+01  .16830387E+01
  -.25000000E+01  .16677292E+01
  -.24500000E+01  .16522523E+01
  -.24000000E+01  .16366010E+01
  -.23500000E+01  .16207679E+01
  -.23000000E+01  .16047446E+01
  -.22500000E+01  .15885225E+01
  -.22000000E+01  .15720917E+01
  -.21500000E+01  .15554418E+01
  -.21000000E+01  .15385610E+01
  -.20500000E+01  .15214365E+01
  -.20000000E+01  .15040540E+01
  -.19500000E+01  .14863978E+01
  -.19000000E+01  .14684500E+01
  -.18500000E+01  .14501910E+01
  -.18000000E+01  .14315982E+01
  -.17500000E+01  .14126462E+01
  -.17000000E+01  .13933061E+01
  -.16500000E+01  .13735445E+01
  -.16000000E+01  .13533230E+01
  -.15500000E+01  .13325968E+01
  -.15000000E+01  .13113134E+01
  -.14500000E+01  .12894107E+01
  -.14000000E+01  .12668145E+01
  -.13500000E+01  .12434357E+01
  -.13000000E+01  .12191654E+01
  -.12500000E+01  .11938696E+01
  -.12000000E+01  .11673809E+01
  -.11500000E+01  .11394873E+01
  -.11000000E+01  .11099159E+01
  -.10500000E+01  .10783085E+01
  -.10000000E+01  .10441855E+01
  -.95000000E+00  .10068885E+01
  -.90000000E+00  .96548754E+00
  -.85000000E+00  .91862406E+00
  -.80000000E+00  .86422968E+00
  -.75000000E+00  .79899073E+00
  -.70000000E+00  .71724144E+00
  -.65000000E+00  .60842081E+00
  -.60000000E+00  .45031975E+00
  -.55000000E+00  .18688746E+00
  -.50000000E+00 -.37594839E+00
  -.45000000E+00 -.26759147E+01
  -.40000000E+00  .71511634E+01
  -.35000000E+00  .26615389E+01
  -.30000000E+00  .19327771E+01
  -.25000000E+00  .16224184E+01
  -.20000000E+00  .14433781E+01
  -.15000000E+00  .13221739E+01
  -.10000000E+00  .12314161E+01
  -.50000000E-01  .11585613E+01
  -.22898350E-14  .10970494E+01
   .50000000E-01  .10429907E+01
   .10000000E+00  .99443931E+00
   .15000000E+00  .94949924E+00
   .20000000E+00  .90727117E+00
   .25000000E+00  .86702751E+00
   .30000000E+00  .82823706E+00
   .35000000E+00  .78968914E+00
   .40000000E+00  .75351063E+00
   .45000000E+00  .71702367E+00
   .50000000E+00  .68084320E+00
   .55000000E+00  .64480670E+00
   .60000000E+00  .60877689E+00
   .65000000E+00  .57263531E+00
   .70000000E+00  .53646101E+00
   .75000000E+00  .49956267E+00
   .80000000E+00  .46247791E+00
   .85000000E+00  .42493118E+00
   .90000000E+00  .38683063E+00
   .95000000E+00  .34810198E+00
   .10000000E+01  .30867218E+00
   .10500000E+01  .26846837E+00
   .11000000E+01  .22741694E+00
   .11500000E+01  .18544275E+00
   .12000000E+01  .14246824E+00
   .12500000E+01  .98412737E-01
   .13000000E+01  .53191580E-01
   .13500000E+01  .67154353E-02
   .14000000E+01 -.41110658E-01
   .14500000E+01 -.90388115E-01
   .15000000E+01 -.14122574E+00
   .15500000E+01 -.19374084E+00
   .16000000E+01 -.24806040E+00
   .16500000E+01 -.30113941E+00
   .17000000E+01 -.36165258E+00
   .17500000E+01 -.42323030E+00
   .18000000E+01 -.48599759E+00
   .18500000E+01 -.55195403E+00
   .19000000E+01 -.62057405E+00
   .19500000E+01 -.69222120E+00
   .20000000E+01 -.76724153E+00
KBPotential  L  =      4.00000    .00000
  -.30000000E+01  .20540713E+01
  -.29500000E+01  .20421128E+01
  -.29000000E+01  .20300897E+01
  -.28500000E+01  .20179999E+01
  -.28000000E+01  .20058420E+01
  -.27500000E+01  .19936158E+01
  -.27000000E+01  .19813176E+01
  -.26500000E+01  .19689497E+01
  -.26000000E+01  .19565073E+01
  -.25500000E+01  .19439933E+01
  -.25000000E+01  .19314021E+01
  -.24500000E+01  .19187370E+01
  -.24000000E+01  .19059925E+01
  -.23500000E+01  .18931684E+01
  -.23000000E+01  .18802650E+01
  -.22500000E+01  .18672806E+01
  -.22000000E+01  .18542118E+01
  -.21500000E+01  .18410578E+01
  -.21000000E+01  .18278171E+01
  -.20500000E+01  .18144888E+01
  -.20000000E+01  .18010710E+01
  -.19500000E+01  .17875619E+01
  -.19000000E+01  .17739590E+01
  -.18500000E+01  .17602622E+01
  -.18000000E+01  .17464679E+01
  -.17500000E+01  .17325749E+01
  -.17000000E+01  .17185820E+01
  -.16500000E+01  .17044846E+01
  -.16000000E+01  .16902841E+01
  -.15500000E+01  .16759742E+01
  -.15000000E+01  .16615565E+01
  -.14500000E+01  .16470275E+01
  -.14000000E+01  .16323835E+01
  -.13500000E+01  .16176219E+01
  -.13000000E+01  .16027421E+01
  -.12500000E+01  .15877403E+01
  -.12000000E+01  .15726139E+01
  -.11500000E+01  .15573598E+01
  -.11000000E+01  .15419754E+01
  -.10500000E+01  .15264572E+01
  -.10000000E+01  .15108022E+01
  -.95000000E+00  .14950073E+01
  -.90000000E+00  .14790687E+01
  -.85000000E+00  .14629831E+01
  -.80000000E+00  .14467467E+01
  -.75000000E+00  .14303556E+01
  -.70000000E+00  .14138057E+01
  -.65000000E+00  .13970931E+01
  -.60000000E+00  .13802133E+01
  -.55000000E+00  .13631619E+01
  -.50000000E+00  .13459340E+01
  -.45000000E+00  .13285249E+01
  -.40000000E+00  .13109295E+01
  -.35000000E+00  .12931423E+01
  -.30000000E+00  .12751579E+01
  -.25000000E+00  .12569703E+01
  -.20000000E+00  .12385736E+01
  -.15000000E+00  .12199613E+01
  -.10000000E+00  .12011269E+01
  -.50000000E-01  .11820634E+01
  -.22898350E-14  .11627634E+01
   .50000000E-01  .11432194E+01
   .10000000E+00  .11234232E+01
   .15000000E+00  .11033666E+01
   .20000000E+00  .10830405E+01
   .25000000E+00  .10624358E+01
   .30000000E+00  .10415426E+01
   .35000000E+00  .10203506E+01
   .40000000E+00  .99884891E+00
   .45000000E+00  .97702614E+00
   .50000000E+00  .95487016E+00
   .55000000E+00  .93236818E+00
   .60000000E+00  .90950668E+00
   .65000000E+00  .88627137E+00
   .70000000E+00  .86264709E+00
   .75000000E+00  .83861776E+00
   .80000000E+00  .81416634E+00
   .85000000E+00  .78927470E+00
   .90000000E+00  .76392355E+00
   .95000000E+00  .73809239E+00
   .10000000E+01  .71175932E+00
   .10500000E+01  .68490099E+00
   .11000000E+01  .65749248E+00
   .11500000E+01  .62950702E+00
   .12000000E+01  .60091609E+00
   .12500000E+01  .57168900E+00
   .13000000E+01  .54179279E+00
   .13500000E+01  .51119204E+00
   .14000000E+01  .47984859E+00
   .14500000E+01  .44772124E+00
   .15000000E+01  .41476550E+00
   .15500000E+01  .38093321E+00
   .16000000E+01  .34617210E+00
   .16500000E+01  .31042555E+00
   .17000000E+01  .27363185E+00
   .17500000E+01  .23572363E+00
   .18000000E+01  .19662738E+00
   .18500000E+01  .15626262E+00
   .19000000E+01  .11454105E+00
   .19500000E+01  .71365527E-01
   .20000000E+01  .26628975E-01
