Lu : [core=Xe4]                         
  .202099719E+00  .204856249E+00  .207650126E+00  .210481851E+00  .213351931E+00
  .216260879E+00  .219209218E+00  .222197475E+00  .225226183E+00  .228295886E+00
  .231407132E+00  .234560476E+00  .237756482E+00  .240995721E+00  .244278771E+00
  .247606218E+00  .250978655E+00  .254396684E+00  .257860913E+00  .261371960E+00
  .264930450E+00  .268537017E+00  .272192301E+00  .275896954E+00  .279651634E+00
  .283457008E+00  .287313751E+00  .291222549E+00  .295184096E+00  .299199093E+00
  .303268253E+00  .307392297E+00  .311571956E+00  .315807970E+00  .320101088E+00
  .324452069E+00  .328861684E+00  .333330711E+00  .337859940E+00  .342450171E+00
  .347102213E+00  .351816888E+00  .356595026E+00  .361437469E+00  .366345071E+00
  .371318695E+00  .376359217E+00  .381467522E+00  .386644509E+00  .391891087E+00
  .397208178E+00  .402596714E+00  .408057640E+00  .413591915E+00  .419200507E+00
  .424884399E+00  .430644585E+00  .436482073E+00  .442397884E+00  .448393050E+00
  .454468620E+00  .460625653E+00  .466865223E+00  .473188417E+00  .479596338E+00
  .486090101E+00  .492670836E+00  .499339687E+00  .506097813E+00  .512946388E+00
  .519886600E+00  .526919654E+00  .534046769E+00  .541269179E+00  .548588135E+00
  .556004903E+00  .563520766E+00  .571137022E+00  .578854986E+00  .586675990E+00
  .594601383E+00  .602632531E+00  .610770817E+00  .619017640E+00  .627374420E+00
  .635842592E+00  .644423610E+00  .653118947E+00  .661930095E+00  .670858562E+00
  .679905877E+00  .689073589E+00  .698363265E+00  .707776491E+00  .717314875E+00
  .726980043E+00  .736773644E+00  .746697344E+00  .756752833E+00  .766941821E+00
  .777266038E+00  .787727237E+00  .798327193E+00  .809067701E+00  .819950582E+00
  .830977676E+00  .842150848E+00  .853471985E+00  .864942996E+00  .876565818E+00
  .888342407E+00  .900274746E+00  .912364842E+00  .924614726E+00  .937026455E+00
  .949602109E+00  .962343797E+00  .975253651E+00  .988333830E+00  .100158652E+01
  .101501393E+01  .102861831E+01  .104240191E+01  .105636704E+01  .107051601E+01
  .108485117E+01  .109937491E+01  .111408963E+01  .112899777E+01  .114410179E+01
  .115940420E+01  .117490751E+01  .119061428E+01  .120652710E+01  .122264859E+01
  .123898140E+01  .125552821E+01  .127229173E+01  .128927471E+01  .130647993E+01
  .132391020E+01  .134156837E+01  .135945731E+01  .137757994E+01  .139593921E+01
  .141453810E+01  .143337963E+01  .145246685E+01  .147180285E+01  .149139076E+01
  .151123374E+01  .153133500E+01  .155169777E+01  .157232532E+01  .159322097E+01
  .161438807E+01  .163583002E+01  .165755024E+01  .167955221E+01  .170183943E+01
  .172441546E+01  .174728390E+01  .177044837E+01  .179391255E+01  .181768016E+01
  .184175496E+01  .186614076E+01  .189084140E+01  .191586077E+01  .194120281E+01
  .196687151E+01  .199287087E+01  .201920499E+01  .204587796E+01  .207289397E+01
  .210025721E+01  .212797195E+01  .215604249E+01  .218447318E+01  .221326843E+01
  .224243269E+01  .227197046E+01  .230188628E+01  .233218477E+01  .236287057E+01
  .239394839E+01  .242542297E+01  .245729913E+01  .248958173E+01  .252227568E+01
  .255538594E+01  .258891754E+01  .262287555E+01  .265726509E+01  .269209136E+01
  .272735959E+01  .276307509E+01  .279924319E+01  .283586932E+01  .287295895E+01
  .291051758E+01  .294855082E+01  .298706431E+01  .302606374E+01  .306555488E+01
  .310554355E+01  .314603564E+01  .318703708E+01  .322855390E+01  .327059214E+01
  .331315796E+01  .335625753E+01  .339989711E+01  .344408304E+01  .348882168E+01
  .353411950E+01  .357998300E+01  .362641877E+01  .367343346E+01  .372103377E+01
  .376922648E+01  .381801845E+01  .386741659E+01  .391742788E+01  .396805936E+01
  .401931817E+01  .407121149E+01  .412374658E+01  .417693077E+01  .423077145E+01
  .428527610E+01  .434045226E+01  .439630754E+01  .445284963E+01  .451008628E+01
  .456802532E+01  .462667466E+01  .468604227E+01  .474613619E+01  .480696456E+01
  .486853556E+01  .493085748E+01  .499393865E+01  .505778750E+01  .512241252E+01
  .518782229E+01  .525402546E+01  .532103074E+01  .538884694E+01  .545748293E+01
  .552694767E+01  .559725019E+01  .566839960E+01  .574040507E+01  .581327587E+01
  .588702134E+01  .596165090E+01  .603717404E+01  .611360033E+01  .619093942E+01
  .626920104E+01  .634839500E+01  .642853118E+01  .650961954E+01  .659167012E+01
  .667469303E+01  .675869848E+01  .684369674E+01  .692969816E+01  .701671316E+01
  .710475226E+01  .719382603E+01  .728394514E+01  .737512033E+01  .746736240E+01
  .756068225E+01  .765509085E+01  .775059924E+01  .784721854E+01  .794495994E+01
  .804383471E+01  .814385419E+01  .824502980E+01  .834737304E+01  .845089546E+01
  .855560869E+01  .866152446E+01  .876865454E+01  .887701077E+01  .898660508E+01
  .909744946E+01  .920955597E+01  .932293673E+01  .943760393E+01  .955356984E+01
  .967084678E+01  .978944713E+01  .990938336E+01  .100306680E+02  .101533136E+02
  .102773327E+02  .104027382E+02  .105295427E+02  .106577591E+02  .107874002E+02
  .109184790E+02  .110510084E+02  .111850014E+02  .113204712E+02  .114574308E+02
  .115958934E+02  .117358722E+02  .118773806E+02  .120204317E+02  .121650390E+02
  .123112157E+02  .124589754E+02  .126083315E+02  .127592974E+02  .129118868E+02
  .130661130E+02  .132219897E+02  .133795304E+02  .135387489E+02  .136996587E+02
  .138622734E+02  .140266067E+02  .141926723E+02  .143604839E+02  .145300552E+02
  .147013998E+02  .148745314E+02  .150494637E+02  .152262105E+02  .154047853E+02
  .155852018E+02  .157674737E+02  .159516146E+02  .161376380E+02  .163255577E+02
  .165153870E+02  .167071396E+02  .169008289E+02  .170964683E+02  .172940712E+02
  .174936509E+02  .176952208E+02  .178987941E+02  .181043839E+02  .183120033E+02
  .185216654E+02  .187333830E+02  .189471692E+02  .191630366E+02  .193809980E+02
  .196010659E+02  .198232529E+02  .200475714E+02  .202740336E+02  .205026517E+02
  .207334377E+02  .209664036E+02  .212015611E+02  .214389220E+02  .216784976E+02
  .219202994E+02  .221643385E+02  .224106259E+02  .226591726E+02  .229099891E+02
  .231630861E+02  .234184737E+02  .236761621E+02  .239361612E+02  .241984806E+02
  .244631300E+02  .247301184E+02  .249994549E+02  .252711483E+02  .255452071E+02
  .258216396E+02  .261004537E+02  .263816572E+02  .266652576E+02  .269512619E+02
  .272396771E+02  .275305097E+02  .278237660E+02  .281194518E+02  .284175727E+02
  .287181340E+02  .290211405E+02  .293265969E+02  .296345072E+02  .299448752E+02
  .302577043E+02  .305729976E+02  .308907576E+02  .312109864E+02  .315336858E+02
  .318588571E+02  .321865012E+02  .325166185E+02  .328492088E+02  .331842717E+02
  .335218061E+02  .338618104E+02  .342042825E+02  .345492200E+02  .348966197E+02
  .352464780E+02  .355987905E+02  .359535527E+02  .363107590E+02  .366704035E+02
  .370324798E+02  .373969806E+02  .377638981E+02  .381332240E+02  .385049492E+02
  .388790639E+02  .392555577E+02  .396344196E+02  .400156378E+02  .403991998E+02
  .407850923E+02  .411733016E+02  .415638128E+02  .419566106E+02  .423516788E+02
  .427490004E+02  .431485577E+02  .435503320E+02  .439543040E+02  .443604535E+02
  .447687595E+02  .451792000E+02  .455917524E+02  .460063929E+02  .464230971E+02
  .468418396E+02  .472625941E+02  .476853333E+02  .481100291E+02  .485366523E+02
  .489651730E+02  .493955601E+02  .498277816E+02  .502618046E+02  .506975951E+02
  .511351181E+02  .515743377E+02  .520152168E+02  .524577174E+02  .529018004E+02
  .533474257E+02  .537945521E+02  .542431374E+02  .546931381E+02  .551445099E+02
  .555972072E+02  .560511834E+02  .565063909E+02  .569627807E+02  .574203029E+02
  .578789065E+02  .583385392E+02  .587991476E+02  .592606772E+02  .597230725E+02
  .601862766E+02  .606502316E+02  .611148784E+02  .615801567E+02  .620460052E+02
  .625123612E+02  .629791610E+02  .634463398E+02  .639138315E+02  .643815688E+02
  .648494834E+02  .653175058E+02  .657855652E+02  .662535900E+02  .667215071E+02
  .671892424E+02  .676567206E+02  .681238655E+02  .685905996E+02  .690568442E+02
  .695225198E+02  .699875454E+02  .704518394E+02  .709153188E+02  .713778995E+02
  .718394968E+02  .723000244E+02  .727593955E+02  .732175219E+02  .736743147E+02
  .741296840E+02  .745835388E+02  .750357875E+02  .754863373E+02  .759350947E+02
  .763819653E+02  .768268539E+02  .772696646E+02  .777103005E+02  .781486643E+02
  .785846577E+02  .790181819E+02  .794491374E+02  .798774241E+02  .803029414E+02
  .807255881E+02  .811452625E+02  .815618625E+02  .819752856E+02  .823854288E+02
  .827921890E+02  .831954627E+02  .835951460E+02  .839911352E+02  .843833261E+02
  .847716145E+02  .851558965E+02  .855360677E+02  .859120241E+02  .862836618E+02
  .866508771E+02  .870135664E+02  .873716265E+02  .877249548E+02  .880734487E+02
  .884170064E+02  .887555267E+02  .890889089E+02  .894170531E+02  .897398600E+02
  .900572314E+02  .903690698E+02  .906752790E+02  .909757636E+02  .912704294E+02
  .915591835E+02  .918419343E+02  .921185917E+02  .923890668E+02  .926532726E+02
  .929111234E+02  .931625356E+02  .934074272E+02  .936457181E+02  .938773303E+02
  .941021877E+02  .943202168E+02  .945313459E+02  .947355059E+02  .949326301E+02
  .951226545E+02  .953055176E+02  .954811606E+02  .956495277E+02  .958105659E+02
  .959642254E+02  .961104593E+02  .962492242E+02  .963804799E+02  .965041895E+02
  .966203198E+02  .967288412E+02  .968297278E+02  .969229574E+02  .970085118E+02
  .970863770E+02  .971565428E+02  .972190033E+02  .972737569E+02  .973208065E+02
  .973601593E+02  .973918272E+02  .974158266E+02  .974321788E+02  .974409099E+02
  .974420507E+02  .974356374E+02  .974217110E+02  .974003176E+02  .973715087E+02
  .973353411E+02  .972918769E+02  .972411837E+02  .971833344E+02  .971184078E+02
  .970464882E+02  .969676655E+02  .968820355E+02  .967896996E+02  .966907651E+02
  .965853454E+02  .964735594E+02  .963555323E+02  .962313952E+02  .961012850E+02
  .959653449E+02  .958237239E+02  .956765771E+02  .955240657E+02  .953663570E+02
  .952036241E+02  .950360464E+02  .948638090E+02  .946871033E+02  .945061263E+02
  .943210813E+02  .941321770E+02  .939396283E+02  .937436556E+02  .935444852E+02
  .933423487E+02  .931374836E+02  .929301326E+02  .927205437E+02  .925089704E+02
  .922956710E+02  .920809092E+02  .918649533E+02  .916480764E+02  .914305563E+02
  .912126752E+02  .909947197E+02  .907769802E+02  .905597516E+02  .903433320E+02
  .901280236E+02  .899141315E+02  .897019643E+02  .894918335E+02  .892840531E+02
  .890789399E+02  .888768126E+02  .886779921E+02  .884828010E+02  .882915632E+02
  .881046040E+02  .879222494E+02  .877448261E+02  .875726608E+02  .874060806E+02
  .872454119E+02  .870909806E+02  .869431115E+02  .868021281E+02  .866683521E+02
  .865421033E+02  .864236988E+02  .863134532E+02  .862116777E+02  .861186801E+02
  .860347642E+02  .859602295E+02  .858953706E+02  .858404772E+02  .857958334E+02
  .857617172E+02  .857384004E+02  .857261481E+02  .857252180E+02  .857358604E+02
  .857583172E+02  .857928224E+02  .858396007E+02  .858988676E+02  .859708291E+02
  .860556806E+02  .861536075E+02  .862647838E+02  .863893724E+02  .865275243E+02
  .866793781E+02  .868450603E+02  .870246839E+02  .872183490E+02  .874261415E+02
  .876481335E+02  .878843826E+02  .881349314E+02  .883998074E+02  .886790228E+02
  .889725736E+02  .892804400E+02  .896025857E+02  .899389576E+02  .902894858E+02
  .906540830E+02  .910326446E+02  .914250483E+02  .918311541E+02  .922508038E+02
  .926838210E+02  .931300111E+02  .935891612E+02  .940610395E+02  .945453961E+02
  .950419620E+02  .955504498E+02  .960705535E+02  .966019484E+02  .971442912E+02
  .976972201E+02  .982603551E+02  .988332978E+02  .994156318E+02  .100006923E+03
  .100606719E+03  .101214551E+03  .101829933E+03  .102452360E+03  .103081315E+03
  .103716260E+03  .104356646E+03  .105001904E+03  .105651455E+03  .106304703E+03
  .106961038E+03  .107619839E+03  .108280471E+03  .108942287E+03  .109604631E+03
  .110266833E+03  .110928216E+03  .111588093E+03  .112245769E+03  .112900542E+03
  .113551703E+03  .114198538E+03  .114840327E+03  .115476347E+03  .116105873E+03
  .116728176E+03  .117342530E+03  .117948205E+03  .118544475E+03  .119130615E+03
  .119705905E+03  .120269628E+03  .120821074E+03  .121359538E+03  .121884326E+03
  .122394752E+03  .122890138E+03  .123369822E+03  .123833151E+03  .124279489E+03
  .124708213E+03  .125118718E+03  .125510415E+03  .125882737E+03  .126235134E+03
  .126567079E+03  .126878066E+03  .127167615E+03  .127435268E+03  .127680595E+03
  .127903193E+03  .128102686E+03  .128278728E+03  .128431004E+03  .128559228E+03
  .128663148E+03  .128742545E+03  .128797234E+03  .128827065E+03  .128831923E+03
  .128811730E+03  .128766446E+03  .128696068E+03  .128600631E+03  .128480210E+03
  .128334919E+03  .128164912E+03  .127970384E+03  .127751570E+03  .127508744E+03
  .127242225E+03  .126952369E+03  .126639574E+03  .126304282E+03  .125946971E+03
  .125568162E+03  .125168417E+03  .124748337E+03  .124308560E+03  .123849767E+03
  .123372673E+03  .122878032E+03  .122366634E+03  .121839306E+03  .121296908E+03
  .120740332E+03  .120170504E+03  .119588381E+03  .118994949E+03  .118391220E+03
  .117778235E+03  .117157059E+03  .116528779E+03  .115894504E+03  .115255362E+03
  .114612500E+03  .113967077E+03  .113320269E+03  .112673259E+03  .112027242E+03
  .111383418E+03  .110742991E+03  .110107168E+03  .109477154E+03  .108854150E+03
  .108239353E+03  .107633951E+03  .107039120E+03  .106456023E+03  .105885807E+03
  .105329600E+03  .104788506E+03  .104263608E+03  .103755961E+03  .103266587E+03
  .102796481E+03  .102346599E+03  .101917860E+03  .101511145E+03  .101127289E+03
  .100767085E+03  .100431277E+03  .100120558E+03  .998355708E+02  .995769032E+02
  .993450863E+02  .991405931E+02  .989638362E+02  .988151661E+02  .986948694E+02
  .986031677E+02  .985402155E+02  .985060994E+02  .985008370E+02  .985243755E+02
  .985765911E+02  .986572883E+02  .987661996E+02  .989029845E+02  .990672299E+02
  .992584501E+02  .994760865E+02  .997195084E+02  .999880134E+02  .100280828E+03
  .100597109E+03  .100935944E+03  .101296352E+03  .101677289E+03  .102077642E+03
  .102496240E+03  .102931848E+03  .103383176E+03  .103848875E+03  .104327545E+03
  .104817735E+03  .105317947E+03  .105826638E+03  .106342225E+03  .106863088E+03
  .107387571E+03  .107913989E+03  .108440632E+03  .108965766E+03  .109487640E+03
  .110004487E+03  .110514533E+03  .111015996E+03  .111507095E+03  .111986052E+03
  .112451099E+03  .112900477E+03  .113332447E+03  .113745293E+03  .114137324E+03
  .114506881E+03  .114852341E+03  .115172122E+03  .115464686E+03  .115728546E+03
  .115962269E+03  .116164479E+03  .116333863E+03  .116469175E+03  .116569239E+03
  .116632953E+03  .116659293E+03  .116647317E+03  .116596165E+03  .116505067E+03
  .116373343E+03  .116200405E+03  .115985761E+03  .115729016E+03  .115429875E+03
  .115088145E+03  .114703732E+03  .114276649E+03  .113807012E+03  .113295041E+03
  .112741064E+03  .112145510E+03  .111508916E+03  .110831921E+03  .110115268E+03
  .109359801E+03  .108566466E+03  .107736306E+03  .106870460E+03  .105970161E+03
  .105036735E+03  .104071592E+03  .103076231E+03  .102052230E+03  .101001243E+03
  .999250003E+02  .988252988E+02  .977040008E+02  .965630277E+02  .954043558E+02
  .942300105E+02  .930420615E+02  .918426168E+02  .906338178E+02  .894178321E+02
  .881968495E+02  .869730741E+02  .857487201E+02  .845260038E+02  .833071390E+02
  .820943298E+02  .808897653E+02  .796956122E+02  .785140105E+02  .773470653E+02
  .761968431E+02  .750653637E+02  .739545966E+02  .728664536E+02  .718027848E+02
  .707653722E+02  .697559256E+02  .687760767E+02  .678273761E+02  .669112867E+02
  .660291819E+02  .651823398E+02  .643719412E+02  .635990651E+02  .628646867E+02
  .621696737E+02  .615147852E+02  .609006686E+02  .603278586E+02  .597967752E+02
  .593077238E+02  .588608930E+02  .584563558E+02  .580940684E+02  .577738715E+02
  .574954901E+02  .572585358E+02  .570625069E+02  .569067914E+02  .567906680E+02
  .567133097E+02  .566737860E+02  .566710661E+02  .567040230E+02  .567714370E+02
  .568719999E+02  .570043200E+02  .571669268E+02  .573582756E+02  .575767540E+02
  .578206863E+02  .580883401E+02  .583779315E+02  .586876318E+02  .590155725E+02
  .593598524E+02  .597185426E+02  .600896938E+02  .604713408E+02  .608615100E+02
  .612582241E+02  .616595089E+02  .620633982E+02  .624679408E+02  .628712043E+02
  .632712826E+02  .636662994E+02  .640544152E+02  .644338306E+02  .648027927E+02
  .651595983E+02  .655026002E+02  .658302092E+02  .661409005E+02  .664332149E+02
  .667057651E+02  .669572360E+02  .671863902E+02  .673920685E+02  .675731942E+02
  .677287732E+02  .678578975E+02  .679597448E+02  .680335817E+02  .680787621E+02
  .680947300E+02  .680810175E+02  .680372467E+02  .679631273E+02  .678584577E+02
  .677231224E+02  .675570920E+02  .673604205E+02  .671332447E+02  .668757811E+02
  .665883243E+02  .662712443E+02  .659249840E+02  .655500561E+02  .651470403E+02
  .647165799E+02  .642593789E+02  .637761982E+02  .632678522E+02  .627352053E+02
  .621791677E+02  .616006927E+02  .610007715E+02  .603804308E+02  .597407275E+02
  .590827463E+02  .584075944E+02  .577163995E+02  .570103037E+02  .562904623E+02
  .555580376E+02  .548141981E+02  .540601120E+02  .532969465E+02  .525258621E+02
  .517480121E+02  .509645362E+02  .501765612E+02  .493851946E+02  .485915253E+02
  .477966178E+02  .470015131E+02  .462072231E+02  .454147318E+02  .446249905E+02
  .438389185E+02  .430573990E+02  .422812806E+02  .415113725E+02  .407484473E+02
  .399932359E+02  .392464309E+02  .385086819E+02  .377805985E+02  .370627469E+02
  .363556527E+02  .356597977E+02  .349756229E+02  .343035261E+02  .336438646E+02
  .329969532E+02  .323630673E+02  .317424410E+02  .311352703E+02  .305417115E+02
  .299618847E+02  .293958724E+02  .288437227E+02  .283054485E+02  .277810309E+02
  .272704182E+02  .267735293E+02  .262902533E+02  .258204529E+02  .253639635E+02
  .249205972E+02  .244901417E+02  .240723646E+02  .236670123E+02  .232738137E+02
  .228924797E+02  .225227072E+02  .221641777E+02  .218165617E+02  .214795176E+02
  .211526956E+02  .208357367E+02  .205282764E+02  .202299441E+02  .199403660E+02
  .196591651E+02  .193859637E+02  .191203836E+02  .188620479E+02  .186105815E+02
  .183656131E+02  .181267750E+02  .178937053E+02  .176660477E+02  .174434532E+02
  .172255803E+02  .170120963E+02  .168026774E+02  .165970097E+02  .163947895E+02
  .161957243E+02  .159995325E+02  .158059444E+02  .156147024E+02  .154255613E+02
  .152382882E+02  .150526632E+02  .148684792E+02  .146855422E+02  .145036711E+02
  .143226980E+02  .141424679E+02  .139628387E+02  .137836812E+02  .136048786E+02
  .134263268E+02  .132479338E+02  .130696196E+02  .128913159E+02  .127129657E+02
  .125345231E+02  .123559527E+02  .121772297E+02  .119983391E+02  .118192752E+02
  .116400417E+02  .114606507E+02  .112811226E+02  .111014856E+02  .109217748E+02
  .107420328E+02  .105623078E+02  .103826544E+02  .102031324E+02  .100238065E+02
  .984474601E+01  .966602413E+01  .948771761E+01  .930990640E+01  .913267300E+01
  .895610225E+01  .878028071E+01  .860529644E+01  .843123838E+01  .825819622E+01
  .808625975E+01  .791551885E+01  .774606271E+01  .757797996E+01  .741135792E+01
  .724628274E+01  .708283866E+01  .692110811E+01  .676117098E+01  .660310553E+01
  .644698583E+01  .629288534E+01  .614087210E+01  .599101329E+01  .584337060E+01
  .569800435E+01  .555496928E+01  .541431844E+01  .527609914E+01  .514035691E+01
  .500713131E+01  .487646010E+01  .474837498E+01  .462290581E+01  .450007639E+01
  .437990866E+01  .426241856E+01  .414762027E+01  .403552198E+01  .392613024E+01
  .381944578E+01  .371546781E+01  .361418996E+01  .351560410E+01  .341969744E+01
  .332645507E+01  .323585784E+01  .314788470E+01  .306251054E+01  .297970867E+01
  .289944856E+01  .282169839E+01  .274642274E+01  .267358519E+01  .260314599E+01
  .253506468E+01  .246929773E+01  .240580118E+01  .234452830E+01  .228543219E+01
  .222846343E+01  .217357273E+01  .212070853E+01  .206981964E+01  .202085289E+01
  .197375569E+01  .192847371E+01  .188495346E+01  .184313988E+01  .180297899E+01
  .176441546E+01  .172739521E+01  .169186301E+01  .165776505E+01  .162504654E+01
  .159365429E+01  .156353426E+01  .153463416E+01  .150690102E+01  .148028374E+01
  .145473064E+01  .143019207E+01  .140661791E+01  .138396015E+01  .136217047E+01
  .134120273E+01  .132101058E+01  .130154994E+01  .128277661E+01  .126464877E+01
  .124712449E+01  .123016435E+01  .121372886E+01  .119778108E+01  .118228410E+01
  .116720354E+01  .115250513E+01  .113815715E+01  .112412800E+01  .111038866E+01
  .109691023E+01  .108366639E+01  .107063095E+01  .105778029E+01  .104509089E+01
  .103254178E+01  .102011208E+01  .100778321E+01  .995537426E+00  .983358169E+00
  .971230330E+00  .959139787E+00  .947073835E+00  .935020688E+00  .922969902E+00
  .910911984E+00  .898838603E+00  .886742414E+00  .874617122E+00  .862457359E+00
  .850258778E+00  .838017827E+00  .825731980E+00  .813399380E+00  .801019152E+00
  .788591028E+00  .776115610E+00  .763594099E+00  .751028430E+00  .738421104E+00
  .725775272E+00  .713094566E+00  .700383226E+00  .687645856E+00  .674887631E+00
  .662114005E+00  .649330918E+00  .636544541E+00  .623761428E+00  .610988324E+00
  .598232262E+00  .585500405E+00  .572800138E+00  .560138896E+00  .547524285E+00
  .534963881E+00  .522465368E+00  .510036350E+00  .497684462E+00  .485417210E+00
  .473242068E+00  .461166333E+00  .449197195E+00  .437341696E+00  .425606604E+00
  .413998583E+00  .402523957E+00  .391188905E+00  .379999240E+00  .368960594E+00
  .358078211E+00  .347357127E+00  .336801968E+00  .326417140E+00  .316206622E+00
  .306174165E+00  .296323085E+00  .286656465E+00  .277176955E+00  .267886974E+00
  .258788508E+00  .249883325E+00  .241172768E+00  .232657971E+00  .224339658E+00
  .216218363E+00  .208294225E+00  .200567211E+00  .193036909E+00  .185702763E+00
  .178563860E+00  .171619160E+00  .164867290E+00  .158306776E+00  .151935836E+00
  .145752609E+00  .139754946E+00  .133940649E+00  .128307255E+00  .122852273E+00
  .117572968E+00  .112466602E+00  .107530217E+00  .102760871E+00  .981554207E-01
  .937107604E-01  .894236036E-01  .852907191E-01  .813087099E-01  .774742549E-01
  .737838831E-01  .702342127E-01  .668217260E-01  .635430112E-01  .603945332E-01
  .573728529E-01  .544744901E-01  .516959855E-01  .490338947E-01  .464847944E-01
  .440452865E-01  .417120017E-01  .394816040E-01  .373507937E-01  .353163110E-01
  .333749389E-01  .315235062E-01  .297588899E-01  .280780178E-01  .264778706E-01
  .249554838E-01  .235079497E-01  .221324191E-01  .208261026E-01  .195862720E-01
  .184102616E-01  .172954688E-01  .162393556E-01  .152394486E-01  .142933403E-01
  .133986890E-01  .125532193E-01  .117547223E-01  .110010557E-01  .102901435E-01
  .961997616E-02  .898861008E-02  .839416723E-02  .783483468E-02  .730886394E-02
  .681457028E-02  .635033194E-02  .591458923E-02  .550584353E-02  .512265631E-02
  .476364799E-02  .442749672E-02  .411293721E-02  .381875941E-02  .354380715E-02
  .328697680E-02  .304721582E-02  .282352135E-02  .261493869E-02  .242055985E-02
  .223952204E-02  .207100613E-02  .191423515E-02  .176847280E-02  .163302185E-02
  .150722276E-02  .139045206E-02  .128212098E-02  .118167392E-02  .108858708E-02
  .100236700E-02  .922549218E-03  .848696906E-03  .780399565E-03  .717271743E-03
  .658951789E-03  .605100649E-03  .555400697E-03  .509554607E-03  .467284262E-03
  .428329707E-03  .392448135E-03  .359412925E-03  .329012703E-03  .301050461E-03
  .275342702E-03  .251718628E-03  .230019368E-03  .210097241E-03  .191815054E-03
  .175045439E-03  .159670220E-03  .145579820E-03  .132672692E-03  .120854788E-03
  .110039054E-03  .100144955E-03  .910980314E-04  .828294733E-04  .752757297E-04
  .683781359E-04  .620825662E-04  .563391077E-04  .511017563E-04  .463281307E-04
  .419792067E-04  .380190681E-04  .344146751E-04  .311356483E-04  .281540671E-04
  .254442827E-04  .229827439E-04  .207478355E-04  .187197280E-04  .168802381E-04
  .152126998E-04  .137018445E-04  .123336900E-04  .110954380E-04  .997537921E-05
  .896280535E-05  .804792825E-05  .722180486E-05  .647626807E-05  .580386297E-05
  .519778794E-05  .465184047E-05  .416036713E-05  .371821760E-05  .332070225E-05
  .296355317E-05  .264288830E-05  .235517845E-05  .209721700E-05  .186609205E-05
  .165916085E-05  .147402634E-05  .130851559E-05  .116066005E-05  .102867747E-05
  .910955259E-06  .806035319E-06  .712600098E-06  .629459861E-06  .555541038E-06
  .489875564E-06  .431591141E-06  .379902346E-06  .334102508E-06  .293556301E-06
  .257692984E-06  .226000245E-06  .198018593E-06  .173336249E-06  .151584504E-06
  .132433492E-06  .115588358E-06  .100785773E-06  .877907709E-07  .763938901E-07
  .664085727E-07  .576688183E-07  .500270586E-07  .433522375E-07  .375280771E-07
  .324515141E-07  .280312897E-07  .241866797E-07  .208463523E-07  .179473411E-07
  .154341228E-07  .132577898E-07  .113753088E-07  .974885646E-08  .834522563E-08
  .713529468E-08  .609355374E-08  .519768242E-08  .442817359E-08  .376799883E-08
  .320231098E-08  .271818022E-08  .230436010E-08  .195108022E-08  .164986304E-08
  .139336187E-08  .117521809E-08  .989935165E-09  .832767882E-09  .699624933E-09
  .586983401E-09  .491813784E-09  .411514343E-09  .343853700E-09  .286920695E-09
  .239080672E-09  .198937391E-09  .165299913E-09  .137153835E-09  .113636340E-09
  .940145915E-10  .776670461E-10  .640673156E-10  .527702510E-10  .433999596E-10
  .356395016E-10  .292220460E-10  .239232848E-10  .195549526E-10  .159592610E-10
  .130041923E-10  .105794412E-10  .859300585E-11  .696826687E-11  .564151749E-11
  .455987315E-11  .367950468E-11  .296414746E-11  .238384558E-11  .191389577E-11
  .153396065E-11  .122732566E-11  .980277187E-12  .781583262E-12  .622060480E-12
  .494213566E-12  .391935894E-12  .310261096E-12  .245157422E-12  .193357798E-12
  .152219639E-12  .119609427E-12  .938078508E-13  .734319876E-13  .573715944E-13
  .447370414E-13  .348168447E-13  .270430971E-13  .209633802E-13  .162179889E-13
  .125215008E-13  .964788889E-14  .741852391E-14  .569252205E-14  .435899744E-14
  .333085538E-14  .253983060E-14  .193252899E-14  .146727662E-14  .111161667E-14
  .840325375E-15  .633842739E-15  .477034020E-15  .358214441E-15  .268382866E-15
  .200621018E-15  .149623547E-15  .111331278E-15  .826456450E-16  .612068480E-16
  .452219185E-16  .333317777E-16  .245086861E-16  .179773266E-16  .131542201E-16
  .960132904E-17  .699061060E-17  .507700474E-17  .367789941E-17  .265755950E-17
  .191534933E-17  .137684720E-17  .987158952E-18  .705899350E-18  .503435127E-18
  .358079865E-18  .254005125E-18  .179689092E-18  .126767520E-18  .891849615E-19
  .625695245E-19  .437735559E-19  .305371587E-19  .212423837E-19  .147341680E-19
  .101902671E-19  .702704709E-20  .483144654E-20  .331198306E-20  .226357643E-20
  .154236718E-20  .104774425E-20  .709556451E-21  .479040194E-21  .322403224E-21
  .216300846E-21  .144656313E-21  .964330107E-22  .640784434E-22  .424409132E-22
  .280177065E-22  .184350365E-22  .120894725E-22  .790152490E-23  .514686611E-23
  .334111417E-23  .216144529E-23  .139344414E-23  .895189692E-24  .573071063E-24
  .365558927E-24  .232353559E-24  .147153871E-24  .928563902E-25  .583790269E-25
  .365673901E-25  .228197110E-25  .141870559E-25  .878672796E-26  .542127620E-26
  .333197646E-26  .203992796E-26  .124401789E-26  .755655014E-27  .457184831E-27
  .275497334E-27  .165343171E-27  .988289579E-28  .588297454E-28  .348746704E-28
  .205877612E-28  .121026190E-28  .708444892E-29  .412928050E-29  .239645514E-29
  .138476386E-29  .796669893E-30  .456312117E-30  .260202244E-30  .147710005E-30
  .834724013E-31  .469563329E-31  .262934598E-31  .146550565E-31  .813012504E-32
  .448911328E-32  .246695386E-32  .134921759E-32  .734356112E-33  .397757432E-33
  .214387640E-33  .114983065E-33  .613625541E-34  .325829916E-34  .172138851E-34
  .904793676E-35  .473135004E-35  .246131662E-35  .127373370E-35  .655692590E-36
  .335748418E-36  .171001993E-36  .866249826E-37  .436436516E-37  .218683454E-37
  .108970398E-37  .539982408E-38  .266078439E-38  .130370443E-38  .635138171E-39
  .307650042E-39  .148158084E-39  .709337790E-40  .337613507E-40  .159736786E-40
  .751255665E-41  .351194242E-41  .163178439E-41  .753551104E-42  .345840474E-42
  .157735901E-42  .714916290E-43  .321979235E-43  .144087567E-43  .640661904E-44
  .283017076E-44  .124209597E-44  .541543930E-45  .234544542E-45  .100903671E-45
  .431176731E-46  .182998242E-46  .771361796E-47  .322897822E-47  .134228235E-47
  .554077122E-48  .227101371E-48  .924204166E-49  .373413455E-49  .149782451E-49
  .596424804E-50  .235748494E-50  .924943285E-51  .360187398E-51  .139207697E-51
  .533940913E-52  .203231989E-52  .767597134E-53  .287667188E-53  .106963624E-53
  .394587712E-54  .144406035E-54  .524244604E-55  .188782448E-55  .674280398E-56
  .238860658E-56  .839164337E-57  .292367974E-57  .101023057E-57  .346235145E-58
  .117777819E-58  .399131136E-59  .135304961E-59  .471687109E-60  .177414179E-60
  .835552180E-61  .629805185E-61  .000000000E+00  .000000000E+00  .000000000E+00
  .000000000E+00  .000000000E+00  .000000000E+00  .000000000E+00  .000000000E+00
  .000000000E+00  .000000000E+00  .000000000E+00  .000000000E+00  .000000000E+00
  .000000000E+00  .000000000E+00  .000000000E+00  .000000000E+00  .000000000E+00
  .000000000E+00  .000000000E+00  .000000000E+00  .000000000E+00  .000000000E+00
  .000000000E+00  .000000000E+00  .000000000E+00  .000000000E+00  .000000000E+00
  .000000000E+00  .000000000E+00  .000000000E+00  .000000000E+00  .000000000E+00
  .000000000E+00  .000000000E+00  .000000000E+00  .000000000E+00  .000000000E+00
  .000000000E+00  .000000000E+00  .000000000E+00  .000000000E+00  .000000000E+00
  .000000000E+00  .000000000E+00  .000000000E+00  .000000000E+00  .000000000E+00
  .000000000E+00  .000000000E+00  .000000000E+00  .000000000E+00  .000000000E+00
  .000000000E+00  .000000000E+00  .000000000E+00  .000000000E+00  .000000000E+00
  .000000000E+00  .000000000E+00  .000000000E+00  .000000000E+00  .000000000E+00
  .000000000E+00  .000000000E+00  .000000000E+00  .000000000E+00  .000000000E+00
  .000000000E+00  .000000000E+00  .000000000E+00  .000000000E+00  .000000000E+00
  .000000000E+00  .000000000E+00  .000000000E+00  .000000000E+00  .000000000E+00
  .000000000E+00  .000000000E+00  .000000000E+00  .000000000E+00  .000000000E+00
  .000000000E+00  .000000000E+00  .000000000E+00  .000000000E+00  .000000000E+00
  .000000000E+00  .000000000E+00  .000000000E+00  .000000000E+00  .000000000E+00
  .000000000E+00  .000000000E+00  .000000000E+00  .000000000E+00  .000000000E+00
  .000000000E+00  .000000000E+00  .000000000E+00  .000000000E+00  .000000000E+00
  .000000000E+00  .000000000E+00  .000000000E+00  .000000000E+00  .000000000E+00
  .000000000E+00  .000000000E+00  .000000000E+00  .000000000E+00  .000000000E+00
  .000000000E+00  .000000000E+00  .000000000E+00  .000000000E+00  .000000000E+00
  .000000000E+00  .000000000E+00  .000000000E+00  .000000000E+00  .000000000E+00
  .000000000E+00  .000000000E+00  .000000000E+00  .000000000E+00  .000000000E+00
  .000000000E+00  .000000000E+00  .000000000E+00  .000000000E+00  .000000000E+00
  .000000000E+00  .000000000E+00  .000000000E+00  .000000000E+00  .000000000E+00
  .000000000E+00  .000000000E+00  .000000000E+00  .000000000E+00  .000000000E+00
  .000000000E+00  .000000000E+00  .000000000E+00  .000000000E+00  .000000000E+00
  .000000000E+00  .000000000E+00  .000000000E+00  .000000000E+00  .000000000E+00
  .000000000E+00  .000000000E+00  .000000000E+00  .000000000E+00  .000000000E+00
  .000000000E+00  .000000000E+00  .000000000E+00  .000000000E+00  .000000000E+00
  .000000000E+00  .000000000E+00  .000000000E+00  .000000000E+00  .000000000E+00
  .000000000E+00  .000000000E+00  .000000000E+00  .000000000E+00  .000000000E+00
  .000000000E+00  .000000000E+00  .000000000E+00  .000000000E+00  .000000000E+00
  .000000000E+00  .000000000E+00  .000000000E+00  .000000000E+00  .000000000E+00
  .000000000E+00  .000000000E+00  .000000000E+00  .000000000E+00  .000000000E+00
  .000000000E+00  .000000000E+00  .000000000E+00  .000000000E+00  .000000000E+00
  .000000000E+00  .000000000E+00  .000000000E+00  .000000000E+00  .000000000E+00
  .000000000E+00  .000000000E+00  .000000000E+00  .000000000E+00  .000000000E+00
  .000000000E+00  .000000000E+00  .000000000E+00  .000000000E+00  .000000000E+00
  .000000000E+00  .000000000E+00  .000000000E+00  .000000000E+00  .000000000E+00
