  PAW C                                  
 100
Core Pot   L  =         .00000  -1.01066
  -.20000000E+01  .39218192E+00
  -.19600000E+01  .36507233E+00
  -.19200000E+01  .33749172E+00
  -.18800000E+01  .30942395E+00
  -.18400000E+01  .28085210E+00
  -.18000000E+01  .25175842E+00
  -.17600000E+01  .22212431E+00
  -.17200000E+01  .19193025E+00
  -.16800000E+01  .16115575E+00
  -.16400000E+01  .12977928E+00
  -.16000000E+01  .97778211E-01
  -.15600000E+01  .65128732E-01
  -.15200000E+01  .31805788E-01
  -.14800000E+01 -.22170149E-02
  -.14400000E+01 -.36967494E-01
  -.14000000E+01 -.72474991E-01
  -.13600000E+01 -.10877048E+00
  -.13200000E+01 -.14588667E+00
  -.12800000E+01 -.18385815E+00
  -.12400000E+01 -.22272152E+00
  -.12000000E+01 -.26251550E+00
  -.11600000E+01 -.30328117E+00
  -.11200000E+01 -.34506206E+00
  -.10800000E+01 -.38790441E+00
  -.10400000E+01 -.43185734E+00
  -.10000000E+01 -.47697308E+00
  -.96000000E+00 -.52330725E+00
  -.92000000E+00 -.57091912E+00
  -.88000000E+00 -.61987191E+00
  -.84000000E+00 -.67023314E+00
  -.80000000E+00 -.72207499E+00
  -.76000000E+00 -.77547472E+00
  -.72000000E+00 -.83051510E+00
  -.68000000E+00 -.88728497E+00
  -.64000000E+00 -.94587972E+00
  -.60000000E+00 -.10064020E+01
  -.56000000E+00 -.10689623E+01
  -.52000000E+00 -.11336799E+01
  -.48000000E+00 -.12006836E+01
  -.44000000E+00 -.12701128E+01
  -.40000000E+00 -.13421183E+01
  -.36000000E+00 -.14168642E+01
  -.32000000E+00 -.14945286E+01
  -.28000000E+00 -.15753055E+01
  -.24000000E+00 -.16594068E+01
  -.20000000E+00 -.17470639E+01
  -.16000000E+00 -.18385306E+01
  -.12000000E+00 -.19340854E+01
  -.80000000E-01 -.20340348E+01
  -.40000000E-01 -.21387168E+01
   .12351231E-14 -.22485054E+01
   .40000000E-01 -.23638148E+01
   .80000000E-01 -.24851058E+01
   .12000000E+00 -.26128920E+01
   .16000000E+00 -.27477476E+01
   .20000000E+00 -.28903170E+01
   .24000000E+00 -.30413254E+01
   .28000000E+00 -.32015923E+01
   .32000000E+00 -.33720470E+01
   .36000000E+00 -.35537476E+01
   .40000000E+00 -.37479046E+01
   .44000000E+00 -.39559089E+01
   .48000000E+00 -.41793670E+01
   .52000000E+00 -.44201440E+01
   .56000000E+00 -.46804184E+01
   .60000000E+00 -.49627505E+01
   .64000000E+00 -.52701701E+01
   .68000000E+00 -.56062888E+01
   .72000000E+00 -.59754475E+01
   .76000000E+00 -.63829092E+01
   .80000000E+00 -.68351188E+01
   .84000000E+00 -.73400538E+01
   .88000000E+00 -.79077088E+01
   .92000000E+00 -.85507762E+01
   .96000000E+00 -.92856225E+01
   .10000000E+01 -.10133721E+02
   .10400000E+01 -.11123812E+02
   .10800000E+01 -.12295264E+02
   .11200000E+01 -.13703480E+02
   .11600000E+01 -.15428996E+02
   .12000000E+01 -.17593546E+02
   .12400000E+01 -.20390279E+02
   .12800000E+01 -.24145119E+02
   .13200000E+01 -.29454535E+02
   .13600000E+01 -.37539779E+02
   .14000000E+01 -.51355142E+02
   .14400000E+01 -.80352334E+02
   .14800000E+01 -.18015952E+03
   .15200000E+01  .82123238E+03
   .15600000E+01  .12713377E+03
   .16000000E+01  .69448366E+02
   .16400000E+01  .48022754E+02
   .16800000E+01  .36840937E+02
   .17200000E+01  .29971632E+02
   .17600000E+01  .25321797E+02
   .18000000E+01  .21964226E+02
   .18400000E+01  .19425044E+02
   .18800000E+01  .17436832E+02
   .19200000E+01  .15837231E+02
   .19600000E+01  .14521966E+02
   .20000000E+01  .13421003E+02
Potential  L  =         .00000  -1.01066
  -.20000000E+01  .41902083E+00
  -.19600000E+01  .39171215E+00
  -.19200000E+01  .36389499E+00
  -.18800000E+01  .33555022E+00
  -.18400000E+01  .30665770E+00
  -.18000000E+01  .27719623E+00
  -.17600000E+01  .24714347E+00
  -.17200000E+01  .21647584E+00
  -.16800000E+01  .18516846E+00
  -.16400000E+01  .15319507E+00
  -.16000000E+01  .12052788E+00
  -.15600000E+01  .87137523E-01
  -.15200000E+01  .52992874E-01
  -.14800000E+01  .18060973E-01
  -.14400000E+01 -.17693147E-01
  -.14000000E+01 -.54306599E-01
  -.13600000E+01 -.91818819E-01
  -.13200000E+01 -.13027175E+00
  -.12800000E+01 -.16971004E+00
  -.12400000E+01 -.21018127E+00
  -.12000000E+01 -.25173619E+00
  -.11600000E+01 -.29442901E+00
  -.11200000E+01 -.33831767E+00
  -.10800000E+01 -.38346420E+00
  -.10400000E+01 -.42993505E+00
  -.10000000E+01 -.47780153E+00
  -.96000000E+00 -.52714026E+00
  -.92000000E+00 -.57803362E+00
  -.88000000E+00 -.63057038E+00
  -.84000000E+00 -.68484628E+00
  -.80000000E+00 -.74096477E+00
  -.76000000E+00 -.79903774E+00
  -.72000000E+00 -.85918648E+00
  -.68000000E+00 -.92154263E+00
  -.64000000E+00 -.98624933E+00
  -.60000000E+00 -.10534625E+01
  -.56000000E+00 -.11233523E+01
  -.52000000E+00 -.11961049E+01
  -.48000000E+00 -.12719241E+01
  -.44000000E+00 -.13510338E+01
  -.40000000E+00 -.14336806E+01
  -.36000000E+00 -.15201362E+01
  -.32000000E+00 -.16107015E+01
  -.28000000E+00 -.17057097E+01
  -.24000000E+00 -.18055316E+01
  -.20000000E+00 -.19105807E+01
  -.16000000E+00 -.20213193E+01
  -.12000000E+00 -.21382663E+01
  -.80000000E-01 -.22620062E+01
  -.40000000E-01 -.23931992E+01
   .12351231E-14 -.25325945E+01
   .40000000E-01 -.26810458E+01
   .80000000E-01 -.28395295E+01
   .12000000E+00 -.30091685E+01
   .16000000E+00 -.31912602E+01
   .20000000E+00 -.33873118E+01
   .24000000E+00 -.35990846E+01
   .28000000E+00 -.38286499E+01
   .32000000E+00 -.40784605E+01
   .36000000E+00 -.43514426E+01
   .40000000E+00 -.46511157E+01
   .44000000E+00 -.49817512E+01
   .48000000E+00 -.53485848E+01
   .52000000E+00 -.57581042E+01
   .56000000E+00 -.62184480E+01
   .60000000E+00 -.67399658E+01
   .64000000E+00 -.73360242E+01
   .68000000E+00 -.80241924E+01
   .72000000E+00 -.88280351E+01
   .76000000E+00 -.97799079E+01
   .80000000E+00 -.10925479E+02
   .84000000E+00 -.12331362E+02
   .88000000E+00 -.14098677E+02
   .92000000E+00 -.16388717E+02
   .96000000E+00 -.19475536E+02
   .10000000E+01 -.23865351E+02
   .10400000E+01 -.30608447E+02
   .10800000E+01 -.42298670E+02
   .11200000E+01 -.67556043E+02
   .11600000E+01 -.16277557E+03
   .12000000E+01  .42626589E+03
   .12400000E+01  .93675517E+02
   .12800000E+01  .53041420E+02
   .13200000E+01  .37190401E+02
   .13600000E+01  .28744134E+02
   .14000000E+01  .23493978E+02
   .14400000E+01  .19912688E+02
   .14800000E+01  .17312363E+02
   .15200000E+01  .15337491E+02
   .15600000E+01  .13785823E+02
   .16000000E+01  .12533822E+02
   .16400000E+01  .11501764E+02
   .16800000E+01  .10635898E+02
   .17200000E+01  .98986625E+01
   .17600000E+01  .92630214E+01
   .18000000E+01  .87090154E+01
   .18400000E+01  .82215900E+01
   .18800000E+01  .77891754E+01
   .19200000E+01  .74027340E+01
   .19600000E+01  .70551029E+01
   .20000000E+01  .67405323E+01
Core Pot   L  =        1.00000   -.38847
  -.20000000E+01  .92832514E+00
  -.19600000E+01  .90806278E+00
  -.19200000E+01  .88750608E+00
  -.18800000E+01  .86664555E+00
  -.18400000E+01  .84547125E+00
  -.18000000E+01  .82397281E+00
  -.17600000E+01  .80213934E+00
  -.17200000E+01  .77995946E+00
  -.16800000E+01  .75742122E+00
  -.16400000E+01  .73451212E+00
  -.16000000E+01  .71121903E+00
  -.15600000E+01  .68752814E+00
  -.15200000E+01  .66342499E+00
  -.14800000E+01  .63889435E+00
  -.14400000E+01  .61392022E+00
  -.14000000E+01  .58848573E+00
  -.13600000E+01  .56257313E+00
  -.13200000E+01  .53616373E+00
  -.12800000E+01  .50923779E+00
  -.12400000E+01  .48177447E+00
  -.12000000E+01  .45375179E+00
  -.11600000E+01  .42514647E+00
  -.11200000E+01  .39593392E+00
  -.10800000E+01  .36608807E+00
  -.10400000E+01  .33558132E+00
  -.10000000E+01  .30438437E+00
  -.96000000E+00  .27246612E+00
  -.92000000E+00  .23979353E+00
  -.88000000E+00  .20633146E+00
  -.84000000E+00  .17204248E+00
  -.80000000E+00  .13688671E+00
  -.76000000E+00  .10082159E+00
  -.72000000E+00  .63801679E-01
  -.68000000E+00  .25778382E-01
  -.64000000E+00 -.13300324E-01
  -.60000000E+00 -.53490193E-01
  -.56000000E+00 -.94851058E-01
  -.52000000E+00 -.13744720E+00
  -.48000000E+00 -.18134780E+00
  -.44000000E+00 -.22662736E+00
  -.40000000E+00 -.27336629E+00
  -.36000000E+00 -.32165147E+00
  -.32000000E+00 -.37157691E+00
  -.28000000E+00 -.42324453E+00
  -.24000000E+00 -.47676498E+00
  -.20000000E+00 -.53225860E+00
  -.16000000E+00 -.58985654E+00
  -.12000000E+00 -.64970195E+00
  -.80000000E-01 -.71195143E+00
  -.40000000E-01 -.77677665E+00
   .12351231E-14 -.84436615E+00
   .40000000E-01 -.91492755E+00
   .80000000E-01 -.98868997E+00
   .12000000E+00 -.10659069E+01
   .16000000E+00 -.11468596E+01
   .20000000E+00 -.12318608E+01
   .24000000E+00 -.13212596E+01
   .28000000E+00 -.14154466E+01
   .32000000E+00 -.15148603E+01
   .36000000E+00 -.16199947E+01
   .40000000E+00 -.17314086E+01
   .44000000E+00 -.18497364E+01
   .48000000E+00 -.19757012E+01
   .52000000E+00 -.21101309E+01
   .56000000E+00 -.22539783E+01
   .60000000E+00 -.24083452E+01
   .64000000E+00 -.25745127E+01
   .68000000E+00 -.27539796E+01
   .72000000E+00 -.29485101E+01
   .76000000E+00 -.31601958E+01
   .80000000E+00 -.33915354E+01
   .84000000E+00 -.36455381E+01
   .88000000E+00 -.39258621E+01
   .92000000E+00 -.42369984E+01
   .96000000E+00 -.45845230E+01
   .10000000E+01 -.49754453E+01
   .10400000E+01 -.54187002E+01
   .10800000E+01 -.59258585E+01
   .11200000E+01 -.65121758E+01
   .11600000E+01 -.71981866E+01
   .12000000E+01 -.80122039E+01
   .12400000E+01 -.89943877E+01
   .12800000E+01 -.10203665E+02
   .13200000E+01 -.11730144E+02
   .13600000E+01 -.13718878E+02
   .14000000E+01 -.16419289E+02
   .14400000E+01 -.20299606E+02
   .14800000E+01 -.26354236E+02
   .15200000E+01 -.37131637E+02
   .15600000E+01 -.61716795E+02
   .16000000E+01 -.17414348E+03
   .16400000E+01  .22385072E+03
   .16800000E+01  .69245476E+02
   .17200000E+01  .41331798E+02
   .17600000E+01  .29638331E+02
   .18000000E+01  .23206636E+02
   .18400000E+01  .19135234E+02
   .18800000E+01  .16324672E+02
   .19200000E+01  .14266561E+02
   .19600000E+01  .12693442E+02
   .20000000E+01  .11451180E+02
Potential  L  =        1.00000   -.38847
  -.20000000E+01  .91721553E+00
  -.19600000E+01  .89687155E+00
  -.19200000E+01  .87623708E+00
  -.18800000E+01  .85530304E+00
  -.18400000E+01  .83405993E+00
  -.18000000E+01  .81249786E+00
  -.17600000E+01  .79060648E+00
  -.17200000E+01  .76837495E+00
  -.16800000E+01  .74579197E+00
  -.16400000E+01  .72284567E+00
  -.16000000E+01  .69952365E+00
  -.15600000E+01  .67581290E+00
  -.15200000E+01  .65169973E+00
  -.14800000E+01  .62716993E+00
  -.14400000E+01  .60220843E+00
  -.14000000E+01  .57679946E+00
  -.13600000E+01  .55092646E+00
  -.13200000E+01  .52457195E+00
  -.12800000E+01  .49771759E+00
  -.12400000E+01  .47034408E+00
  -.12000000E+01  .44243103E+00
  -.11600000E+01  .41395698E+00
  -.11200000E+01  .38489926E+00
  -.10800000E+01  .35523392E+00
  -.10400000E+01  .32493568E+00
  -.10000000E+01  .29397777E+00
  -.96000000E+00  .26233184E+00
  -.92000000E+00  .22996788E+00
  -.88000000E+00  .19685406E+00
  -.84000000E+00  .16295657E+00
  -.80000000E+00  .12823953E+00
  -.76000000E+00  .92664752E-01
  -.72000000E+00  .56191605E-01
  -.68000000E+00  .18776793E-01
  -.64000000E+00 -.19625861E-01
  -.60000000E+00 -.59065663E-01
  -.56000000E+00 -.99595318E-01
  -.52000000E+00 -.14127123E+00
  -.48000000E+00 -.18415381E+00
  -.44000000E+00 -.22830789E+00
  -.40000000E+00 -.27380309E+00
  -.36000000E+00 -.32071428E+00
  -.32000000E+00 -.36912210E+00
  -.28000000E+00 -.41911351E+00
  -.24000000E+00 -.47078242E+00
  -.20000000E+00 -.52423043E+00
  -.16000000E+00 -.57956761E+00
  -.12000000E+00 -.63691339E+00
  -.80000000E-01 -.69639760E+00
  -.40000000E-01 -.75816165E+00
   .12351231E-14 -.82235978E+00
   .40000000E-01 -.88916062E+00
   .80000000E-01 -.95874888E+00
   .12000000E+00 -.10313273E+01
   .16000000E+00 -.11071191E+01
   .20000000E+00 -.11863700E+01
   .24000000E+00 -.12693522E+01
   .28000000E+00 -.13563670E+01
   .32000000E+00 -.14477494E+01
   .36000000E+00 -.15438727E+01
   .40000000E+00 -.16451543E+01
   .44000000E+00 -.17520624E+01
   .48000000E+00 -.18651236E+01
   .52000000E+00 -.19849331E+01
   .56000000E+00 -.21121652E+01
   .60000000E+00 -.22475880E+01
   .64000000E+00 -.23920793E+01
   .68000000E+00 -.25466476E+01
   .72000000E+00 -.27124571E+01
   .76000000E+00 -.28908591E+01
   .80000000E+00 -.30834308E+01
   .84000000E+00 -.32920252E+01
   .88000000E+00 -.35188335E+01
   .92000000E+00 -.37664663E+01
   .96000000E+00 -.40380590E+01
   .10000000E+01 -.43374106E+01
   .10400000E+01 -.46691690E+01
   .10800000E+01 -.50390824E+01
   .11200000E+01 -.54543450E+01
   .11600000E+01 -.59240827E+01
   .12000000E+01 -.64600476E+01
   .12400000E+01 -.70776364E+01
   .12800000E+01 -.77974219E+01
   .13200000E+01 -.86475275E+01
   .13600000E+01 -.96674416E+01
   .14000000E+01 -.10914404E+02
   .14400000E+01 -.12474641E+02
   .14800000E+01 -.14484380E+02
   .15200000E+01 -.17172232E+02
   .15600000E+01 -.20953494E+02
   .16000000E+01 -.26669598E+02
   .16400000E+01 -.36323260E+02
   .16800000E+01 -.56137279E+02
   .17200000E+01 -.12004447E+03
   .17600000E+01  .10723041E+04
   .18000000E+01  .10012410E+03
   .18400000E+01  .53059597E+02
   .18800000E+01  .36335716E+02
   .19200000E+01  .27761317E+02
   .19600000E+01  .22544189E+02
   .20000000E+01  .19033662E+02
Core Pot   L  =        2.00000   -.40000
  -.20000000E+01  .18054051E+01
  -.19600000E+01  .17953822E+01
  -.19200000E+01  .17853182E+01
  -.18800000E+01  .17752126E+01
  -.18400000E+01  .17650652E+01
  -.18000000E+01  .17548754E+01
  -.17600000E+01  .17446427E+01
  -.17200000E+01  .17343668E+01
  -.16800000E+01  .17240472E+01
  -.16400000E+01  .17136835E+01
  -.16000000E+01  .17032750E+01
  -.15600000E+01  .16928215E+01
  -.15200000E+01  .16823224E+01
  -.14800000E+01  .16717771E+01
  -.14400000E+01  .16611853E+01
  -.14000000E+01  .16505464E+01
  -.13600000E+01  .16398599E+01
  -.13200000E+01  .16291252E+01
  -.12800000E+01  .16183419E+01
  -.12400000E+01  .16075093E+01
  -.12000000E+01  .15966270E+01
  -.11600000E+01  .15856944E+01
  -.11200000E+01  .15747109E+01
  -.10800000E+01  .15636759E+01
  -.10400000E+01  .15525889E+01
  -.10000000E+01  .15414493E+01
  -.96000000E+00  .15302564E+01
  -.92000000E+00  .15190096E+01
  -.88000000E+00  .15077083E+01
  -.84000000E+00  .14963519E+01
  -.80000000E+00  .14849397E+01
  -.76000000E+00  .14734711E+01
  -.72000000E+00  .14619453E+01
  -.68000000E+00  .14503618E+01
  -.64000000E+00  .14387198E+01
  -.60000000E+00  .14270186E+01
  -.56000000E+00  .14152574E+01
  -.52000000E+00  .14034356E+01
  -.48000000E+00  .13915525E+01
  -.44000000E+00  .13796071E+01
  -.40000000E+00  .13675989E+01
  -.36000000E+00  .13555269E+01
  -.32000000E+00  .13433904E+01
  -.28000000E+00  .13311886E+01
  -.24000000E+00  .13189207E+01
  -.20000000E+00  .13065857E+01
  -.16000000E+00  .12941829E+01
  -.12000000E+00  .12817114E+01
  -.80000000E-01  .12691702E+01
  -.40000000E-01  .12565584E+01
   .12351231E-14  .12438752E+01
   .40000000E-01  .12311196E+01
   .80000000E-01  .12182906E+01
   .12000000E+00  .12053873E+01
   .16000000E+00  .11924085E+01
   .20000000E+00  .11793534E+01
   .24000000E+00  .11662209E+01
   .28000000E+00  .11530099E+01
   .32000000E+00  .11397194E+01
   .36000000E+00  .11263482E+01
   .40000000E+00  .11128951E+01
   .44000000E+00  .10993592E+01
   .48000000E+00  .10857391E+01
   .52000000E+00  .10720338E+01
   .56000000E+00  .10582419E+01
   .60000000E+00  .10443623E+01
   .64000000E+00  .10303936E+01
   .68000000E+00  .10163346E+01
   .72000000E+00  .10021839E+01
   .76000000E+00  .98794030E+00
   .80000000E+00  .97360227E+00
   .84000000E+00  .95916845E+00
   .88000000E+00  .94463741E+00
   .92000000E+00  .93000767E+00
   .96000000E+00  .91527774E+00
   .10000000E+01  .90044608E+00
   .10400000E+01  .88551113E+00
   .10800000E+01  .87047128E+00
   .11200000E+01  .85532489E+00
   .11600000E+01  .84007031E+00
   .12000000E+01  .82470580E+00
   .12400000E+01  .80922964E+00
   .12800000E+01  .79364002E+00
   .13200000E+01  .77793512E+00
   .13600000E+01  .76211306E+00
   .14000000E+01  .74617194E+00
   .14400000E+01  .73010980E+00
   .14800000E+01  .71392462E+00
   .15200000E+01  .69761437E+00
   .15600000E+01  .68117693E+00
   .16000000E+01  .66461017E+00
   .16400000E+01  .64791187E+00
   .16800000E+01  .63107979E+00
   .17200000E+01  .61411161E+00
   .17600000E+01  .59700497E+00
   .18000000E+01  .57975746E+00
   .18400000E+01  .56236657E+00
   .18800000E+01  .54482978E+00
   .19200000E+01  .52714446E+00
   .19600000E+01  .50930795E+00
   .20000000E+01  .49131751E+00
Potential  L  =        2.00000   -.40000
  -.20000000E+01  .18054176E+01
  -.19600000E+01  .17953938E+01
  -.19200000E+01  .17853289E+01
  -.18800000E+01  .17752225E+01
  -.18400000E+01  .17650742E+01
  -.18000000E+01  .17548835E+01
  -.17600000E+01  .17446501E+01
  -.17200000E+01  .17343734E+01
  -.16800000E+01  .17240530E+01
  -.16400000E+01  .17136885E+01
  -.16000000E+01  .17032793E+01
  -.15600000E+01  .16928251E+01
  -.15200000E+01  .16823252E+01
  -.14800000E+01  .16717793E+01
  -.14400000E+01  .16611868E+01
  -.14000000E+01  .16505473E+01
  -.13600000E+01  .16398601E+01
  -.13200000E+01  .16291249E+01
  -.12800000E+01  .16183410E+01
  -.12400000E+01  .16075079E+01
  -.12000000E+01  .15966251E+01
  -.11600000E+01  .15856920E+01
  -.11200000E+01  .15747081E+01
  -.10800000E+01  .15636727E+01
  -.10400000E+01  .15525853E+01
  -.10000000E+01  .15414453E+01
  -.96000000E+00  .15302521E+01
  -.92000000E+00  .15190050E+01
  -.88000000E+00  .15077035E+01
  -.84000000E+00  .14963470E+01
  -.80000000E+00  .14849346E+01
  -.76000000E+00  .14734659E+01
  -.72000000E+00  .14619401E+01
  -.68000000E+00  .14503566E+01
  -.64000000E+00  .14387146E+01
  -.60000000E+00  .14270135E+01
  -.56000000E+00  .14152526E+01
  -.52000000E+00  .14034310E+01
  -.48000000E+00  .13915481E+01
  -.44000000E+00  .13796032E+01
  -.40000000E+00  .13675953E+01
  -.36000000E+00  .13555238E+01
  -.32000000E+00  .13433879E+01
  -.28000000E+00  .13311868E+01
  -.24000000E+00  .13189195E+01
  -.20000000E+00  .13065854E+01
  -.16000000E+00  .12941834E+01
  -.12000000E+00  .12817128E+01
  -.80000000E-01  .12691727E+01
  -.40000000E-01  .12565621E+01
   .12351231E-14  .12438801E+01
   .40000000E-01  .12311259E+01
   .80000000E-01  .12182983E+01
   .12000000E+00  .12053965E+01
   .16000000E+00  .11924195E+01
   .20000000E+00  .11793662E+01
   .24000000E+00  .11662356E+01
   .28000000E+00  .11530266E+01
   .32000000E+00  .11397383E+01
   .36000000E+00  .11263693E+01
   .40000000E+00  .11129188E+01
   .44000000E+00  .10993855E+01
   .48000000E+00  .10857682E+01
   .52000000E+00  .10720657E+01
   .56000000E+00  .10582769E+01
   .60000000E+00  .10444006E+01
   .64000000E+00  .10304353E+01
   .68000000E+00  .10163800E+01
   .72000000E+00  .10022331E+01
   .76000000E+00  .98799351E+00
   .80000000E+00  .97365971E+00
   .84000000E+00  .95923035E+00
   .88000000E+00  .94470398E+00
   .92000000E+00  .93007916E+00
   .96000000E+00  .91535438E+00
   .10000000E+01  .90052813E+00
   .10400000E+01  .88559885E+00
   .10800000E+01  .87056494E+00
   .11200000E+01  .85542479E+00
   .11600000E+01  .84017673E+00
   .12000000E+01  .82481905E+00
   .12400000E+01  .80935003E+00
   .12800000E+01  .79376789E+00
   .13200000E+01  .77807081E+00
   .13600000E+01  .76225694E+00
   .14000000E+01  .74632436E+00
   .14400000E+01  .73027115E+00
   .14800000E+01  .71409531E+00
   .15200000E+01  .69779480E+00
   .15600000E+01  .68136754E+00
   .16000000E+01  .66481141E+00
   .16400000E+01  .64812420E+00
   .16800000E+01  .63130370E+00
   .17200000E+01  .61434762E+00
   .17600000E+01  .59725359E+00
   .18000000E+01  .58001921E+00
   .18400000E+01  .56264204E+00
   .18800000E+01  .54511955E+00
   .19200000E+01  .52744915E+00
   .19600000E+01  .50962820E+00
   .20000000E+01  .49165397E+00
Core Pot   L  =        3.00000    .00000
  -.20000000E+01  .24553734E+01
  -.19600000E+01  .24479370E+01
  -.19200000E+01  .24404832E+01
  -.18800000E+01  .24330120E+01
  -.18400000E+01  .24255233E+01
  -.18000000E+01  .24180169E+01
  -.17600000E+01  .24104927E+01
  -.17200000E+01  .24029507E+01
  -.16800000E+01  .23953907E+01
  -.16400000E+01  .23878126E+01
  -.16000000E+01  .23802163E+01
  -.15600000E+01  .23726016E+01
  -.15200000E+01  .23649686E+01
  -.14800000E+01  .23573170E+01
  -.14400000E+01  .23496467E+01
  -.14000000E+01  .23419577E+01
  -.13600000E+01  .23342498E+01
  -.13200000E+01  .23265228E+01
  -.12800000E+01  .23187768E+01
  -.12400000E+01  .23110114E+01
  -.12000000E+01  .23032267E+01
  -.11600000E+01  .22954226E+01
  -.11200000E+01  .22875988E+01
  -.10800000E+01  .22797552E+01
  -.10400000E+01  .22718918E+01
  -.10000000E+01  .22640083E+01
  -.96000000E+00  .22561048E+01
  -.92000000E+00  .22481810E+01
  -.88000000E+00  .22402368E+01
  -.84000000E+00  .22322720E+01
  -.80000000E+00  .22242866E+01
  -.76000000E+00  .22162805E+01
  -.72000000E+00  .22082533E+01
  -.68000000E+00  .22002051E+01
  -.64000000E+00  .21921358E+01
  -.60000000E+00  .21840450E+01
  -.56000000E+00  .21759328E+01
  -.52000000E+00  .21677989E+01
  -.48000000E+00  .21596432E+01
  -.44000000E+00  .21514656E+01
  -.40000000E+00  .21432660E+01
  -.36000000E+00  .21350441E+01
  -.32000000E+00  .21267998E+01
  -.28000000E+00  .21185330E+01
  -.24000000E+00  .21102435E+01
  -.20000000E+00  .21019312E+01
  -.16000000E+00  .20935959E+01
  -.12000000E+00  .20852374E+01
  -.80000000E-01  .20768556E+01
  -.40000000E-01  .20684503E+01
   .12351231E-14  .20600214E+01
   .40000000E-01  .20515687E+01
   .80000000E-01  .20430920E+01
   .12000000E+00  .20345911E+01
   .16000000E+00  .20260660E+01
   .20000000E+00  .20175163E+01
   .24000000E+00  .20089420E+01
   .28000000E+00  .20003428E+01
   .32000000E+00  .19917186E+01
   .36000000E+00  .19830693E+01
   .40000000E+00  .19743945E+01
   .44000000E+00  .19656942E+01
   .48000000E+00  .19569681E+01
   .52000000E+00  .19482161E+01
   .56000000E+00  .19394379E+01
   .60000000E+00  .19306335E+01
   .64000000E+00  .19218025E+01
   .68000000E+00  .19129448E+01
   .72000000E+00  .19040602E+01
   .76000000E+00  .18951485E+01
   .80000000E+00  .18862094E+01
   .84000000E+00  .18772429E+01
   .88000000E+00  .18682486E+01
   .92000000E+00  .18592264E+01
   .96000000E+00  .18501760E+01
   .10000000E+01  .18410973E+01
   .10400000E+01  .18319900E+01
   .10800000E+01  .18228539E+01
   .11200000E+01  .18136888E+01
   .11600000E+01  .18044944E+01
   .12000000E+01  .17952706E+01
   .12400000E+01  .17860171E+01
   .12800000E+01  .17767336E+01
   .13200000E+01  .17674200E+01
   .13600000E+01  .17580759E+01
   .14000000E+01  .17487012E+01
   .14400000E+01  .17392957E+01
   .14800000E+01  .17298590E+01
   .15200000E+01  .17203909E+01
   .15600000E+01  .17108912E+01
   .16000000E+01  .17013596E+01
   .16400000E+01  .16917958E+01
   .16800000E+01  .16821997E+01
   .17200000E+01  .16725708E+01
   .17600000E+01  .16629091E+01
   .18000000E+01  .16532141E+01
   .18400000E+01  .16434857E+01
   .18800000E+01  .16337235E+01
   .19200000E+01  .16239273E+01
   .19600000E+01  .16140967E+01
   .20000000E+01  .16042316E+01
Potential  L  =        3.00000    .00000
  -.20000000E+01  .24554655E+01
  -.19600000E+01  .24480287E+01
  -.19200000E+01  .24405744E+01
  -.18800000E+01  .24331027E+01
  -.18400000E+01  .24256135E+01
  -.18000000E+01  .24181066E+01
  -.17600000E+01  .24105819E+01
  -.17200000E+01  .24030394E+01
  -.16800000E+01  .23954789E+01
  -.16400000E+01  .23879002E+01
  -.16000000E+01  .23803034E+01
  -.15600000E+01  .23726882E+01
  -.15200000E+01  .23650546E+01
  -.14800000E+01  .23574024E+01
  -.14400000E+01  .23497316E+01
  -.14000000E+01  .23420420E+01
  -.13600000E+01  .23343335E+01
  -.13200000E+01  .23266060E+01
  -.12800000E+01  .23188593E+01
  -.12400000E+01  .23110934E+01
  -.12000000E+01  .23033081E+01
  -.11600000E+01  .22955033E+01
  -.11200000E+01  .22876789E+01
  -.10800000E+01  .22798347E+01
  -.10400000E+01  .22719706E+01
  -.10000000E+01  .22640865E+01
  -.96000000E+00  .22561823E+01
  -.92000000E+00  .22482578E+01
  -.88000000E+00  .22403129E+01
  -.84000000E+00  .22323474E+01
  -.80000000E+00  .22243613E+01
  -.76000000E+00  .22163544E+01
  -.72000000E+00  .22083265E+01
  -.68000000E+00  .22002776E+01
  -.64000000E+00  .21922074E+01
  -.60000000E+00  .21841159E+01
  -.56000000E+00  .21760029E+01
  -.52000000E+00  .21678682E+01
  -.48000000E+00  .21597117E+01
  -.44000000E+00  .21515333E+01
  -.40000000E+00  .21433327E+01
  -.36000000E+00  .21351100E+01
  -.32000000E+00  .21268648E+01
  -.28000000E+00  .21185971E+01
  -.24000000E+00  .21103067E+01
  -.20000000E+00  .21019935E+01
  -.16000000E+00  .20936572E+01
  -.12000000E+00  .20852977E+01
  -.80000000E-01  .20769149E+01
  -.40000000E-01  .20685087E+01
   .12351231E-14  .20600787E+01
   .40000000E-01  .20516249E+01
   .80000000E-01  .20431472E+01
   .12000000E+00  .20346452E+01
   .16000000E+00  .20261190E+01
   .20000000E+00  .20175682E+01
   .24000000E+00  .20089927E+01
   .28000000E+00  .20003924E+01
   .32000000E+00  .19917670E+01
   .36000000E+00  .19831164E+01
   .40000000E+00  .19744404E+01
   .44000000E+00  .19657388E+01
   .48000000E+00  .19570114E+01
   .52000000E+00  .19482581E+01
   .56000000E+00  .19394786E+01
   .60000000E+00  .19306727E+01
   .64000000E+00  .19218404E+01
   .68000000E+00  .19129812E+01
   .72000000E+00  .19040952E+01
   .76000000E+00  .18951820E+01
   .80000000E+00  .18862414E+01
   .84000000E+00  .18772733E+01
   .88000000E+00  .18682775E+01
   .92000000E+00  .18592537E+01
   .96000000E+00  .18502017E+01
   .10000000E+01  .18411213E+01
   .10400000E+01  .18320123E+01
   .10800000E+01  .18228744E+01
   .11200000E+01  .18137075E+01
   .11600000E+01  .18045114E+01
   .12000000E+01  .17952857E+01
   .12400000E+01  .17860303E+01
   .12800000E+01  .17767449E+01
   .13200000E+01  .17674293E+01
   .13600000E+01  .17580832E+01
   .14000000E+01  .17487065E+01
   .14400000E+01  .17392988E+01
   .14800000E+01  .17298600E+01
   .15200000E+01  .17203898E+01
   .15600000E+01  .17108878E+01
   .16000000E+01  .17013540E+01
   .16400000E+01  .16917879E+01
   .16800000E+01  .16821894E+01
   .17200000E+01  .16725582E+01
   .17600000E+01  .16628940E+01
   .18000000E+01  .16531965E+01
   .18400000E+01  .16434655E+01
   .18800000E+01  .16337007E+01
   .19200000E+01  .16239018E+01
   .19600000E+01  .16140685E+01
   .20000000E+01  .16042006E+01
Core Pot   L  =        4.00000    .00000
  -.20000000E+01  .30769351E+01
  -.19600000E+01  .30709341E+01
  -.19200000E+01  .30649245E+01
  -.18800000E+01  .30589050E+01
  -.18400000E+01  .30528755E+01
  -.18000000E+01  .30468359E+01
  -.17600000E+01  .30407880E+01
  -.17200000E+01  .30347320E+01
  -.16800000E+01  .30286652E+01
  -.16400000E+01  .30225886E+01
  -.16000000E+01  .30165017E+01
  -.15600000E+01  .30104065E+01
  -.15200000E+01  .30043005E+01
  -.14800000E+01  .29981837E+01
  -.14400000E+01  .29920586E+01
  -.14000000E+01  .29859250E+01
  -.13600000E+01  .29797802E+01
  -.13200000E+01  .29736249E+01
  -.12800000E+01  .29674602E+01
  -.12400000E+01  .29612855E+01
  -.12000000E+01  .29551006E+01
  -.11600000E+01  .29489042E+01
  -.11200000E+01  .29427009E+01
  -.10800000E+01  .29364854E+01
  -.10400000E+01  .29302594E+01
  -.10000000E+01  .29240236E+01
  -.96000000E+00  .29177778E+01
  -.92000000E+00  .29115214E+01
  -.88000000E+00  .29052530E+01
  -.84000000E+00  .28989776E+01
  -.80000000E+00  .28926890E+01
  -.76000000E+00  .28863910E+01
  -.72000000E+00  .28800819E+01
  -.68000000E+00  .28737626E+01
  -.64000000E+00  .28674321E+01
  -.60000000E+00  .28610898E+01
  -.56000000E+00  .28547397E+01
  -.52000000E+00  .28483771E+01
  -.48000000E+00  .28420034E+01
  -.44000000E+00  .28356191E+01
  -.40000000E+00  .28292236E+01
  -.36000000E+00  .28228176E+01
  -.32000000E+00  .28163985E+01
  -.28000000E+00  .28099720E+01
  -.24000000E+00  .28035319E+01
  -.20000000E+00  .27970812E+01
  -.16000000E+00  .27906190E+01
  -.12000000E+00  .27841452E+01
  -.80000000E-01  .27776607E+01
  -.40000000E-01  .27711631E+01
   .12351231E-14  .27646571E+01
   .40000000E-01  .27581378E+01
   .80000000E-01  .27516065E+01
   .12000000E+00  .27450644E+01
   .16000000E+00  .27385105E+01
   .20000000E+00  .27319449E+01
   .24000000E+00  .27253672E+01
   .28000000E+00  .27187775E+01
   .32000000E+00  .27121762E+01
   .36000000E+00  .27055628E+01
   .40000000E+00  .26989379E+01
   .44000000E+00  .26923006E+01
   .48000000E+00  .26856509E+01
   .52000000E+00  .26789895E+01
   .56000000E+00  .26723154E+01
   .60000000E+00  .26656293E+01
   .64000000E+00  .26589312E+01
   .68000000E+00  .26522202E+01
   .72000000E+00  .26454967E+01
   .76000000E+00  .26387607E+01
   .80000000E+00  .26320124E+01
   .84000000E+00  .26252515E+01
   .88000000E+00  .26184777E+01
   .92000000E+00  .26116911E+01
   .96000000E+00  .26048919E+01
   .10000000E+01  .25980796E+01
   .10400000E+01  .25912543E+01
   .10800000E+01  .25844161E+01
   .11200000E+01  .25775648E+01
   .11600000E+01  .25707005E+01
   .12000000E+01  .25638229E+01
   .12400000E+01  .25569319E+01
   .12800000E+01  .25500277E+01
   .13200000E+01  .25431101E+01
   .13600000E+01  .25361790E+01
   .14000000E+01  .25292345E+01
   .14400000E+01  .25222763E+01
   .14800000E+01  .25153044E+01
   .15200000E+01  .25083188E+01
   .15600000E+01  .25013195E+01
   .16000000E+01  .24943062E+01
   .16400000E+01  .24872790E+01
   .16800000E+01  .24802379E+01
   .17200000E+01  .24731827E+01
   .17600000E+01  .24661132E+01
   .18000000E+01  .24590296E+01
   .18400000E+01  .24519317E+01
   .18800000E+01  .24448194E+01
   .19200000E+01  .24376926E+01
   .19600000E+01  .24305514E+01
   .20000000E+01  .24233956E+01
Potential  L  =        4.00000    .00000
  -.20000000E+01  .30770578E+01
  -.19600000E+01  .30710574E+01
  -.19200000E+01  .30650477E+01
  -.18800000E+01  .30590286E+01
  -.18400000E+01  .30530002E+01
  -.18000000E+01  .30469623E+01
  -.17600000E+01  .30409149E+01
  -.17200000E+01  .30348580E+01
  -.16800000E+01  .30287915E+01
  -.16400000E+01  .30227155E+01
  -.16000000E+01  .30166298E+01
  -.15600000E+01  .30105344E+01
  -.15200000E+01  .30044294E+01
  -.14800000E+01  .29983146E+01
  -.14400000E+01  .29921900E+01
  -.14000000E+01  .29860555E+01
  -.13600000E+01  .29799112E+01
  -.13200000E+01  .29737570E+01
  -.12800000E+01  .29675928E+01
  -.12400000E+01  .29614186E+01
  -.12000000E+01  .29552344E+01
  -.11600000E+01  .29490400E+01
  -.11200000E+01  .29428356E+01
  -.10800000E+01  .29366210E+01
  -.10400000E+01  .29303962E+01
  -.10000000E+01  .29241610E+01
  -.96000000E+00  .29179156E+01
  -.92000000E+00  .29116598E+01
  -.88000000E+00  .29053937E+01
  -.84000000E+00  .28991171E+01
  -.80000000E+00  .28928300E+01
  -.76000000E+00  .28865324E+01
  -.72000000E+00  .28802243E+01
  -.68000000E+00  .28739054E+01
  -.64000000E+00  .28675760E+01
  -.60000000E+00  .28612358E+01
  -.56000000E+00  .28548848E+01
  -.52000000E+00  .28485231E+01
  -.48000000E+00  .28421505E+01
  -.44000000E+00  .28357670E+01
  -.40000000E+00  .28293725E+01
  -.36000000E+00  .28229670E+01
  -.32000000E+00  .28165505E+01
  -.28000000E+00  .28101229E+01
  -.24000000E+00  .28036841E+01
  -.20000000E+00  .27972341E+01
  -.16000000E+00  .27907729E+01
  -.12000000E+00  .27843004E+01
  -.80000000E-01  .27778165E+01
  -.40000000E-01  .27713212E+01
   .12351231E-14  .27648145E+01
   .40000000E-01  .27582962E+01
   .80000000E-01  .27517664E+01
   .12000000E+00  .27452250E+01
   .16000000E+00  .27386719E+01
   .20000000E+00  .27321071E+01
   .24000000E+00  .27255306E+01
   .28000000E+00  .27189421E+01
   .32000000E+00  .27123419E+01
   .36000000E+00  .27057296E+01
   .40000000E+00  .26991054E+01
   .44000000E+00  .26924692E+01
   .48000000E+00  .26858208E+01
   .52000000E+00  .26791602E+01
   .56000000E+00  .26724875E+01
   .60000000E+00  .26658025E+01
   .64000000E+00  .26591051E+01
   .68000000E+00  .26523954E+01
   .72000000E+00  .26456732E+01
   .76000000E+00  .26389385E+01
   .80000000E+00  .26321912E+01
   .84000000E+00  .26254313E+01
   .88000000E+00  .26186587E+01
   .92000000E+00  .26118734E+01
   .96000000E+00  .26050752E+01
   .10000000E+01  .25982642E+01
   .10400000E+01  .25914402E+01
   .10800000E+01  .25846033E+01
   .11200000E+01  .25777532E+01
   .11600000E+01  .25708901E+01
   .12000000E+01  .25640138E+01
   .12400000E+01  .25571242E+01
   .12800000E+01  .25502213E+01
   .13200000E+01  .25433050E+01
   .13600000E+01  .25363753E+01
   .14000000E+01  .25294320E+01
   .14400000E+01  .25224752E+01
   .14800000E+01  .25155047E+01
   .15200000E+01  .25085205E+01
   .15600000E+01  .25015225E+01
   .16000000E+01  .24945107E+01
   .16400000E+01  .24874850E+01
   .16800000E+01  .24804452E+01
   .17200000E+01  .24733914E+01
   .17600000E+01  .24663235E+01
   .18000000E+01  .24592413E+01
   .18400000E+01  .24521449E+01
   .18800000E+01  .24450341E+01
   .19200000E+01  .24379089E+01
   .19600000E+01  .24307693E+01
   .20000000E+01  .24236150E+01
KBPotential  L  =       .00000  -2.02132
  -.20000000E+01  .39211552E+00
  -.19600000E+01  .36500604E+00
  -.19200000E+01  .33742553E+00
  -.18800000E+01  .30935783E+00
  -.18400000E+01  .28078602E+00
  -.18000000E+01  .25169236E+00
  -.17600000E+01  .22205825E+00
  -.17200000E+01  .19186416E+00
  -.16800000E+01  .16108960E+00
  -.16400000E+01  .12971305E+00
  -.16000000E+01  .97711866E-01
  -.15600000E+01  .65062247E-01
  -.15200000E+01  .31739133E-01
  -.14800000E+01 -.22838689E-02
  -.14400000E+01 -.37034579E-01
  -.14000000E+01 -.72542340E-01
  -.13600000E+01 -.10883812E+00
  -.13200000E+01 -.14595466E+00
  -.12800000E+01 -.18392650E+00
  -.12400000E+01 -.22279028E+00
  -.12000000E+01 -.26258472E+00
  -.11600000E+01 -.30335088E+00
  -.11200000E+01 -.34513232E+00
  -.10800000E+01 -.38797527E+00
  -.10400000E+01 -.43192885E+00
  -.10000000E+01 -.47704530E+00
  -.96000000E+00 -.52338026E+00
  -.92000000E+00 -.57099298E+00
  -.88000000E+00 -.61994671E+00
  -.84000000E+00 -.67030897E+00
  -.80000000E+00 -.72215195E+00
  -.76000000E+00 -.77555292E+00
  -.72000000E+00 -.83059466E+00
  -.68000000E+00 -.88736601E+00
  -.64000000E+00 -.94596241E+00
  -.60000000E+00 -.10064865E+01
  -.56000000E+00 -.10690488E+01
  -.52000000E+00 -.11337687E+01
  -.48000000E+00 -.12007749E+01
  -.44000000E+00 -.12702068E+01
  -.40000000E+00 -.13422154E+01
  -.36000000E+00 -.14169647E+01
  -.32000000E+00 -.14946329E+01
  -.28000000E+00 -.15754142E+01
  -.24000000E+00 -.16595203E+01
  -.20000000E+00 -.17471829E+01
  -.16000000E+00 -.18386558E+01
  -.12000000E+00 -.19342176E+01
  -.80000000E-01 -.20341749E+01
  -.40000000E-01 -.21388659E+01
   .12351231E-14 -.22486647E+01
   .40000000E-01 -.23639858E+01
   .80000000E-01 -.24852902E+01
   .12000000E+00 -.26130916E+01
   .16000000E+00 -.27479648E+01
   .20000000E+00 -.28905544E+01
   .24000000E+00 -.30415862E+01
   .28000000E+00 -.32018801E+01
   .32000000E+00 -.33723660E+01
   .36000000E+00 -.35541031E+01
   .40000000E+00 -.37483026E+01
   .44000000E+00 -.39563567E+01
   .48000000E+00 -.41798732E+01
   .52000000E+00 -.44207192E+01
   .56000000E+00 -.46810753E+01
   .60000000E+00 -.49635047E+01
   .64000000E+00 -.52710406E+01
   .68000000E+00 -.56072992E+01
   .72000000E+00 -.59766269E+01
   .76000000E+00 -.63842947E+01
   .80000000E+00 -.68367565E+01
   .84000000E+00 -.73420040E+01
   .88000000E+00 -.79100501E+01
   .92000000E+00 -.85536097E+01
   .96000000E+00 -.92890867E+01
   .10000000E+01 -.10138002E+02
   .10400000E+01 -.11129168E+02
   .10800000E+01 -.12302063E+02
   .11200000E+01 -.13712262E+02
   .11600000E+01 -.15440575E+02
   .12000000E+01 -.17609216E+02
   .12400000E+01 -.20412195E+02
   .12800000E+01 -.24177134E+02
   .13200000E+01 -.29504187E+02
   .13600000E+01 -.37623886E+02
   .14000000E+01 -.51519384E+02
   .14400000E+01 -.80772430E+02
   .14800000E+01 -.18237729E+03
   .15200000E+01  .77633873E+03
   .15600000E+01  .12595734E+03
   .16000000E+01  .69080609E+02
   .16400000E+01  .47839004E+02
   .16800000E+01  .36728011E+02
   .17200000E+01  .29893611E+02
   .17600000E+01  .25263670E+02
   .18000000E+01  .21918580E+02
   .18400000E+01  .19387783E+02
   .18800000E+01  .17405500E+02
   .19200000E+01  .15810259E+02
   .19600000E+01  .14498302E+02
   .20000000E+01  .13399914E+02
KBPotential  L  =      1.00000   -.77694
  -.20000000E+01  .92827993E+00
  -.19600000E+01  .90801727E+00
  -.19200000E+01  .88746027E+00
  -.18800000E+01  .86659945E+00
  -.18400000E+01  .84542488E+00
  -.18000000E+01  .82392616E+00
  -.17600000E+01  .80209242E+00
  -.17200000E+01  .77991227E+00
  -.16800000E+01  .75737378E+00
  -.16400000E+01  .73446443E+00
  -.16000000E+01  .71117109E+00
  -.15600000E+01  .68747997E+00
  -.15200000E+01  .66337658E+00
  -.14800000E+01  .63884571E+00
  -.14400000E+01  .61387135E+00
  -.14000000E+01  .58843664E+00
  -.13600000E+01  .56252384E+00
  -.13200000E+01  .53611424E+00
  -.12800000E+01  .50918804E+00
  -.12400000E+01  .48172454E+00
  -.12000000E+01  .45370166E+00
  -.11600000E+01  .42509621E+00
  -.11200000E+01  .39588347E+00
  -.10800000E+01  .36603743E+00
  -.10400000E+01  .33553049E+00
  -.10000000E+01  .30433336E+00
  -.96000000E+00  .27241493E+00
  -.92000000E+00  .23974215E+00
  -.88000000E+00  .20627990E+00
  -.84000000E+00  .17199072E+00
  -.80000000E+00  .13683474E+00
  -.76000000E+00  .10076942E+00
  -.72000000E+00  .63749296E-01
  -.68000000E+00  .25725777E-01
  -.64000000E+00 -.13353164E-01
  -.60000000E+00 -.53543282E-01
  -.56000000E+00 -.94904412E-01
  -.52000000E+00 -.13750084E+00
  -.48000000E+00 -.18140174E+00
  -.44000000E+00 -.22668164E+00
  -.40000000E+00 -.27342094E+00
  -.36000000E+00 -.32170651E+00
  -.32000000E+00 -.37163239E+00
  -.28000000E+00 -.42330050E+00
  -.24000000E+00 -.47682148E+00
  -.20000000E+00 -.53231570E+00
  -.16000000E+00 -.58991430E+00
  -.12000000E+00 -.64976046E+00
  -.80000000E-01 -.71201078E+00
  -.40000000E-01 -.77683693E+00
   .12351231E-14 -.84442749E+00
   .40000000E-01 -.91499007E+00
   .80000000E-01 -.98875383E+00
   .12000000E+00 -.10659723E+01
   .16000000E+00 -.11469267E+01
   .20000000E+00 -.12319299E+01
   .24000000E+00 -.13213309E+01
   .28000000E+00 -.14155204E+01
   .32000000E+00 -.15149370E+01
   .36000000E+00 -.16200747E+01
   .40000000E+00 -.17314924E+01
   .44000000E+00 -.18498246E+01
   .48000000E+00 -.19757943E+01
   .52000000E+00 -.21102298E+01
   .56000000E+00 -.22540840E+01
   .60000000E+00 -.24084587E+01
   .64000000E+00 -.25746354E+01
   .68000000E+00 -.27541129E+01
   .72000000E+00 -.29486560E+01
   .76000000E+00 -.31603567E+01
   .80000000E+00 -.33917139E+01
   .84000000E+00 -.36457379E+01
   .88000000E+00 -.39260874E+01
   .92000000E+00 -.42372548E+01
   .96000000E+00 -.45848175E+01
   .10000000E+01 -.49757869E+01
   .10400000E+01 -.54191007E+01
   .10800000E+01 -.59263335E+01
   .11200000E+01 -.65127466E+01
   .11600000E+01 -.71988828E+01
   .12000000E+01 -.80130674E+01
   .12400000E+01 -.89954800E+01
   .12800000E+01 -.10205080E+02
   .13200000E+01 -.11732029E+02
   .13600000E+01 -.13721484E+02
   .14000000E+01 -.16423066E+02
   .14400000E+01 -.20305461E+02
   .14800000E+01 -.26364260E+02
   .15200000E+01 -.37151878E+02
   .15600000E+01 -.61773755E+02
   .16000000E+01 -.17460660E+03
   .16400000E+01  .22307461E+03
   .16800000E+01  .69169441E+02
   .17200000E+01  .41304094E+02
   .17600000E+01  .29623755E+02
   .18000000E+01  .23197488E+02
   .18400000E+01  .19128863E+02
   .18800000E+01  .16319920E+02
   .19200000E+01  .14262840E+02
   .19600000E+01  .12690420E+02
   .20000000E+01  .11448656E+02
KBPotential  L  =      2.00000    .00000
  -.20000000E+01  .18054176E+01
  -.19600000E+01  .17953938E+01
  -.19200000E+01  .17853289E+01
  -.18800000E+01  .17752225E+01
  -.18400000E+01  .17650742E+01
  -.18000000E+01  .17548835E+01
  -.17600000E+01  .17446501E+01
  -.17200000E+01  .17343734E+01
  -.16800000E+01  .17240530E+01
  -.16400000E+01  .17136885E+01
  -.16000000E+01  .17032793E+01
  -.15600000E+01  .16928251E+01
  -.15200000E+01  .16823252E+01
  -.14800000E+01  .16717793E+01
  -.14400000E+01  .16611868E+01
  -.14000000E+01  .16505473E+01
  -.13600000E+01  .16398601E+01
  -.13200000E+01  .16291249E+01
  -.12800000E+01  .16183410E+01
  -.12400000E+01  .16075079E+01
  -.12000000E+01  .15966251E+01
  -.11600000E+01  .15856920E+01
  -.11200000E+01  .15747081E+01
  -.10800000E+01  .15636727E+01
  -.10400000E+01  .15525853E+01
  -.10000000E+01  .15414453E+01
  -.96000000E+00  .15302521E+01
  -.92000000E+00  .15190050E+01
  -.88000000E+00  .15077035E+01
  -.84000000E+00  .14963470E+01
  -.80000000E+00  .14849346E+01
  -.76000000E+00  .14734659E+01
  -.72000000E+00  .14619401E+01
  -.68000000E+00  .14503566E+01
  -.64000000E+00  .14387146E+01
  -.60000000E+00  .14270135E+01
  -.56000000E+00  .14152526E+01
  -.52000000E+00  .14034310E+01
  -.48000000E+00  .13915481E+01
  -.44000000E+00  .13796032E+01
  -.40000000E+00  .13675953E+01
  -.36000000E+00  .13555238E+01
  -.32000000E+00  .13433879E+01
  -.28000000E+00  .13311868E+01
  -.24000000E+00  .13189195E+01
  -.20000000E+00  .13065854E+01
  -.16000000E+00  .12941834E+01
  -.12000000E+00  .12817128E+01
  -.80000000E-01  .12691727E+01
  -.40000000E-01  .12565621E+01
   .12351231E-14  .12438801E+01
   .40000000E-01  .12311259E+01
   .80000000E-01  .12182983E+01
   .12000000E+00  .12053965E+01
   .16000000E+00  .11924195E+01
   .20000000E+00  .11793662E+01
   .24000000E+00  .11662356E+01
   .28000000E+00  .11530266E+01
   .32000000E+00  .11397383E+01
   .36000000E+00  .11263693E+01
   .40000000E+00  .11129188E+01
   .44000000E+00  .10993855E+01
   .48000000E+00  .10857682E+01
   .52000000E+00  .10720657E+01
   .56000000E+00  .10582769E+01
   .60000000E+00  .10444006E+01
   .64000000E+00  .10304353E+01
   .68000000E+00  .10163800E+01
   .72000000E+00  .10022331E+01
   .76000000E+00  .98799351E+00
   .80000000E+00  .97365971E+00
   .84000000E+00  .95923035E+00
   .88000000E+00  .94470398E+00
   .92000000E+00  .93007916E+00
   .96000000E+00  .91535438E+00
   .10000000E+01  .90052813E+00
   .10400000E+01  .88559885E+00
   .10800000E+01  .87056494E+00
   .11200000E+01  .85542479E+00
   .11600000E+01  .84017673E+00
   .12000000E+01  .82481905E+00
   .12400000E+01  .80935003E+00
   .12800000E+01  .79376789E+00
   .13200000E+01  .77807081E+00
   .13600000E+01  .76225694E+00
   .14000000E+01  .74632436E+00
   .14400000E+01  .73027115E+00
   .14800000E+01  .71409531E+00
   .15200000E+01  .69779480E+00
   .15600000E+01  .68136754E+00
   .16000000E+01  .66481141E+00
   .16400000E+01  .64812420E+00
   .16800000E+01  .63130370E+00
   .17200000E+01  .61434762E+00
   .17600000E+01  .59725359E+00
   .18000000E+01  .58001921E+00
   .18400000E+01  .56264204E+00
   .18800000E+01  .54511955E+00
   .19200000E+01  .52744915E+00
   .19600000E+01  .50962820E+00
   .20000000E+01  .49165397E+00
KBPotential  L  =      3.00000    .00000
  -.20000000E+01  .24554655E+01
  -.19600000E+01  .24480287E+01
  -.19200000E+01  .24405744E+01
  -.18800000E+01  .24331027E+01
  -.18400000E+01  .24256135E+01
  -.18000000E+01  .24181066E+01
  -.17600000E+01  .24105819E+01
  -.17200000E+01  .24030394E+01
  -.16800000E+01  .23954789E+01
  -.16400000E+01  .23879002E+01
  -.16000000E+01  .23803034E+01
  -.15600000E+01  .23726882E+01
  -.15200000E+01  .23650546E+01
  -.14800000E+01  .23574024E+01
  -.14400000E+01  .23497316E+01
  -.14000000E+01  .23420420E+01
  -.13600000E+01  .23343335E+01
  -.13200000E+01  .23266060E+01
  -.12800000E+01  .23188593E+01
  -.12400000E+01  .23110934E+01
  -.12000000E+01  .23033081E+01
  -.11600000E+01  .22955033E+01
  -.11200000E+01  .22876789E+01
  -.10800000E+01  .22798347E+01
  -.10400000E+01  .22719706E+01
  -.10000000E+01  .22640865E+01
  -.96000000E+00  .22561823E+01
  -.92000000E+00  .22482578E+01
  -.88000000E+00  .22403129E+01
  -.84000000E+00  .22323474E+01
  -.80000000E+00  .22243613E+01
  -.76000000E+00  .22163544E+01
  -.72000000E+00  .22083265E+01
  -.68000000E+00  .22002776E+01
  -.64000000E+00  .21922074E+01
  -.60000000E+00  .21841159E+01
  -.56000000E+00  .21760029E+01
  -.52000000E+00  .21678682E+01
  -.48000000E+00  .21597117E+01
  -.44000000E+00  .21515333E+01
  -.40000000E+00  .21433327E+01
  -.36000000E+00  .21351100E+01
  -.32000000E+00  .21268648E+01
  -.28000000E+00  .21185971E+01
  -.24000000E+00  .21103067E+01
  -.20000000E+00  .21019935E+01
  -.16000000E+00  .20936572E+01
  -.12000000E+00  .20852977E+01
  -.80000000E-01  .20769149E+01
  -.40000000E-01  .20685087E+01
   .12351231E-14  .20600787E+01
   .40000000E-01  .20516249E+01
   .80000000E-01  .20431472E+01
   .12000000E+00  .20346452E+01
   .16000000E+00  .20261190E+01
   .20000000E+00  .20175682E+01
   .24000000E+00  .20089927E+01
   .28000000E+00  .20003924E+01
   .32000000E+00  .19917670E+01
   .36000000E+00  .19831164E+01
   .40000000E+00  .19744404E+01
   .44000000E+00  .19657388E+01
   .48000000E+00  .19570114E+01
   .52000000E+00  .19482581E+01
   .56000000E+00  .19394786E+01
   .60000000E+00  .19306727E+01
   .64000000E+00  .19218404E+01
   .68000000E+00  .19129812E+01
   .72000000E+00  .19040952E+01
   .76000000E+00  .18951820E+01
   .80000000E+00  .18862414E+01
   .84000000E+00  .18772733E+01
   .88000000E+00  .18682775E+01
   .92000000E+00  .18592537E+01
   .96000000E+00  .18502017E+01
   .10000000E+01  .18411213E+01
   .10400000E+01  .18320123E+01
   .10800000E+01  .18228744E+01
   .11200000E+01  .18137075E+01
   .11600000E+01  .18045114E+01
   .12000000E+01  .17952857E+01
   .12400000E+01  .17860303E+01
   .12800000E+01  .17767449E+01
   .13200000E+01  .17674293E+01
   .13600000E+01  .17580832E+01
   .14000000E+01  .17487065E+01
   .14400000E+01  .17392988E+01
   .14800000E+01  .17298600E+01
   .15200000E+01  .17203898E+01
   .15600000E+01  .17108878E+01
   .16000000E+01  .17013540E+01
   .16400000E+01  .16917879E+01
   .16800000E+01  .16821894E+01
   .17200000E+01  .16725582E+01
   .17600000E+01  .16628940E+01
   .18000000E+01  .16531965E+01
   .18400000E+01  .16434655E+01
   .18800000E+01  .16337007E+01
   .19200000E+01  .16239018E+01
   .19600000E+01  .16140685E+01
   .20000000E+01  .16042006E+01
KBPotential  L  =      4.00000    .00000
  -.20000000E+01  .30770578E+01
  -.19600000E+01  .30710574E+01
  -.19200000E+01  .30650477E+01
  -.18800000E+01  .30590286E+01
  -.18400000E+01  .30530002E+01
  -.18000000E+01  .30469623E+01
  -.17600000E+01  .30409149E+01
  -.17200000E+01  .30348580E+01
  -.16800000E+01  .30287915E+01
  -.16400000E+01  .30227155E+01
  -.16000000E+01  .30166298E+01
  -.15600000E+01  .30105344E+01
  -.15200000E+01  .30044294E+01
  -.14800000E+01  .29983146E+01
  -.14400000E+01  .29921900E+01
  -.14000000E+01  .29860555E+01
  -.13600000E+01  .29799112E+01
  -.13200000E+01  .29737570E+01
  -.12800000E+01  .29675928E+01
  -.12400000E+01  .29614186E+01
  -.12000000E+01  .29552344E+01
  -.11600000E+01  .29490400E+01
  -.11200000E+01  .29428356E+01
  -.10800000E+01  .29366210E+01
  -.10400000E+01  .29303962E+01
  -.10000000E+01  .29241610E+01
  -.96000000E+00  .29179156E+01
  -.92000000E+00  .29116598E+01
  -.88000000E+00  .29053937E+01
  -.84000000E+00  .28991171E+01
  -.80000000E+00  .28928300E+01
  -.76000000E+00  .28865324E+01
  -.72000000E+00  .28802243E+01
  -.68000000E+00  .28739054E+01
  -.64000000E+00  .28675760E+01
  -.60000000E+00  .28612358E+01
  -.56000000E+00  .28548848E+01
  -.52000000E+00  .28485231E+01
  -.48000000E+00  .28421505E+01
  -.44000000E+00  .28357670E+01
  -.40000000E+00  .28293725E+01
  -.36000000E+00  .28229670E+01
  -.32000000E+00  .28165505E+01
  -.28000000E+00  .28101229E+01
  -.24000000E+00  .28036841E+01
  -.20000000E+00  .27972341E+01
  -.16000000E+00  .27907729E+01
  -.12000000E+00  .27843004E+01
  -.80000000E-01  .27778165E+01
  -.40000000E-01  .27713212E+01
   .12351231E-14  .27648145E+01
   .40000000E-01  .27582962E+01
   .80000000E-01  .27517664E+01
   .12000000E+00  .27452250E+01
   .16000000E+00  .27386719E+01
   .20000000E+00  .27321071E+01
   .24000000E+00  .27255306E+01
   .28000000E+00  .27189421E+01
   .32000000E+00  .27123419E+01
   .36000000E+00  .27057296E+01
   .40000000E+00  .26991054E+01
   .44000000E+00  .26924692E+01
   .48000000E+00  .26858208E+01
   .52000000E+00  .26791602E+01
   .56000000E+00  .26724875E+01
   .60000000E+00  .26658025E+01
   .64000000E+00  .26591051E+01
   .68000000E+00  .26523954E+01
   .72000000E+00  .26456732E+01
   .76000000E+00  .26389385E+01
   .80000000E+00  .26321912E+01
   .84000000E+00  .26254313E+01
   .88000000E+00  .26186587E+01
   .92000000E+00  .26118734E+01
   .96000000E+00  .26050752E+01
   .10000000E+01  .25982642E+01
   .10400000E+01  .25914402E+01
   .10800000E+01  .25846033E+01
   .11200000E+01  .25777532E+01
   .11600000E+01  .25708901E+01
   .12000000E+01  .25640138E+01
   .12400000E+01  .25571242E+01
   .12800000E+01  .25502213E+01
   .13200000E+01  .25433050E+01
   .13600000E+01  .25363753E+01
   .14000000E+01  .25294320E+01
   .14400000E+01  .25224752E+01
   .14800000E+01  .25155047E+01
   .15200000E+01  .25085205E+01
   .15600000E+01  .25015225E+01
   .16000000E+01  .24945107E+01
   .16400000E+01  .24874850E+01
   .16800000E+01  .24804452E+01
   .17200000E+01  .24733914E+01
   .17600000E+01  .24663235E+01
   .18000000E+01  .24592413E+01
   .18400000E+01  .24521449E+01
   .18800000E+01  .24450341E+01
   .19200000E+01  .24379089E+01
   .19600000E+01  .24307693E+01
   .20000000E+01  .24236150E+01
