Os: 5p6s5d                              
  .323059514E+00  .327339613E+00  .331675972E+00  .336069322E+00  .340520402E+00
  .345029962E+00  .349598761E+00  .354227566E+00  .358917156E+00  .363668318E+00
  .368481852E+00  .373358564E+00  .378299273E+00  .383304807E+00  .388376006E+00
  .393513720E+00  .398718808E+00  .403992143E+00  .409334606E+00  .414747092E+00
  .420230504E+00  .425785760E+00  .431413787E+00  .437115524E+00  .442891923E+00
  .448743947E+00  .454672571E+00  .460678783E+00  .466763583E+00  .472927984E+00
  .479173011E+00  .485499702E+00  .491909108E+00  .498402295E+00  .504980339E+00
  .511644331E+00  .518395378E+00  .525234596E+00  .532163120E+00  .539182095E+00
  .546292683E+00  .553496060E+00  .560793416E+00  .568185955E+00  .575674899E+00
  .583261482E+00  .590946954E+00  .598732583E+00  .606619650E+00  .614609452E+00
  .622703305E+00  .630902537E+00  .639208496E+00  .647622544E+00  .656146063E+00
  .664780449E+00  .673527118E+00  .682387500E+00  .691363045E+00  .700455222E+00
  .709665515E+00  .718995429E+00  .728446486E+00  .738020226E+00  .747718210E+00
  .757542018E+00  .767493247E+00  .777573515E+00  .787784461E+00  .798127743E+00
  .808605038E+00  .819218045E+00  .829968484E+00  .840858094E+00  .851888639E+00
  .863061900E+00  .874379682E+00  .885843812E+00  .897456138E+00  .909218533E+00
  .921132889E+00  .933201123E+00  .945425177E+00  .957807012E+00  .970348616E+00
  .983052001E+00  .995919201E+00  .100895228E+01  .102215331E+01  .103552442E+01
  .104906773E+01  .106278541E+01  .107667964E+01  .109075263E+01  .110500663E+01
  .111944389E+01  .113406673E+01  .114887744E+01  .116387838E+01  .117907194E+01
  .119446050E+01  .121004651E+01  .122583242E+01  .124182072E+01  .125801395E+01
  .127441464E+01  .129102537E+01  .130784876E+01  .132488745E+01  .134214411E+01
  .135962144E+01  .137732217E+01  .139524909E+01  .141340498E+01  .143179267E+01
  .145041504E+01  .146927498E+01  .148837543E+01  .150771934E+01  .152730973E+01
  .154714963E+01  .156724211E+01  .158759028E+01  .160819727E+01  .162906627E+01
  .165020050E+01  .167160320E+01  .169327767E+01  .171522723E+01  .173745525E+01
  .175996513E+01  .178276032E+01  .180584430E+01  .182922059E+01  .185289275E+01
  .187686438E+01  .190113913E+01  .192572069E+01  .195061277E+01  .197581915E+01
  .200134363E+01  .202719008E+01  .205336238E+01  .207986447E+01  .210670035E+01
  .213387403E+01  .216138959E+01  .218925116E+01  .221746289E+01  .224602899E+01
  .227495373E+01  .230424140E+01  .233389636E+01  .236392300E+01  .239432578E+01
  .242510919E+01  .245627777E+01  .248783613E+01  .251978890E+01  .255214078E+01
  .258489651E+01  .261806090E+01  .265163879E+01  .268563509E+01  .272005474E+01
  .275490276E+01  .279018421E+01  .282590419E+01  .286206789E+01  .289868052E+01
  .293574736E+01  .297327375E+01  .301126508E+01  .304972680E+01  .308866441E+01
  .312808347E+01  .316798961E+01  .320838850E+01  .324928589E+01  .329068756E+01
  .333259939E+01  .337502727E+01  .341797721E+01  .346145522E+01  .350546742E+01
  .355001997E+01  .359511909E+01  .364077107E+01  .368698226E+01  .373375909E+01
  .378110802E+01  .382903561E+01  .387754846E+01  .392665325E+01  .397635673E+01
  .402666570E+01  .407758703E+01  .412912767E+01  .418129462E+01  .423409497E+01
  .428753587E+01  .434162452E+01  .439636821E+01  .445177431E+01  .450785022E+01
  .456460345E+01  .462204157E+01  .468017220E+01  .473900307E+01  .479854195E+01
  .485879670E+01  .491977523E+01  .498148556E+01  .504393576E+01  .510713396E+01
  .517108840E+01  .523580737E+01  .530129923E+01  .536757244E+01  .543463551E+01
  .550249704E+01  .557116571E+01  .564065026E+01  .571095951E+01  .578210237E+01
  .585408782E+01  .592692492E+01  .600062278E+01  .607519064E+01  .615063777E+01
  .622697355E+01  .630420742E+01  .638234889E+01  .646140759E+01  .654139317E+01
  .662231542E+01  .670418415E+01  .678700930E+01  .687080085E+01  .695556888E+01
  .704132356E+01  .712807510E+01  .721583383E+01  .730461013E+01  .739441448E+01
  .748525743E+01  .757714961E+01  .767010173E+01  .776412456E+01  .785922899E+01
  .795542595E+01  .805272647E+01  .815114164E+01  .825068266E+01  .835136076E+01
  .845318730E+01  .855617367E+01  .866033138E+01  .876567198E+01  .887220711E+01
  .897994850E+01  .908890793E+01  .919909727E+01  .931052846E+01  .942321352E+01
  .953716454E+01  .965239368E+01  .976891318E+01  .988673533E+01  .100058725E+02
  .101263372E+02  .102481418E+02  .103712991E+02  .104958216E+02  .106217220E+02
  .107490132E+02  .108777079E+02  .110078192E+02  .111393600E+02  .112723432E+02
  .114067821E+02  .115426898E+02  .116800795E+02  .118189644E+02  .119593580E+02
  .121012736E+02  .122447246E+02  .123897245E+02  .125362870E+02  .126844255E+02
  .128341537E+02  .129854853E+02  .131384341E+02  .132930137E+02  .134492381E+02
  .136071210E+02  .137666764E+02  .139279182E+02  .140908603E+02  .142555168E+02
  .144219016E+02  .145900288E+02  .147599124E+02  .149315666E+02  .151050054E+02
  .152802430E+02  .154572936E+02  .156361712E+02  .158168900E+02  .159994643E+02
  .161839081E+02  .163702356E+02  .165584611E+02  .167485987E+02  .169406624E+02
  .171346666E+02  .173306252E+02  .175285525E+02  .177284625E+02  .179303692E+02
  .181342868E+02  .183402291E+02  .185482102E+02  .187582440E+02  .189703444E+02
  .191845252E+02  .194008002E+02  .196191831E+02  .198396875E+02  .200623272E+02
  .202871155E+02  .205140660E+02  .207431920E+02  .209745068E+02  .212080237E+02
  .214437556E+02  .216817157E+02  .219219168E+02  .221643718E+02  .224090933E+02
  .226560938E+02  .229053858E+02  .231569816E+02  .234108934E+02  .236671331E+02
  .239257127E+02  .241866439E+02  .244499381E+02  .247156069E+02  .249836613E+02
  .252541125E+02  .255269713E+02  .258022482E+02  .260799538E+02  .263600983E+02
  .266426916E+02  .269277437E+02  .272152640E+02  .275052618E+02  .277977463E+02
  .280927262E+02  .283902101E+02  .286902064E+02  .289927229E+02  .292977675E+02
  .296053475E+02  .299154701E+02  .302281421E+02  .305433699E+02  .308611598E+02
  .311815176E+02  .315044487E+02  .318299583E+02  .321580511E+02  .324887315E+02
  .328220035E+02  .331578706E+02  .334963361E+02  .338374028E+02  .341810729E+02
  .345273485E+02  .348762310E+02  .352277213E+02  .355818202E+02  .359385276E+02
  .362978431E+02  .366597658E+02  .370242944E+02  .373914268E+02  .377611607E+02
  .381334929E+02  .385084200E+02  .388859379E+02  .392660417E+02  .396487263E+02
  .400339858E+02  .404218136E+02  .408122027E+02  .412051453E+02  .416006331E+02
  .419986569E+02  .423992071E+02  .428022732E+02  .432078442E+02  .436159083E+02
  .440264530E+02  .444394650E+02  .448549304E+02  .452728344E+02  .456931615E+02
  .461158954E+02  .465410191E+02  .469685148E+02  .473983637E+02  .478305463E+02
  .482650422E+02  .487018304E+02  .491408886E+02  .495821941E+02  .500257229E+02
  .504714504E+02  .509193508E+02  .513693978E+02  .518215637E+02  .522758202E+02
  .527321378E+02  .531904862E+02  .536508341E+02  .541131492E+02  .545773980E+02
  .550435463E+02  .555115588E+02  .559813989E+02  .564530293E+02  .569264115E+02
  .574015059E+02  .578782719E+02  .583566677E+02  .588366506E+02  .593181766E+02
  .598012007E+02  .602856769E+02  .607715577E+02  .612587949E+02  .617473388E+02
  .622371389E+02  .627281432E+02  .632202987E+02  .637135513E+02  .642078456E+02
  .647031251E+02  .651993321E+02  .656964077E+02  .661942918E+02  .666929231E+02
  .671922392E+02  .676921763E+02  .681926697E+02  .686936531E+02  .691950594E+02
  .696968201E+02  .701988654E+02  .707011245E+02  .712035253E+02  .717059945E+02
  .722084577E+02  .727108392E+02  .732130620E+02  .737150483E+02  .742167189E+02
  .747179932E+02  .752187900E+02  .757190264E+02  .762186186E+02  .767174818E+02
  .772155299E+02  .777126757E+02  .782088310E+02  .787039065E+02  .791978118E+02
  .796904554E+02  .801817449E+02  .806715868E+02  .811598867E+02  .816465491E+02
  .821314777E+02  .826145752E+02  .830957432E+02  .835748829E+02  .840518941E+02
  .845266762E+02  .849991275E+02  .854691458E+02  .859366281E+02  .864014704E+02
  .868635685E+02  .873228172E+02  .877791108E+02  .882323432E+02  .886824076E+02
  .891291967E+02  .895726029E+02  .900125182E+02  .904488340E+02  .908814417E+02
  .913102323E+02  .917350966E+02  .921559252E+02  .925726087E+02  .929850376E+02
  .933931023E+02  .937966933E+02  .941957014E+02  .945900174E+02  .949795322E+02
  .953641374E+02  .957437245E+02  .961181857E+02  .964874136E+02  .968513015E+02
  .972097431E+02  .975626330E+02  .979098664E+02  .982513394E+02  .985869492E+02
  .989165938E+02  .992401723E+02  .995575850E+02  .998687334E+02  .100173520E+03
  .100471850E+03  .100763628E+03  .101048763E+03  .101327161E+03  .101598736E+03
  .101863398E+03  .102121064E+03  .102371648E+03  .102615070E+03  .102851250E+03
  .103080112E+03  .103301582E+03  .103515586E+03  .103722057E+03  .103920927E+03
  .104112132E+03  .104295611E+03  .104471307E+03  .104639164E+03  .104799131E+03
  .104951160E+03  .105095204E+03  .105231224E+03  .105359180E+03  .105479039E+03
  .105590770E+03  .105694347E+03  .105789747E+03  .105876951E+03  .105955946E+03
  .106026722E+03  .106089273E+03  .106143598E+03  .106189701E+03  .106227590E+03
  .106257277E+03  .106278782E+03  .106292127E+03  .106297340E+03  .106294454E+03
  .106283507E+03  .106264544E+03  .106237613E+03  .106202769E+03  .106160072E+03
  .106109588E+03  .106051388E+03  .105985550E+03  .105912157E+03  .105831298E+03
  .105743068E+03  .105647568E+03  .105544906E+03  .105435193E+03  .105318551E+03
  .105195104E+03  .105064985E+03  .104928331E+03  .104785288E+03  .104636006E+03
  .104480642E+03  .104319360E+03  .104152329E+03  .103979727E+03  .103801735E+03
  .103618543E+03  .103430346E+03  .103237345E+03  .103039750E+03  .102837772E+03
  .102631635E+03  .102421562E+03  .102207788E+03  .101990552E+03  .101770096E+03
  .101546673E+03  .101320539E+03  .101091954E+03  .100861188E+03  .100628513E+03
  .100394208E+03  .100158556E+03  .999218460E+02  .996843720E+02  .994464324E+02
  .992083306E+02  .989703741E+02  .987328751E+02  .984961496E+02  .982605176E+02
  .980263030E+02  .977938329E+02  .975634378E+02  .973354514E+02  .971102098E+02
  .968880521E+02  .966693194E+02  .964543548E+02  .962435033E+02  .960371113E+02
  .958355262E+02  .956390965E+02  .954481711E+02  .952630991E+02  .950842295E+02
  .949119108E+02  .947464908E+02  .945883162E+02  .944377319E+02  .942950813E+02
  .941607051E+02  .940349418E+02  .939181266E+02  .938105912E+02  .937126637E+02
  .936246678E+02  .935469226E+02  .934797420E+02  .934234346E+02  .933783028E+02
  .933446429E+02  .933227443E+02  .933128890E+02  .933153516E+02  .933303984E+02
  .933582871E+02  .933992664E+02  .934535757E+02  .935214443E+02  .936030911E+02
  .936987244E+02  .938085410E+02  .939327262E+02  .940714533E+02  .942248826E+02
  .943931618E+02  .945764251E+02  .947747928E+02  .949883709E+02  .952172509E+02
  .954615093E+02  .957212070E+02  .959963891E+02  .962870848E+02  .965933065E+02
  .969150498E+02  .972522932E+02  .976049976E+02  .979731062E+02  .983565440E+02
  .987552178E+02  .991690156E+02  .995978067E+02  .100041441E+03  .100499751E+03
  .100972546E+03  .101459619E+03  .101960743E+03  .102475670E+03  .103004133E+03
  .103545843E+03  .104100496E+03  .104667762E+03  .105247295E+03  .105838727E+03
  .106441673E+03  .107055726E+03  .107680459E+03  .108315427E+03  .108960166E+03
  .109614191E+03  .110277001E+03  .110948076E+03  .111626875E+03  .112312843E+03
  .113005406E+03  .113703973E+03  .114407938E+03  .115116678E+03  .115829553E+03
  .116545912E+03  .117265086E+03  .117986395E+03  .118709145E+03  .119432630E+03
  .120156133E+03  .120878925E+03  .121600269E+03  .122319417E+03  .123035615E+03
  .123748100E+03  .124456103E+03  .125158851E+03  .125855565E+03  .126545463E+03
  .127227761E+03  .127901675E+03  .128566419E+03  .129221209E+03  .129865263E+03
  .130497803E+03  .131118055E+03  .131725252E+03  .132318631E+03  .132897440E+03
  .133460937E+03  .134008390E+03  .134539077E+03  .135052293E+03  .135547346E+03
  .136023560E+03  .136480276E+03  .136916856E+03  .137332679E+03  .137727147E+03
  .138099684E+03  .138449738E+03  .138776782E+03  .139080317E+03  .139359869E+03
  .139614994E+03  .139845279E+03  .140050342E+03  .140229830E+03  .140383429E+03
  .140510855E+03  .140611863E+03  .140686241E+03  .140733817E+03  .140754457E+03
  .140748066E+03  .140714588E+03  .140654010E+03  .140566359E+03  .140451704E+03
  .140310156E+03  .140141871E+03  .139947048E+03  .139725928E+03  .139478799E+03
  .139205991E+03  .138907879E+03  .138584883E+03  .138237468E+03  .137866142E+03
  .137471457E+03  .137054010E+03  .136614440E+03  .136153430E+03  .135671704E+03
  .135170028E+03  .134649210E+03  .134110096E+03  .133553571E+03  .132980559E+03
  .132392021E+03  .131788951E+03  .131172379E+03  .130543366E+03  .129903007E+03
  .129252422E+03  .128592761E+03  .127925199E+03  .127250937E+03  .126571194E+03
  .125887210E+03  .125200245E+03  .124511570E+03  .123822472E+03  .123134246E+03
  .122448197E+03  .121765635E+03  .121087871E+03  .120416218E+03  .119751986E+03
  .119096478E+03  .118450990E+03  .117816809E+03  .117195203E+03  .116587427E+03
  .115994716E+03  .115418280E+03  .114859306E+03  .114318951E+03  .113798340E+03
  .113298564E+03  .112820677E+03  .112365693E+03  .111934582E+03  .111528268E+03
  .111147629E+03  .110793489E+03  .110466619E+03  .110167735E+03  .109897492E+03
  .109656486E+03  .109445248E+03  .109264245E+03  .109113876E+03  .108994471E+03
  .108906287E+03  .108849512E+03  .108824256E+03  .108830556E+03  .108868371E+03
  .108937583E+03  .109037996E+03  .109169333E+03  .109331240E+03  .109523281E+03
  .109744940E+03  .109995624E+03  .110274656E+03  .110581285E+03  .110914678E+03
  .111273926E+03  .111658044E+03  .112065972E+03  .112496578E+03  .112948657E+03
  .113420934E+03  .113912070E+03  .114420659E+03  .114945233E+03  .115484266E+03
  .116036174E+03  .116599322E+03  .117172024E+03  .117752550E+03  .118339125E+03
  .118929938E+03  .119523144E+03  .120116868E+03  .120709207E+03  .121298241E+03
  .121882030E+03  .122458627E+03  .123026074E+03  .123582413E+03  .124125691E+03
  .124653960E+03  .125165287E+03  .125657760E+03  .126129487E+03  .126578609E+03
  .127003297E+03  .127401765E+03  .127772271E+03  .128113120E+03  .128422676E+03
  .128699358E+03  .128941653E+03  .129148115E+03  .129317373E+03  .129448134E+03
  .129539185E+03  .129589402E+03  .129597751E+03  .129563291E+03  .129485180E+03
  .129362674E+03  .129195135E+03  .128982030E+03  .128722937E+03  .128417542E+03
  .128065645E+03  .127667161E+03  .127222121E+03  .126730671E+03  .126193076E+03
  .125609716E+03  .124981091E+03  .124307818E+03  .123590629E+03  .122830371E+03
  .122028006E+03  .121184608E+03  .120301361E+03  .119379556E+03  .118420589E+03
  .117425957E+03  .116397257E+03  .115336178E+03  .114244501E+03  .113124093E+03
  .111976900E+03  .110804949E+03  .109610332E+03  .108395213E+03  .107161810E+03
  .105912400E+03  .104649305E+03  .103374889E+03  .102091553E+03  .100801723E+03
  .995078507E+02  .982123994E+02  .969178417E+02  .956266514E+02  .943412953E+02
  .930642277E+02  .917978819E+02  .905446645E+02  .893069470E+02  .880870604E+02
  .868872868E+02  .857098543E+02  .845569288E+02  .834306093E+02  .823329199E+02
  .812658056E+02  .802311250E+02  .792306459E+02  .782660391E+02  .773388744E+02
  .764506148E+02  .756026134E+02  .747961083E+02  .740322195E+02  .733119452E+02
  .726361593E+02  .720056084E+02  .714209098E+02  .708825494E+02  .703908809E+02
  .699461239E+02  .695483643E+02  .691975533E+02  .688935081E+02  .686359122E+02
  .684243170E+02  .682581428E+02  .681366810E+02  .680590965E+02  .680244302E+02
  .680316028E+02  .680794177E+02  .681665658E+02  .682916294E+02  .684530876E+02
  .686493209E+02  .688786177E+02  .691391791E+02  .694291258E+02  .697465042E+02
  .700892934E+02  .704554112E+02  .708427217E+02  .712490419E+02  .716721490E+02
  .721097870E+02  .725596750E+02  .730195124E+02  .734869880E+02  .739597854E+02
  .744355917E+02  .749121027E+02  .753870316E+02  .758581138E+02  .763231156E+02
  .767798387E+02  .772261283E+02  .776598777E+02  .780790356E+02  .784816105E+02
  .788656776E+02  .792293821E+02  .795709463E+02  .798886722E+02  .801809475E+02
  .804462478E+02  .806831421E+02  .808902941E+02  .810664671E+02  .812105247E+02
  .813214344E+02  .813982683E+02  .814402053E+02  .814465315E+02  .814166413E+02
  .813500372E+02  .812463304E+02  .811052393E+02  .809265898E+02  .807103130E+02
  .804564450E+02  .801651235E+02  .798365871E+02  .794711721E+02  .790693097E+02
  .786315236E+02  .781584261E+02  .776507152E+02  .771091705E+02  .765346497E+02
  .759280839E+02  .752904744E+02  .746228874E+02  .739264502E+02  .732023459E+02
  .724518098E+02  .716761234E+02  .708766109E+02  .700546330E+02  .692115840E+02
  .683488846E+02  .674679796E+02  .665703307E+02  .656574145E+02  .647307148E+02
  .637917214E+02  .628419224E+02  .618828030E+02  .609158380E+02  .599424914E+02
  .589642086E+02  .579824167E+02  .569985164E+02  .560138836E+02  .550298608E+02
  .540477592E+02  .530688513E+02  .520943722E+02  .511255131E+02  .501634233E+02
  .492092038E+02  .482639097E+02  .473285443E+02  .464040619E+02  .454913621E+02
  .445912934E+02  .437046477E+02  .428321641E+02  .419745242E+02  .411323561E+02
  .403062299E+02  .394966622E+02  .387041122E+02  .379289858E+02  .371716330E+02
  .364323517E+02  .357113857E+02  .350089284E+02  .343251214E+02  .336600584E+02
  .330137839E+02  .323862974E+02  .317775524E+02  .311874604E+02  .306158907E+02
  .300626742E+02  .295276030E+02  .290104348E+02  .285108926E+02  .280286687E+02
  .275634250E+02  .271147970E+02  .266823936E+02  .262658015E+02  .258645853E+02
  .254782915E+02  .251064485E+02  .247485708E+02  .244041589E+02  .240727034E+02
  .237536850E+02  .234465785E+02  .231508522E+02  .228659718E+02  .225914010E+02
  .223266041E+02  .220710469E+02  .218241985E+02  .215855330E+02  .213545308E+02
  .211306797E+02  .209134769E+02  .207024293E+02  .204970552E+02  .202968854E+02
  .201014635E+02  .199103478E+02  .197231111E+02  .195393420E+02  .193586452E+02
  .191806425E+02  .190049727E+02  .188312923E+02  .186592758E+02  .184886159E+02
  .183190235E+02  .181502283E+02  .179819779E+02  .178140389E+02  .176461959E+02
  .174782518E+02  .173100272E+02  .171413608E+02  .169721082E+02  .168021424E+02
  .166313527E+02  .164596446E+02  .162869393E+02  .161131732E+02  .159382970E+02
  .157622759E+02  .155850880E+02  .154067247E+02  .152271891E+02  .150464961E+02
  .148646714E+02  .146817510E+02  .144977803E+02  .143128135E+02  .141269132E+02
  .139401493E+02  .137525986E+02  .135643443E+02  .133754748E+02  .131860837E+02
  .129962686E+02  .128061310E+02  .126157754E+02  .124253088E+02  .122348401E+02
  .120444796E+02  .118543385E+02  .116645286E+02  .114751614E+02  .112863479E+02
  .110981983E+02  .109108213E+02  .107243242E+02  .105388119E+02  .103543872E+02
  .101711501E+02  .998919774E+01  .980862397E+01  .962951935E+01  .945197081E+01
  .927606149E+01  .910187062E+01  .892947336E+01  .875894072E+01  .859033945E+01
  .842373198E+01  .825917638E+01  .809672633E+01  .793643108E+01  .777833552E+01
  .762248005E+01  .746890114E+01  .731763033E+01  .716869535E+01  .702211953E+01
  .687792241E+01  .673611928E+01  .659672180E+01  .645973768E+01  .632517119E+01
  .619302288E+01  .606329018E+01  .593596703E+01  .581104455E+01  .568851066E+01
  .556835073E+01  .545054727E+01  .533508054E+01  .522192820E+01  .511106602E+01
  .500246746E+01  .489610438E+01  .479194666E+01  .468996285E+01  .459011982E+01
  .449238343E+01  .439671810E+01  .430308755E+01  .421145431E+01  .412178047E+01
  .403402720E+01  .394815546E+01  .386412553E+01  .378189772E+01  .370143183E+01
  .362268793E+01  .354562580E+01  .347020564E+01  .339638753E+01  .332413216E+01
  .325340023E+01  .318415321E+01  .311635273E+01  .304996129E+01  .298494165E+01
  .292125759E+01  .285887321E+01  .279775373E+01  .273786477E+01  .267917312E+01
  .262164605E+01  .256525205E+01  .250996011E+01  .245574049E+01  .240256400E+01
  .235040272E+01  .229922929E+01  .224901764E+01  .219974226E+01  .215137892E+01
  .210390395E+01  .205729496E+01  .201153007E+01  .196658867E+01  .192245066E+01
  .187909714E+01  .183650972E+01  .179467115E+01  .175356465E+01  .171317458E+01
  .167348566E+01  .163448375E+01  .159615501E+01  .155848670E+01  .152146631E+01
  .148508239E+01  .144932368E+01  .141417989E+01  .137964090E+01  .134569750E+01
  .131234060E+01  .127956194E+01  .124735336E+01  .121570746E+01  .118461688E+01
  .115407498E+01  .112407510E+01  .109461127E+01  .106567743E+01  .103726816E+01
  .100937792E+01  .982001735E+00  .955134487E+00  .928771594E+00  .902908252E+00
  .877540171E+00  .852662801E+00  .828272066E+00  .804363592E+00  .780933446E+00
  .757977363E+00  .735491489E+00  .713471610E+00  .691913892E+00  .670814116E+00
  .650168423E+00  .629972541E+00  .610222540E+00  .590914066E+00  .572043079E+00
  .553605093E+00  .535595942E+00  .518010994E+00  .500845928E+00  .484095951E+00
  .467756569E+00  .451822862E+00  .436290017E+00  .421153079E+00  .406407007E+00
  .392046669E+00  .378066845E+00  .364462232E+00  .351227444E+00  .338357016E+00
  .325845406E+00  .313687002E+00  .301876125E+00  .290407032E+00  .279273926E+00
  .268470956E+00  .257992224E+00  .247831793E+00  .237983692E+00  .228441919E+00
  .219200450E+00  .210253246E+00  .201594254E+00  .193217420E+00  .185116687E+00
  .177286007E+00  .169719346E+00  .162410684E+00  .155354028E+00  .148543411E+00
  .141972901E+00  .135636604E+00  .129528668E+00  .123643288E+00  .117974711E+00
  .112517239E+00  .107265233E+00  .102213114E+00  .973553695E-01  .926865561E-01
  .882012997E-01  .838943001E-01  .797603323E-01  .757942492E-01  .719909827E-01
  .683455460E-01  .648530349E-01  .615086286E-01  .583075917E-01  .552452745E-01
  .523171141E-01  .495186352E-01  .468454505E-01  .442932612E-01  .418578575E-01
  .395351187E-01  .373210135E-01  .352116001E-01  .332030261E-01  .312915285E-01
  .294734337E-01  .277451571E-01  .261032028E-01  .245441636E-01  .230647205E-01
  .216616422E-01  .203317846E-01  .190720904E-01  .178795886E-01  .167513936E-01
  .156847047E-01  .146768055E-01  .137250629E-01  .128269262E-01  .119799267E-01
  .111816760E-01  .104298660E-01  .972226676E-02  .905672639E-02  .843116929E-02
  .784359524E-02  .729207804E-02  .677476432E-02  .628987215E-02  .583568968E-02
  .541057375E-02  .501294839E-02  .464130339E-02  .429419273E-02  .397023304E-02
  .366810203E-02  .338653686E-02  .312433256E-02  .288034032E-02  .265346591E-02
  .244266796E-02  .224695631E-02  .206539034E-02  .189707727E-02  .174117054E-02
  .159686810E-02  .146341080E-02  .134008074E-02  .122619965E-02  .112112729E-02
  .102425990E-02  .935028617E-03  .852897998E-03  .777364497E-03  .707955019E-03
  .644225500E-03  .585759517E-03  .532166933E-03  .483082590E-03  .438165032E-03
  .397095273E-03  .359575599E-03  .325328422E-03  .294095163E-03  .265635186E-03
  .239724767E-03  .216156108E-03  .194736392E-03  .175286875E-03  .157642024E-03
  .141648687E-03  .127165311E-03  .114061187E-03  .102215744E-03  .915178703E-04
  .818652740E-04  .731638768E-04  .653272417E-04  .582760321E-04  .519375020E-04
  .462450164E-04  .411375996E-04  .365595122E-04  .324598533E-04  .287921884E-04
  .255142016E-04  .225873697E-04  .199766596E-04  .176502452E-04  .155792439E-04
  .137374726E-04  .121012204E-04  .106490380E-04  .936154300E-05  .822123933E-05
  .721235102E-05  .632066846E-05  .553340688E-05  .483907617E-05  .422736118E-05
  .368901182E-05  .321574242E-05  .280013950E-05  .243557743E-05  .211614145E-05
  .183655746E-05  .159212797E-05  .137867396E-05  .119248195E-05  .103025600E-05
  .889074194E-06  .766349299E-06  .659793125E-06  .567384399E-06  .487339780E-06
  .418087765E-06  .358245212E-06  .306596263E-06  .262073432E-06  .223740666E-06
  .190778192E-06  .162468980E-06  .138186656E-06  .117384748E-06  .995871000E-07
  .843793662E-07  .714014551E-07  .603408375E-07  .509266224E-07  .429243226E-07
  .361312339E-07  .303723641E-07  .254968497E-07  .213748067E-07  .178945674E-07
  .149602584E-07  .124896822E-07  .104124652E-07  .866844230E-08  .720624949E-08
  .598209942E-08  .495871781E-08  .410442093E-08  .339231664E-08  .279961354E-08
  .230702438E-08  .189825183E-08  .155954576E-08  .127932280E-08  .104783986E-08
  .856914404E-09  .699685180E-09  .570407898E-09  .464280971E-09  .377297193E-09
  .306117669E-09  .247964845E-09  .200531884E-09  .161906035E-09  .130503918E-09
  .105016991E-09  .843656462E-10  .676606640E-10  .541708786E-10  .432961139E-10
  .345445651E-10  .275139298E-10  .218756951E-10  .173620736E-10  .137551761E-10
  .108779984E-10  .858707343E-11  .676624422E-11  .532171838E-11  .417784002E-11
  .327371861E-11  .256043875E-11  .199877897E-11  .155735016E-11  .121107944E-11
  .939977668E-12  .728139560E-12  .562934019E-12  .434349852E-12  .334468070E-12
  .257037146E-12  .197131824E-12  .150879607E-12  .115241946E-12  .878395441E-13
  .668131866E-13  .507130850E-13  .384110927E-13  .290312059E-13  .218946603E-13
  .164766512E-13  .123722903E-13  .926988688E-14  .693002243E-14  .516920021E-14
  .384709706E-14  .285664660E-14  .211634231E-14  .156427718E-14  .115353882E-14
  .848659860E-15  .622888375E-15  .456093630E-15  .333163208E-15  .242779084E-15
  .176485322E-15  .127979620E-15  .925762707E-16  .668000591E-16  .480799377E-16
  .345185336E-16  .247191537E-16  .176562727E-16  .125788197E-16  .893814468E-17
  .633450368E-17  .447740676E-17  .315631390E-17  .221903603E-17  .155585747E-17
  .108789563E-17  .758590165E-18  .527497287E-18  .365777263E-18  .252922198E-18
  .174389840E-18  .119897334E-18  .821943605E-19  .561834757E-19  .382912119E-19
  .260197603E-19  .176283145E-19  .119072412E-19  .801851266E-20  .538329457E-20
  .360299259E-20  .240396773E-20  .159894298E-20  .106014515E-20  .700671616E-21
  .461603702E-21  .303122533E-21  .198403737E-21  .129435250E-21  .841617322E-22
  .545411551E-22  .352265114E-22  .226745429E-22  .145451732E-22  .929819057E-23
  .592331468E-23  .376015283E-23  .237852607E-23  .149919922E-23  .941557743E-24
  .589193309E-24  .367348969E-24  .228190121E-24  .141220761E-24  .870704003E-25
  .534809711E-25  .327243574E-25  .199467571E-25  .121112484E-25  .732498856E-26
  .441278013E-26  .264783351E-26  .158244174E-26  .941909035E-27  .558367014E-27
  .329644141E-27  .193807653E-27  .113470102E-27  .661548692E-28  .384057983E-28
  .222009228E-28  .127781804E-28  .732276575E-29  .417805034E-29  .237327859E-29
  .134209823E-29  .755551877E-30  .423421025E-30  .236206753E-30  .131161823E-30
  .724938516E-31  .398801447E-31  .218352006E-31  .118983164E-31  .645244829E-32
  .348222583E-32  .187010190E-32  .999383022E-33  .531421727E-33  .281170295E-33
  .148014537E-33  .775221801E-34  .403939193E-34  .209390037E-34  .107976063E-34
  .553874966E-35  .282611560E-35  .143431017E-35  .724022533E-36  .363494362E-36
  .181493243E-36  .901199355E-37  .444999186E-37  .218502114E-37  .106681755E-37
  .517896050E-38  .249972758E-38  .119955440E-38  .572273706E-39  .271408507E-39
  .127955224E-39  .599634234E-40  .279310600E-40  .129312238E-40  .595006220E-41
  .272089221E-41  .123648045E-41  .558376610E-42  .250558437E-42  .111714702E-42
  .494889894E-43  .217811644E-43  .952368422E-44  .413673049E-44  .178490293E-44
  .764986431E-45  .325649980E-45  .137683800E-45  .578129572E-46  .241076009E-46
  .998263064E-47  .410462767E-47  .167577483E-47  .679275387E-48  .273362803E-48
  .109212188E-48  .433127321E-49  .170508990E-49  .666254987E-50  .258386145E-50
  .994506002E-51  .379864506E-51  .143981480E-51  .541519953E-52  .202080933E-52
  .748190497E-53  .274819714E-53  .100139615E-53  .361958987E-54  .129773799E-54
  .461503486E-55  .162798623E-55  .569963682E-56  .197364238E-56  .679121340E-57
  .231949125E-57  .789272181E-58  .268713022E-58  .940947212E-59  .355658395E-59
  .168286595E-59  .127117506E-59  .000000000E+00  .000000000E+00  .000000000E+00
  .000000000E+00  .000000000E+00  .000000000E+00  .000000000E+00  .000000000E+00
  .000000000E+00  .000000000E+00  .000000000E+00  .000000000E+00  .000000000E+00
  .000000000E+00  .000000000E+00  .000000000E+00  .000000000E+00  .000000000E+00
  .000000000E+00  .000000000E+00  .000000000E+00  .000000000E+00  .000000000E+00
  .000000000E+00  .000000000E+00  .000000000E+00  .000000000E+00  .000000000E+00
  .000000000E+00  .000000000E+00  .000000000E+00  .000000000E+00  .000000000E+00
  .000000000E+00  .000000000E+00  .000000000E+00  .000000000E+00  .000000000E+00
  .000000000E+00  .000000000E+00  .000000000E+00  .000000000E+00  .000000000E+00
  .000000000E+00  .000000000E+00  .000000000E+00  .000000000E+00  .000000000E+00
  .000000000E+00  .000000000E+00  .000000000E+00  .000000000E+00  .000000000E+00
  .000000000E+00  .000000000E+00  .000000000E+00  .000000000E+00  .000000000E+00
  .000000000E+00  .000000000E+00  .000000000E+00  .000000000E+00  .000000000E+00
  .000000000E+00  .000000000E+00  .000000000E+00  .000000000E+00  .000000000E+00
  .000000000E+00  .000000000E+00  .000000000E+00  .000000000E+00  .000000000E+00
  .000000000E+00  .000000000E+00  .000000000E+00  .000000000E+00  .000000000E+00
  .000000000E+00  .000000000E+00  .000000000E+00  .000000000E+00  .000000000E+00
  .000000000E+00  .000000000E+00  .000000000E+00  .000000000E+00  .000000000E+00
  .000000000E+00  .000000000E+00  .000000000E+00  .000000000E+00  .000000000E+00
  .000000000E+00  .000000000E+00  .000000000E+00  .000000000E+00  .000000000E+00
  .000000000E+00  .000000000E+00  .000000000E+00  .000000000E+00  .000000000E+00
  .000000000E+00  .000000000E+00  .000000000E+00  .000000000E+00  .000000000E+00
  .000000000E+00  .000000000E+00  .000000000E+00  .000000000E+00  .000000000E+00
  .000000000E+00  .000000000E+00  .000000000E+00  .000000000E+00  .000000000E+00
  .000000000E+00  .000000000E+00  .000000000E+00  .000000000E+00  .000000000E+00
  .000000000E+00  .000000000E+00  .000000000E+00  .000000000E+00  .000000000E+00
  .000000000E+00  .000000000E+00  .000000000E+00  .000000000E+00  .000000000E+00
  .000000000E+00  .000000000E+00  .000000000E+00  .000000000E+00  .000000000E+00
  .000000000E+00  .000000000E+00  .000000000E+00  .000000000E+00  .000000000E+00
  .000000000E+00  .000000000E+00  .000000000E+00  .000000000E+00  .000000000E+00
  .000000000E+00  .000000000E+00  .000000000E+00  .000000000E+00  .000000000E+00
  .000000000E+00  .000000000E+00  .000000000E+00  .000000000E+00  .000000000E+00
  .000000000E+00  .000000000E+00  .000000000E+00  .000000000E+00  .000000000E+00
  .000000000E+00  .000000000E+00  .000000000E+00  .000000000E+00  .000000000E+00
  .000000000E+00  .000000000E+00  .000000000E+00  .000000000E+00  .000000000E+00
  .000000000E+00  .000000000E+00  .000000000E+00  .000000000E+00  .000000000E+00
  .000000000E+00  .000000000E+00  .000000000E+00  .000000000E+00  .000000000E+00
  .000000000E+00  .000000000E+00  .000000000E+00  .000000000E+00  .000000000E+00
  .000000000E+00  .000000000E+00  .000000000E+00  .000000000E+00  .000000000E+00
  .000000000E+00  .000000000E+00  .000000000E+00  .000000000E+00  .000000000E+00
  .000000000E+00  .000000000E+00  .000000000E+00  .000000000E+00  .000000000E+00
  .000000000E+00  .000000000E+00  .000000000E+00  .000000000E+00  .000000000E+00
  .000000000E+00  .000000000E+00  .000000000E+00  .000000000E+00  .000000000E+00
  .000000000E+00  .000000000E+00  .000000000E+00  .000000000E+00  .000000000E+00
  .000000000E+00  .000000000E+00  .000000000E+00  .000000000E+00  .000000000E+00
  .000000000E+00  .000000000E+00  .000000000E+00  .000000000E+00  .000000000E+00
  .000000000E+00  .000000000E+00  .000000000E+00  .000000000E+00  .000000000E+00
  .000000000E+00  .000000000E+00  .000000000E+00  .000000000E+00  .000000000E+00
  .000000000E+00  .000000000E+00  .000000000E+00  .000000000E+00  .000000000E+00
  .000000000E+00  .000000000E+00  .000000000E+00  .000000000E+00  .000000000E+00
  .000000000E+00  .000000000E+00  .000000000E+00  .000000000E+00  .000000000E+00
  .000000000E+00  .000000000E+00  .000000000E+00  .000000000E+00  .000000000E+00
  .000000000E+00  .000000000E+00  .000000000E+00  .000000000E+00  .000000000E+00
  .000000000E+00  .000000000E+00  .000000000E+00  .000000000E+00  .000000000E+00
  .000000000E+00  .000000000E+00  .000000000E+00  .000000000E+00  .000000000E+00
  .000000000E+00  .000000000E+00  .000000000E+00  .000000000E+00  .000000000E+00
