  PAW Xe                                 
 100
Core Pot   L  =         .00000  -1.44680
  -.20000000E+01  .21746001E+00
  -.19600000E+01  .16664659E+00
  -.19200000E+01  .11330771E+00
  -.18800000E+01  .57206857E-01
  -.18400000E+01 -.19233770E-02
  -.18000000E+01 -.64386566E-01
  -.17600000E+01 -.13052877E+00
  -.17200000E+01 -.20074624E+00
  -.16800000E+01 -.27549488E+00
  -.16400000E+01 -.35530192E+00
  -.16000000E+01 -.44078046E+00
  -.15600000E+01 -.53264767E+00
  -.15200000E+01 -.63174790E+00
  -.14800000E+01 -.73908221E+00
  -.14400000E+01 -.85584650E+00
  -.14000000E+01 -.98348126E+00
  -.13600000E+01 -.11237377E+01
  -.13200000E+01 -.12787663E+01
  -.12800000E+01 -.14512371E+01
  -.12400000E+01 -.16445076E+01
  -.12000000E+01 -.18628583E+01
  -.11600000E+01 -.21118340E+01
  -.11200000E+01 -.23987477E+01
  -.10800000E+01 -.27334463E+01
  -.10400000E+01 -.31295129E+01
  -.10000000E+01 -.36062238E+01
  -.96000000E+00 -.41918815E+01
  -.92000000E+00 -.49297977E+01
  -.88000000E+00 -.58897642E+01
  -.84000000E+00 -.71919418E+01
  -.80000000E+00 -.90623030E+01
  -.76000000E+00 -.11981981E+02
  -.72000000E+00 -.17189081E+02
  -.68000000E+00 -.29132524E+02
  -.64000000E+00 -.85069544E+02
  -.60000000E+00  .10342776E+03
  -.56000000E+00  .33265085E+02
  -.52000000E+00  .20191209E+02
  -.48000000E+00  .14672556E+02
  -.44000000E+00  .11624340E+02
  -.40000000E+00  .96885401E+01
  -.36000000E+00  .83483295E+01
  -.32000000E+00  .73640892E+01
  -.28000000E+00  .66095272E+01
  -.24000000E+00  .60117652E+01
  -.20000000E+00  .55258003E+01
  -.16000000E+00  .51223405E+01
  -.12000000E+00  .47814985E+01
  -.80000000E-01  .44892982E+01
  -.40000000E-01  .42356297E+01
   .12351231E-14  .40129992E+01
   .40000000E-01  .38157339E+01
   .80000000E-01  .36394605E+01
   .12000000E+00  .34807533E+01
   .16000000E+00  .33368905E+01
   .20000000E+00  .32056823E+01
   .24000000E+00  .30853469E+01
   .28000000E+00  .29744195E+01
   .32000000E+00  .28716852E+01
   .36000000E+00  .27761271E+01
   .40000000E+00  .26868883E+01
   .44000000E+00  .26032409E+01
   .48000000E+00  .25245631E+01
   .52000000E+00  .24503202E+01
   .56000000E+00  .23800497E+01
   .60000000E+00  .23133500E+01
   .64000000E+00  .22498701E+01
   .68000000E+00  .21893022E+01
   .72000000E+00  .21313749E+01
   .76000000E+00  .20758483E+01
   .80000000E+00  .20225094E+01
   .84000000E+00  .19711681E+01
   .88000000E+00  .19216547E+01
   .92000000E+00  .18738168E+01
   .96000000E+00  .18275173E+01
   .10000000E+01  .17826324E+01
   .10400000E+01  .17390500E+01
   .10800000E+01  .16966686E+01
   .11200000E+01  .16553955E+01
   .11600000E+01  .16151465E+01
   .12000000E+01  .15758442E+01
   .12400000E+01  .15374180E+01
   .12800000E+01  .14998029E+01
   .13200000E+01  .14629391E+01
   .13600000E+01  .14267713E+01
   .14000000E+01  .13912485E+01
   .14400000E+01  .13563235E+01
   .14800000E+01  .13219523E+01
   .15200000E+01  .12880941E+01
   .15600000E+01  .12547109E+01
   .16000000E+01  .12217670E+01
   .16400000E+01  .11892293E+01
   .16800000E+01  .11570666E+01
   .17200000E+01  .11252497E+01
   .17600000E+01  .10937509E+01
   .18000000E+01  .10625443E+01
   .18400000E+01  .10316054E+01
   .18800000E+01  .10009111E+01
   .19200000E+01  .97043930E+00
   .19600000E+01  .94016917E+00
   .20000000E+01  .91008084E+00
Potential  L  =         .00000  -1.44680
  -.20000000E+01  .39044472E+00
  -.19600000E+01  .34152789E+00
  -.19200000E+01  .28949889E+00
  -.18800000E+01  .23395303E+00
  -.18400000E+01  .17441035E+00
  -.18000000E+01  .11029712E+00
  -.17600000E+01  .40922313E-01
  -.17200000E+01 -.34555159E-01
  -.16800000E+01 -.11716881E+00
  -.16400000E+01 -.20820328E+00
  -.16000000E+01 -.30927569E+00
  -.15600000E+01 -.42245080E+00
  -.15200000E+01 -.55040761E+00
  -.14800000E+01 -.69668639E+00
  -.14400000E+01 -.86606529E+00
  -.14000000E+01 -.10651536E+01
  -.13600000E+01 -.13033626E+01
  -.13200000E+01 -.15945662E+01
  -.12800000E+01 -.19601042E+01
  -.12400000E+01 -.24345844E+01
  -.12000000E+01 -.30780950E+01
  -.11600000E+01 -.40049469E+01
  -.11200000E+01 -.54626591E+01
  -.10800000E+01 -.81057710E+01
  -.10400000E+01 -.14416539E+02
  -.10000000E+01 -.49836224E+02
  -.96000000E+00  .39505130E+02
  -.92000000E+00  .14835127E+02
  -.88000000E+00  .93686336E+01
  -.84000000E+00  .69569417E+01
  -.80000000E+00  .55935102E+01
  -.76000000E+00  .47133967E+01
  -.72000000E+00  .40957379E+01
  -.68000000E+00  .36364106E+01
  -.64000000E+00  .32799023E+01
  -.60000000E+00  .29939072E+01
  -.56000000E+00  .27583455E+01
  -.52000000E+00  .25600792E+01
  -.48000000E+00  .23901500E+01
  -.44000000E+00  .22422388E+01
  -.40000000E+00  .21117600E+01
  -.36000000E+00  .19953044E+01
  -.32000000E+00  .18902842E+01
  -.28000000E+00  .17947001E+01
  -.24000000E+00  .17069789E+01
  -.20000000E+00  .16258713E+01
  -.16000000E+00  .15503668E+01
  -.12000000E+00  .14796412E+01
  -.80000000E-01  .14130149E+01
  -.40000000E-01  .13499218E+01
   .12351231E-14  .12898864E+01
   .40000000E-01  .12325058E+01
   .80000000E-01  .11774360E+01
   .12000000E+00  .11243812E+01
   .16000000E+00  .10730851E+01
   .20000000E+00  .10233245E+01
   .24000000E+00  .97490334E+00
   .28000000E+00  .92764845E+00
   .32000000E+00  .88140607E+00
   .36000000E+00  .83603868E+00
   .40000000E+00  .79142263E+00
   .44000000E+00  .74744601E+00
   .48000000E+00  .70400695E+00
   .52000000E+00  .66101214E+00
   .56000000E+00  .61837560E+00
   .60000000E+00  .57601757E+00
   .64000000E+00  .53386361E+00
   .68000000E+00  .49184370E+00
   .72000000E+00  .44989201E+00
   .76000000E+00  .40794552E+00
   .80000000E+00  .36594399E+00
   .84000000E+00  .32382938E+00
   .88000000E+00  .28154533E+00
   .92000000E+00  .23903677E+00
   .96000000E+00  .19624979E+00
   .10000000E+01  .15313050E+00
   .10400000E+01  .10962581E+00
   .10800000E+01  .65682378E-01
   .11200000E+01  .21246466E-01
   .11600000E+01 -.23736279E-01
   .12000000E+01 -.69321275E-01
   .12400000E+01 -.11556510E+00
   .12800000E+01 -.16252605E+00
   .13200000E+01 -.21026422E+00
   .13600000E+01 -.25884197E+00
   .14000000E+01 -.30832427E+00
   .14400000E+01 -.35877897E+00
   .14800000E+01 -.41027729E+00
   .15200000E+01 -.46289421E+00
   .15600000E+01 -.51670892E+00
   .16000000E+01 -.57180532E+00
   .16400000E+01 -.62827262E+00
   .16800000E+01 -.68620569E+00
   .17200000E+01 -.74570610E+00
   .17600000E+01 -.80688270E+00
   .18000000E+01 -.86985231E+00
   .18400000E+01 -.93474082E+00
   .18800000E+01 -.10016841E+01
   .19200000E+01 -.10708294E+01
   .19600000E+01 -.11423362E+01
   .20000000E+01 -.12163783E+01
Core Pot   L  =        1.00000   -.60545
  -.20000000E+01  .85217928E+00
  -.19600000E+01  .82923070E+00
  -.19200000E+01  .80584727E+00
  -.18800000E+01  .78201059E+00
  -.18400000E+01  .75770114E+00
  -.18000000E+01  .73289820E+00
  -.17600000E+01  .70757976E+00
  -.17200000E+01  .68172243E+00
  -.16800000E+01  .65530131E+00
  -.16400000E+01  .62828987E+00
  -.16000000E+01  .60065983E+00
  -.15600000E+01  .57238099E+00
  -.15200000E+01  .54342107E+00
  -.14800000E+01  .51374552E+00
  -.14400000E+01  .48331733E+00
  -.14000000E+01  .45209684E+00
  -.13600000E+01  .42004138E+00
  -.13200000E+01  .38710512E+00
  -.12800000E+01  .35323867E+00
  -.12400000E+01  .31838875E+00
  -.12000000E+01  .28249785E+00
  -.11600000E+01  .24550372E+00
  -.11200000E+01  .20733892E+00
  -.10800000E+01  .16793026E+00
  -.10400000E+01  .12719814E+00
  -.10000000E+01  .85055893E-01
  -.96000000E+00  .41408898E-01
  -.92000000E+00 -.38462884E-02
  -.88000000E+00 -.50823023E-01
  -.84000000E+00 -.99645783E-01
  -.80000000E+00 -.15045157E+00
  -.76000000E+00 -.20339154E+00
  -.72000000E+00 -.25863287E+00
  -.68000000E+00 -.31636094E+00
  -.64000000E+00 -.37678190E+00
  -.60000000E+00 -.44012566E+00
  -.56000000E+00 -.50664943E+00
  -.52000000E+00 -.57664187E+00
  -.48000000E+00 -.65042811E+00
  -.44000000E+00 -.72837565E+00
  -.40000000E+00 -.81090153E+00
  -.36000000E+00 -.89848097E+00
  -.32000000E+00 -.99165792E+00
  -.28000000E+00 -.10910579E+01
  -.24000000E+00 -.11974040E+01
  -.20000000E+00 -.13115365E+01
  -.16000000E+00 -.14344378E+01
  -.12000000E+00 -.15672640E+01
  -.80000000E-01 -.17113845E+01
  -.40000000E-01 -.18684340E+01
   .12351231E-14 -.20403802E+01
   .40000000E-01 -.22296127E+01
   .80000000E-01 -.24390629E+01
   .12000000E+00 -.26723667E+01
   .16000000E+00 -.29340894E+01
   .20000000E+00 -.32300437E+01
   .24000000E+00 -.35677462E+01
   .28000000E+00 -.39570919E+01
   .32000000E+00 -.44113754E+01
   .36000000E+00 -.49488879E+01
   .40000000E+00 -.55955089E+01
   .44000000E+00 -.63890963E+01
   .48000000E+00 -.73873239E+01
   .52000000E+00 -.86825988E+01
   .56000000E+00 -.10432844E+02
   .60000000E+00 -.12932067E+02
   .64000000E+00 -.16797204E+02
   .68000000E+00 -.23579294E+02
   .72000000E+00 -.38608225E+02
   .76000000E+00 -.10043161E+03
   .80000000E+00  .18287705E+03
   .84000000E+00  .48980938E+02
   .88000000E+00  .28632647E+02
   .92000000E+00  .20395415E+02
   .96000000E+00  .15932432E+02
   .10000000E+01  .13130493E+02
   .10400000E+01  .11205830E+02
   .10800000E+01  .98007415E+01
   .11200000E+01  .87287104E+01
   .11600000E+01  .78829437E+01
   .12000000E+01  .71978877E+01
   .12400000E+01  .66310744E+01
   .12800000E+01  .61537814E+01
   .13200000E+01  .57458865E+01
   .13600000E+01  .53928730E+01
   .14000000E+01  .50840047E+01
   .14400000E+01  .48111705E+01
   .14800000E+01  .45681283E+01
   .15200000E+01  .43499955E+01
   .15600000E+01  .41528985E+01
   .16000000E+01  .39737244E+01
   .16400000E+01  .38099429E+01
   .16800000E+01  .36594765E+01
   .17200000E+01  .35206030E+01
   .17600000E+01  .33918829E+01
   .18000000E+01  .32721035E+01
   .18400000E+01  .31602360E+01
   .18800000E+01  .30554018E+01
   .19200000E+01  .29568459E+01
   .19600000E+01  .28639162E+01
   .20000000E+01  .27760461E+01
Potential  L  =        1.00000   -.60545
  -.20000000E+01  .93838485E+00
  -.19600000E+01  .91617481E+00
  -.19200000E+01  .89351004E+00
  -.18800000E+01  .87036830E+00
  -.18400000E+01  .84672578E+00
  -.18000000E+01  .82255694E+00
  -.17600000E+01  .79783438E+00
  -.17200000E+01  .77252860E+00
  -.16800000E+01  .74660787E+00
  -.16400000E+01  .72003797E+00
  -.16000000E+01  .69278194E+00
  -.15600000E+01  .66479979E+00
  -.15200000E+01  .63604822E+00
  -.14800000E+01  .60648020E+00
  -.14400000E+01  .57604464E+00
  -.14000000E+01  .54468584E+00
  -.13600000E+01  .51234305E+00
  -.13200000E+01  .47894980E+00
  -.12800000E+01  .44443328E+00
  -.12400000E+01  .40871349E+00
  -.12000000E+01  .37170234E+00
  -.11600000E+01  .33330266E+00
  -.11200000E+01  .29340690E+00
  -.10800000E+01  .25189574E+00
  -.10400000E+01  .20863645E+00
  -.10000000E+01  .16348089E+00
  -.96000000E+00  .11626325E+00
  -.92000000E+00  .66797261E-01
  -.88000000E+00  .14873005E-01
  -.84000000E+00 -.39747043E-01
  -.80000000E+00 -.97332687E-01
  -.76000000E+00 -.15819171E+00
  -.72000000E+00 -.22267683E+00
  -.68000000E+00 -.29119421E+00
  -.64000000E+00 -.36421400E+00
  -.60000000E+00 -.44228353E+00
  -.56000000E+00 -.52604377E+00
  -.52000000E+00 -.61625036E+00
  -.48000000E+00 -.71380043E+00
  -.44000000E+00 -.81976743E+00
  -.40000000E+00 -.93544670E+00
  -.36000000E+00 -.10624160E+01
  -.32000000E+00 -.12026169E+01
  -.28000000E+00 -.13584664E+01
  -.24000000E+00 -.15330116E+01
  -.20000000E+00 -.17301496E+01
  -.16000000E+00 -.19549467E+01
  -.12000000E+00 -.22141118E+01
  -.80000000E-01 -.25167215E+01
  -.40000000E-01 -.28753656E+01
   .12351231E-14 -.33080298E+01
   .40000000E-01 -.38413329E+01
   .80000000E-01 -.45164146E+01
   .12000000E+00 -.54004000E+01
   .16000000E+00 -.66107664E+01
   .20000000E+00 -.83734533E+01
   .24000000E+00 -.11185603E+02
   .28000000E+00 -.16396942E+02
   .32000000E+00 -.29409240E+02
   .36000000E+00 -.12062925E+03
   .40000000E+00  .61380445E+02
   .44000000E+00  .25084128E+02
   .48000000E+00  .15989172E+02
   .52000000E+00  .11845544E+02
   .56000000E+00  .94708154E+01
   .60000000E+00  .79286037E+01
   .64000000E+00  .68442742E+01
   .68000000E+00  .60386292E+01
   .72000000E+00  .54151672E+01
   .76000000E+00  .49173138E+01
   .80000000E+00  .45097071E+01
   .84000000E+00  .41691073E+01
   .88000000E+00  .38796124E+01
   .92000000E+00  .36299734E+01
   .96000000E+00  .34120081E+01
   .10000000E+01  .32196228E+01
   .10400000E+01  .30481852E+01
   .10800000E+01  .28941114E+01
   .11200000E+01  .27545846E+01
   .11600000E+01  .26273600E+01
   .12000000E+01  .25106269E+01
   .12400000E+01  .24029081E+01
   .12800000E+01  .23029865E+01
   .13200000E+01  .22098498E+01
   .13600000E+01  .21226495E+01
   .14000000E+01  .20406687E+01
   .14400000E+01  .19632970E+01
   .14800000E+01  .18900121E+01
   .15200000E+01  .18203636E+01
   .15600000E+01  .17539614E+01
   .16000000E+01  .16904654E+01
   .16400000E+01  .16295781E+01
   .16800000E+01  .15710375E+01
   .17200000E+01  .15146122E+01
   .17600000E+01  .14600968E+01
   .18000000E+01  .14073083E+01
   .18400000E+01  .13560829E+01
   .18800000E+01  .13062735E+01
   .19200000E+01  .12577476E+01
   .19600000E+01  .12103854E+01
   .20000000E+01  .11640778E+01
Core Pot   L  =        2.00000  -1.00000
  -.20000000E+01  .13758083E+01
  -.19600000E+01  .13613732E+01
  -.19200000E+01  .13468369E+01
  -.18800000E+01  .13321962E+01
  -.18400000E+01  .13174482E+01
  -.18000000E+01  .13025895E+01
  -.17600000E+01  .12876172E+01
  -.17200000E+01  .12725278E+01
  -.16800000E+01  .12573182E+01
  -.16400000E+01  .12419849E+01
  -.16000000E+01  .12265246E+01
  -.15600000E+01  .12109338E+01
  -.15200000E+01  .11952089E+01
  -.14800000E+01  .11793462E+01
  -.14400000E+01  .11633421E+01
  -.14000000E+01  .11471927E+01
  -.13600000E+01  .11308940E+01
  -.13200000E+01  .11144421E+01
  -.12800000E+01  .10978327E+01
  -.12400000E+01  .10810616E+01
  -.12000000E+01  .10641244E+01
  -.11600000E+01  .10470164E+01
  -.11200000E+01  .10297331E+01
  -.10800000E+01  .10122696E+01
  -.10400000E+01  .99462093E+00
  -.10000000E+01  .97678182E+00
  -.96000000E+00  .95874698E+00
  -.92000000E+00  .94051085E+00
  -.88000000E+00  .92206770E+00
  -.84000000E+00  .90341158E+00
  -.80000000E+00  .88453633E+00
  -.76000000E+00  .86543554E+00
  -.72000000E+00  .84610256E+00
  -.68000000E+00  .82653049E+00
  -.64000000E+00  .80671215E+00
  -.60000000E+00  .78664008E+00
  -.56000000E+00  .76630650E+00
  -.52000000E+00  .74570332E+00
  -.48000000E+00  .72482212E+00
  -.44000000E+00  .70365410E+00
  -.40000000E+00  .68219010E+00
  -.36000000E+00  .66042056E+00
  -.32000000E+00  .63833547E+00
  -.28000000E+00  .61592441E+00
  -.24000000E+00  .59317646E+00
  -.20000000E+00  .57008019E+00
  -.16000000E+00  .54662366E+00
  -.12000000E+00  .52279435E+00
  -.80000000E-01  .49857913E+00
  -.40000000E-01  .47396425E+00
   .12351231E-14  .44893525E+00
   .40000000E-01  .42347697E+00
   .80000000E-01  .39757349E+00
   .12000000E+00  .37120801E+00
   .16000000E+00  .34436291E+00
   .20000000E+00  .31701963E+00
   .24000000E+00  .28915857E+00
   .28000000E+00  .26075909E+00
   .32000000E+00  .23179941E+00
   .36000000E+00  .20225650E+00
   .40000000E+00  .17210602E+00
   .44000000E+00  .14132223E+00
   .48000000E+00  .10987787E+00
   .52000000E+00  .77744025E-01
   .56000000E+00  .44890049E-01
   .60000000E+00  .11283386E-01
   .64000000E+00 -.23110561E-01
   .68000000E+00 -.58328601E-01
   .72000000E+00 -.94409932E-01
   .76000000E+00 -.13139635E+00
   .80000000E+00 -.16933244E+00
   .84000000E+00 -.20826585E+00
   .88000000E+00 -.24824756E+00
   .92000000E+00 -.28933214E+00
   .96000000E+00 -.33157811E+00
   .10000000E+01 -.37504830E+00
   .10400000E+01 -.41981023E+00
   .10800000E+01 -.46593661E+00
   .11200000E+01 -.51350580E+00
   .11600000E+01 -.56260239E+00
   .12000000E+01 -.61331786E+00
   .12400000E+01 -.66575123E+00
   .12800000E+01 -.72000994E+00
   .13200000E+01 -.77621072E+00
   .13600000E+01 -.83448060E+00
   .14000000E+01 -.89495814E+00
   .14400000E+01 -.95779471E+00
   .14800000E+01 -.10231560E+01
   .15200000E+01 -.10912239E+01
   .15600000E+01 -.11621983E+01
   .16000000E+01 -.12362996E+01
   .16400000E+01 -.13137711E+01
   .16800000E+01 -.13948827E+01
   .17200000E+01 -.14799337E+01
   .17600000E+01 -.15692579E+01
   .18000000E+01 -.16632279E+01
   .18400000E+01 -.17622614E+01
   .18800000E+01 -.18668283E+01
   .19200000E+01 -.19774586E+01
   .19600000E+01 -.20947528E+01
   .20000000E+01 -.22193942E+01
Potential  L  =        2.00000  -1.00000
  -.20000000E+01  .13541006E+01
  -.19600000E+01  .13404564E+01
  -.19200000E+01  .13267090E+01
  -.18800000E+01  .13128564E+01
  -.18400000E+01  .12988968E+01
  -.18000000E+01  .12848281E+01
  -.17600000E+01  .12706481E+01
  -.17200000E+01  .12563547E+01
  -.16800000E+01  .12419457E+01
  -.16400000E+01  .12274188E+01
  -.16000000E+01  .12127716E+01
  -.15600000E+01  .11980016E+01
  -.15200000E+01  .11831065E+01
  -.14800000E+01  .11680837E+01
  -.14400000E+01  .11529304E+01
  -.14000000E+01  .11376440E+01
  -.13600000E+01  .11222216E+01
  -.13200000E+01  .11066604E+01
  -.12800000E+01  .10909573E+01
  -.12400000E+01  .10751094E+01
  -.12000000E+01  .10591133E+01
  -.11600000E+01  .10429658E+01
  -.11200000E+01  .10266635E+01
  -.10800000E+01  .10102030E+01
  -.10400000E+01  .99358052E+00
  -.10000000E+01  .97679244E+00
  -.96000000E+00  .95983488E+00
  -.92000000E+00  .94270382E+00
  -.88000000E+00  .92539516E+00
  -.84000000E+00  .90790462E+00
  -.80000000E+00  .89022778E+00
  -.76000000E+00  .87236007E+00
  -.72000000E+00  .85429675E+00
  -.68000000E+00  .83603292E+00
  -.64000000E+00  .81756350E+00
  -.60000000E+00  .79888323E+00
  -.56000000E+00  .77998662E+00
  -.52000000E+00  .76086804E+00
  -.48000000E+00  .74152158E+00
  -.44000000E+00  .72194116E+00
  -.40000000E+00  .70212043E+00
  -.36000000E+00  .68205282E+00
  -.32000000E+00  .66173148E+00
  -.28000000E+00  .64114930E+00
  -.24000000E+00  .62029888E+00
  -.20000000E+00  .59917254E+00
  -.16000000E+00  .57776225E+00
  -.12000000E+00  .55605967E+00
  -.80000000E-01  .53405612E+00
  -.40000000E-01  .51174252E+00
   .12351231E-14  .48910945E+00
   .40000000E-01  .46614703E+00
   .80000000E-01  .44284498E+00
   .12000000E+00  .41919253E+00
   .16000000E+00  .39517850E+00
   .20000000E+00  .37079116E+00
   .24000000E+00  .34601817E+00
   .28000000E+00  .32084673E+00
   .32000000E+00  .29526338E+00
   .36000000E+00  .26925404E+00
   .40000000E+00  .24280391E+00
   .44000000E+00  .21589754E+00
   .48000000E+00  .18851864E+00
   .52000000E+00  .16065014E+00
   .56000000E+00  .13227410E+00
   .60000000E+00  .10337167E+00
   .64000000E+00  .73922972E-01
   .68000000E+00  .43907113E-01
   .72000000E+00  .13302076E-01
   .76000000E+00 -.17915350E-01
   .80000000E+00 -.49769684E-01
   .84000000E+00 -.82286795E-01
   .88000000E+00 -.11549403E+00
   .92000000E+00 -.14942029E+00
   .96000000E+00 -.18409620E+00
   .10000000E+01 -.21955418E+00
   .10400000E+01 -.25582862E+00
   .10800000E+01 -.29295601E+00
   .11200000E+01 -.33097512E+00
   .11600000E+01 -.36992716E+00
   .12000000E+01 -.40985598E+00
   .12400000E+01 -.45080833E+00
   .12800000E+01 -.49283405E+00
   .13200000E+01 -.53598634E+00
   .13600000E+01 -.58032207E+00
   .14000000E+01 -.62590211E+00
   .14400000E+01 -.67279163E+00
   .14800000E+01 -.72106057E+00
   .15200000E+01 -.77078404E+00
   .15600000E+01 -.82204280E+00
   .16000000E+01 -.87492383E+00
   .16400000E+01 -.92952092E+00
   .16800000E+01 -.98593537E+00
   .17200000E+01 -.10442768E+01
   .17600000E+01 -.11046638E+01
   .18000000E+01 -.11672253E+01
   .18400000E+01 -.12321012E+01
   .18800000E+01 -.12994442E+01
   .19200000E+01 -.13694204E+01
   .19600000E+01 -.14422119E+01
   .20000000E+01 -.15180179E+01
Core Pot   L  =        3.00000    .00000
  -.20000000E+01  .16791853E+01
  -.19600000E+01  .16672836E+01
  -.19200000E+01  .16552956E+01
  -.18800000E+01  .16432194E+01
  -.18400000E+01  .16310531E+01
  -.18000000E+01  .16187945E+01
  -.17600000E+01  .16064416E+01
  -.17200000E+01  .15939920E+01
  -.16800000E+01  .15814433E+01
  -.16400000E+01  .15687933E+01
  -.16000000E+01  .15560394E+01
  -.15600000E+01  .15431788E+01
  -.15200000E+01  .15302090E+01
  -.14800000E+01  .15171270E+01
  -.14400000E+01  .15039298E+01
  -.14000000E+01  .14906143E+01
  -.13600000E+01  .14771773E+01
  -.13200000E+01  .14636154E+01
  -.12800000E+01  .14499250E+01
  -.12400000E+01  .14361023E+01
  -.12000000E+01  .14221435E+01
  -.11600000E+01  .14080445E+01
  -.11200000E+01  .13938009E+01
  -.10800000E+01  .13794083E+01
  -.10400000E+01  .13648619E+01
  -.10000000E+01  .13501568E+01
  -.96000000E+00  .13352876E+01
  -.92000000E+00  .13202488E+01
  -.88000000E+00  .13050346E+01
  -.84000000E+00  .12896389E+01
  -.80000000E+00  .12740551E+01
  -.76000000E+00  .12582763E+01
  -.72000000E+00  .12422952E+01
  -.68000000E+00  .12261041E+01
  -.64000000E+00  .12096948E+01
  -.60000000E+00  .11930586E+01
  -.56000000E+00  .11761862E+01
  -.52000000E+00  .11590678E+01
  -.48000000E+00  .11416927E+01
  -.44000000E+00  .11240499E+01
  -.40000000E+00  .11061272E+01
  -.36000000E+00  .10879119E+01
  -.32000000E+00  .10693901E+01
  -.28000000E+00  .10505472E+01
  -.24000000E+00  .10313671E+01
  -.20000000E+00  .10118328E+01
  -.16000000E+00  .99192589E+00
  -.12000000E+00  .97162637E+00
  -.80000000E-01  .95091268E+00
  -.40000000E-01  .92976146E+00
   .12351231E-14  .90814729E+00
   .40000000E-01  .88604253E+00
   .80000000E-01  .86341704E+00
   .12000000E+00  .84023786E+00
   .16000000E+00  .81646889E+00
   .20000000E+00  .79207049E+00
   .24000000E+00  .76699902E+00
   .28000000E+00  .74120634E+00
   .32000000E+00  .71463915E+00
   .36000000E+00  .68723832E+00
   .40000000E+00  .65893802E+00
   .44000000E+00  .62966472E+00
   .48000000E+00  .59933608E+00
   .52000000E+00  .56785948E+00
   .56000000E+00  .53513041E+00
   .60000000E+00  .50103043E+00
   .64000000E+00  .46542477E+00
   .68000000E+00  .42815937E+00
   .72000000E+00  .38905731E+00
   .76000000E+00  .34791425E+00
   .80000000E+00  .30449305E+00
   .84000000E+00  .25851670E+00
   .88000000E+00  .20965955E+00
   .92000000E+00  .15753619E+00
   .96000000E+00  .10168686E+00
   .10000000E+01  .41558634E-01
   .10400000E+01 -.23519595E-01
   .10800000E+01 -.94370512E-01
   .11200000E+01 -.17201393E+00
   .11600000E+01 -.25772971E+00
   .12000000E+01 -.35314653E+00
   .12400000E+01 -.46036955E+00
   .12800000E+01 -.58216875E+00
   .13200000E+01 -.72226413E+00
   .13600000E+01 -.88577170E+00
   .14000000E+01 -.10799266E+01
   .14400000E+01 -.13153075E+01
   .14800000E+01 -.16080219E+01
   .15200000E+01 -.19838615E+01
   .15600000E+01 -.24868698E+01
   .16000000E+01 -.31989599E+01
   .16400000E+01 -.42917664E+01
   .16800000E+01 -.61958197E+01
   .17200000E+01 -.10384251E+02
   .17600000E+01 -.27371390E+02
   .18000000E+01  .53092537E+02
   .18400000E+01  .14169704E+02
   .18800000E+01  .83814295E+01
   .19200000E+01  .60393765E+01
   .19600000E+01  .47657483E+01
   .20000000E+01  .39611149E+01
Potential  L  =        3.00000    .00000
  -.20000000E+01  .17290319E+01
  -.19600000E+01  .17182312E+01
  -.19200000E+01  .17073769E+01
  -.18800000E+01  .16964683E+01
  -.18400000E+01  .16855048E+01
  -.18000000E+01  .16744856E+01
  -.17600000E+01  .16634100E+01
  -.17200000E+01  .16522772E+01
  -.16800000E+01  .16410865E+01
  -.16400000E+01  .16298371E+01
  -.16000000E+01  .16185283E+01
  -.15600000E+01  .16071593E+01
  -.15200000E+01  .15957292E+01
  -.14800000E+01  .15842372E+01
  -.14400000E+01  .15726824E+01
  -.14000000E+01  .15610640E+01
  -.13600000E+01  .15493812E+01
  -.13200000E+01  .15376329E+01
  -.12800000E+01  .15258183E+01
  -.12400000E+01  .15139365E+01
  -.12000000E+01  .15019864E+01
  -.11600000E+01  .14899672E+01
  -.11200000E+01  .14778777E+01
  -.10800000E+01  .14657171E+01
  -.10400000E+01  .14534841E+01
  -.10000000E+01  .14411779E+01
  -.96000000E+00  .14287972E+01
  -.92000000E+00  .14163409E+01
  -.88000000E+00  .14038080E+01
  -.84000000E+00  .13911973E+01
  -.80000000E+00  .13785075E+01
  -.76000000E+00  .13657375E+01
  -.72000000E+00  .13528859E+01
  -.68000000E+00  .13399516E+01
  -.64000000E+00  .13269333E+01
  -.60000000E+00  .13138295E+01
  -.56000000E+00  .13006389E+01
  -.52000000E+00  .12873602E+01
  -.48000000E+00  .12739918E+01
  -.44000000E+00  .12605324E+01
  -.40000000E+00  .12469804E+01
  -.36000000E+00  .12333344E+01
  -.32000000E+00  .12195926E+01
  -.28000000E+00  .12057536E+01
  -.24000000E+00  .11918156E+01
  -.20000000E+00  .11777770E+01
  -.16000000E+00  .11636360E+01
  -.12000000E+00  .11493909E+01
  -.80000000E-01  .11350398E+01
  -.40000000E-01  .11205808E+01
   .12351231E-14  .11060121E+01
   .40000000E-01  .10913317E+01
   .80000000E-01  .10765376E+01
   .12000000E+00  .10616276E+01
   .16000000E+00  .10465996E+01
   .20000000E+00  .10314515E+01
   .24000000E+00  .10161811E+01
   .28000000E+00  .10007860E+01
   .32000000E+00  .98526377E+00
   .36000000E+00  .96961211E+00
   .40000000E+00  .95382847E+00
   .44000000E+00  .93791027E+00
   .48000000E+00  .92185489E+00
   .52000000E+00  .90565959E+00
   .56000000E+00  .88932159E+00
   .60000000E+00  .87283801E+00
   .64000000E+00  .85620589E+00
   .68000000E+00  .83942219E+00
   .72000000E+00  .82248377E+00
   .76000000E+00  .80538740E+00
   .80000000E+00  .78812976E+00
   .84000000E+00  .77070741E+00
   .88000000E+00  .75311684E+00
   .92000000E+00  .73535440E+00
   .96000000E+00  .71741634E+00
   .10000000E+01  .69929879E+00
   .10400000E+01  .68099776E+00
   .10800000E+01  .66250912E+00
   .11200000E+01  .64382864E+00
   .11600000E+01  .62495192E+00
   .12000000E+01  .60587443E+00
   .12400000E+01  .58659148E+00
   .12800000E+01  .56709825E+00
   .13200000E+01  .54738974E+00
   .13600000E+01  .52746078E+00
   .14000000E+01  .50730601E+00
   .14400000E+01  .48691994E+00
   .14800000E+01  .46629681E+00
   .15200000E+01  .44543072E+00
   .15600000E+01  .42431546E+00
   .16000000E+01  .40294483E+00
   .16400000E+01  .38131216E+00
   .16800000E+01  .35941067E+00
   .17200000E+01  .33723335E+00
   .17600000E+01  .31477269E+00
   .18000000E+01  .29202118E+00
   .18400000E+01  .26897092E+00
   .18800000E+01  .24561372E+00
   .19200000E+01  .22194104E+00
   .19600000E+01  .19794407E+00
   .20000000E+01  .17361359E+00
Core Pot   L  =        4.00000    .00000
  -.20000000E+01  .20962189E+01
  -.19600000E+01  .20871059E+01
  -.19200000E+01  .20779584E+01
  -.18800000E+01  .20687761E+01
  -.18400000E+01  .20595585E+01
  -.18000000E+01  .20503053E+01
  -.17600000E+01  .20410162E+01
  -.17200000E+01  .20316908E+01
  -.16800000E+01  .20223285E+01
  -.16400000E+01  .20129292E+01
  -.16000000E+01  .20034924E+01
  -.15600000E+01  .19940176E+01
  -.15200000E+01  .19845044E+01
  -.14800000E+01  .19749525E+01
  -.14400000E+01  .19653613E+01
  -.14000000E+01  .19557305E+01
  -.13600000E+01  .19460597E+01
  -.13200000E+01  .19363483E+01
  -.12800000E+01  .19265958E+01
  -.12400000E+01  .19168020E+01
  -.12000000E+01  .19069661E+01
  -.11600000E+01  .18970879E+01
  -.11200000E+01  .18871667E+01
  -.10800000E+01  .18772021E+01
  -.10400000E+01  .18671936E+01
  -.10000000E+01  .18571406E+01
  -.96000000E+00  .18470426E+01
  -.92000000E+00  .18368991E+01
  -.88000000E+00  .18267095E+01
  -.84000000E+00  .18164733E+01
  -.80000000E+00  .18061899E+01
  -.76000000E+00  .17958587E+01
  -.72000000E+00  .17854790E+01
  -.68000000E+00  .17750505E+01
  -.64000000E+00  .17645723E+01
  -.60000000E+00  .17540438E+01
  -.56000000E+00  .17434646E+01
  -.52000000E+00  .17328337E+01
  -.48000000E+00  .17221507E+01
  -.44000000E+00  .17114149E+01
  -.40000000E+00  .17006255E+01
  -.36000000E+00  .16897818E+01
  -.32000000E+00  .16788831E+01
  -.28000000E+00  .16679287E+01
  -.24000000E+00  .16569179E+01
  -.20000000E+00  .16458498E+01
  -.16000000E+00  .16347238E+01
  -.12000000E+00  .16235389E+01
  -.80000000E-01  .16122944E+01
  -.40000000E-01  .16009894E+01
   .12351231E-14  .15896232E+01
   .40000000E-01  .15781948E+01
   .80000000E-01  .15667033E+01
   .12000000E+00  .15551479E+01
   .16000000E+00  .15435276E+01
   .20000000E+00  .15318415E+01
   .24000000E+00  .15200886E+01
   .28000000E+00  .15082680E+01
   .32000000E+00  .14963786E+01
   .36000000E+00  .14844193E+01
   .40000000E+00  .14723892E+01
   .44000000E+00  .14602872E+01
   .48000000E+00  .14481121E+01
   .52000000E+00  .14358628E+01
   .56000000E+00  .14235383E+01
   .60000000E+00  .14111372E+01
   .64000000E+00  .13986584E+01
   .68000000E+00  .13861006E+01
   .72000000E+00  .13734626E+01
   .76000000E+00  .13607431E+01
   .80000000E+00  .13479407E+01
   .84000000E+00  .13350542E+01
   .88000000E+00  .13220820E+01
   .92000000E+00  .13090227E+01
   .96000000E+00  .12958750E+01
   .10000000E+01  .12826372E+01
   .10400000E+01  .12693079E+01
   .10800000E+01  .12558854E+01
   .11200000E+01  .12423682E+01
   .11600000E+01  .12287546E+01
   .12000000E+01  .12150428E+01
   .12400000E+01  .12012311E+01
   .12800000E+01  .11873178E+01
   .13200000E+01  .11733009E+01
   .13600000E+01  .11591786E+01
   .14000000E+01  .11449489E+01
   .14400000E+01  .11306098E+01
   .14800000E+01  .11161593E+01
   .15200000E+01  .11015952E+01
   .15600000E+01  .10869154E+01
   .16000000E+01  .10721175E+01
   .16400000E+01  .10571995E+01
   .16800000E+01  .10421588E+01
   .17200000E+01  .10269930E+01
   .17600000E+01  .10116996E+01
   .18000000E+01  .99627604E+00
   .18400000E+01  .98071967E+00
   .18800000E+01  .96502775E+00
   .19200000E+01  .94919743E+00
   .19600000E+01  .93322584E+00
   .20000000E+01  .91710995E+00
Potential  L  =        4.00000    .00000
  -.20000000E+01  .21112029E+01
  -.19600000E+01  .21022984E+01
  -.19200000E+01  .20933631E+01
  -.18800000E+01  .20843966E+01
  -.18400000E+01  .20753987E+01
  -.18000000E+01  .20663690E+01
  -.17600000E+01  .20573073E+01
  -.17200000E+01  .20482134E+01
  -.16800000E+01  .20390867E+01
  -.16400000E+01  .20299273E+01
  -.16000000E+01  .20207345E+01
  -.15600000E+01  .20115082E+01
  -.15200000E+01  .20022480E+01
  -.14800000E+01  .19929536E+01
  -.14400000E+01  .19836246E+01
  -.14000000E+01  .19742608E+01
  -.13600000E+01  .19648618E+01
  -.13200000E+01  .19554273E+01
  -.12800000E+01  .19459569E+01
  -.12400000E+01  .19364502E+01
  -.12000000E+01  .19269069E+01
  -.11600000E+01  .19173266E+01
  -.11200000E+01  .19077090E+01
  -.10800000E+01  .18980536E+01
  -.10400000E+01  .18883602E+01
  -.10000000E+01  .18786282E+01
  -.96000000E+00  .18688575E+01
  -.92000000E+00  .18590473E+01
  -.88000000E+00  .18491975E+01
  -.84000000E+00  .18393076E+01
  -.80000000E+00  .18293771E+01
  -.76000000E+00  .18194057E+01
  -.72000000E+00  .18093930E+01
  -.68000000E+00  .17993383E+01
  -.64000000E+00  .17892415E+01
  -.60000000E+00  .17791019E+01
  -.56000000E+00  .17689191E+01
  -.52000000E+00  .17586927E+01
  -.48000000E+00  .17484221E+01
  -.44000000E+00  .17381070E+01
  -.40000000E+00  .17277467E+01
  -.36000000E+00  .17173409E+01
  -.32000000E+00  .17068889E+01
  -.28000000E+00  .16963903E+01
  -.24000000E+00  .16858445E+01
  -.20000000E+00  .16752511E+01
  -.16000000E+00  .16646094E+01
  -.12000000E+00  .16539190E+01
  -.80000000E-01  .16431792E+01
  -.40000000E-01  .16323895E+01
   .12351231E-14  .16215493E+01
   .40000000E-01  .16106581E+01
   .80000000E-01  .15997151E+01
   .12000000E+00  .15887198E+01
   .16000000E+00  .15776717E+01
   .20000000E+00  .15665699E+01
   .24000000E+00  .15554140E+01
   .28000000E+00  .15442033E+01
   .32000000E+00  .15329370E+01
   .36000000E+00  .15216145E+01
   .40000000E+00  .15102350E+01
   .44000000E+00  .14987981E+01
   .48000000E+00  .14873027E+01
   .52000000E+00  .14757484E+01
   .56000000E+00  .14641342E+01
   .60000000E+00  .14524595E+01
   .64000000E+00  .14407235E+01
   .68000000E+00  .14289253E+01
   .72000000E+00  .14170642E+01
   .76000000E+00  .14051394E+01
   .80000000E+00  .13931500E+01
   .84000000E+00  .13810952E+01
   .88000000E+00  .13689742E+01
   .92000000E+00  .13567859E+01
   .96000000E+00  .13445296E+01
   .10000000E+01  .13322043E+01
   .10400000E+01  .13198090E+01
   .10800000E+01  .13073429E+01
   .11200000E+01  .12948050E+01
   .11600000E+01  .12821942E+01
   .12000000E+01  .12695095E+01
   .12400000E+01  .12567500E+01
   .12800000E+01  .12439145E+01
   .13200000E+01  .12310019E+01
   .13600000E+01  .12180113E+01
   .14000000E+01  .12049414E+01
   .14400000E+01  .11917911E+01
   .14800000E+01  .11785592E+01
   .15200000E+01  .11652446E+01
   .15600000E+01  .11518460E+01
   .16000000E+01  .11383622E+01
   .16400000E+01  .11247919E+01
   .16800000E+01  .11111337E+01
   .17200000E+01  .10973864E+01
   .17600000E+01  .10835487E+01
   .18000000E+01  .10696190E+01
   .18400000E+01  .10555961E+01
   .18800000E+01  .10414784E+01
   .19200000E+01  .10272644E+01
   .19600000E+01  .10129527E+01
   .20000000E+01  .99854171E+00
KBPotential  L  =       .00000  -2.89359
  -.20000000E+01  .21742103E+00
  -.19600000E+01  .16660529E+00
  -.19200000E+01  .11326379E+00
  -.18800000E+01  .57159985E-01
  -.18400000E+01 -.19735811E-02
  -.18000000E+01 -.64440549E-01
  -.17600000E+01 -.13058704E+00
  -.17200000E+01 -.20080938E+00
  -.16800000E+01 -.27556240E+00
  -.16400000E+01 -.35537588E+00
  -.16000000E+01 -.44086182E+00
  -.15600000E+01 -.53273823E+00
  -.15200000E+01 -.63184806E+00
  -.14800000E+01 -.73919356E+00
  -.14400000E+01 -.85597060E+00
  -.14000000E+01 -.98362047E+00
  -.13600000E+01 -.11238949E+01
  -.13200000E+01 -.12789456E+01
  -.12800000E+01 -.14514423E+01
  -.12400000E+01 -.16447440E+01
  -.12000000E+01 -.18631326E+01
  -.11600000E+01 -.21121559E+01
  -.11200000E+01 -.23991297E+01
  -.10800000E+01 -.27339055E+01
  -.10400000E+01 -.31300731E+01
  -.10000000E+01 -.36069197E+01
  -.96000000E+00 -.41927650E+01
  -.92000000E+00 -.49309503E+01
  -.88000000E+00 -.58913217E+01
  -.84000000E+00 -.71941475E+01
  -.80000000E+00 -.90656392E+01
  -.76000000E+00 -.11987552E+02
  -.72000000E+00 -.17200059E+02
  -.68000000E+00 -.29162795E+02
  -.64000000E+00 -.85318171E+02
  -.60000000E+00  .10307601E+03
  -.56000000E+00  .33229900E+02
  -.52000000E+00  .20178679E+02
  -.48000000E+00  .14666154E+02
  -.44000000E+00  .11620447E+02
  -.40000000E+00  .96859178E+01
  -.36000000E+00  .83464397E+01
  -.32000000E+00  .73626608E+01
  -.28000000E+00  .66084086E+01
  -.24000000E+00  .60108650E+01
  -.20000000E+00  .55250601E+01
  -.16000000E+00  .51217211E+01
  -.12000000E+00  .47809728E+01
  -.80000000E-01  .44888467E+01
  -.40000000E-01  .42352380E+01
   .12351231E-14  .40126566E+01
   .40000000E-01  .38154320E+01
   .80000000E-01  .36391929E+01
   .12000000E+00  .34805148E+01
   .16000000E+00  .33366770E+01
   .20000000E+00  .32054904E+01
   .24000000E+00  .30851739E+01
   .28000000E+00  .29742632E+01
   .32000000E+00  .28715436E+01
   .36000000E+00  .27759986E+01
   .40000000E+00  .26867716E+01
   .44000000E+00  .26031348E+01
   .48000000E+00  .25244666E+01
   .52000000E+00  .24502324E+01
   .56000000E+00  .23799699E+01
   .60000000E+00  .23132781E+01
   .64000000E+00  .22498049E+01
   .68000000E+00  .21892430E+01
   .72000000E+00  .21313215E+01
   .76000000E+00  .20758004E+01
   .80000000E+00  .20224664E+01
   .84000000E+00  .19711298E+01
   .88000000E+00  .19216202E+01
   .92000000E+00  .18737866E+01
   .96000000E+00  .18274909E+01
   .10000000E+01  .17826097E+01
   .10400000E+01  .17390308E+01
   .10800000E+01  .16966527E+01
   .11200000E+01  .16553828E+01
   .11600000E+01  .16151368E+01
   .12000000E+01  .15758375E+01
   .12400000E+01  .15374141E+01
   .12800000E+01  .14998016E+01
   .13200000E+01  .14629400E+01
   .13600000E+01  .14267747E+01
   .14000000E+01  .13912544E+01
   .14400000E+01  .13563317E+01
   .14800000E+01  .13219627E+01
   .15200000E+01  .12881067E+01
   .15600000E+01  .12547256E+01
   .16000000E+01  .12217838E+01
   .16400000E+01  .11892482E+01
   .16800000E+01  .11570878E+01
   .17200000E+01  .11252728E+01
   .17600000E+01  .10937758E+01
   .18000000E+01  .10625711E+01
   .18400000E+01  .10316341E+01
   .18800000E+01  .10009416E+01
   .19200000E+01  .97047154E+00
   .19600000E+01  .94020318E+00
   .20000000E+01  .91011660E+00
KBPotential  L  =      1.00000  -1.21090
  -.20000000E+01  .86322424E+00
  -.19600000E+01  .84007046E+00
  -.19200000E+01  .81647142E+00
  -.18800000E+01  .79240847E+00
  -.18400000E+01  .76786187E+00
  -.18000000E+01  .74281072E+00
  -.17600000E+01  .71723283E+00
  -.17200000E+01  .69110464E+00
  -.16800000E+01  .66440115E+00
  -.16400000E+01  .63709572E+00
  -.16000000E+01  .60916003E+00
  -.15600000E+01  .58056387E+00
  -.15200000E+01  .55127503E+00
  -.14800000E+01  .52125910E+00
  -.14400000E+01  .49047928E+00
  -.14000000E+01  .45889618E+00
  -.13600000E+01  .42646759E+00
  -.13200000E+01  .39314823E+00
  -.12800000E+01  .35888941E+00
  -.12400000E+01  .32363878E+00
  -.12000000E+01  .28733991E+00
  -.11600000E+01  .24993195E+00
  -.11200000E+01  .21134912E+00
  -.10800000E+01  .17152025E+00
  -.10400000E+01  .13036846E+00
  -.10000000E+01  .87809393E-01
  -.96000000E+00  .43751996E-01
  -.92000000E+00 -.19024839E-02
  -.88000000E+00 -.49262692E-01
  -.84000000E+00 -.98447154E-01
  -.80000000E+00 -.14958592E+00
  -.76000000E+00 -.20282178E+00
  -.72000000E+00 -.25831176E+00
  -.68000000E+00 -.31622944E+00
  -.64000000E+00 -.37676677E+00
  -.60000000E+00 -.44013671E+00
  -.56000000E+00 -.50657610E+00
  -.52000000E+00 -.57634931E+00
  -.48000000E+00 -.64975213E+00
  -.44000000E+00 -.72711666E+00
  -.40000000E+00 -.80881710E+00
  -.36000000E+00 -.89527681E+00
  -.32000000E+00 -.98697625E+00
  -.28000000E+00 -.10844632E+01
  -.24000000E+00 -.11883652E+01
  -.20000000E+00 -.12994040E+01
  -.16000000E+00 -.14184145E+01
  -.12000000E+00 -.15463679E+01
  -.80000000E-01 -.16844001E+01
  -.40000000E-01 -.18338487E+01
   .12351231E-14 -.19962996E+01
   .40000000E-01 -.21736476E+01
   .80000000E-01 -.23681752E+01
   .12000000E+00 -.25826576E+01
   .16000000E+00 -.28205027E+01
   .20000000E+00 -.30859427E+01
   .24000000E+00 -.33842990E+01
   .28000000E+00 -.37223575E+01
   .32000000E+00 -.41089088E+01
   .36000000E+00 -.45555473E+01
   .40000000E+00 -.50778875E+01
   .44000000E+00 -.56974704E+01
   .48000000E+00 -.64448705E+01
   .52000000E+00 -.73649859E+01
   .56000000E+00 -.85265389E+01
   .60000000E+00 -.10040295E+02
   .64000000E+00 -.12097022E+02
   .68000000E+00 -.15055633E+02
   .72000000E+00 -.19680799E+02
   .76000000E+00 -.27942273E+02
   .80000000E+00 -.46932147E+02
   .84000000E+00 -.13645562E+03
   .88000000E+00  .16166140E+03
   .92000000E+00  .51896944E+02
   .96000000E+00  .31296701E+02
   .10000000E+01  .22591597E+02
   .10400000E+01  .17783680E+02
   .10800000E+01  .14732336E+02
   .11200000E+01  .12622031E+02
   .11600000E+01  .11074407E+02
   .12000000E+01  .98899600E+01
   .12400000E+01  .89535268E+01
   .12800000E+01  .81939751E+01
   .13200000E+01  .75649967E+01
   .13600000E+01  .70351475E+01
   .14000000E+01  .65823263E+01
   .14400000E+01  .61905449E+01
   .14800000E+01  .58479507E+01
   .15200000E+01  .55455715E+01
   .15600000E+01  .52764901E+01
   .16000000E+01  .50352879E+01
   .16400000E+01  .48176600E+01
   .16800000E+01  .46201430E+01
   .17200000E+01  .44399201E+01
   .17600000E+01  .42746720E+01
   .18000000E+01  .41224789E+01
   .18400000E+01  .39817333E+01
   .18800000E+01  .38510802E+01
   .19200000E+01  .37293695E+01
   .19600000E+01  .36156186E+01
   .20000000E+01  .35089825E+01
KBPotential  L  =      2.00000    .00000
  -.20000000E+01  .13541006E+01
  -.19600000E+01  .13404564E+01
  -.19200000E+01  .13267090E+01
  -.18800000E+01  .13128564E+01
  -.18400000E+01  .12988968E+01
  -.18000000E+01  .12848281E+01
  -.17600000E+01  .12706481E+01
  -.17200000E+01  .12563547E+01
  -.16800000E+01  .12419457E+01
  -.16400000E+01  .12274188E+01
  -.16000000E+01  .12127716E+01
  -.15600000E+01  .11980016E+01
  -.15200000E+01  .11831065E+01
  -.14800000E+01  .11680837E+01
  -.14400000E+01  .11529304E+01
  -.14000000E+01  .11376440E+01
  -.13600000E+01  .11222216E+01
  -.13200000E+01  .11066604E+01
  -.12800000E+01  .10909573E+01
  -.12400000E+01  .10751094E+01
  -.12000000E+01  .10591133E+01
  -.11600000E+01  .10429658E+01
  -.11200000E+01  .10266635E+01
  -.10800000E+01  .10102030E+01
  -.10400000E+01  .99358052E+00
  -.10000000E+01  .97679244E+00
  -.96000000E+00  .95983488E+00
  -.92000000E+00  .94270382E+00
  -.88000000E+00  .92539516E+00
  -.84000000E+00  .90790462E+00
  -.80000000E+00  .89022778E+00
  -.76000000E+00  .87236007E+00
  -.72000000E+00  .85429675E+00
  -.68000000E+00  .83603292E+00
  -.64000000E+00  .81756350E+00
  -.60000000E+00  .79888323E+00
  -.56000000E+00  .77998662E+00
  -.52000000E+00  .76086804E+00
  -.48000000E+00  .74152158E+00
  -.44000000E+00  .72194116E+00
  -.40000000E+00  .70212043E+00
  -.36000000E+00  .68205282E+00
  -.32000000E+00  .66173148E+00
  -.28000000E+00  .64114930E+00
  -.24000000E+00  .62029888E+00
  -.20000000E+00  .59917254E+00
  -.16000000E+00  .57776225E+00
  -.12000000E+00  .55605967E+00
  -.80000000E-01  .53405612E+00
  -.40000000E-01  .51174252E+00
   .12351231E-14  .48910945E+00
   .40000000E-01  .46614703E+00
   .80000000E-01  .44284498E+00
   .12000000E+00  .41919253E+00
   .16000000E+00  .39517850E+00
   .20000000E+00  .37079116E+00
   .24000000E+00  .34601817E+00
   .28000000E+00  .32084673E+00
   .32000000E+00  .29526338E+00
   .36000000E+00  .26925404E+00
   .40000000E+00  .24280391E+00
   .44000000E+00  .21589754E+00
   .48000000E+00  .18851864E+00
   .52000000E+00  .16065014E+00
   .56000000E+00  .13227410E+00
   .60000000E+00  .10337167E+00
   .64000000E+00  .73922972E-01
   .68000000E+00  .43907113E-01
   .72000000E+00  .13302076E-01
   .76000000E+00 -.17915350E-01
   .80000000E+00 -.49769684E-01
   .84000000E+00 -.82286795E-01
   .88000000E+00 -.11549403E+00
   .92000000E+00 -.14942029E+00
   .96000000E+00 -.18409620E+00
   .10000000E+01 -.21955418E+00
   .10400000E+01 -.25582862E+00
   .10800000E+01 -.29295601E+00
   .11200000E+01 -.33097512E+00
   .11600000E+01 -.36992716E+00
   .12000000E+01 -.40985598E+00
   .12400000E+01 -.45080833E+00
   .12800000E+01 -.49283405E+00
   .13200000E+01 -.53598634E+00
   .13600000E+01 -.58032207E+00
   .14000000E+01 -.62590211E+00
   .14400000E+01 -.67279163E+00
   .14800000E+01 -.72106057E+00
   .15200000E+01 -.77078404E+00
   .15600000E+01 -.82204280E+00
   .16000000E+01 -.87492383E+00
   .16400000E+01 -.92952092E+00
   .16800000E+01 -.98593537E+00
   .17200000E+01 -.10442768E+01
   .17600000E+01 -.11046638E+01
   .18000000E+01 -.11672253E+01
   .18400000E+01 -.12321012E+01
   .18800000E+01 -.12994442E+01
   .19200000E+01 -.13694204E+01
   .19600000E+01 -.14422119E+01
   .20000000E+01 -.15180179E+01
KBPotential  L  =      3.00000    .00000
  -.20000000E+01  .17290319E+01
  -.19600000E+01  .17182312E+01
  -.19200000E+01  .17073769E+01
  -.18800000E+01  .16964683E+01
  -.18400000E+01  .16855048E+01
  -.18000000E+01  .16744856E+01
  -.17600000E+01  .16634100E+01
  -.17200000E+01  .16522772E+01
  -.16800000E+01  .16410865E+01
  -.16400000E+01  .16298371E+01
  -.16000000E+01  .16185283E+01
  -.15600000E+01  .16071593E+01
  -.15200000E+01  .15957292E+01
  -.14800000E+01  .15842372E+01
  -.14400000E+01  .15726824E+01
  -.14000000E+01  .15610640E+01
  -.13600000E+01  .15493812E+01
  -.13200000E+01  .15376329E+01
  -.12800000E+01  .15258183E+01
  -.12400000E+01  .15139365E+01
  -.12000000E+01  .15019864E+01
  -.11600000E+01  .14899672E+01
  -.11200000E+01  .14778777E+01
  -.10800000E+01  .14657171E+01
  -.10400000E+01  .14534841E+01
  -.10000000E+01  .14411779E+01
  -.96000000E+00  .14287972E+01
  -.92000000E+00  .14163409E+01
  -.88000000E+00  .14038080E+01
  -.84000000E+00  .13911973E+01
  -.80000000E+00  .13785075E+01
  -.76000000E+00  .13657375E+01
  -.72000000E+00  .13528859E+01
  -.68000000E+00  .13399516E+01
  -.64000000E+00  .13269333E+01
  -.60000000E+00  .13138295E+01
  -.56000000E+00  .13006389E+01
  -.52000000E+00  .12873602E+01
  -.48000000E+00  .12739918E+01
  -.44000000E+00  .12605324E+01
  -.40000000E+00  .12469804E+01
  -.36000000E+00  .12333344E+01
  -.32000000E+00  .12195926E+01
  -.28000000E+00  .12057536E+01
  -.24000000E+00  .11918156E+01
  -.20000000E+00  .11777770E+01
  -.16000000E+00  .11636360E+01
  -.12000000E+00  .11493909E+01
  -.80000000E-01  .11350398E+01
  -.40000000E-01  .11205808E+01
   .12351231E-14  .11060121E+01
   .40000000E-01  .10913317E+01
   .80000000E-01  .10765376E+01
   .12000000E+00  .10616276E+01
   .16000000E+00  .10465996E+01
   .20000000E+00  .10314515E+01
   .24000000E+00  .10161811E+01
   .28000000E+00  .10007860E+01
   .32000000E+00  .98526377E+00
   .36000000E+00  .96961211E+00
   .40000000E+00  .95382847E+00
   .44000000E+00  .93791027E+00
   .48000000E+00  .92185489E+00
   .52000000E+00  .90565959E+00
   .56000000E+00  .88932159E+00
   .60000000E+00  .87283801E+00
   .64000000E+00  .85620589E+00
   .68000000E+00  .83942219E+00
   .72000000E+00  .82248377E+00
   .76000000E+00  .80538740E+00
   .80000000E+00  .78812976E+00
   .84000000E+00  .77070741E+00
   .88000000E+00  .75311684E+00
   .92000000E+00  .73535440E+00
   .96000000E+00  .71741634E+00
   .10000000E+01  .69929879E+00
   .10400000E+01  .68099776E+00
   .10800000E+01  .66250912E+00
   .11200000E+01  .64382864E+00
   .11600000E+01  .62495192E+00
   .12000000E+01  .60587443E+00
   .12400000E+01  .58659148E+00
   .12800000E+01  .56709825E+00
   .13200000E+01  .54738974E+00
   .13600000E+01  .52746078E+00
   .14000000E+01  .50730601E+00
   .14400000E+01  .48691994E+00
   .14800000E+01  .46629681E+00
   .15200000E+01  .44543072E+00
   .15600000E+01  .42431546E+00
   .16000000E+01  .40294483E+00
   .16400000E+01  .38131216E+00
   .16800000E+01  .35941067E+00
   .17200000E+01  .33723335E+00
   .17600000E+01  .31477269E+00
   .18000000E+01  .29202118E+00
   .18400000E+01  .26897092E+00
   .18800000E+01  .24561372E+00
   .19200000E+01  .22194104E+00
   .19600000E+01  .19794407E+00
   .20000000E+01  .17361359E+00
KBPotential  L  =      4.00000    .00000
  -.20000000E+01  .21112029E+01
  -.19600000E+01  .21022984E+01
  -.19200000E+01  .20933631E+01
  -.18800000E+01  .20843966E+01
  -.18400000E+01  .20753987E+01
  -.18000000E+01  .20663690E+01
  -.17600000E+01  .20573073E+01
  -.17200000E+01  .20482134E+01
  -.16800000E+01  .20390867E+01
  -.16400000E+01  .20299273E+01
  -.16000000E+01  .20207345E+01
  -.15600000E+01  .20115082E+01
  -.15200000E+01  .20022480E+01
  -.14800000E+01  .19929536E+01
  -.14400000E+01  .19836246E+01
  -.14000000E+01  .19742608E+01
  -.13600000E+01  .19648618E+01
  -.13200000E+01  .19554273E+01
  -.12800000E+01  .19459569E+01
  -.12400000E+01  .19364502E+01
  -.12000000E+01  .19269069E+01
  -.11600000E+01  .19173266E+01
  -.11200000E+01  .19077090E+01
  -.10800000E+01  .18980536E+01
  -.10400000E+01  .18883602E+01
  -.10000000E+01  .18786282E+01
  -.96000000E+00  .18688575E+01
  -.92000000E+00  .18590473E+01
  -.88000000E+00  .18491975E+01
  -.84000000E+00  .18393076E+01
  -.80000000E+00  .18293771E+01
  -.76000000E+00  .18194057E+01
  -.72000000E+00  .18093930E+01
  -.68000000E+00  .17993383E+01
  -.64000000E+00  .17892415E+01
  -.60000000E+00  .17791019E+01
  -.56000000E+00  .17689191E+01
  -.52000000E+00  .17586927E+01
  -.48000000E+00  .17484221E+01
  -.44000000E+00  .17381070E+01
  -.40000000E+00  .17277467E+01
  -.36000000E+00  .17173409E+01
  -.32000000E+00  .17068889E+01
  -.28000000E+00  .16963903E+01
  -.24000000E+00  .16858445E+01
  -.20000000E+00  .16752511E+01
  -.16000000E+00  .16646094E+01
  -.12000000E+00  .16539190E+01
  -.80000000E-01  .16431792E+01
  -.40000000E-01  .16323895E+01
   .12351231E-14  .16215493E+01
   .40000000E-01  .16106581E+01
   .80000000E-01  .15997151E+01
   .12000000E+00  .15887198E+01
   .16000000E+00  .15776717E+01
   .20000000E+00  .15665699E+01
   .24000000E+00  .15554140E+01
   .28000000E+00  .15442033E+01
   .32000000E+00  .15329370E+01
   .36000000E+00  .15216145E+01
   .40000000E+00  .15102350E+01
   .44000000E+00  .14987981E+01
   .48000000E+00  .14873027E+01
   .52000000E+00  .14757484E+01
   .56000000E+00  .14641342E+01
   .60000000E+00  .14524595E+01
   .64000000E+00  .14407235E+01
   .68000000E+00  .14289253E+01
   .72000000E+00  .14170642E+01
   .76000000E+00  .14051394E+01
   .80000000E+00  .13931500E+01
   .84000000E+00  .13810952E+01
   .88000000E+00  .13689742E+01
   .92000000E+00  .13567859E+01
   .96000000E+00  .13445296E+01
   .10000000E+01  .13322043E+01
   .10400000E+01  .13198090E+01
   .10800000E+01  .13073429E+01
   .11200000E+01  .12948050E+01
   .11600000E+01  .12821942E+01
   .12000000E+01  .12695095E+01
   .12400000E+01  .12567500E+01
   .12800000E+01  .12439145E+01
   .13200000E+01  .12310019E+01
   .13600000E+01  .12180113E+01
   .14000000E+01  .12049414E+01
   .14400000E+01  .11917911E+01
   .14800000E+01  .11785592E+01
   .15200000E+01  .11652446E+01
   .15600000E+01  .11518460E+01
   .16000000E+01  .11383622E+01
   .16400000E+01  .11247919E+01
   .16800000E+01  .11111337E+01
   .17200000E+01  .10973864E+01
   .17600000E+01  .10835487E+01
   .18000000E+01  .10696190E+01
   .18400000E+01  .10555961E+01
   .18800000E+01  .10414784E+01
   .19200000E+01  .10272644E+01
   .19600000E+01  .10129527E+01
   .20000000E+01  .99854171E+00
