  PAW Pb_d                               
 100
Core Pot   L  =         .00000   -.88070
  -.30000000E+01  .14566423E+01
  -.29500000E+01  .14378022E+01
  -.29000000E+01  .14186513E+01
  -.28500000E+01  .13991735E+01
  -.28000000E+01  .13793518E+01
  -.27500000E+01  .13591675E+01
  -.27000000E+01  .13386006E+01
  -.26500000E+01  .13176290E+01
  -.26000000E+01  .12962289E+01
  -.25500000E+01  .12743740E+01
  -.25000000E+01  .12520360E+01
  -.24500000E+01  .12291832E+01
  -.24000000E+01  .12057812E+01
  -.23500000E+01  .11817918E+01
  -.23000000E+01  .11571729E+01
  -.22500000E+01  .11318777E+01
  -.22000000E+01  .11058538E+01
  -.21500000E+01  .10790433E+01
  -.21000000E+01  .10513807E+01
  -.20500000E+01  .10227926E+01
  -.20000000E+01  .99319606E+00
  -.19500000E+01  .96249705E+00
  -.19000000E+01  .93058838E+00
  -.18500000E+01  .89734741E+00
  -.18000000E+01  .86263308E+00
  -.17500000E+01  .82628226E+00
  -.17000000E+01  .78810519E+00
  -.16500000E+01  .74787981E+00
  -.16000000E+01  .70534445E+00
  -.15500000E+01  .66018853E+00
  -.15000000E+01  .61204047E+00
  -.14500000E+01  .56045188E+00
  -.14000000E+01  .50487641E+00
  -.13500000E+01  .44464139E+00
  -.13000000E+01  .37890891E+00
  -.12500000E+01  .30662138E+00
  -.12000000E+01  .22642463E+00
  -.11500000E+01  .13655526E+00
  -.11000000E+01  .34673517E-01
  -.10500000E+01 -.82394031E-01
  -.10000000E+01 -.21906219E+00
  -.95000000E+00 -.38166114E+00
  -.90000000E+00 -.57960243E+00
  -.85000000E+00 -.82751515E+00
  -.80000000E+00 -.11494451E+01
  -.75000000E+00 -.15878881E+01
  -.70000000E+00 -.22256902E+01
  -.65000000E+00 -.32488545E+01
  -.60000000E+00 -.51796937E+01
  -.55000000E+00 -.10263986E+02
  -.50000000E+00 -.63075515E+02
  -.45000000E+00  .18139582E+02
  -.40000000E+00  .84756346E+01
  -.35000000E+00  .57297987E+01
  -.30000000E+00  .44225778E+01
  -.25000000E+00  .36523765E+01
  -.20000000E+00  .31406976E+01
  -.15000000E+00  .27731559E+01
  -.10000000E+00  .24941130E+01
  -.50000000E-01  .22732520E+01
  -.22898350E-14  .20926415E+01
   .50000000E-01  .19409953E+01
   .10000000E+00  .18108536E+01
   .15000000E+00  .16970862E+01
   .20000000E+00  .15960480E+01
   .25000000E+00  .15050764E+01
   .30000000E+00  .14221801E+01
   .35000000E+00  .13458388E+01
   .40000000E+00  .12748708E+01
   .45000000E+00  .12083425E+01
   .50000000E+00  .11455058E+01
   .55000000E+00  .10857528E+01
   .60000000E+00  .10285840E+01
   .65000000E+00  .97358369E+00
   .70000000E+00  .92040266E+00
   .75000000E+00  .86874416E+00
   .80000000E+00  .81835364E+00
   .85000000E+00  .76901059E+00
   .90000000E+00  .72052215E+00
   .95000000E+00  .67271800E+00
   .10000000E+01  .62544630E+00
   .10500000E+01  .57857038E+00
   .11000000E+01  .53196597E+00
   .11500000E+01  .48551903E+00
   .12000000E+01  .43912380E+00
   .12500000E+01  .39268121E+00
   .13000000E+01  .34609764E+00
   .13500000E+01  .29928343E+00
   .14000000E+01  .25215222E+00
   .14500000E+01  .20461974E+00
   .15000000E+01  .15660322E+00
   .15500000E+01  .10802033E+00
   .16000000E+01  .58788637E-01
   .16500000E+01  .88248437E-02
   .17000000E+01 -.41955875E-01
   .17500000E+01 -.93640516E-01
   .18000000E+01 -.14631902E+00
   .18500000E+01 -.20008488E+00
   .19000000E+01 -.25503593E+00
   .19500000E+01 -.31127510E+00
   .20000000E+01 -.36891129E+00
Potential  L  =         .00000   -.88070
  -.30000000E+01  .14744607E+01
  -.29500000E+01  .14564506E+01
  -.29000000E+01  .14381783E+01
  -.28500000E+01  .14196315E+01
  -.28000000E+01  .14007968E+01
  -.27500000E+01  .13816598E+01
  -.27000000E+01  .13622046E+01
  -.26500000E+01  .13424144E+01
  -.26000000E+01  .13222704E+01
  -.25500000E+01  .13017522E+01
  -.25000000E+01  .12808376E+01
  -.24500000E+01  .12595020E+01
  -.24000000E+01  .12377182E+01
  -.23500000E+01  .12154562E+01
  -.23000000E+01  .11926829E+01
  -.22500000E+01  .11693609E+01
  -.22000000E+01  .11454489E+01
  -.21500000E+01  .11209000E+01
  -.21000000E+01  .10956616E+01
  -.20500000E+01  .10696739E+01
  -.20000000E+01  .10428689E+01
  -.19500000E+01  .10151685E+01
  -.19000000E+01  .98648278E+00
  -.18500000E+01  .95670761E+00
  -.18000000E+01  .92572135E+00
  -.17500000E+01  .89338106E+00
  -.17000000E+01  .85951743E+00
  -.16500000E+01  .82392824E+00
  -.16000000E+01  .78636968E+00
  -.15500000E+01  .74654486E+00
  -.15000000E+01  .70408820E+00
  -.14500000E+01  .65854392E+00
  -.14000000E+01  .60933598E+00
  -.13500000E+01  .55572493E+00
  -.13000000E+01  .49674484E+00
  -.12500000E+01  .43110828E+00
  -.12000000E+01  .35705978E+00
  -.11500000E+01  .27213907E+00
  -.11000000E+01  .17278687E+00
  -.10500000E+01  .53650036E-01
  -.10000000E+01 -.93714685E-01
  -.95000000E+00 -.28345410E+00
  -.90000000E+00 -.54122308E+00
  -.85000000E+00 -.91889165E+00
  -.80000000E+00 -.15395540E+01
  -.75000000E+00 -.27837712E+01
  -.70000000E+00 -.67009571E+01
  -.65000000E+00  .77921992E+02
  -.60000000E+00  .69242920E+01
  -.55000000E+00  .39089745E+01
  -.50000000E+00  .28282143E+01
  -.45000000E+00  .22618241E+01
  -.40000000E+00  .19061123E+01
  -.35000000E+00  .16569010E+01
  -.30000000E+00  .14687813E+01
  -.25000000E+00  .13187802E+01
  -.20000000E+00  .11940150E+01
  -.15000000E+00  .10866874E+01
  -.10000000E+00  .99179368E+00
  -.50000000E-01  .90596193E+00
  -.22898350E-14  .82682831E+00
   .50000000E-01  .75267649E+00
   .10000000E+00  .68222042E+00
   .15000000E+00  .61446769E+00
   .20000000E+00  .54863056E+00
   .25000000E+00  .48406596E+00
   .30000000E+00  .42023383E+00
   .35000000E+00  .35666746E+00
   .40000000E+00  .29295114E+00
   .45000000E+00  .22870386E+00
   .50000000E+00  .16356552E+00
   .55000000E+00  .97186360E-01
   .60000000E+00  .29216712E-01
   .65000000E+00 -.40701541E-01
   .70000000E+00 -.11294378E+00
   .75000000E+00 -.18791164E+00
   .80000000E+00 -.26604270E+00
   .85000000E+00 -.34782150E+00
   .90000000E+00 -.43379225E+00
   .95000000E+00 -.52457431E+00
   .10000000E+01 -.62088090E+00
   .10500000E+01 -.72354270E+00
   .11000000E+01 -.83353774E+00
   .11500000E+01 -.95202990E+00
   .12000000E+01 -.10804196E+01
   .12500000E+01 -.12204112E+01
   .13000000E+01 -.13741034E+01
   .13500000E+01 -.15441153E+01
   .14000000E+01 -.17337607E+01
   .14500000E+01 -.19472995E+01
   .15000000E+01 -.21903048E+01
   .15500000E+01 -.24702150E+01
   .16000000E+01 -.27971906E+01
   .16500000E+01 -.31854879E+01
   .17000000E+01 -.36557606E+01
   .17500000E+01 -.42391070E+01
   .18000000E+01 -.49846369E+01
   .18500000E+01 -.59747249E+01
   .19000000E+01 -.73589333E+01
   .19500000E+01 -.94400755E+01
   .20000000E+01 -.12938137E+02
Core Pot   L  =        1.00000   -.25747
  -.30000000E+01  .15565989E+01
  -.29500000E+01  .15399805E+01
  -.29000000E+01  .15231733E+01
  -.28500000E+01  .15061711E+01
  -.28000000E+01  .14889671E+01
  -.27500000E+01  .14715545E+01
  -.27000000E+01  .14539258E+01
  -.26500000E+01  .14360732E+01
  -.26000000E+01  .14179886E+01
  -.25500000E+01  .13996631E+01
  -.25000000E+01  .13810876E+01
  -.24500000E+01  .13622523E+01
  -.24000000E+01  .13431468E+01
  -.23500000E+01  .13237602E+01
  -.23000000E+01  .13040808E+01
  -.22500000E+01  .12840960E+01
  -.22000000E+01  .12637927E+01
  -.21500000E+01  .12431566E+01
  -.21000000E+01  .12221726E+01
  -.20500000E+01  .12008246E+01
  -.20000000E+01  .11790952E+01
  -.19500000E+01  .11569658E+01
  -.19000000E+01  .11344164E+01
  -.18500000E+01  .11114255E+01
  -.18000000E+01  .10879700E+01
  -.17500000E+01  .10640249E+01
  -.17000000E+01  .10395631E+01
  -.16500000E+01  .10145553E+01
  -.16000000E+01  .98896971E+00
  -.15500000E+01  .96277185E+00
  -.15000000E+01  .93592403E+00
  -.14500000E+01  .90838520E+00
  -.14000000E+01  .88011040E+00
  -.13500000E+01  .85105034E+00
  -.13000000E+01  .82115087E+00
  -.12500000E+01  .79035228E+00
  -.12000000E+01  .75858865E+00
  -.11500000E+01  .72578695E+00
  -.11000000E+01  .69186605E+00
  -.10500000E+01  .65673555E+00
  -.10000000E+01  .62029438E+00
  -.95000000E+00  .58242918E+00
  -.90000000E+00  .54301236E+00
  -.85000000E+00  .50189973E+00
  -.80000000E+00  .45892770E+00
  -.75000000E+00  .41390990E+00
  -.70000000E+00  .36663298E+00
  -.65000000E+00  .31685152E+00
  -.60000000E+00  .26428182E+00
  -.55000000E+00  .20859387E+00
  -.50000000E+00  .14940163E+00
  -.45000000E+00  .86250514E-01
  -.40000000E+00  .18601305E-01
  -.35000000E+00 -.54190522E-01
  -.30000000E+00 -.13290194E+00
  -.25000000E+00 -.21847838E+00
  -.20000000E+00 -.31208209E+00
  -.15000000E+00 -.41515828E+00
  -.10000000E+00 -.52952703E+00
  -.50000000E-01 -.65751344E+00
  -.22898350E-14 -.80213608E+00
   .50000000E-01 -.96738695E+00
   .10000000E+00 -.11586584E+01
   .15000000E+00 -.13834170E+01
   .20000000E+00 -.16523076E+01
   .25000000E+00 -.19810466E+01
   .30000000E+00 -.23938518E+01
   .35000000E+00 -.29300922E+01
   .40000000E+00 -.36583352E+01
   .45000000E+00 -.47095811E+01
   .50000000E+00 -.63692727E+01
   .55000000E+00 -.94000270E+01
   .60000000E+00 -.16754714E+02
   .65000000E+00 -.61460807E+02
   .70000000E+00  .41004447E+02
   .75000000E+00  .15941056E+02
   .80000000E+00  .10087363E+02
   .85000000E+00  .74673102E+01
   .90000000E+00  .59751614E+01
   .95000000E+00  .50073258E+01
   .10000000E+01  .43256188E+01
   .10500000E+01  .38170922E+01
   .11000000E+01  .34212842E+01
   .11500000E+01  .31029027E+01
   .12000000E+01  .28399610E+01
   .12500000E+01  .26180462E+01
   .13000000E+01  .24273151E+01
   .13500000E+01  .22608151E+01
   .14000000E+01  .21134945E+01
   .14500000E+01  .19815935E+01
   .15000000E+01  .18622548E+01
   .15500000E+01  .17532676E+01
   .16000000E+01  .16528932E+01
   .16500000E+01  .15597449E+01
   .17000000E+01  .14727023E+01
   .17500000E+01  .13908493E+01
   .18000000E+01  .13134291E+01
   .18500000E+01  .12398100E+01
   .19000000E+01  .11694600E+01
   .19500000E+01  .11019270E+01
   .20000000E+01  .10368236E+01
Potential  L  =        1.00000   -.25747
  -.30000000E+01  .15606011E+01
  -.29500000E+01  .15441648E+01
  -.29000000E+01  .15275466E+01
  -.28500000E+01  .15107406E+01
  -.28000000E+01  .14937404E+01
  -.27500000E+01  .14765394E+01
  -.27000000E+01  .14591306E+01
  -.26500000E+01  .14415067E+01
  -.26000000E+01  .14236596E+01
  -.25500000E+01  .14055813E+01
  -.25000000E+01  .13872628E+01
  -.24500000E+01  .13686949E+01
  -.24000000E+01  .13498676E+01
  -.23500000E+01  .13307705E+01
  -.23000000E+01  .13113922E+01
  -.22500000E+01  .12917209E+01
  -.22000000E+01  .12717438E+01
  -.21500000E+01  .12514472E+01
  -.21000000E+01  .12308165E+01
  -.20500000E+01  .12098361E+01
  -.20000000E+01  .11884890E+01
  -.19500000E+01  .11667573E+01
  -.19000000E+01  .11446213E+01
  -.18500000E+01  .11220601E+01
  -.18000000E+01  .10990509E+01
  -.17500000E+01  .10755690E+01
  -.17000000E+01  .10515877E+01
  -.16500000E+01  .10270778E+01
  -.16000000E+01  .10020076E+01
  -.15500000E+01  .97634243E+00
  -.15000000E+01  .95004429E+00
  -.14500000E+01  .92307152E+00
  -.14000000E+01  .89537823E+00
  -.13500000E+01  .86691379E+00
  -.13000000E+01  .83762216E+00
  -.12500000E+01  .80744114E+00
  -.12000000E+01  .77630144E+00
  -.11500000E+01  .74412569E+00
  -.11000000E+01  .71082708E+00
  -.10500000E+01  .67630794E+00
  -.10000000E+01  .64045793E+00
  -.95000000E+00  .60315180E+00
  -.90000000E+00  .56424683E+00
  -.85000000E+00  .52357957E+00
  -.80000000E+00  .48096183E+00
  -.75000000E+00  .43617582E+00
  -.70000000E+00  .38896798E+00
  -.65000000E+00  .33904112E+00
  -.60000000E+00  .28604476E+00
  -.55000000E+00  .22956218E+00
  -.50000000E+00  .16909388E+00
  -.45000000E+00  .10403607E+00
  -.40000000E+00  .33651416E-01
  -.35000000E+00 -.42970175E-01
  -.30000000E+00 -.12696566E+00
  -.25000000E+00 -.21977461E+00
  -.20000000E+00 -.32324752E+00
  -.15000000E+00 -.43980436E+00
  -.10000000E+00 -.57267248E+00
  -.50000000E-01 -.72625501E+00
  -.22898350E-14 -.90672116E+00
   .50000000E-01 -.11229918E+01
   .10000000E+00 -.13884687E+01
   .15000000E+00 -.17242543E+01
   .20000000E+00 -.21656158E+01
   .25000000E+00 -.27762728E+01
   .30000000E+00 -.36843514E+01
   .35000000E+00 -.51913003E+01
   .40000000E+00 -.82147830E+01
   .45000000E+00 -.17509207E+02
   .50000000E+00  .40136530E+03
   .55000000E+00  .17212836E+02
   .60000000E+00  .90469836E+01
   .65000000E+00  .62303580E+01
   .70000000E+00  .47936662E+01
   .75000000E+00  .39157708E+01
   .80000000E+00  .33190240E+01
   .85000000E+00  .28834463E+01
   .90000000E+00  .25487139E+01
   .95000000E+00  .22811740E+01
   .10000000E+01  .20605667E+01
   .10500000E+01  .18739598E+01
   .11000000E+01  .17127062E+01
   .11500000E+01  .15708002E+01
   .12000000E+01  .14439364E+01
   .12500000E+01  .13289436E+01
   .13000000E+01  .12234308E+01
   .13500000E+01  .11255568E+01
   .14000000E+01  .10338775E+01
   .14500000E+01  .94724012E+00
   .15000000E+01  .86470991E+00
   .15500000E+01  .78551696E+00
   .16000000E+01  .70901748E+00
   .16500000E+01  .63466550E+00
   .17000000E+01  .56199087E+00
   .17500000E+01  .49058257E+00
   .18000000E+01  .42007582E+00
   .18500000E+01  .35014177E+00
   .19000000E+01  .28047879E+00
   .19500000E+01  .21080600E+00
   .20000000E+01  .14085708E+00
Core Pot   L  =        2.00000  -1.56031
  -.30000000E+01  .16878152E+01
  -.29500000E+01  .16720168E+01
  -.29000000E+01  .16559920E+01
  -.28500000E+01  .16397249E+01
  -.28000000E+01  .16231976E+01
  -.27500000E+01  .16063895E+01
  -.27000000E+01  .15892768E+01
  -.26500000E+01  .15718318E+01
  -.26000000E+01  .15540220E+01
  -.25500000E+01  .15358090E+01
  -.25000000E+01  .15171470E+01
  -.24500000E+01  .14979804E+01
  -.24000000E+01  .14782419E+01
  -.23500000E+01  .14578480E+01
  -.23000000E+01  .14366942E+01
  -.22500000E+01  .14146477E+01
  -.22000000E+01  .13915369E+01
  -.21500000E+01  .13671353E+01
  -.21000000E+01  .13411379E+01
  -.20500000E+01  .13131228E+01
  -.20000000E+01  .12824889E+01
  -.19500000E+01  .12483482E+01
  -.19000000E+01  .12093304E+01
  -.18500000E+01  .11632016E+01
  -.18000000E+01  .11060545E+01
  -.17500000E+01  .10303749E+01
  -.17000000E+01  .91962367E+00
  -.16500000E+01  .72885301E+00
  -.16000000E+01  .27774854E+00
  -.15500000E+01 -.28128370E+01
  -.15000000E+01  .32396604E+01
  -.14500000E+01  .20297084E+01
  -.14000000E+01  .17110137E+01
  -.13500000E+01  .15552230E+01
  -.13000000E+01  .14575670E+01
  -.12500000E+01  .13871560E+01
  -.12000000E+01  .13316134E+01
  -.11500000E+01  .12850107E+01
  -.11000000E+01  .12441489E+01
  -.10500000E+01  .12071476E+01
  -.10000000E+01  .11728265E+01
  -.95000000E+00  .11404057E+01
  -.90000000E+00  .11093469E+01
  -.85000000E+00  .10792653E+01
  -.80000000E+00  .10498766E+01
  -.75000000E+00  .10209647E+01
  -.70000000E+00  .99236127E+00
  -.65000000E+00  .96393146E+00
  -.60000000E+00  .93556492E+00
  -.55000000E+00  .90716914E+00
  -.50000000E+00  .87866480E+00
  -.45000000E+00  .84998233E+00
  -.40000000E+00  .82105942E+00
  -.35000000E+00  .79183904E+00
  -.30000000E+00  .76226793E+00
  -.25000000E+00  .73229545E+00
  -.20000000E+00  .70187253E+00
  -.15000000E+00  .67095092E+00
  -.10000000E+00  .63948242E+00
  -.50000000E-01  .60741831E+00
  -.22898350E-14  .57470872E+00
   .50000000E-01  .54130213E+00
   .10000000E+00  .50714482E+00
   .15000000E+00  .47218033E+00
   .20000000E+00  .43634894E+00
   .25000000E+00  .39958706E+00
   .30000000E+00  .36182664E+00
   .35000000E+00  .32299448E+00
   .40000000E+00  .28301150E+00
   .45000000E+00  .24179188E+00
   .50000000E+00  .19924218E+00
   .55000000E+00  .15526022E+00
   .60000000E+00  .10973394E+00
   .65000000E+00  .62539932E-01
   .70000000E+00  .13541842E-01
   .75000000E+00 -.37411487E-01
   .80000000E+00 -.90488241E-01
   .85000000E+00 -.14587623E+00
   .90000000E+00 -.20378593E+00
   .95000000E+00 -.26445414E+00
   .10000000E+01 -.32814841E+00
   .10500000E+01 -.39517219E+00
   .11000000E+01 -.46587126E+00
   .11500000E+01 -.54064152E+00
   .12000000E+01 -.61993837E+00
   .12500000E+01 -.70428865E+00
   .13000000E+01 -.79430510E+00
   .13500000E+01 -.89070499E+00
   .14000000E+01 -.99433335E+00
   .14500000E+01 -.11061929E+01
   .15000000E+01 -.12274830E+01
   .15500000E+01 -.13596500E+01
   .16000000E+01 -.15044550E+01
   .16500000E+01 -.16640642E+01
   .17000000E+01 -.18411729E+01
   .17500000E+01 -.20391780E+01
   .18000000E+01 -.22624217E+01
   .18500000E+01 -.25165461E+01
   .19000000E+01 -.28090188E+01
   .19500000E+01 -.31499371E+01
   .20000000E+01 -.35532976E+01
Potential  L  =        2.00000  -1.56031
  -.30000000E+01  .16492628E+01
  -.29500000E+01  .16311714E+01
  -.29000000E+01  .16126617E+01
  -.28500000E+01  .15936959E+01
  -.28000000E+01  .15742308E+01
  -.27500000E+01  .15542165E+01
  -.27000000E+01  .15335954E+01
  -.26500000E+01  .15123000E+01
  -.26000000E+01  .14902511E+01
  -.25500000E+01  .14673553E+01
  -.25000000E+01  .14435007E+01
  -.24500000E+01  .14185531E+01
  -.24000000E+01  .13923493E+01
  -.23500000E+01  .13646891E+01
  -.23000000E+01  .13353241E+01
  -.22500000E+01  .13039416E+01
  -.22000000E+01  .12701430E+01
  -.21500000E+01  .12334113E+01
  -.21000000E+01  .11930634E+01
  -.20500000E+01  .11481778E+01
  -.20000000E+01  .10974798E+01
  -.19500000E+01  .10391536E+01
  -.19000000E+01  .97052140E+00
  -.18500000E+01  .88746102E+00
  -.18000000E+01  .78327962E+00
  -.17500000E+01  .64633756E+00
  -.17000000E+01  .45444077E+00
  -.16500000E+01  .15936071E+00
  -.16000000E+01 -.36718313E+00
  -.15500000E+01 -.16174631E+01
  -.15000000E+01 -.88903125E+01
  -.14500000E+01  .84192930E+01
  -.14000000E+01  .39388277E+01
  -.13500000E+01  .29042907E+01
  -.13000000E+01  .24361964E+01
  -.12500000E+01  .21642277E+01
  -.12000000E+01  .19830334E+01
  -.11500000E+01  .18512020E+01
  -.11000000E+01  .17491423E+01
  -.10500000E+01  .16663828E+01
  -.10000000E+01  .15968173E+01
  -.95000000E+00  .15366443E+01
  -.90000000E+00  .14833678E+01
  -.85000000E+00  .14352885E+01
  -.80000000E+00  .13912013E+01
  -.75000000E+00  .13502301E+01
  -.70000000E+00  .13117214E+01
  -.65000000E+00  .12751773E+01
  -.60000000E+00  .12402108E+01
  -.55000000E+00  .12065161E+01
  -.50000000E+00  .11738475E+01
  -.45000000E+00  .11420049E+01
  -.40000000E+00  .11108233E+01
  -.35000000E+00  .10801643E+01
  -.30000000E+00  .10499108E+01
  -.25000000E+00  .10199624E+01
  -.20000000E+00  .99023196E+00
  -.15000000E+00  .96064295E+00
  -.10000000E+00  .93112738E+00
  -.50000000E-01  .90162411E+00
  -.22898350E-14  .87207753E+00
   .50000000E-01  .84243647E+00
   .10000000E+00  .81265326E+00
   .15000000E+00  .78268304E+00
   .20000000E+00  .75248303E+00
   .25000000E+00  .72201207E+00
   .30000000E+00  .69123008E+00
   .35000000E+00  .66009768E+00
   .40000000E+00  .62857575E+00
   .45000000E+00  .59662514E+00
   .50000000E+00  .56420629E+00
   .55000000E+00  .53127895E+00
   .60000000E+00  .49780184E+00
   .65000000E+00  .46373235E+00
   .70000000E+00  .42902626E+00
   .75000000E+00  .39363743E+00
   .80000000E+00  .35751728E+00
   .85000000E+00  .32061472E+00
   .90000000E+00  .28287563E+00
   .95000000E+00  .24424242E+00
   .10000000E+01  .20465364E+00
   .10500000E+01  .16404344E+00
   .11000000E+01  .12234092E+00
   .11500000E+01  .79469985E-01
   .12000000E+01  .35347982E-01
   .12500000E+01 -.10114660E-01
   .13000000E+01 -.57015420E-01
   .13500000E+01 -.10546067E+00
   .14000000E+01 -.15556686E+00
   .14500000E+01 -.20746182E+00
   .15000000E+01 -.26128631E+00
   .15500000E+01 -.31719579E+00
   .16000000E+01 -.37536246E+00
   .16500000E+01 -.43597780E+00
   .17000000E+01 -.49925521E+00
   .17500000E+01 -.56543356E+00
   .18000000E+01 -.63478109E+00
   .18500000E+01 -.70760016E+00
   .19000000E+01 -.78423299E+00
   .19500000E+01 -.86506855E+00
   .20000000E+01 -.95055085E+00
Core Pot   L  =        3.00000   -.10000
  -.30000000E+01  .18883110E+01
  -.29500000E+01  .18751719E+01
  -.29000000E+01  .18619432E+01
  -.28500000E+01  .18486231E+01
  -.28000000E+01  .18352098E+01
  -.27500000E+01  .18217012E+01
  -.27000000E+01  .18080954E+01
  -.26500000E+01  .17943904E+01
  -.26000000E+01  .17805839E+01
  -.25500000E+01  .17666737E+01
  -.25000000E+01  .17526576E+01
  -.24500000E+01  .17385332E+01
  -.24000000E+01  .17242980E+01
  -.23500000E+01  .17099495E+01
  -.23000000E+01  .16954849E+01
  -.22500000E+01  .16809015E+01
  -.22000000E+01  .16661965E+01
  -.21500000E+01  .16513668E+01
  -.21000000E+01  .16364093E+01
  -.20500000E+01  .16213208E+01
  -.20000000E+01  .16060980E+01
  -.19500000E+01  .15907373E+01
  -.19000000E+01  .15752351E+01
  -.18500000E+01  .15595876E+01
  -.18000000E+01  .15437907E+01
  -.17500000E+01  .15278403E+01
  -.17000000E+01  .15117321E+01
  -.16500000E+01  .14954614E+01
  -.16000000E+01  .14790236E+01
  -.15500000E+01  .14624136E+01
  -.15000000E+01  .14456263E+01
  -.14500000E+01  .14286560E+01
  -.14000000E+01  .14114970E+01
  -.13500000E+01  .13941434E+01
  -.13000000E+01  .13765886E+01
  -.12500000E+01  .13588259E+01
  -.12000000E+01  .13408484E+01
  -.11500000E+01  .13226485E+01
  -.11000000E+01  .13042183E+01
  -.10500000E+01  .12855495E+01
  -.10000000E+01  .12666334E+01
  -.95000000E+00  .12474604E+01
  -.90000000E+00  .12280209E+01
  -.85000000E+00  .12083042E+01
  -.80000000E+00  .11882992E+01
  -.75000000E+00  .11679940E+01
  -.70000000E+00  .11473760E+01
  -.65000000E+00  .11264316E+01
  -.60000000E+00  .11051464E+01
  -.55000000E+00  .10835050E+01
  -.50000000E+00  .10614910E+01
  -.45000000E+00  .10390864E+01
  -.40000000E+00  .10162724E+01
  -.35000000E+00  .99302839E+00
  -.30000000E+00  .96933225E+00
  -.25000000E+00  .94516011E+00
  -.20000000E+00  .92048615E+00
  -.15000000E+00  .89528235E+00
  -.10000000E+00  .86951828E+00
  -.50000000E-01  .84316083E+00
  -.22898350E-14  .81617385E+00
   .50000000E-01  .78851784E+00
   .10000000E+00  .76014950E+00
   .15000000E+00  .73102122E+00
   .20000000E+00  .70108059E+00
   .25000000E+00  .67026967E+00
   .30000000E+00  .63852433E+00
   .35000000E+00  .60577322E+00
   .40000000E+00  .57193683E+00
   .45000000E+00  .53692620E+00
   .50000000E+00  .50064142E+00
   .55000000E+00  .46296992E+00
   .60000000E+00  .42378426E+00
   .65000000E+00  .38293964E+00
   .70000000E+00  .34027065E+00
   .75000000E+00  .29558756E+00
   .80000000E+00  .24867150E+00
   .85000000E+00  .19926851E+00
   .90000000E+00  .14708224E+00
   .95000000E+00  .91764501E-01
   .10000000E+01  .32903308E-01
   .10500000E+01 -.29992577E-01
   .11000000E+01 -.97513886E-01
   .11500000E+01 -.17037758E+00
   .12000000E+01 -.24946278E+00
   .12500000E+01 -.33585958E+00
   .13000000E+01 -.43093689E+00
   .13500000E+01 -.53643802E+00
   .14000000E+01 -.65461875E+00
   .14500000E+01 -.78845119E+00
   .15000000E+01 -.94193367E+00
   .15500000E+01 -.11205766E+01
   .16000000E+01 -.13321933E+01
   .16500000E+01 -.15882458E+01
   .17000000E+01 -.19062587E+01
   .17500000E+01 -.23144424E+01
   .18000000E+01 -.28613084E+01
   .18500000E+01 -.36379477E+01
   .19000000E+01 -.48378942E+01
   .19500000E+01 -.69575011E+01
   .20000000E+01 -.11768842E+02
Potential  L  =        3.00000   -.10000
  -.30000000E+01  .18886407E+01
  -.29500000E+01  .18755030E+01
  -.29000000E+01  .18622756E+01
  -.28500000E+01  .18489566E+01
  -.28000000E+01  .18355443E+01
  -.27500000E+01  .18220367E+01
  -.27000000E+01  .18084318E+01
  -.26500000E+01  .17947274E+01
  -.26000000E+01  .17809215E+01
  -.25500000E+01  .17670117E+01
  -.25000000E+01  .17529959E+01
  -.24500000E+01  .17388716E+01
  -.24000000E+01  .17246363E+01
  -.23500000E+01  .17102874E+01
  -.23000000E+01  .16958223E+01
  -.22500000E+01  .16812382E+01
  -.22000000E+01  .16665322E+01
  -.21500000E+01  .16517013E+01
  -.21000000E+01  .16367423E+01
  -.20500000E+01  .16216521E+01
  -.20000000E+01  .16064272E+01
  -.19500000E+01  .15910642E+01
  -.19000000E+01  .15755592E+01
  -.18500000E+01  .15599086E+01
  -.18000000E+01  .15441083E+01
  -.17500000E+01  .15281541E+01
  -.17000000E+01  .15120416E+01
  -.16500000E+01  .14957663E+01
  -.16000000E+01  .14793234E+01
  -.15500000E+01  .14627079E+01
  -.15000000E+01  .14459144E+01
  -.14500000E+01  .14289376E+01
  -.14000000E+01  .14117716E+01
  -.13500000E+01  .13944103E+01
  -.13000000E+01  .13768473E+01
  -.12500000E+01  .13590759E+01
  -.12000000E+01  .13410891E+01
  -.11500000E+01  .13228792E+01
  -.11000000E+01  .13044386E+01
  -.10500000E+01  .12857587E+01
  -.10000000E+01  .12668308E+01
  -.95000000E+00  .12476456E+01
  -.90000000E+00  .12281932E+01
  -.85000000E+00  .12084632E+01
  -.80000000E+00  .11884443E+01
  -.75000000E+00  .11681248E+01
  -.70000000E+00  .11474920E+01
  -.65000000E+00  .11265327E+01
  -.60000000E+00  .11052323E+01
  -.55000000E+00  .10835757E+01
  -.50000000E+00  .10615466E+01
  -.45000000E+00  .10391272E+01
  -.40000000E+00  .10162990E+01
  -.35000000E+00  .99304160E+00
  -.30000000E+00  .96933331E+00
  -.25000000E+00  .94515070E+00
  -.20000000E+00  .92046845E+00
  -.15000000E+00  .89525917E+00
  -.10000000E+00  .86949320E+00
  -.50000000E-01  .84313830E+00
  -.22898350E-14  .81615943E+00
   .50000000E-01  .78851838E+00
   .10000000E+00  .76017337E+00
   .15000000E+00  .73107869E+00
   .20000000E+00  .70118414E+00
   .25000000E+00  .67043447E+00
   .30000000E+00  .63876874E+00
   .35000000E+00  .60611951E+00
   .40000000E+00  .57241197E+00
   .45000000E+00  .53756283E+00
   .50000000E+00  .50147910E+00
   .55000000E+00  .46405661E+00
   .60000000E+00  .42517824E+00
   .65000000E+00  .38471176E+00
   .70000000E+00  .34250735E+00
   .75000000E+00  .29839453E+00
   .80000000E+00  .25217826E+00
   .85000000E+00  .20363461E+00
   .90000000E+00  .15250483E+00
   .95000000E+00  .98488382E-01
   .10000000E+01  .41234082E-01
   .10500000E+01 -.19671177E-01
   .11000000E+01 -.84716808E-01
   .11500000E+01 -.15448710E+00
   .12000000E+01 -.22968556E+00
   .12500000E+01 -.31116709E+00
   .13000000E+01 -.39998124E+00
   .13500000E+01 -.49743125E+00
   .14000000E+01 -.60515581E+00
   .14500000E+01 -.72524481E+00
   .15000000E+01 -.86040660E+00
   .15500000E+01 -.10142154E+01
   .16000000E+01 -.11914883E+01
   .16500000E+01 -.13988774E+01
   .17000000E+01 -.16458369E+01
   .17500000E+01 -.19462736E+01
   .18000000E+01 -.23215197E+01
   .18500000E+01 -.28060554E+01
   .19000000E+01 -.34594869E+01
   .19500000E+01 -.43945385E+01
   .20000000E+01 -.58531957E+01
Core Pot   L  =        4.00000    .00000
  -.30000000E+01  .21060822E+01
  -.29500000E+01  .20944772E+01
  -.29000000E+01  .20828125E+01
  -.28500000E+01  .20710873E+01
  -.28000000E+01  .20593006E+01
  -.27500000E+01  .20474515E+01
  -.27000000E+01  .20355392E+01
  -.26500000E+01  .20235625E+01
  -.26000000E+01  .20115206E+01
  -.25500000E+01  .19994124E+01
  -.25000000E+01  .19872369E+01
  -.24500000E+01  .19749930E+01
  -.24000000E+01  .19626797E+01
  -.23500000E+01  .19502957E+01
  -.23000000E+01  .19378400E+01
  -.22500000E+01  .19253115E+01
  -.22000000E+01  .19127088E+01
  -.21500000E+01  .19000307E+01
  -.21000000E+01  .18872760E+01
  -.20500000E+01  .18744434E+01
  -.20000000E+01  .18615314E+01
  -.19500000E+01  .18485389E+01
  -.19000000E+01  .18354642E+01
  -.18500000E+01  .18223060E+01
  -.18000000E+01  .18090628E+01
  -.17500000E+01  .17957330E+01
  -.17000000E+01  .17823150E+01
  -.16500000E+01  .17688072E+01
  -.16000000E+01  .17552080E+01
  -.15500000E+01  .17415155E+01
  -.15000000E+01  .17277281E+01
  -.14500000E+01  .17138439E+01
  -.14000000E+01  .16998609E+01
  -.13500000E+01  .16857773E+01
  -.13000000E+01  .16715910E+01
  -.12500000E+01  .16573000E+01
  -.12000000E+01  .16429021E+01
  -.11500000E+01  .16283951E+01
  -.11000000E+01  .16137768E+01
  -.10500000E+01  .15990447E+01
  -.10000000E+01  .15841965E+01
  -.95000000E+00  .15692296E+01
  -.90000000E+00  .15541414E+01
  -.85000000E+00  .15389293E+01
  -.80000000E+00  .15235905E+01
  -.75000000E+00  .15081220E+01
  -.70000000E+00  .14925210E+01
  -.65000000E+00  .14767842E+01
  -.60000000E+00  .14609086E+01
  -.55000000E+00  .14448908E+01
  -.50000000E+00  .14287273E+01
  -.45000000E+00  .14124147E+01
  -.40000000E+00  .13959491E+01
  -.35000000E+00  .13793267E+01
  -.30000000E+00  .13625436E+01
  -.25000000E+00  .13455955E+01
  -.20000000E+00  .13284782E+01
  -.15000000E+00  .13111872E+01
  -.10000000E+00  .12937177E+01
  -.50000000E-01  .12760649E+01
  -.22898350E-14  .12582238E+01
   .50000000E-01  .12401890E+01
   .10000000E+00  .12219549E+01
   .15000000E+00  .12035159E+01
   .20000000E+00  .11848659E+01
   .25000000E+00  .11659985E+01
   .30000000E+00  .11469073E+01
   .35000000E+00  .11275854E+01
   .40000000E+00  .11080254E+01
   .45000000E+00  .10882199E+01
   .50000000E+00  .10681610E+01
   .55000000E+00  .10478403E+01
   .60000000E+00  .10272492E+01
   .65000000E+00  .10063785E+01
   .70000000E+00  .98521847E+00
   .75000000E+00  .96375910E+00
   .80000000E+00  .94198971E+00
   .85000000E+00  .91989906E+00
   .90000000E+00  .89747532E+00
   .95000000E+00  .87470597E+00
   .10000000E+01  .85157784E+00
   .10500000E+01  .82807695E+00
   .11000000E+01  .80418856E+00
   .11500000E+01  .77989701E+00
   .12000000E+01  .75518573E+00
   .12500000E+01  .73003713E+00
   .13000000E+01  .70443251E+00
   .13500000E+01  .67835201E+00
   .14000000E+01  .65177448E+00
   .14500000E+01  .62467735E+00
   .15000000E+01  .59703657E+00
   .15500000E+01  .56882646E+00
   .16000000E+01  .54001950E+00
   .16500000E+01  .51058627E+00
   .17000000E+01  .48049520E+00
   .17500000E+01  .44971238E+00
   .18000000E+01  .41820136E+00
   .18500000E+01  .38592286E+00
   .19000000E+01  .35283454E+00
   .19500000E+01  .31889063E+00
   .20000000E+01  .28404163E+00
Potential  L  =        4.00000    .00000
  -.30000000E+01  .21063999E+01
  -.29500000E+01  .20947987E+01
  -.29000000E+01  .20831379E+01
  -.28500000E+01  .20714166E+01
  -.28000000E+01  .20596340E+01
  -.27500000E+01  .20477890E+01
  -.27000000E+01  .20358808E+01
  -.26500000E+01  .20239084E+01
  -.26000000E+01  .20118709E+01
  -.25500000E+01  .19997670E+01
  -.25000000E+01  .19875961E+01
  -.24500000E+01  .19753568E+01
  -.24000000E+01  .19630480E+01
  -.23500000E+01  .19506689E+01
  -.23000000E+01  .19382180E+01
  -.22500000E+01  .19256943E+01
  -.22000000E+01  .19130966E+01
  -.21500000E+01  .19004235E+01
  -.21000000E+01  .18876739E+01
  -.20500000E+01  .18748465E+01
  -.20000000E+01  .18619399E+01
  -.19500000E+01  .18489526E+01
  -.19000000E+01  .18358834E+01
  -.18500000E+01  .18227307E+01
  -.18000000E+01  .18094930E+01
  -.17500000E+01  .17961688E+01
  -.17000000E+01  .17827565E+01
  -.16500000E+01  .17692545E+01
  -.16000000E+01  .17556611E+01
  -.15500000E+01  .17419745E+01
  -.15000000E+01  .17281930E+01
  -.14500000E+01  .17143148E+01
  -.14000000E+01  .17003379E+01
  -.13500000E+01  .16862603E+01
  -.13000000E+01  .16720802E+01
  -.12500000E+01  .16577953E+01
  -.12000000E+01  .16434036E+01
  -.11500000E+01  .16289028E+01
  -.11000000E+01  .16142907E+01
  -.10500000E+01  .15995649E+01
  -.10000000E+01  .15847229E+01
  -.95000000E+00  .15697623E+01
  -.90000000E+00  .15546804E+01
  -.85000000E+00  .15394745E+01
  -.80000000E+00  .15241419E+01
  -.75000000E+00  .15086796E+01
  -.70000000E+00  .14930846E+01
  -.65000000E+00  .14773540E+01
  -.60000000E+00  .14614843E+01
  -.55000000E+00  .14454724E+01
  -.50000000E+00  .14293147E+01
  -.45000000E+00  .14130076E+01
  -.40000000E+00  .13965475E+01
  -.35000000E+00  .13799305E+01
  -.30000000E+00  .13631525E+01
  -.25000000E+00  .13462094E+01
  -.20000000E+00  .13290969E+01
  -.15000000E+00  .13118103E+01
  -.10000000E+00  .12943450E+01
  -.50000000E-01  .12766960E+01
  -.22898350E-14  .12588583E+01
   .50000000E-01  .12408266E+01
   .10000000E+00  .12225952E+01
   .15000000E+00  .12041583E+01
   .20000000E+00  .11855099E+01
   .25000000E+00  .11666436E+01
   .30000000E+00  .11475528E+01
   .35000000E+00  .11282305E+01
   .40000000E+00  .11086695E+01
   .45000000E+00  .10888621E+01
   .50000000E+00  .10688004E+01
   .55000000E+00  .10484759E+01
   .60000000E+00  .10278799E+01
   .65000000E+00  .10070031E+01
   .70000000E+00  .98583569E+00
   .75000000E+00  .96436753E+00
   .80000000E+00  .94258781E+00
   .85000000E+00  .92048517E+00
   .90000000E+00  .89804760E+00
   .95000000E+00  .87526245E+00
   .10000000E+01  .85211634E+00
   .10500000E+01  .82859513E+00
   .11000000E+01  .80468383E+00
   .11500000E+01  .78036659E+00
   .12000000E+01  .75562657E+00
   .12500000E+01  .73044591E+00
   .13000000E+01  .70480561E+00
   .13500000E+01  .67868547E+00
   .14000000E+01  .65206398E+00
   .14500000E+01  .62491818E+00
   .15000000E+01  .59722358E+00
   .15500000E+01  .56895400E+00
   .16000000E+01  .54008142E+00
   .16500000E+01  .51057583E+00
   .17000000E+01  .48040499E+00
   .17500000E+01  .44953430E+00
   .18000000E+01  .41792651E+00
   .18500000E+01  .38554146E+00
   .19000000E+01  .35233590E+00
   .19500000E+01  .31826286E+00
   .20000000E+01  .28327168E+00
KBPotential  L  =      2.00000  -3.12062
  -.30000000E+01  .16876725E+01
  -.29500000E+01  .16718730E+01
  -.29000000E+01  .16558472E+01
  -.28500000E+01  .16395791E+01
  -.28000000E+01  .16230510E+01
  -.27500000E+01  .16062422E+01
  -.27000000E+01  .15891288E+01
  -.26500000E+01  .15716832E+01
  -.26000000E+01  .15538729E+01
  -.25500000E+01  .15356595E+01
  -.25000000E+01  .15169972E+01
  -.24500000E+01  .14978305E+01
  -.24000000E+01  .14780920E+01
  -.23500000E+01  .14576983E+01
  -.23000000E+01  .14365448E+01
  -.22500000E+01  .14144988E+01
  -.22000000E+01  .13913886E+01
  -.21500000E+01  .13669880E+01
  -.21000000E+01  .13409917E+01
  -.20500000E+01  .13129781E+01
  -.20000000E+01  .12823460E+01
  -.19500000E+01  .12482075E+01
  -.19000000E+01  .12091925E+01
  -.18500000E+01  .11630671E+01
  -.18000000E+01  .11059244E+01
  -.17500000E+01  .10302505E+01
  -.17000000E+01  .91950676E+00
  -.16500000E+01  .72874562E+00
  -.16000000E+01  .27764298E+00
  -.15500000E+01 -.28137583E+01
  -.15000000E+01  .32389691E+01
  -.14500000E+01  .20294188E+01
  -.14000000E+01  .17107909E+01
  -.13500000E+01  .15550287E+01
  -.13000000E+01  .14573883E+01
  -.12500000E+01  .13869882E+01
  -.12000000E+01  .13314541E+01
  -.11500000E+01  .12848586E+01
  -.11000000E+01  .12440032E+01
  -.10500000E+01  .12070077E+01
  -.10000000E+01  .11726926E+01
  -.95000000E+00  .11402772E+01
  -.90000000E+00  .11092239E+01
  -.85000000E+00  .10791476E+01
  -.80000000E+00  .10497644E+01
  -.75000000E+00  .10208577E+01
  -.70000000E+00  .99226156E+00
  -.65000000E+00  .96383569E+00
  -.60000000E+00  .93547500E+00
  -.55000000E+00  .90708389E+00
  -.50000000E+00  .87858654E+00
  -.45000000E+00  .84990990E+00
  -.40000000E+00  .82099280E+00
  -.35000000E+00  .79177817E+00
  -.30000000E+00  .76221271E+00
  -.25000000E+00  .73224570E+00
  -.20000000E+00  .70182801E+00
  -.15000000E+00  .67091139E+00
  -.10000000E+00  .63944737E+00
  -.50000000E-01  .60738724E+00
  -.22898350E-14  .57468097E+00
   .50000000E-01  .54127688E+00
   .10000000E+00  .50712105E+00
   .15000000E+00  .47215683E+00
   .20000000E+00  .43632422E+00
   .25000000E+00  .39955936E+00
   .30000000E+00  .36179382E+00
   .35000000E+00  .32295828E+00
   .40000000E+00  .28296488E+00
   .45000000E+00  .24171965E+00
   .50000000E+00  .19915787E+00
   .55000000E+00  .15515311E+00
   .60000000E+00  .10959754E+00
   .65000000E+00  .62367286E-01
   .70000000E+00  .13324719E-01
   .75000000E+00 -.37682820E-01
   .80000000E+00 -.90825305E-01
   .85000000E+00 -.14629267E+00
   .90000000E+00 -.20429797E+00
   .95000000E+00 -.26508107E+00
   .10000000E+01 -.32891322E+00
   .10500000E+01 -.39610237E+00
   .11000000E+01 -.46699983E+00
   .11500000E+01 -.54200557E+00
   .12000000E+01 -.62159014E+00
   .12500000E+01 -.70628487E+00
   .13000000E+01 -.79671532E+00
   .13500000E+01 -.89361594E+00
   .14000000E+01 -.99785208E+00
   .14500000E+01 -.11104561E+01
   .15000000E+01 -.12326465E+01
   .15500000E+01 -.13659255E+01
   .16000000E+01 -.15121050E+01
   .16500000E+01 -.16734276E+01
   .17000000E+01 -.18526870E+01
   .17500000E+01 -.20534194E+01
   .18000000E+01 -.22801571E+01
   .18500000E+01 -.25388128E+01
   .19000000E+01 -.28372616E+01
   .19500000E+01 -.31861793E+01
   .20000000E+01 -.36004892E+01
KBPotential  L  =       .00000  -1.76140
  -.30000000E+01  .14564674E+01
  -.29500000E+01  .14376262E+01
  -.29000000E+01  .14184741E+01
  -.28500000E+01  .13989953E+01
  -.28000000E+01  .13791726E+01
  -.27500000E+01  .13589875E+01
  -.27000000E+01  .13384198E+01
  -.26500000E+01  .13174475E+01
  -.26000000E+01  .12960468E+01
  -.25500000E+01  .12741915E+01
  -.25000000E+01  .12518531E+01
  -.24500000E+01  .12290001E+01
  -.24000000E+01  .12055980E+01
  -.23500000E+01  .11816087E+01
  -.23000000E+01  .11569900E+01
  -.22500000E+01  .11316951E+01
  -.22000000E+01  .11056718E+01
  -.21500000E+01  .10788619E+01
  -.21000000E+01  .10512002E+01
  -.20500000E+01  .10226131E+01
  -.20000000E+01  .99301791E+00
  -.19500000E+01  .96232039E+00
  -.19000000E+01  .93041345E+00
  -.18500000E+01  .89717445E+00
  -.18000000E+01  .86246233E+00
  -.17500000E+01  .82611398E+00
  -.17000000E+01  .78793965E+00
  -.16500000E+01  .74771731E+00
  -.16000000E+01  .70518528E+00
  -.15500000E+01  .66003297E+00
  -.15000000E+01  .61188885E+00
  -.14500000E+01  .56030448E+00
  -.14000000E+01  .50473354E+00
  -.13500000E+01  .44450312E+00
  -.13000000E+01  .37877563E+00
  -.12500000E+01  .30649331E+00
  -.12000000E+01  .22630161E+00
  -.11500000E+01  .13643726E+00
  -.11000000E+01  .34559640E-01
  -.10500000E+01 -.82504854E-01
  -.10000000E+01 -.21917212E+00
  -.95000000E+00 -.38177402E+00
  -.90000000E+00 -.57972508E+00
  -.85000000E+00 -.82765993E+00
  -.80000000E+00 -.11496355E+01
  -.75000000E+00 -.15881717E+01
  -.70000000E+00 -.22261741E+01
  -.65000000E+00 -.32498204E+01
  -.60000000E+00 -.51821094E+01
  -.55000000E+00 -.10273596E+02
  -.50000000E+00 -.63450890E+02
  -.45000000E+00  .18107624E+02
  -.40000000E+00  .84683685E+01
  -.35000000E+00  .57263415E+01
  -.30000000E+00  .44204369E+01
  -.25000000E+00  .36508624E+01
  -.20000000E+00  .31395402E+01
  -.15000000E+00  .27722262E+01
  -.10000000E+00  .24933410E+01
  -.50000000E-01  .22725962E+01
  -.22898350E-14  .20920756E+01
   .50000000E-01  .19405019E+01
   .10000000E+00  .18104203E+01
   .15000000E+00  .16967044E+01
   .20000000E+00  .15957112E+01
   .25000000E+00  .15047796E+01
   .30000000E+00  .14219195E+01
   .35000000E+00  .13456115E+01
   .40000000E+00  .12746741E+01
   .45000000E+00  .12081743E+01
   .50000000E+00  .11453640E+01
   .55000000E+00  .10856362E+01
   .60000000E+00  .10284906E+01
   .65000000E+00  .97351175E+00
   .70000000E+00  .92035032E+00
   .75000000E+00  .86870940E+00
   .80000000E+00  .81833422E+00
   .85000000E+00  .76900394E+00
   .90000000E+00  .72052527E+00
   .95000000E+00  .67272745E+00
   .10000000E+01  .62545792E+00
   .10500000E+01  .57857959E+00
   .11000000E+01  .53196688E+00
   .11500000E+01  .48550504E+00
   .12000000E+01  .43908680E+00
   .12500000E+01  .39261197E+00
   .13000000E+01  .34598508E+00
   .13500000E+01  .29911445E+00
   .14000000E+01  .25191130E+00
   .14500000E+01  .20428856E+00
   .15000000E+01  .15615997E+00
   .15500000E+01  .10743924E+00
   .16000000E+01  .58039170E-01
   .16500000E+01  .78705553E-02
   .17000000E+01 -.43158276E-01
   .17500000E+01 -.95142662E-01
   .18000000E+01 -.14818263E+00
   .18500000E+01 -.20238399E+00
   .19000000E+01 -.25785928E+00
   .19500000E+01 -.31472982E+00
   .20000000E+01 -.37312707E+00
KBPotential  L  =      1.00000   -.51494
  -.30000000E+01  .15559399E+01
  -.29500000E+01  .15393347E+01
  -.29000000E+01  .15225405E+01
  -.28500000E+01  .15055512E+01
  -.28000000E+01  .14883601E+01
  -.27500000E+01  .14709602E+01
  -.27000000E+01  .14533441E+01
  -.26500000E+01  .14355041E+01
  -.26000000E+01  .14174320E+01
  -.25500000E+01  .13991190E+01
  -.25000000E+01  .13805560E+01
  -.24500000E+01  .13617331E+01
  -.24000000E+01  .13426400E+01
  -.23500000E+01  .13232658E+01
  -.23000000E+01  .13035987E+01
  -.22500000E+01  .12836263E+01
  -.22000000E+01  .12633352E+01
  -.21500000E+01  .12427115E+01
  -.21000000E+01  .12217399E+01
  -.20500000E+01  .12004042E+01
  -.20000000E+01  .11786871E+01
  -.19500000E+01  .11565701E+01
  -.19000000E+01  .11340331E+01
  -.18500000E+01  .11110546E+01
  -.18000000E+01  .10876115E+01
  -.17500000E+01  .10636787E+01
  -.17000000E+01  .10392293E+01
  -.16500000E+01  .10142339E+01
  -.16000000E+01  .98866072E+00
  -.15500000E+01  .96247523E+00
  -.15000000E+01  .93563977E+00
  -.14500000E+01  .90811325E+00
  -.14000000E+01  .87985072E+00
  -.13500000E+01  .85080287E+00
  -.13000000E+01  .82091552E+00
  -.12500000E+01  .79012898E+00
  -.12000000E+01  .75837728E+00
  -.11500000E+01  .72558739E+00
  -.11000000E+01  .69167814E+00
  -.10500000E+01  .65655909E+00
  -.10000000E+01  .62012915E+00
  -.95000000E+00  .58227493E+00
  -.90000000E+00  .54286879E+00
  -.85000000E+00  .50176648E+00
  -.80000000E+00  .45880437E+00
  -.75000000E+00  .41379602E+00
  -.70000000E+00  .36652799E+00
  -.65000000E+00  .31675484E+00
  -.60000000E+00  .26419266E+00
  -.55000000E+00  .20851145E+00
  -.50000000E+00  .14932506E+00
  -.45000000E+00  .86178625E-01
  -.40000000E+00  .18532814E-01
  -.35000000E+00 -.54257107E-01
  -.30000000E+00 -.13296837E+00
  -.25000000E+00 -.21854669E+00
  -.20000000E+00 -.31215472E+00
  -.15000000E+00 -.41523811E+00
  -.10000000E+00 -.52961757E+00
  -.50000000E-01 -.65761894E+00
  -.22898350E-14 -.80226188E+00
   .50000000E-01 -.96753969E+00
   .10000000E+00 -.11588467E+01
   .15000000E+00 -.13836524E+01
   .20000000E+00 -.16526055E+01
   .25000000E+00 -.19814289E+01
   .30000000E+00 -.23943512E+01
   .35000000E+00 -.29307604E+01
   .40000000E+00 -.36592600E+01
   .45000000E+00 -.47109294E+01
   .50000000E+00 -.63714138E+01
   .55000000E+00 -.94040051E+01
   .60000000E+00 -.16765241E+02
   .65000000E+00 -.61575274E+02
   .70000000E+00  .40965223E+02
   .75000000E+00  .15936759E+02
   .80000000E+00  .10086235E+02
   .85000000E+00  .74669718E+01
   .90000000E+00  .59750864E+01
   .95000000E+00  .50073384E+01
   .10000000E+01  .43256436E+01
   .10500000E+01  .38170920E+01
   .11000000E+01  .34212360E+01
   .11500000E+01  .31027902E+01
   .12000000E+01  .28397717E+01
   .12500000E+01  .26177674E+01
   .13000000E+01  .24269351E+01
   .13500000E+01  .22603221E+01
   .14000000E+01  .21128759E+01
   .14500000E+01  .19808358E+01
   .15000000E+01  .18613434E+01
   .15500000E+01  .17521865E+01
   .16000000E+01  .16516250E+01
   .16500000E+01  .15582707E+01
   .17000000E+01  .14710013E+01
   .17500000E+01  .13888987E+01
   .18000000E+01  .13112036E+01
   .18500000E+01  .12372824E+01
   .19000000E+01  .11666000E+01
   .19500000E+01  .10987014E+01
   .20000000E+01  .10331959E+01
KBPotential  L  =      3.00000    .00000
  -.30000000E+01  .18886407E+01
  -.29500000E+01  .18755030E+01
  -.29000000E+01  .18622756E+01
  -.28500000E+01  .18489566E+01
  -.28000000E+01  .18355443E+01
  -.27500000E+01  .18220367E+01
  -.27000000E+01  .18084318E+01
  -.26500000E+01  .17947274E+01
  -.26000000E+01  .17809215E+01
  -.25500000E+01  .17670117E+01
  -.25000000E+01  .17529959E+01
  -.24500000E+01  .17388716E+01
  -.24000000E+01  .17246363E+01
  -.23500000E+01  .17102874E+01
  -.23000000E+01  .16958223E+01
  -.22500000E+01  .16812382E+01
  -.22000000E+01  .16665322E+01
  -.21500000E+01  .16517013E+01
  -.21000000E+01  .16367423E+01
  -.20500000E+01  .16216521E+01
  -.20000000E+01  .16064272E+01
  -.19500000E+01  .15910642E+01
  -.19000000E+01  .15755592E+01
  -.18500000E+01  .15599086E+01
  -.18000000E+01  .15441083E+01
  -.17500000E+01  .15281541E+01
  -.17000000E+01  .15120416E+01
  -.16500000E+01  .14957663E+01
  -.16000000E+01  .14793234E+01
  -.15500000E+01  .14627079E+01
  -.15000000E+01  .14459144E+01
  -.14500000E+01  .14289376E+01
  -.14000000E+01  .14117716E+01
  -.13500000E+01  .13944103E+01
  -.13000000E+01  .13768473E+01
  -.12500000E+01  .13590759E+01
  -.12000000E+01  .13410891E+01
  -.11500000E+01  .13228792E+01
  -.11000000E+01  .13044386E+01
  -.10500000E+01  .12857587E+01
  -.10000000E+01  .12668308E+01
  -.95000000E+00  .12476456E+01
  -.90000000E+00  .12281932E+01
  -.85000000E+00  .12084632E+01
  -.80000000E+00  .11884443E+01
  -.75000000E+00  .11681248E+01
  -.70000000E+00  .11474920E+01
  -.65000000E+00  .11265327E+01
  -.60000000E+00  .11052323E+01
  -.55000000E+00  .10835757E+01
  -.50000000E+00  .10615466E+01
  -.45000000E+00  .10391272E+01
  -.40000000E+00  .10162990E+01
  -.35000000E+00  .99304160E+00
  -.30000000E+00  .96933331E+00
  -.25000000E+00  .94515070E+00
  -.20000000E+00  .92046845E+00
  -.15000000E+00  .89525917E+00
  -.10000000E+00  .86949320E+00
  -.50000000E-01  .84313830E+00
  -.22898350E-14  .81615943E+00
   .50000000E-01  .78851838E+00
   .10000000E+00  .76017337E+00
   .15000000E+00  .73107869E+00
   .20000000E+00  .70118414E+00
   .25000000E+00  .67043447E+00
   .30000000E+00  .63876874E+00
   .35000000E+00  .60611951E+00
   .40000000E+00  .57241197E+00
   .45000000E+00  .53756283E+00
   .50000000E+00  .50147910E+00
   .55000000E+00  .46405661E+00
   .60000000E+00  .42517824E+00
   .65000000E+00  .38471176E+00
   .70000000E+00  .34250735E+00
   .75000000E+00  .29839453E+00
   .80000000E+00  .25217826E+00
   .85000000E+00  .20363461E+00
   .90000000E+00  .15250483E+00
   .95000000E+00  .98488382E-01
   .10000000E+01  .41234082E-01
   .10500000E+01 -.19671177E-01
   .11000000E+01 -.84716808E-01
   .11500000E+01 -.15448710E+00
   .12000000E+01 -.22968556E+00
   .12500000E+01 -.31116709E+00
   .13000000E+01 -.39998124E+00
   .13500000E+01 -.49743125E+00
   .14000000E+01 -.60515581E+00
   .14500000E+01 -.72524481E+00
   .15000000E+01 -.86040660E+00
   .15500000E+01 -.10142154E+01
   .16000000E+01 -.11914883E+01
   .16500000E+01 -.13988774E+01
   .17000000E+01 -.16458369E+01
   .17500000E+01 -.19462736E+01
   .18000000E+01 -.23215197E+01
   .18500000E+01 -.28060554E+01
   .19000000E+01 -.34594869E+01
   .19500000E+01 -.43945385E+01
   .20000000E+01 -.58531957E+01
KBPotential  L  =      4.00000    .00000
  -.30000000E+01  .21063999E+01
  -.29500000E+01  .20947987E+01
  -.29000000E+01  .20831379E+01
  -.28500000E+01  .20714166E+01
  -.28000000E+01  .20596340E+01
  -.27500000E+01  .20477890E+01
  -.27000000E+01  .20358808E+01
  -.26500000E+01  .20239084E+01
  -.26000000E+01  .20118709E+01
  -.25500000E+01  .19997670E+01
  -.25000000E+01  .19875961E+01
  -.24500000E+01  .19753568E+01
  -.24000000E+01  .19630480E+01
  -.23500000E+01  .19506689E+01
  -.23000000E+01  .19382180E+01
  -.22500000E+01  .19256943E+01
  -.22000000E+01  .19130966E+01
  -.21500000E+01  .19004235E+01
  -.21000000E+01  .18876739E+01
  -.20500000E+01  .18748465E+01
  -.20000000E+01  .18619399E+01
  -.19500000E+01  .18489526E+01
  -.19000000E+01  .18358834E+01
  -.18500000E+01  .18227307E+01
  -.18000000E+01  .18094930E+01
  -.17500000E+01  .17961688E+01
  -.17000000E+01  .17827565E+01
  -.16500000E+01  .17692545E+01
  -.16000000E+01  .17556611E+01
  -.15500000E+01  .17419745E+01
  -.15000000E+01  .17281930E+01
  -.14500000E+01  .17143148E+01
  -.14000000E+01  .17003379E+01
  -.13500000E+01  .16862603E+01
  -.13000000E+01  .16720802E+01
  -.12500000E+01  .16577953E+01
  -.12000000E+01  .16434036E+01
  -.11500000E+01  .16289028E+01
  -.11000000E+01  .16142907E+01
  -.10500000E+01  .15995649E+01
  -.10000000E+01  .15847229E+01
  -.95000000E+00  .15697623E+01
  -.90000000E+00  .15546804E+01
  -.85000000E+00  .15394745E+01
  -.80000000E+00  .15241419E+01
  -.75000000E+00  .15086796E+01
  -.70000000E+00  .14930846E+01
  -.65000000E+00  .14773540E+01
  -.60000000E+00  .14614843E+01
  -.55000000E+00  .14454724E+01
  -.50000000E+00  .14293147E+01
  -.45000000E+00  .14130076E+01
  -.40000000E+00  .13965475E+01
  -.35000000E+00  .13799305E+01
  -.30000000E+00  .13631525E+01
  -.25000000E+00  .13462094E+01
  -.20000000E+00  .13290969E+01
  -.15000000E+00  .13118103E+01
  -.10000000E+00  .12943450E+01
  -.50000000E-01  .12766960E+01
  -.22898350E-14  .12588583E+01
   .50000000E-01  .12408266E+01
   .10000000E+00  .12225952E+01
   .15000000E+00  .12041583E+01
   .20000000E+00  .11855099E+01
   .25000000E+00  .11666436E+01
   .30000000E+00  .11475528E+01
   .35000000E+00  .11282305E+01
   .40000000E+00  .11086695E+01
   .45000000E+00  .10888621E+01
   .50000000E+00  .10688004E+01
   .55000000E+00  .10484759E+01
   .60000000E+00  .10278799E+01
   .65000000E+00  .10070031E+01
   .70000000E+00  .98583569E+00
   .75000000E+00  .96436753E+00
   .80000000E+00  .94258781E+00
   .85000000E+00  .92048517E+00
   .90000000E+00  .89804760E+00
   .95000000E+00  .87526245E+00
   .10000000E+01  .85211634E+00
   .10500000E+01  .82859513E+00
   .11000000E+01  .80468383E+00
   .11500000E+01  .78036659E+00
   .12000000E+01  .75562657E+00
   .12500000E+01  .73044591E+00
   .13000000E+01  .70480561E+00
   .13500000E+01  .67868547E+00
   .14000000E+01  .65206398E+00
   .14500000E+01  .62491818E+00
   .15000000E+01  .59722358E+00
   .15500000E+01  .56895400E+00
   .16000000E+01  .54008142E+00
   .16500000E+01  .51057583E+00
   .17000000E+01  .48040499E+00
   .17500000E+01  .44953430E+00
   .18000000E+01  .41792651E+00
   .18500000E+01  .38554146E+00
   .19000000E+01  .35233590E+00
   .19500000E+01  .31826286E+00
   .20000000E+01  .28327168E+00
