Pb:                                     
   1682.00   .002000 207.20000 125.   .50E-04 .100  400FPE 68.00000
   .7  1.0   0
  1.0   .0   .5-6432.8283 2.0000
  2.0   .0   .5-1151.5173 2.0000
  2.0  1.0  1.5 -988.7955 6.0000
  3.0   .0   .5 -276.6157 2.0000
  3.0  1.0  1.5 -229.8795 6.0000
  3.0  2.0  2.5 -182.202110.0000
  4.0   .0   .5  -62.6331 2.0000
  4.0  1.0  1.5  -47.2918 6.0000
  4.0  2.0  2.5  -29.507610.0000
  4.0  3.0  3.5   -9.801314.0000
  5.0   .0   .5  -10.5391 2.0000
  5.0  1.0  1.5   -6.2878 6.0000
  5.0  2.0  2.5   -1.560310.0000
  6.0   .0   .5    -.8807 2.0000
  6.0  1.0  1.5    -.2575 2.0000
  5.0  3.0  2.5    -.2000  .0000
