Pu:  [Xe,5d,4f]                         
  .166210572E+01  .168123590E+01  .170058303E+01  .172014951E+01  .173993778E+01
  .175995028E+01  .178018949E+01  .180065792E+01  .182135811E+01  .184229261E+01
  .186346401E+01  .188487491E+01  .190652797E+01  .192842584E+01  .195057123E+01
  .197296687E+01  .199561549E+01  .201851989E+01  .204168288E+01  .206510729E+01
  .208879600E+01  .211275191E+01  .213697794E+01  .216147706E+01  .218625226E+01
  .221130656E+01  .223664302E+01  .226226472E+01  .228817478E+01  .231437634E+01
  .234087260E+01  .236766676E+01  .239476207E+01  .242216182E+01  .244986932E+01
  .247788792E+01  .250622100E+01  .253487198E+01  .256384432E+01  .259314150E+01
  .262276704E+01  .265272451E+01  .268301751E+01  .271364966E+01  .274462463E+01
  .277594614E+01  .280761792E+01  .283964375E+01  .287202747E+01  .290477292E+01
  .293788401E+01  .297136467E+01  .300521887E+01  .303945064E+01  .307406403E+01
  .310906314E+01  .314445209E+01  .318023509E+01  .321641633E+01  .325300009E+01
  .328999067E+01  .332739242E+01  .336520973E+01  .340344703E+01  .344210879E+01
  .348119955E+01  .352072386E+01  .356068634E+01  .360109164E+01  .364194446E+01
  .368324955E+01  .372501170E+01  .376723576E+01  .380992660E+01  .385308917E+01
  .389672844E+01  .394084944E+01  .398545726E+01  .403055701E+01  .407615388E+01
  .412225308E+01  .416885991E+01  .421597967E+01  .426361775E+01  .431177957E+01
  .436047062E+01  .440969642E+01  .445946256E+01  .450977467E+01  .456063844E+01
  .461205962E+01  .466404398E+01  .471659740E+01  .476972577E+01  .482343504E+01
  .487773123E+01  .493262042E+01  .498810872E+01  .504420233E+01  .510090746E+01
  .515823043E+01  .521617759E+01  .527475533E+01  .533397015E+01  .539382855E+01
  .545433713E+01  .551550253E+01  .557733146E+01  .563983068E+01  .570300702E+01
  .576686737E+01  .583141866E+01  .589666792E+01  .596262221E+01  .602928867E+01
  .609667449E+01  .616478692E+01  .623363330E+01  .630322100E+01  .637355748E+01
  .644465025E+01  .651650688E+01  .658913502E+01  .666254239E+01  .673673674E+01
  .681172592E+01  .688751784E+01  .696412047E+01  .704154186E+01  .711979009E+01
  .719887336E+01  .727879989E+01  .735957801E+01  .744121609E+01  .752372257E+01
  .760710597E+01  .769137488E+01  .777653794E+01  .786260389E+01  .794958152E+01
  .803747969E+01  .812630732E+01  .821607344E+01  .830678711E+01  .839845748E+01
  .849109377E+01  .858470527E+01  .867930133E+01  .877489139E+01  .887148496E+01
  .896909160E+01  .906772098E+01  .916738280E+01  .926808687E+01  .936984305E+01
  .947266127E+01  .957655156E+01  .968152399E+01  .978758873E+01  .989475600E+01
  .100030361E+02  .101124394E+02  .102229764E+02  .103346576E+02  .104474936E+02
  .105614950E+02  .106766726E+02  .107930372E+02  .109105998E+02  .110293712E+02
  .111493625E+02  .112705848E+02  .113930493E+02  .115167672E+02  .116417499E+02
  .117680088E+02  .118955553E+02  .120244010E+02  .121545574E+02  .122860364E+02
  .124188495E+02  .125530088E+02  .126885259E+02  .128254130E+02  .129636820E+02
  .131033451E+02  .132444144E+02  .133869021E+02  .135308207E+02  .136761824E+02
  .138229997E+02  .139712851E+02  .141210512E+02  .142723106E+02  .144250761E+02
  .145793603E+02  .147351762E+02  .148925367E+02  .150514546E+02  .152119431E+02
  .153740151E+02  .155376839E+02  .157029626E+02  .158698645E+02  .160384030E+02
  .162085913E+02  .163804429E+02  .165539712E+02  .167291899E+02  .169061125E+02
  .170847526E+02  .172651239E+02  .174472402E+02  .176311152E+02  .178167627E+02
  .180041966E+02  .181934309E+02  .183844795E+02  .185773563E+02  .187720754E+02
  .189686510E+02  .191670970E+02  .193674276E+02  .195696570E+02  .197737994E+02
  .199798691E+02  .201878802E+02  .203978471E+02  .206097841E+02  .208237054E+02
  .210396255E+02  .212575588E+02  .214775195E+02  .216995220E+02  .219235809E+02
  .221497104E+02  .223779250E+02  .226082391E+02  .228406671E+02  .230752235E+02
  .233119227E+02  .235507789E+02  .237918068E+02  .240350205E+02  .242804346E+02
  .245280633E+02  .247779209E+02  .250300218E+02  .252843803E+02  .255410105E+02
  .257999267E+02  .260611430E+02  .263246737E+02  .265905327E+02  .268587340E+02
  .271292918E+02  .274022199E+02  .276775321E+02  .279552423E+02  .282353642E+02
  .285179115E+02  .288028978E+02  .290903365E+02  .293802412E+02  .296726251E+02
  .299675015E+02  .302648835E+02  .305647842E+02  .308672165E+02  .311721933E+02
  .314797272E+02  .317898309E+02  .321025168E+02  .324177972E+02  .327356844E+02
  .330561903E+02  .333793270E+02  .337051061E+02  .340335393E+02  .343646379E+02
  .346984132E+02  .350348764E+02  .353740382E+02  .357159095E+02  .360605007E+02
  .364078221E+02  .367578839E+02  .371106960E+02  .374662679E+02  .378246092E+02
  .381857291E+02  .385496366E+02  .389163403E+02  .392858487E+02  .396581700E+02
  .400333122E+02  .404112830E+02  .407920896E+02  .411757392E+02  .415622385E+02
  .419515941E+02  .423438120E+02  .427388981E+02  .431368579E+02  .435376966E+02
  .439414190E+02  .443480294E+02  .447575320E+02  .451699306E+02  .455852284E+02
  .460034283E+02  .464245329E+02  .468485443E+02  .472754643E+02  .477052940E+02
  .481380343E+02  .485736856E+02  .490122479E+02  .494537205E+02  .498981024E+02
  .503453923E+02  .507955879E+02  .512486869E+02  .517046862E+02  .521635823E+02
  .526253710E+02  .530900477E+02  .535576073E+02  .540280438E+02  .545013511E+02
  .549775221E+02  .554565493E+02  .559384245E+02  .564231390E+02  .569106834E+02
  .574010475E+02  .578942207E+02  .583901915E+02  .588889480E+02  .593904773E+02
  .598947660E+02  .604017999E+02  .609115641E+02  .614240431E+02  .619392203E+02
  .624570786E+02  .629776002E+02  .635007664E+02  .640265576E+02  .645549536E+02
  .650859332E+02  .656194745E+02  .661555547E+02  .666941502E+02  .672352365E+02
  .677787882E+02  .683247791E+02  .688731819E+02  .694239686E+02  .699771102E+02
  .705325768E+02  .710903375E+02  .716503606E+02  .722126131E+02  .727770613E+02
  .733436706E+02  .739124050E+02  .744832279E+02  .750561014E+02  .756309868E+02
  .762078442E+02  .767866327E+02  .773673102E+02  .779498338E+02  .785341594E+02
  .791202416E+02  .797080343E+02  .802974899E+02  .808885600E+02  .814811948E+02
  .820753435E+02  .826709542E+02  .832679739E+02  .838663481E+02  .844660216E+02
  .850669377E+02  .856690386E+02  .862722653E+02  .868765578E+02  .874818546E+02
  .880880931E+02  .886952097E+02  .893031393E+02  .899118157E+02  .905211714E+02
  .911311380E+02  .917416453E+02  .923526225E+02  .929639970E+02  .935756954E+02
  .941876429E+02  .947997633E+02  .954119795E+02  .960242129E+02  .966363837E+02
  .972484111E+02  .978602128E+02  .984717054E+02  .990828043E+02  .996934236E+02
  .100303476E+03  .100912874E+03  .101521527E+03  .102129345E+03  .102736237E+03
  .103342108E+03  .103946866E+03  .104550414E+03  .105152656E+03  .105753494E+03
  .106352831E+03  .106950565E+03  .107546597E+03  .108140824E+03  .108733143E+03
  .109323450E+03  .109911640E+03  .110497606E+03  .111081243E+03  .111662442E+03
  .112241094E+03  .112817089E+03  .113390316E+03  .113960665E+03  .114528022E+03
  .115092274E+03  .115653307E+03  .116211008E+03  .116765259E+03  .117315946E+03
  .117862952E+03  .118406159E+03  .118945449E+03  .119480705E+03  .120011807E+03
  .120538636E+03  .121061072E+03  .121578995E+03  .122092286E+03  .122600822E+03
  .123104485E+03  .123603151E+03  .124096702E+03  .124585015E+03  .125067968E+03
  .125545443E+03  .126017316E+03  .126483468E+03  .126943777E+03  .127398124E+03
  .127846389E+03  .128288452E+03  .128724194E+03  .129153496E+03  .129576241E+03
  .129992312E+03  .130401592E+03  .130803966E+03  .131199319E+03  .131587537E+03
  .131968508E+03  .132342121E+03  .132708264E+03  .133066830E+03  .133417711E+03
  .133760800E+03  .134095993E+03  .134423188E+03  .134742283E+03  .135053180E+03
  .135355780E+03  .135649988E+03  .135935712E+03  .136212861E+03  .136481344E+03
  .136741078E+03  .136991976E+03  .137233959E+03  .137466948E+03  .137690867E+03
  .137905644E+03  .138111208E+03  .138307492E+03  .138494435E+03  .138671974E+03
  .138840054E+03  .138998621E+03  .139147625E+03  .139287022E+03  .139416769E+03
  .139536827E+03  .139647163E+03  .139747747E+03  .139838554E+03  .139919562E+03
  .139990755E+03  .140052121E+03  .140103652E+03  .140145347E+03  .140177206E+03
  .140199239E+03  .140211456E+03  .140213877E+03  .140206525E+03  .140189427E+03
  .140162618E+03  .140126137E+03  .140080031E+03  .140024350E+03  .139959152E+03
  .139884499E+03  .139800462E+03  .139707114E+03  .139604539E+03  .139492824E+03
  .139372064E+03  .139242359E+03  .139103817E+03  .138956552E+03  .138800686E+03
  .138636345E+03  .138463664E+03  .138282785E+03  .138093855E+03  .137897030E+03
  .137692472E+03  .137480351E+03  .137260842E+03  .137034129E+03  .136800403E+03
  .136559861E+03  .136312709E+03  .136059158E+03  .135799427E+03  .135533744E+03
  .135262340E+03  .134985458E+03  .134703345E+03  .134416255E+03  .134124450E+03
  .133828200E+03  .133527779E+03  .133223471E+03  .132915565E+03  .132604357E+03
  .132290149E+03  .131973252E+03  .131653980E+03  .131332655E+03  .131009607E+03
  .130685169E+03  .130359681E+03  .130033490E+03  .129706948E+03  .129380410E+03
  .129054241E+03  .128728808E+03  .128404483E+03  .128081644E+03  .127760672E+03
  .127441953E+03  .127125879E+03  .126812842E+03  .126503241E+03  .126197476E+03
  .125895952E+03  .125599075E+03  .125307254E+03  .125020901E+03  .124740430E+03
  .124466254E+03  .124198790E+03  .123938456E+03  .123685667E+03  .123440843E+03
  .123204400E+03  .122976755E+03  .122758324E+03  .122549521E+03  .122350759E+03
  .122162449E+03  .121984998E+03  .121818811E+03  .121664290E+03  .121521831E+03
  .121391829E+03  .121274670E+03  .121170738E+03  .121080411E+03  .121004057E+03
  .120942043E+03  .120894723E+03  .120862448E+03  .120845558E+03  .120844385E+03
  .120859252E+03  .120890472E+03  .120938347E+03  .121003169E+03  .121085219E+03
  .121184766E+03  .121302066E+03  .121437362E+03  .121590884E+03  .121762850E+03
  .121953460E+03  .122162902E+03  .122391347E+03  .122638951E+03  .122905853E+03
  .123192176E+03  .123498024E+03  .123823485E+03  .124168629E+03  .124533505E+03
  .124918144E+03  .125322559E+03  .125746740E+03  .126190660E+03  .126654268E+03
  .127137495E+03  .127640248E+03  .128162413E+03  .128703855E+03  .129264415E+03
  .129843912E+03  .130442143E+03  .131058880E+03  .131693874E+03  .132346850E+03
  .133017512E+03  .133705537E+03  .134410581E+03  .135132275E+03  .135870226E+03
  .136624016E+03  .137393205E+03  .138177328E+03  .138975896E+03  .139788397E+03
  .140614295E+03  .141453030E+03  .142304020E+03  .143166660E+03  .144040322E+03
  .144924355E+03  .145818089E+03  .146720829E+03  .147631861E+03  .148550451E+03
  .149475844E+03  .150407266E+03  .151343923E+03  .152285007E+03  .153229687E+03
  .154177120E+03  .155126444E+03  .156076785E+03  .157027252E+03  .157976943E+03
  .158924942E+03  .159870323E+03  .160812149E+03  .161749475E+03  .162681345E+03
  .163606800E+03  .164524873E+03  .165434592E+03  .166334984E+03  .167225071E+03
  .168103877E+03  .168970426E+03  .169823743E+03  .170662858E+03  .171486806E+03
  .172294626E+03  .173085367E+03  .173858088E+03  .174611859E+03  .175345759E+03
  .176058886E+03  .176750351E+03  .177419282E+03  .178064827E+03  .178686154E+03
  .179282454E+03  .179852940E+03  .180396852E+03  .180913456E+03  .181402047E+03
  .181861950E+03  .182292522E+03  .182693152E+03  .183063265E+03  .183402323E+03
  .183709825E+03  .183985307E+03  .184228351E+03  .184438576E+03  .184615646E+03
  .184759272E+03  .184869207E+03  .184945254E+03  .184987264E+03  .184995136E+03
  .184968821E+03  .184908319E+03  .184813685E+03  .184685025E+03  .184522500E+03
  .184326323E+03  .184096766E+03  .183834152E+03  .183538862E+03  .183211334E+03
  .182852059E+03  .182461586E+03  .182040522E+03  .181589527E+03  .181109319E+03
  .180600670E+03  .180064408E+03  .179501415E+03  .178912627E+03  .178299032E+03
  .177661671E+03  .177001636E+03  .176320068E+03  .175618155E+03  .174897135E+03
  .174158288E+03  .173402941E+03  .172632460E+03  .171848252E+03  .171051762E+03
  .170244470E+03  .169427889E+03  .168603564E+03  .167773067E+03  .166937997E+03
  .166099975E+03  .165260642E+03  .164421656E+03  .163584689E+03  .162751425E+03
  .161923552E+03  .161102766E+03  .160290762E+03  .159489233E+03  .158699864E+03
  .157924331E+03  .157164296E+03  .156421405E+03  .155697282E+03  .154993525E+03
  .154311703E+03  .153653355E+03  .153019981E+03  .152413042E+03  .151833953E+03
  .151284084E+03  .150764750E+03  .150277214E+03  .149822676E+03  .149402275E+03
  .149017086E+03  .148668109E+03  .148356276E+03  .148082439E+03  .147847372E+03
  .147651765E+03  .147496225E+03  .147381268E+03  .147307321E+03  .147274716E+03
  .147283691E+03  .147334384E+03  .147426837E+03  .147560989E+03  .147736675E+03
  .147953629E+03  .148211479E+03  .148509746E+03  .148847847E+03  .149225093E+03
  .149640687E+03  .150093728E+03  .150583207E+03  .151108015E+03  .151666936E+03
  .152258652E+03  .152881749E+03  .153534709E+03  .154215924E+03  .154923689E+03
  .155656209E+03  .156411604E+03  .157187908E+03  .157983078E+03  .158794991E+03
  .159621457E+03  .160460216E+03  .161308947E+03  .162165271E+03  .163026759E+03
  .163890934E+03  .164755281E+03  .165617247E+03  .166474255E+03  .167323703E+03
  .168162975E+03  .168989445E+03  .169800488E+03  .170593482E+03  .171365818E+03
  .172114905E+03  .172838181E+03  .173533115E+03  .174197219E+03  .174828053E+03
  .175423231E+03  .175980432E+03  .176497404E+03  .176971970E+03  .177402040E+03
  .177785613E+03  .178120785E+03  .178405757E+03  .178638840E+03  .178818459E+03
  .178943165E+03  .179011632E+03  .179022669E+03  .178975225E+03  .178868386E+03
  .178701389E+03  .178473619E+03  .178184616E+03  .177834078E+03  .177421859E+03
  .176947980E+03  .176412621E+03  .175816129E+03  .175159017E+03  .174441964E+03
  .173665814E+03  .172831577E+03  .171940427E+03  .170993700E+03  .169992892E+03
  .168939656E+03  .167835801E+03  .166683284E+03  .165484208E+03  .164240820E+03
  .162955499E+03  .161630757E+03  .160269228E+03  .158873665E+03  .157446928E+03
  .155991981E+03  .154511883E+03  .153009777E+03  .151488884E+03  .149952492E+03
  .148403949E+03  .146846651E+03  .145284031E+03  .143719554E+03  .142156698E+03
  .140598954E+03  .139049805E+03  .137512723E+03  .135991154E+03  .134488507E+03
  .133008146E+03  .131553377E+03  .130127435E+03  .128733481E+03  .127374583E+03
  .126053709E+03  .124773719E+03  .123537353E+03  .122347222E+03  .121205799E+03
  .120115410E+03  .119078227E+03  .118096259E+03  .117171345E+03  .116305146E+03
  .115499141E+03  .114754619E+03  .114072677E+03  .113454210E+03  .112899915E+03
  .112410279E+03  .111985583E+03  .111625897E+03  .111331080E+03  .111100780E+03
  .110934431E+03  .110831260E+03  .110790283E+03  .110810310E+03  .110889948E+03
  .111027605E+03  .111221496E+03  .111469647E+03  .111769899E+03  .112119921E+03
  .112517212E+03  .112959112E+03  .113442809E+03  .113965351E+03  .114523653E+03
  .115114509E+03  .115734602E+03  .116380519E+03  .117048754E+03  .117735728E+03
  .118437799E+03  .119151270E+03  .119872407E+03  .120597449E+03  .121322620E+03
  .122044142E+03  .122758250E+03  .123461201E+03  .124149289E+03  .124818857E+03
  .125466308E+03  .126088118E+03  .126680849E+03  .127241157E+03  .127765808E+03
  .128251683E+03  .128695794E+03  .129095287E+03  .129447460E+03  .129749764E+03
  .129999812E+03  .130195394E+03  .130334472E+03  .130415196E+03  .130435905E+03
  .130395132E+03  .130291608E+03  .130124268E+03  .129892247E+03  .129594889E+03
  .129231743E+03  .128802567E+03  .128307323E+03  .127746180E+03  .127119507E+03
  .126427878E+03  .125672060E+03  .124853013E+03  .123971886E+03  .123030009E+03
  .122028891E+03  .120970207E+03  .119855796E+03  .118687652E+03  .117467914E+03
  .116198861E+03  .114882898E+03  .113522550E+03  .112120454E+03  .110679341E+03
  .109202035E+03  .107691437E+03  .106150517E+03  .104582298E+03  .102989853E+03
  .101376288E+03  .997447325E+02  .980983293E+02  .964402247E+02  .947735537E+02
  .931014354E+02  .914269562E+02  .897531663E+02  .880830633E+02  .864195893E+02
  .847656153E+02  .831239389E+02  .814972693E+02  .798882263E+02  .782993261E+02
  .767329805E+02  .751914849E+02  .736770181E+02  .721916305E+02  .707372461E+02
  .693156517E+02  .679284994E+02  .665772973E+02  .652634132E+02  .639880670E+02
  .627523342E+02  .615571405E+02  .604032667E+02  .592913433E+02  .582218572E+02
  .571951477E+02  .562114135E+02  .552707101E+02  .543729575E+02  .535179394E+02
  .527053105E+02  .519345974E+02  .512052064E+02  .505164254E+02  .498674322E+02
  .492572972E+02  .486849917E+02  .481493922E+02  .476492885E+02  .471833886E+02
  .467503272E+02  .463486710E+02  .459769272E+02  .456335498E+02  .453169473E+02
  .450254897E+02  .447575162E+02  .445113419E+02  .442852657E+02  .440775766E+02
  .438865613E+02  .437105108E+02  .435477269E+02  .433965289E+02  .432552591E+02
  .431222896E+02  .429960268E+02  .428749178E+02  .427574543E+02  .426421782E+02
  .425276849E+02  .424126283E+02  .422957232E+02  .421757497E+02  .420515551E+02
  .419220573E+02  .417862457E+02  .416431846E+02  .414920128E+02  .413319464E+02
  .411622779E+02  .409823781E+02  .407916946E+02  .405897529E+02  .403761542E+02
  .401505763E+02  .399127705E+02  .396625618E+02  .393998452E+02  .391245859E+02
  .388368147E+02  .385366276E+02  .382241812E+02  .378996917E+02  .375634299E+02
  .372157199E+02  .368569342E+02  .364874915E+02  .361078522E+02  .357185159E+02
  .353200163E+02  .349129193E+02  .344978179E+02  .340753296E+02  .336460917E+02
  .332107588E+02  .327699984E+02  .323244881E+02  .318749114E+02  .314219556E+02
  .309663073E+02  .305086504E+02  .300496622E+02  .295900117E+02  .291303558E+02
  .286713378E+02  .282135843E+02  .277577035E+02  .273042828E+02  .268538875E+02
  .264070583E+02  .259643107E+02  .255261331E+02  .250929858E+02  .246652999E+02
  .242434769E+02  .238278875E+02  .234188715E+02  .230167373E+02  .226217617E+02
  .222341902E+02  .218542366E+02  .214820837E+02  .211178834E+02  .207617575E+02
  .204137979E+02  .200740677E+02  .197426020E+02  .194194085E+02  .191044687E+02
  .187977393E+02  .184991528E+02  .182086189E+02  .179260261E+02  .176512424E+02
  .173841172E+02  .171244822E+02  .168721534E+02  .166269317E+02  .163886050E+02
  .161569493E+02  .159317304E+02  .157127047E+02  .154996213E+02  .152922230E+02
  .150902476E+02  .148934294E+02  .147015003E+02  .145141910E+02  .143312327E+02
  .141523571E+02  .139772990E+02  .138057959E+02  .136375900E+02  .134724284E+02
  .133100646E+02  .131502586E+02  .129927783E+02  .128373996E+02  .126839074E+02
  .125320959E+02  .123817691E+02  .122327413E+02  .120848375E+02  .119378933E+02
  .117917558E+02  .116462829E+02  .115013444E+02  .113568210E+02  .112126053E+02
  .110686009E+02  .109247231E+02  .107808979E+02  .106370626E+02  .104931652E+02
  .103491641E+02  .102050278E+02  .100607350E+02  .991627354E+01  .977164064E+01
  .962684203E+01  .948189193E+01  .933681220E+01  .919163227E+01  .904638830E+01
  .890112305E+01  .875588503E+01  .861072835E+01  .846571188E+01  .832089900E+01
  .817635663E+01  .803215609E+01  .788836968E+01  .774507493E+01  .760234855E+01
  .746027127E+01  .731892274E+01  .717838524E+01  .703873946E+01  .690006769E+01
  .676244989E+01  .662596698E+01  .649069665E+01  .635671701E+01  .622410223E+01
  .609292639E+01  .596325898E+01  .583516893E+01  .570872014E+01  .558397549E+01
  .546099248E+01  .533982720E+01  .522053009E+01  .510314998E+01  .498772974E+01
  .487431051E+01  .476292733E+01  .465361342E+01  .454639582E+01  .444129971E+01
  .433834413E+01  .423754632E+01  .413891740E+01  .404246678E+01  .394819791E+01
  .385611272E+01  .376620745E+01  .367847633E+01  .359290923E+01  .350949345E+01
  .342821244E+01  .334904730E+01  .327197551E+01  .319697262E+01  .312401071E+01
  .305306031E+01  .298408877E+01  .291706222E+01  .285194392E+01  .278869619E+01
  .272727883E+01  .266765104E+01  .260976976E+01  .255359168E+01  .249907154E+01
  .244616409E+01  .239482246E+01  .234500009E+01  .229664906E+01  .224972204E+01
  .220417060E+01  .215994718E+01  .211700334E+01  .207529179E+01  .203476454E+01
  .199537499E+01  .195707607E+01  .191982227E+01  .188356780E+01  .184826862E+01
  .181388056E+01  .178036138E+01  .174766882E+01  .171576269E+01  .168460292E+01
  .165415161E+01  .162437106E+01  .159522585E+01  .156668083E+01  .153870319E+01
  .151126046E+01  .148432254E+01  .145785972E+01  .143184468E+01  .140625049E+01
  .138105266E+01  .135622706E+01  .133175199E+01  .130760611E+01  .128377047E+01
  .126022647E+01  .123695784E+01  .121394864E+01  .119118521E+01  .116865425E+01
  .114634425E+01  .112424474E+01  .110234632E+01  .108064092E+01  .105912137E+01
  .103778159E+01  .101661662E+01  .995622220E+00  .974795399E+00  .954133685E+00
  .933635753E+00  .913300820E+00  .893128993E+00  .873120977E+00  .853278178E+00
  .833602535E+00  .814096629E+00  .794763385E+00  .775606386E+00  .756629381E+00
  .737836720E+00  .719232825E+00  .700822597E+00  .682610969E+00  .664603213E+00
  .646804568E+00  .629220530E+00  .611856463E+00  .594717928E+00  .577810249E+00
  .561138891E+00  .544709009E+00  .528525841E+00  .512594180E+00  .496918954E+00
  .481504513E+00  .466355314E+00  .451475184E+00  .436868013E+00  .422537032E+00
  .408485495E+00  .394715969E+00  .381231021E+00  .368032517E+00  .355122308E+00
  .342501530E+00  .330171302E+00  .318132029E+00  .306384103E+00  .294927204E+00
  .283761011E+00  .272884509E+00  .262296697E+00  .251995939E+00  .241980463E+00
  .232248150E+00  .222796591E+00  .213623104E+00  .204724744E+00  .196098324E+00
  .187740422E+00  .179647403E+00  .171815433E+00  .164240493E+00  .156918393E+00
  .149844792E+00  .143015208E+00  .136425035E+00  .130069557E+00  .123943962E+00
  .118043353E+00  .112362764E+00  .106897170E+00  .101641499E+00  .965906456E-01
  .917394779E-01  .870828497E-01  .826156097E-01  .783326104E-01  .742287158E-01
  .702988103E-01  .665378050E-01  .629406451E-01  .595023163E-01  .562178500E-01
  .530823296E-01  .500908947E-01  .472387464E-01  .445211511E-01  .419334448E-01
  .394710361E-01  .371294103E-01  .349041315E-01  .327908459E-01  .307852842E-01
  .288832637E-01  .270806902E-01  .253735599E-01  .237579612E-01  .222300754E-01
  .207861787E-01  .194226427E-01  .181359351E-01  .169226208E-01  .157793620E-01
  .147029186E-01  .136901485E-01  .127380072E-01  .118435479E-01  .110039213E-01
  .102163746E-01  .947825135E-02  .878699044E-02  .814012519E-02  .753528230E-02
  .697018068E-02  .644263011E-02  .595052981E-02  .549186688E-02  .506471467E-02
  .466723102E-02  .429765638E-02  .395431195E-02  .363559762E-02  .333998997E-02
  .306604007E-02  .281237137E-02  .257767747E-02  .236071986E-02  .216032565E-02
  .197538533E-02  .180485040E-02  .164773113E-02  .150309426E-02  .137006070E-02
  .124780328E-02  .113554454E-02  .103255448E-02  .938148426E-03  .851684894E-03
  .772563491E-03  .700222894E-03  .634138855E-03  .573822275E-03  .518817327E-03
  .468699642E-03  .423074553E-03  .381575400E-03  .343861905E-03  .309618600E-03
  .278553325E-03  .250395787E-03  .224896190E-03  .201823912E-03  .180966261E-03
  .162127283E-03  .145126629E-03  .129798488E-03  .115990572E-03  .103563154E-03
  .923881673E-04  .823483538E-04  .733364599E-04  .652544849E-04  .580129750E-04
  .515303610E-04  .457323402E-04  .405512980E-04  .359257691E-04  .317999354E-04
  .281231590E-04  .248495485E-04  .219375564E-04  .193496067E-04  .170517495E-04
  .150133431E-04  .132067592E-04  .116071125E-04  .101920109E-04  .894132665E-05
  .783698565E-05  .686277453E-05  .600416399E-05  .524814722E-05  .458309223E-05
  .399860724E-05  .348541791E-05  .303525572E-05  .264075641E-05  .229536785E-05
  .199326647E-05  .172928158E-05  .149882688E-05  .129783864E-05  .112271987E-05
  .970289990E-06  .837739550E-06  .722589500E-06  .622654601E-06  .536010612E-06
  .460964883E-06  .396030040E-06  .339900457E-06  .291431250E-06  .249619547E-06
  .213587795E-06  .182568916E-06  .155893109E-06  .132976135E-06  .113308931E-06
  .964484155E-07  .820093446E-07  .696571281E-07  .591014815E-07  .500908336E-07
  .424074012E-07  .358628579E-07  .302945289E-07  .255620527E-07  .215444549E-07
  .181375872E-07  .152518875E-07  .128104244E-07  .107471907E-07  .900561730E-08
  .753727903E-08  .630077051E-08  .526072970E-08  .438699130E-08  .365385347E-08
  .303944344E-08  .252516940E-08  .209524743E-08  .173629379E-08  .143697384E-08
  .118770022E-08  .980373648E-09  .808160530E-09  .665302538E-09  .546953617E-09
  .449040747E-09  .368145095E-09  .301400732E-09  .246408414E-09  .201162286E-09
  .163987663E-09  .133488265E-09  .108501549E-09  .880609380E-10  .713639212E-10
  .577451591E-10  .466538324E-10  .376345961E-10  .303115856E-10  .243750059E-10
  .195699005E-10  .156867686E-10  .125537157E-10  .100299349E-10  .800025386E-11
  .637062636E-11  .506437730E-11  .401909543E-11  .318406315E-11  .251813387E-11
  .198798178E-11  .156666102E-11  .123242157E-11  .967737758E-12  .758512429E-12
  .593426282E-12  .463406700E-12  .361194936E-12  .280994050E-12  .218183045E-12
  .169085166E-12  .130780457E-12  .100954383E-12  .777758207E-13  .597989005E-13
  .458841827E-13  .351354888E-13  .268493729E-13  .204747852E-13  .155809340E-13
  .118317335E-13  .896552670E-14  .677902945E-14  .511464168E-14  .385044162E-14
  .289231186E-14  .216775654E-14  .162105677E-14  .120948295E-14  .900339919E-15
  .668666972E-15  .495451534E-15  .366244999E-15  .270092596E-15  .198707969E-15
  .145837982E-15  .106775063E-15  .779837079E-16  .568150955E-16  .412895670E-16
  .299312254E-16  .216424810E-16  .156091303E-16  .112287178E-16  .805660439E-17
  .576547220E-17  .411499389E-17  .292917558E-17  .207947586E-17  .147226143E-17
  .103951029E-17  .731940244E-18  .513943695E-18  .359864140E-18  .251266550E-18
  .174941865E-18  .121452264E-18  .840736719E-19  .580292057E-19  .399351248E-19
  .274015291E-19  .187454267E-19  .127851554E-19  .869352943E-20  .589325042E-20
  .398264359E-20  .268308739E-20  .180191370E-20  .120630696E-20  .804998662E-21
  .535469420E-21  .355029963E-21  .234625224E-21  .154544020E-21  .101457905E-21
  .663840924E-22  .432887246E-22  .281323677E-22  .182199218E-22  .117593513E-22
  .756318401E-23  .484728028E-23  .309564665E-23  .196993520E-23  .124907131E-23
  .789122798E-24  .496719532E-24  .311511657E-24  .194634943E-24  .121153982E-24
  .751297182E-25  .464119412E-25  .285613166E-25  .175082902E-25  .106908607E-25
  .650236464E-26  .393918034E-26  .237685328E-26  .142839005E-26  .854919135E-27
  .509592210E-27  .302500201E-27  .178821285E-27  .105266167E-27  .617049121E-28
  .360161398E-28  .209317785E-28  .121124379E-28  .697843874E-29  .400286494E-29
  .228588368E-29  .129954786E-29  .735478047E-30  .414353130E-30  .232369473E-30
  .129711656E-30  .720699516E-31  .398555158E-31  .219363906E-31  .120162198E-31
  .655058072E-32  .355372772E-32  .191850939E-32  .103062823E-32  .550910708E-33
  .293011112E-33  .155057631E-33  .816376915E-34  .427620980E-34  .222833290E-34
  .115514322E-34  .595673210E-35  .305547267E-35  .155893613E-35  .791114177E-36
  .399293394E-36  .200432545E-36  .100057214E-36  .496721957E-37  .245213113E-37
  .120370437E-37  .587519226E-38  .285121883E-38  .137570467E-38  .659911776E-39
  .314696710E-39  .149184492E-39  .703006985E-40  .329290540E-40  .153306839E-40
  .709390400E-41  .326234032E-41  .149098031E-41  .677160445E-42  .305609223E-42
  .137048579E-42  .610651809E-43  .270334485E-43  .118898240E-43  .519508774E-44
  .225491908E-44  .972224601E-45  .416367283E-45  .177107735E-45  .748213986E-46
  .313919075E-46  .130794425E-46  .541148262E-47  .222317931E-47  .906858230E-48
  .367270710E-48  .147669328E-48  .589421987E-49  .233544227E-49  .918529802E-50
  .358569239E-50  .138925709E-50  .534190293E-51  .203838820E-51  .771842875E-52
  .289998238E-52  .108108398E-52  .399847199E-53  .146714140E-53  .534030112E-54
  .192818026E-54  .690541808E-55  .245282616E-55  .864074849E-56  .301874334E-56
  .104597034E-56  .359488793E-57  .122633868E-57  .416788333E-58  .141717738E-58
  .495593815E-59  .187051191E-59  .883841785E-60  .667201126E-60  .000000000E+00
  .000000000E+00  .000000000E+00  .000000000E+00  .000000000E+00  .000000000E+00
  .000000000E+00  .000000000E+00  .000000000E+00  .000000000E+00  .000000000E+00
  .000000000E+00  .000000000E+00  .000000000E+00  .000000000E+00  .000000000E+00
  .000000000E+00  .000000000E+00  .000000000E+00  .000000000E+00  .000000000E+00
  .000000000E+00  .000000000E+00  .000000000E+00  .000000000E+00  .000000000E+00
  .000000000E+00  .000000000E+00  .000000000E+00  .000000000E+00  .000000000E+00
  .000000000E+00  .000000000E+00  .000000000E+00  .000000000E+00  .000000000E+00
  .000000000E+00  .000000000E+00  .000000000E+00  .000000000E+00  .000000000E+00
  .000000000E+00  .000000000E+00  .000000000E+00  .000000000E+00  .000000000E+00
  .000000000E+00  .000000000E+00  .000000000E+00  .000000000E+00  .000000000E+00
  .000000000E+00  .000000000E+00  .000000000E+00  .000000000E+00  .000000000E+00
  .000000000E+00  .000000000E+00  .000000000E+00  .000000000E+00  .000000000E+00
  .000000000E+00  .000000000E+00  .000000000E+00  .000000000E+00  .000000000E+00
  .000000000E+00  .000000000E+00  .000000000E+00  .000000000E+00  .000000000E+00
  .000000000E+00  .000000000E+00  .000000000E+00  .000000000E+00  .000000000E+00
  .000000000E+00  .000000000E+00  .000000000E+00  .000000000E+00  .000000000E+00
  .000000000E+00  .000000000E+00  .000000000E+00  .000000000E+00  .000000000E+00
  .000000000E+00  .000000000E+00  .000000000E+00  .000000000E+00  .000000000E+00
  .000000000E+00  .000000000E+00  .000000000E+00  .000000000E+00  .000000000E+00
  .000000000E+00  .000000000E+00  .000000000E+00  .000000000E+00  .000000000E+00
  .000000000E+00  .000000000E+00  .000000000E+00  .000000000E+00  .000000000E+00
  .000000000E+00  .000000000E+00  .000000000E+00  .000000000E+00  .000000000E+00
  .000000000E+00  .000000000E+00  .000000000E+00  .000000000E+00  .000000000E+00
  .000000000E+00  .000000000E+00  .000000000E+00  .000000000E+00  .000000000E+00
  .000000000E+00  .000000000E+00  .000000000E+00  .000000000E+00  .000000000E+00
  .000000000E+00  .000000000E+00  .000000000E+00  .000000000E+00  .000000000E+00
  .000000000E+00  .000000000E+00  .000000000E+00  .000000000E+00  .000000000E+00
  .000000000E+00  .000000000E+00  .000000000E+00  .000000000E+00  .000000000E+00
  .000000000E+00  .000000000E+00  .000000000E+00  .000000000E+00  .000000000E+00
  .000000000E+00  .000000000E+00  .000000000E+00  .000000000E+00  .000000000E+00
  .000000000E+00  .000000000E+00  .000000000E+00  .000000000E+00  .000000000E+00
  .000000000E+00  .000000000E+00  .000000000E+00  .000000000E+00  .000000000E+00
  .000000000E+00  .000000000E+00  .000000000E+00  .000000000E+00  .000000000E+00
  .000000000E+00  .000000000E+00  .000000000E+00  .000000000E+00  .000000000E+00
  .000000000E+00  .000000000E+00  .000000000E+00  .000000000E+00  .000000000E+00
  .000000000E+00  .000000000E+00  .000000000E+00  .000000000E+00  .000000000E+00
  .000000000E+00  .000000000E+00  .000000000E+00  .000000000E+00  .000000000E+00
  .000000000E+00  .000000000E+00  .000000000E+00  .000000000E+00  .000000000E+00
  .000000000E+00  .000000000E+00  .000000000E+00  .000000000E+00  .000000000E+00
  .000000000E+00  .000000000E+00  .000000000E+00  .000000000E+00  .000000000E+00
  .000000000E+00  .000000000E+00  .000000000E+00  .000000000E+00  .000000000E+00
  .000000000E+00  .000000000E+00  .000000000E+00  .000000000E+00  .000000000E+00
  .000000000E+00  .000000000E+00  .000000000E+00  .000000000E+00  .000000000E+00
  .000000000E+00  .000000000E+00  .000000000E+00  .000000000E+00  .000000000E+00
  .000000000E+00  .000000000E+00  .000000000E+00  .000000000E+00  .000000000E+00
  .000000000E+00  .000000000E+00  .000000000E+00  .000000000E+00  .000000000E+00
  .000000000E+00  .000000000E+00  .000000000E+00  .000000000E+00  .000000000E+00
  .000000000E+00  .000000000E+00  .000000000E+00  .000000000E+00  .000000000E+00
  .000000000E+00  .000000000E+00  .000000000E+00  .000000000E+00  .000000000E+00
  .000000000E+00  .000000000E+00  .000000000E+00  .000000000E+00  .000000000E+00
  .000000000E+00  .000000000E+00  .000000000E+00  .000000000E+00  .000000000E+00
  .000000000E+00  .000000000E+00  .000000000E+00  .000000000E+00  .000000000E+00
