  Yb_s (soft)                            
 100
Core Pot   L  =         .00000   -.28760
  -.20000000E+01  .11467932E+01
  -.19600000E+01  .11292557E+01
  -.19200000E+01  .11114933E+01
  -.18800000E+01  .10934977E+01
  -.18400000E+01  .10752601E+01
  -.18000000E+01  .10567713E+01
  -.17600000E+01  .10380216E+01
  -.17200000E+01  .10190009E+01
  -.16800000E+01  .99969855E+00
  -.16400000E+01  .98010333E+00
  -.16000000E+01  .96020344E+00
  -.15600000E+01  .93998640E+00
  -.15200000E+01  .91943905E+00
  -.14800000E+01  .89854748E+00
  -.14400000E+01  .87729695E+00
  -.14000000E+01  .85567183E+00
  -.13600000E+01  .83365556E+00
  -.13200000E+01  .81123053E+00
  -.12800000E+01  .78837801E+00
  -.12400000E+01  .76507806E+00
  -.12000000E+01  .74130943E+00
  -.11600000E+01  .71704941E+00
  -.11200000E+01  .69227374E+00
  -.10800000E+01  .66695647E+00
  -.10400000E+01  .64106976E+00
  -.10000000E+01  .61458374E+00
  -.96000000E+00  .58746633E+00
  -.92000000E+00  .55968297E+00
  -.88000000E+00  .53119643E+00
  -.84000000E+00  .50196649E+00
  -.80000000E+00  .47194969E+00
  -.76000000E+00  .44109893E+00
  -.72000000E+00  .40936310E+00
  -.68000000E+00  .37668664E+00
  -.64000000E+00  .34300905E+00
  -.60000000E+00  .30826429E+00
  -.56000000E+00  .27238018E+00
  -.52000000E+00  .23527757E+00
  -.48000000E+00  .19686955E+00
  -.44000000E+00  .15706044E+00
  -.40000000E+00  .11574466E+00
  -.36000000E+00  .72805359E-01
  -.32000000E+00  .28112915E-01
  -.28000000E+00 -.18476893E-01
  -.24000000E+00 -.67125028E-01
  -.20000000E+00 -.11801168E+00
  -.16000000E+00 -.17133926E+00
  -.12000000E+00 -.22733596E+00
  -.80000000E-01 -.28625997E+00
  -.40000000E-01 -.34840465E+00
   .12351231E-14 -.41410469E+00
   .40000000E-01 -.48374374E+00
   .80000000E-01 -.55776367E+00
   .12000000E+00 -.63667611E+00
   .16000000E+00 -.72107684E+00
   .20000000E+00 -.81166381E+00
   .24000000E+00 -.90926008E+00
   .28000000E+00 -.10148433E+01
   .32000000E+00 -.11295836E+01
   .36000000E+00 -.12548938E+01
   .40000000E+00 -.13924958E+01
   .44000000E+00 -.15445096E+01
   .48000000E+00 -.17135760E+01
   .52000000E+00 -.19030272E+01
   .56000000E+00 -.21171285E+01
   .60000000E+00 -.23614299E+01
   .64000000E+00 -.26432897E+01
   .68000000E+00 -.29726762E+01
   .72000000E+00 -.33634373E+01
   .76000000E+00 -.38353930E+01
   .80000000E+00 -.44179432E+01
   .84000000E+00 -.51566520E+01
   .88000000E+00 -.61261285E+01
   .92000000E+00 -.74575585E+01
   .96000000E+00 -.94048794E+01
   .10000000E+01 -.12532202E+02
   .10400000E+01 -.18395577E+02
   .10800000E+01 -.33433687E+02
   .11200000E+01 -.15781943E+03
   .11600000E+01  .60771933E+02
   .12000000E+01  .25940101E+02
   .12400000E+01  .16658703E+02
   .12800000E+01  .12351406E+02
   .13200000E+01  .98601196E+01
   .13600000E+01  .82331854E+01
   .14000000E+01  .70849663E+01
   .14400000E+01  .62295002E+01
   .14800000E+01  .55660758E+01
   .15200000E+01  .50354033E+01
   .15600000E+01  .46003039E+01
   .16000000E+01  .42362808E+01
   .16400000E+01  .39265366E+01
   .16800000E+01  .36591679E+01
   .17200000E+01  .34255038E+01
   .17600000E+01  .32190779E+01
   .18000000E+01  .30349695E+01
   .18400000E+01  .28693672E+01
   .18800000E+01  .27192728E+01
   .19200000E+01  .25822952E+01
   .19600000E+01  .24565039E+01
   .20000000E+01  .23403227E+01
Potential  L  =         .00000   -.28760
  -.20000000E+01  .11643366E+01
  -.19600000E+01  .11474961E+01
  -.19200000E+01  .11304319E+01
  -.18800000E+01  .11131356E+01
  -.18400000E+01  .10955986E+01
  -.18000000E+01  .10778114E+01
  -.17600000E+01  .10597643E+01
  -.17200000E+01  .10414468E+01
  -.16800000E+01  .10228477E+01
  -.16400000E+01  .10039552E+01
  -.16000000E+01  .98475655E+00
  -.15600000E+01  .96523839E+00
  -.15200000E+01  .94538626E+00
  -.14800000E+01  .92518476E+00
  -.14400000E+01  .90461736E+00
  -.14000000E+01  .88366634E+00
  -.13600000E+01  .86231263E+00
  -.13200000E+01  .84053574E+00
  -.12800000E+01  .81831354E+00
  -.12400000E+01  .79562213E+00
  -.12000000E+01  .77243567E+00
  -.11600000E+01  .74872613E+00
  -.11200000E+01  .72446306E+00
  -.10800000E+01  .69961332E+00
  -.10400000E+01  .67414076E+00
  -.10000000E+01  .64800585E+00
  -.96000000E+00  .62116528E+00
  -.92000000E+00  .59357148E+00
  -.88000000E+00  .56517205E+00
  -.84000000E+00  .53590913E+00
  -.80000000E+00  .50571863E+00
  -.76000000E+00  .47452938E+00
  -.72000000E+00  .44226206E+00
  -.68000000E+00  .40882803E+00
  -.64000000E+00  .37412780E+00
  -.60000000E+00  .33804937E+00
  -.56000000E+00  .30046612E+00
  -.52000000E+00  .26123427E+00
  -.48000000E+00  .22018990E+00
  -.44000000E+00  .17714516E+00
  -.40000000E+00  .13188372E+00
  -.36000000E+00  .84155073E-01
  -.32000000E+00  .33667398E-01
  -.28000000E+00 -.19921396E-01
  -.24000000E+00 -.77015097E-01
  -.20000000E+00 -.13809390E+00
  -.16000000E+00 -.20373354E+00
  -.12000000E+00 -.27463049E+00
  -.80000000E-01 -.35163553E+00
  -.40000000E-01 -.43579934E+00
   .12351231E-14 -.52843513E+00
   .40000000E-01 -.63120651E+00
   .80000000E-01 -.74625318E+00
   .12000000E+00 -.87637494E+00
   .16000000E+00 -.10253083E+01
   .20000000E+00 -.11981549E+01
   .24000000E+00 -.14020686E+01
   .28000000E+00 -.16474052E+01
   .32000000E+00 -.19497404E+01
   .36000000E+00 -.23336374E+01
   .40000000E+00 -.28402260E+01
   .44000000E+00 -.35440087E+01
   .48000000E+00 -.45953350E+01
   .52000000E+00 -.63498952E+01
   .56000000E+00 -.99010894E+01
   .60000000E+00 -.21052368E+02
   .64000000E+00  .27931844E+03
   .68000000E+00  .18960355E+02
   .72000000E+00  .99571361E+01
   .76000000E+00  .68001278E+01
   .80000000E+00  .51812730E+01
   .84000000E+00  .41903924E+01
   .88000000E+00  .35169410E+01
   .92000000E+00  .30260217E+01
   .96000000E+00  .26495772E+01
   .10000000E+01  .23495484E+01
   .10400000E+01  .21029807E+01
   .10800000E+01  .18952018E+01
   .11200000E+01  .17163904E+01
   .11600000E+01  .15597198E+01
   .12000000E+01  .14202926E+01
   .12400000E+01  .12945002E+01
   .12800000E+01  .11796207E+01
   .13200000E+01  .10735580E+01
   .13600000E+01  .97466800E+00
   .14000000E+01  .88163851E+00
   .14400000E+01  .79340576E+00
   .14800000E+01  .70909403E+00
   .15200000E+01  .62797168E+00
   .15600000E+01  .54941848E+00
   .16000000E+01  .47290066E+00
   .16400000E+01  .39795269E+00
   .16800000E+01  .32416124E+00
   .17200000E+01  .25115413E+00
   .17600000E+01  .17859052E+00
   .18000000E+01  .10615306E+00
   .18400000E+01  .33541247E-01
   .18800000E+01 -.39535043E-01
   .19200000E+01 -.11335986E+00
   .19600000E+01 -.18821652E+00
   .20000000E+01 -.26439221E+00
Core Pot   L  =        1.00000  -2.00782
  -.20000000E+01 -.19792951E+01
  -.19600000E+01  .96616237E+01
  -.19200000E+01  .31008546E+01
  -.18800000E+01  .22801931E+01
  -.18400000E+01  .19505677E+01
  -.18000000E+01  .17677472E+01
  -.17600000E+01  .16482431E+01
  -.17200000E+01  .15617354E+01
  -.16800000E+01  .14945597E+01
  -.16400000E+01  .14396498E+01
  -.16000000E+01  .13929833E+01
  -.15600000E+01  .13521006E+01
  -.15200000E+01  .13154128E+01
  -.14800000E+01  .12818465E+01
  -.14400000E+01  .12506499E+01
  -.14000000E+01  .12212802E+01
  -.13600000E+01  .11933351E+01
  -.13200000E+01  .11665093E+01
  -.12800000E+01  .11405667E+01
  -.12400000E+01  .11153212E+01
  -.12000000E+01  .10906238E+01
  -.11600000E+01  .10663529E+01
  -.11200000E+01  .10424086E+01
  -.10800000E+01  .10187069E+01
  -.10400000E+01  .99517673E+00
  -.10000000E+01  .97175696E+00
  -.96000000E+00  .94839439E+00
  -.92000000E+00  .92504213E+00
  -.88000000E+00  .90165835E+00
  -.84000000E+00  .87820526E+00
  -.80000000E+00  .85464829E+00
  -.76000000E+00  .83095546E+00
  -.72000000E+00  .80709684E+00
  -.68000000E+00  .78304406E+00
  -.64000000E+00  .75876999E+00
  -.60000000E+00  .73424835E+00
  -.56000000E+00  .70945349E+00
  -.52000000E+00  .68436009E+00
  -.48000000E+00  .65894298E+00
  -.44000000E+00  .63317690E+00
  -.40000000E+00  .60703632E+00
  -.36000000E+00  .58049530E+00
  -.32000000E+00  .55352724E+00
  -.28000000E+00  .52610478E+00
  -.24000000E+00  .49819962E+00
  -.20000000E+00  .46978230E+00
  -.16000000E+00  .44082208E+00
  -.12000000E+00  .41128675E+00
  -.80000000E-01  .38114239E+00
  -.40000000E-01  .35035322E+00
   .12351231E-14  .31888135E+00
   .40000000E-01  .28668654E+00
   .80000000E-01  .25372596E+00
   .12000000E+00  .21995388E+00
   .16000000E+00  .18532137E+00
   .20000000E+00  .14977595E+00
   .24000000E+00  .11326120E+00
   .28000000E+00  .75716316E-01
   .32000000E+00  .37075650E-01
   .36000000E+00 -.27318554E-02
   .40000000E+00 -.43783281E-01
   .44000000E+00 -.86162418E-01
   .48000000E+00 -.12996057E+00
   .52000000E+00 -.17527744E+00
   .56000000E+00 -.22222220E+00
   .60000000E+00 -.27091463E+00
   .64000000E+00 -.32148650E+00
   .68000000E+00 -.37408319E+00
   .72000000E+00 -.42886543E+00
   .76000000E+00 -.48601154E+00
   .80000000E+00 -.54571985E+00
   .84000000E+00 -.60821167E+00
   .88000000E+00 -.67373473E+00
   .92000000E+00 -.74256730E+00
   .96000000E+00 -.81502310E+00
   .10000000E+01 -.89145712E+00
   .10400000E+01 -.97227274E+00
   .10800000E+01 -.10579302E+01
   .11200000E+01 -.11489573E+01
   .11600000E+01 -.12459620E+01
   .12000000E+01 -.13496482E+01
   .12400000E+01 -.14608360E+01
   .12800000E+01 -.15804866E+01
   .13200000E+01 -.17097335E+01
   .13600000E+01 -.18499237E+01
   .14000000E+01 -.20026703E+01
   .14400000E+01 -.21699215E+01
   .14800000E+01 -.23540528E+01
   .15200000E+01 -.25579906E+01
   .15600000E+01 -.27853825E+01
   .16000000E+01 -.30408336E+01
   .16400000E+01 -.33302429E+01
   .16800000E+01 -.36612928E+01
   .17200000E+01 -.40441780E+01
   .17600000E+01 -.44927238E+01
   .18000000E+01 -.50261614E+01
   .18400000E+01 -.56720561E+01
   .18800000E+01 -.64713710E+01
   .19200000E+01 -.74877339E+01
   .19600000E+01 -.88256294E+01
   .20000000E+01 -.10669465E+02
Potential  L  =        1.00000  -2.00782
  -.20000000E+01 -.14749542E+01
  -.19600000E+01 -.32257461E+01
  -.19200000E+01 -.10659931E+02
  -.18800000E+01  .20049666E+02
  -.18400000E+01  .65200748E+01
  -.18000000E+01  .43041893E+01
  -.17600000E+01  .33868523E+01
  -.17200000E+01  .28803633E+01
  -.16800000E+01  .25559137E+01
  -.16400000E+01  .23279430E+01
  -.16000000E+01  .21572058E+01
  -.15600000E+01  .20231667E+01
  -.15200000E+01  .19140366E+01
  -.14800000E+01  .18225632E+01
  -.14400000E+01  .17440392E+01
  -.14000000E+01  .16752750E+01
  -.13600000E+01  .16140316E+01
  -.13200000E+01  .15586907E+01
  -.12800000E+01  .15080523E+01
  -.12400000E+01  .14612074E+01
  -.12000000E+01  .14174540E+01
  -.11600000E+01  .13762409E+01
  -.11200000E+01  .13371285E+01
  -.10800000E+01  .12997612E+01
  -.10400000E+01  .12638480E+01
  -.10000000E+01  .12291477E+01
  -.96000000E+00  .11954582E+01
  -.92000000E+00  .11626082E+01
  -.88000000E+00  .11304511E+01
  -.84000000E+00  .10988603E+01
  -.80000000E+00  .10677252E+01
  -.76000000E+00  .10369481E+01
  -.72000000E+00  .10064422E+01
  -.68000000E+00  .97612934E+00
  -.64000000E+00  .94593845E+00
  -.60000000E+00  .91580434E+00
  -.56000000E+00  .88566654E+00
  -.52000000E+00  .85546840E+00
  -.48000000E+00  .82515627E+00
  -.44000000E+00  .79467884E+00
  -.40000000E+00  .76398655E+00
  -.36000000E+00  .73303101E+00
  -.32000000E+00  .70176455E+00
  -.28000000E+00  .67013979E+00
  -.24000000E+00  .63810914E+00
  -.20000000E+00  .60562450E+00
  -.16000000E+00  .57263677E+00
  -.12000000E+00  .53909553E+00
  -.80000000E-01  .50494858E+00
  -.40000000E-01  .47014158E+00
   .12351231E-14  .43461759E+00
   .40000000E-01  .39831663E+00
   .80000000E-01  .36117517E+00
   .12000000E+00  .32312554E+00
   .16000000E+00  .28409556E+00
   .20000000E+00  .24400764E+00
   .24000000E+00  .20277802E+00
   .28000000E+00  .16031622E+00
   .32000000E+00  .11652391E+00
   .36000000E+00  .71293895E-01
   .40000000E+00  .24508889E-01
   .44000000E+00 -.23959857E-01
   .48000000E+00 -.74254185E-01
   .52000000E+00 -.12653090E+00
   .56000000E+00 -.18096396E+00
   .60000000E+00 -.23774710E+00
   .64000000E+00 -.29709677E+00
   .68000000E+00 -.35925582E+00
   .72000000E+00 -.42449774E+00
   .76000000E+00 -.49313183E+00
   .80000000E+00 -.56550941E+00
   .84000000E+00 -.64203131E+00
   .88000000E+00 -.72315714E+00
   .92000000E+00 -.80941651E+00
   .96000000E+00 -.90142315E+00
   .10000000E+01 -.99989238E+00
   .10400000E+01 -.11056632E+01
   .10800000E+01 -.12197265E+01
   .11200000E+01 -.13432610E+01
   .11600000E+01 -.14776804E+01
   .12000000E+01 -.16246951E+01
   .12400000E+01 -.17863945E+01
   .12800000E+01 -.19653584E+01
   .13200000E+01 -.21648100E+01
   .13600000E+01 -.23888305E+01
   .14000000E+01 -.26426646E+01
   .14400000E+01 -.29331676E+01
   .14800000E+01 -.32694758E+01
   .15200000E+01 -.36640409E+01
   .15600000E+01 -.41342855E+01
   .16000000E+01 -.47053588E+01
   .16400000E+01 -.54149543E+01
   .16800000E+01 -.63222480E+01
   .17200000E+01 -.75257453E+01
   .17600000E+01 -.92024691E+01
   .18000000E+01 -.11705664E+02
   .18400000E+01 -.15856731E+02
   .18800000E+01 -.24105109E+02
   .19200000E+01 -.48523464E+02
   .19600000E+01 -.27640758E+04
   .20000000E+01  .51752045E+02
Core Pot   L  =        2.00000   -.15020
  -.20000000E+01  .13698158E+01
  -.19600000E+01  .13547119E+01
  -.19200000E+01  .13394215E+01
  -.18800000E+01  .13239376E+01
  -.18400000E+01  .13082525E+01
  -.18000000E+01  .12923581E+01
  -.17600000E+01  .12762457E+01
  -.17200000E+01  .12599062E+01
  -.16800000E+01  .12433296E+01
  -.16400000E+01  .12265054E+01
  -.16000000E+01  .12094222E+01
  -.15600000E+01  .11920680E+01
  -.15200000E+01  .11744297E+01
  -.14800000E+01  .11564932E+01
  -.14400000E+01  .11382433E+01
  -.14000000E+01  .11196636E+01
  -.13600000E+01  .11007363E+01
  -.13200000E+01  .10814422E+01
  -.12800000E+01  .10617602E+01
  -.12400000E+01  .10416676E+01
  -.12000000E+01  .10211393E+01
  -.11600000E+01  .10001480E+01
  -.11200000E+01  .97866372E+00
  -.10800000E+01  .95665351E+00
  -.10400000E+01  .93408093E+00
  -.10000000E+01  .91090573E+00
  -.96000000E+00  .88708322E+00
  -.92000000E+00  .86256368E+00
  -.88000000E+00  .83729156E+00
  -.84000000E+00  .81120463E+00
  -.80000000E+00  .78423289E+00
  -.76000000E+00  .75629731E+00
  -.72000000E+00  .72730827E+00
  -.68000000E+00  .69716372E+00
  -.64000000E+00  .66574689E+00
  -.60000000E+00  .63292349E+00
  -.56000000E+00  .59853828E+00
  -.52000000E+00  .56241075E+00
  -.48000000E+00  .52432966E+00
  -.44000000E+00  .48404617E+00
  -.40000000E+00  .44126505E+00
  -.36000000E+00  .39563314E+00
  -.32000000E+00  .34672439E+00
  -.28000000E+00  .29401983E+00
  -.24000000E+00  .23688077E+00
  -.20000000E+00  .17451169E+00
  -.16000000E+00  .10590908E+00
  -.12000000E+00  .29788223E-01
  -.80000000E-01 -.55522950E-01
  -.40000000E-01 -.15224218E+00
   .12351231E-14 -.26337569E+00
   .40000000E-01 -.39310349E+00
   .80000000E-01 -.54741497E+00
   .12000000E+00 -.73520785E+00
   .16000000E+00 -.97029881E+00
   .20000000E+00 -.12753699E+01
   .24000000E+00 -.16904408E+01
   .28000000E+00 -.22933530E+01
   .32000000E+00 -.32582819E+01
   .36000000E+00 -.50715457E+01
   .40000000E+00 -.97984900E+01
   .44000000E+00 -.55124748E+02
   .48000000E+00  .17525074E+02
   .52000000E+00  .79730100E+01
   .56000000E+00  .53081256E+01
   .60000000E+00  .40468946E+01
   .64000000E+00  .33059886E+01
   .68000000E+00  .28146377E+01
   .72000000E+00  .24620945E+01
   .76000000E+00  .21946339E+01
   .80000000E+00  .19830359E+01
   .84000000E+00  .18100415E+01
   .88000000E+00  .16647990E+01
   .92000000E+00  .15401412E+01
   .96000000E+00  .14311425E+01
   .10000000E+01  .13343045E+01
   .10400000E+01  .12470725E+01
   .10800000E+01  .11675364E+01
   .11200000E+01  .10942377E+01
   .11600000E+01  .10260427E+01
   .12000000E+01  .96205546E+00
   .12400000E+01  .90155761E+00
   .12800000E+01  .84396517E+00
   .13200000E+01  .78879752E+00
   .13600000E+01  .73565446E+00
   .14000000E+01  .68419898E+00
   .14400000E+01  .63414422E+00
   .14800000E+01  .58524347E+00
   .15200000E+01  .53728236E+00
   .15600000E+01  .49007268E+00
   .16000000E+01  .44344749E+00
   .16400000E+01  .39725724E+00
   .16800000E+01  .35136648E+00
   .17200000E+01  .30565132E+00
   .17600000E+01  .25999708E+00
   .18000000E+01  .21429669E+00
   .18400000E+01  .16844889E+00
   .18800000E+01  .12235700E+00
   .19200000E+01  .75927677E-01
   .19600000E+01  .29069882E-01
   .20000000E+01 -.18306094E-01
Potential  L  =        2.00000   -.15020
  -.20000000E+01  .13481152E+01
  -.19600000E+01  .13324874E+01
  -.19200000E+01  .13166584E+01
  -.18800000E+01  .13006207E+01
  -.18400000E+01  .12843664E+01
  -.18000000E+01  .12678871E+01
  -.17600000E+01  .12511737E+01
  -.17200000E+01  .12342168E+01
  -.16800000E+01  .12170064E+01
  -.16400000E+01  .11995316E+01
  -.16000000E+01  .11817812E+01
  -.15600000E+01  .11637428E+01
  -.15200000E+01  .11454034E+01
  -.14800000E+01  .11267492E+01
  -.14400000E+01  .11077652E+01
  -.14000000E+01  .10884354E+01
  -.13600000E+01  .10687428E+01
  -.13200000E+01  .10486688E+01
  -.12800000E+01  .10281935E+01
  -.12400000E+01  .10072956E+01
  -.12000000E+01  .98595191E+00
  -.11600000E+01  .96413735E+00
  -.11200000E+01  .94182477E+00
  -.10800000E+01  .91898466E+00
  -.10400000E+01  .89558493E+00
  -.10000000E+01  .87159055E+00
  -.96000000E+00  .84696329E+00
  -.92000000E+00  .82166124E+00
  -.88000000E+00  .79563843E+00
  -.84000000E+00  .76884424E+00
  -.80000000E+00  .74122288E+00
  -.76000000E+00  .71271262E+00
  -.72000000E+00  .68324499E+00
  -.68000000E+00  .65274387E+00
  -.64000000E+00  .62112429E+00
  -.60000000E+00  .58829116E+00
  -.56000000E+00  .55413766E+00
  -.52000000E+00  .51854338E+00
  -.48000000E+00  .48137204E+00
  -.44000000E+00  .44246879E+00
  -.40000000E+00  .40165689E+00
  -.36000000E+00  .35873373E+00
  -.32000000E+00  .31346567E+00
  -.28000000E+00  .26558216E+00
  -.24000000E+00  .21476782E+00
  -.20000000E+00  .16065294E+00
  -.16000000E+00  .10280093E+00
  -.12000000E+00  .40692641E-01
  -.80000000E-01 -.26294284E-01
  -.40000000E-01 -.98912477E-01
   .12351231E-14 -.17808090E+00
   .40000000E-01 -.26493361E+00
   .80000000E-01 -.36088672E+00
   .12000000E+00 -.46773207E+00
   .16000000E+00 -.58777092E+00
   .20000000E+00 -.72400904E+00
   .24000000E+00 -.88044890E+00
   .28000000E+00 -.10625406E+01
   .32000000E+00 -.12779019E+01
   .36000000E+00 -.15375150E+01
   .40000000E+00 -.18578164E+01
   .44000000E+00 -.22645626E+01
   .48000000E+00 -.28005299E+01
   .52000000E+00 -.35423561E+01
   .56000000E+00 -.46423176E+01
   .60000000E+00 -.64522172E+01
   .64000000E+00 -.10009400E+02
   .68000000E+00 -.20292927E+02
   .72000000E+00 -.42034585E+03
   .76000000E+00  .24163493E+02
   .80000000E+00  .12120382E+02
   .84000000E+00  .82373621E+01
   .88000000E+00  .63125418E+01
   .92000000E+00  .51583702E+01
   .96000000E+00  .43860043E+01
   .10000000E+01  .38304808E+01
   .10400000E+01  .34098613E+01
   .10800000E+01  .30788361E+01
   .11200000E+01  .28103128E+01
   .11600000E+01  .25870959E+01
   .12000000E+01  .23977449E+01
   .12400000E+01  .22343512E+01
   .12800000E+01  .20912725E+01
   .13200000E+01  .19643740E+01
   .13600000E+01  .18505561E+01
   .14000000E+01  .17474487E+01
   .14400000E+01  .16532077E+01
   .14800000E+01  .15663764E+01
   .15200000E+01  .14857882E+01
   .15600000E+01  .14104969E+01
   .16000000E+01  .13397269E+01
   .16400000E+01  .12728356E+01
   .16800000E+01  .12092856E+01
   .17200000E+01  .11486234E+01
   .17600000E+01  .10904633E+01
   .18000000E+01  .10344745E+01
   .18400000E+01  .98037115E+00
   .18800000E+01  .92790468E+00
   .19200000E+01  .87685717E+00
   .19600000E+01  .82703637E+00
   .20000000E+01  .77827149E+00
Core Pot   L  =        3.00000    .00000
  -.20000000E+01  .16061234E+01
  -.19600000E+01  .15938652E+01
  -.19200000E+01  .15815146E+01
  -.18800000E+01  .15690693E+01
  -.18400000E+01  .15565268E+01
  -.18000000E+01  .15438845E+01
  -.17600000E+01  .15311397E+01
  -.17200000E+01  .15182896E+01
  -.16800000E+01  .15053312E+01
  -.16400000E+01  .14922611E+01
  -.16000000E+01  .14790759E+01
  -.15600000E+01  .14657720E+01
  -.15200000E+01  .14523454E+01
  -.14800000E+01  .14387917E+01
  -.14400000E+01  .14251064E+01
  -.14000000E+01  .14112844E+01
  -.13600000E+01  .13973203E+01
  -.13200000E+01  .13832081E+01
  -.12800000E+01  .13689410E+01
  -.12400000E+01  .13545118E+01
  -.12000000E+01  .13399122E+01
  -.11600000E+01  .13251329E+01
  -.11200000E+01  .13101634E+01
  -.10800000E+01  .12949917E+01
  -.10400000E+01  .12796040E+01
  -.10000000E+01  .12639839E+01
  -.96000000E+00  .12481123E+01
  -.92000000E+00  .12319664E+01
  -.88000000E+00  .12155184E+01
  -.84000000E+00  .11987343E+01
  -.80000000E+00  .11815715E+01
  -.76000000E+00  .11639757E+01
  -.72000000E+00  .11458764E+01
  -.68000000E+00  .11271798E+01
  -.64000000E+00  .11077576E+01
  -.60000000E+00  .10874291E+01
  -.56000000E+00  .10659298E+01
  -.52000000E+00  .10428555E+01
  -.48000000E+00  .10175537E+01
  -.44000000E+00  .98889549E+00
  -.40000000E+00  .95473747E+00
  -.36000000E+00  .91044458E+00
  -.32000000E+00  .84376471E+00
  -.28000000E+00  .70821054E+00
  -.24000000E+00  .25657623E-01
  -.20000000E+00  .16775089E+01
  -.16000000E+00  .12005624E+01
  -.12000000E+00  .10802030E+01
  -.80000000E-01  .10164882E+01
  -.40000000E-01  .97204081E+00
   .12351231E-14  .93632129E+00
   .40000000E-01  .90520079E+00
   .80000000E-01  .87672601E+00
   .12000000E+00  .84984937E+00
   .16000000E+00  .82395539E+00
   .20000000E+00  .79865592E+00
   .24000000E+00  .77369145E+00
   .28000000E+00  .74887960E+00
   .32000000E+00  .72408626E+00
   .36000000E+00  .69920864E+00
   .40000000E+00  .67416480E+00
   .44000000E+00  .64888692E+00
   .48000000E+00  .62331681E+00
   .52000000E+00  .59740289E+00
   .56000000E+00  .57109798E+00
   .60000000E+00  .54435773E+00
   .64000000E+00  .51713939E+00
   .68000000E+00  .48940087E+00
   .72000000E+00  .46110003E+00
   .76000000E+00  .43219393E+00
   .80000000E+00  .40263835E+00
   .84000000E+00  .37238720E+00
   .88000000E+00  .34139203E+00
   .92000000E+00  .30960152E+00
   .96000000E+00  .27696100E+00
   .10000000E+01  .24341182E+00
   .10400000E+01  .20889084E+00
   .10800000E+01  .17332974E+00
   .11200000E+01  .13665435E+00
   .11600000E+01  .98783795E-01
   .12000000E+01  .59629612E-01
   .12400000E+01  .19094721E-01
   .12800000E+01 -.22927790E-01
   .13200000E+01 -.66556017E-01
   .13600000E+01 -.11192086E+00
   .14000000E+01 -.15916789E+00
   .14400000E+01 -.20845954E+00
   .14800000E+01 -.25997772E+00
   .15200000E+01 -.31392689E+00
   .15600000E+01 -.37053774E+00
   .16000000E+01 -.43007160E+00
   .16400000E+01 -.49282583E+00
   .16800000E+01 -.55914025E+00
   .17200000E+01 -.62940512E+00
   .17600000E+01 -.70407093E+00
   .18000000E+01 -.78366059E+00
   .18400000E+01 -.86878462E+00
   .18800000E+01 -.96016045E+00
   .19200000E+01 -.10586370E+01
   .19600000E+01 -.11652262E+01
   .20000000E+01 -.12811445E+01
Potential  L  =        3.00000    .00000
  -.20000000E+01  .16096233E+01
  -.19600000E+01  .15975224E+01
  -.19200000E+01  .15853383E+01
  -.18800000E+01  .15730695E+01
  -.18400000E+01  .15607145E+01
  -.18000000E+01  .15482714E+01
  -.17600000E+01  .15357385E+01
  -.17200000E+01  .15231141E+01
  -.16800000E+01  .15103963E+01
  -.16400000E+01  .14975833E+01
  -.16000000E+01  .14846729E+01
  -.15600000E+01  .14716632E+01
  -.15200000E+01  .14585522E+01
  -.14800000E+01  .14453375E+01
  -.14400000E+01  .14320171E+01
  -.14000000E+01  .14185885E+01
  -.13600000E+01  .14050494E+01
  -.13200000E+01  .13913973E+01
  -.12800000E+01  .13776296E+01
  -.12400000E+01  .13637438E+01
  -.12000000E+01  .13497370E+01
  -.11600000E+01  .13356064E+01
  -.11200000E+01  .13213491E+01
  -.10800000E+01  .13069619E+01
  -.10400000E+01  .12924419E+01
  -.10000000E+01  .12777855E+01
  -.96000000E+00  .12629896E+01
  -.92000000E+00  .12480504E+01
  -.88000000E+00  .12329643E+01
  -.84000000E+00  .12177276E+01
  -.80000000E+00  .12023362E+01
  -.76000000E+00  .11867859E+01
  -.72000000E+00  .11710726E+01
  -.68000000E+00  .11551917E+01
  -.64000000E+00  .11391385E+01
  -.60000000E+00  .11229082E+01
  -.56000000E+00  .11064958E+01
  -.52000000E+00  .10898958E+01
  -.48000000E+00  .10731028E+01
  -.44000000E+00  .10561111E+01
  -.40000000E+00  .10389146E+01
  -.36000000E+00  .10215069E+01
  -.32000000E+00  .10038816E+01
  -.28000000E+00  .98603164E+00
  -.24000000E+00  .96794985E+00
  -.20000000E+00  .94962864E+00
  -.16000000E+00  .93106006E+00
  -.12000000E+00  .91223577E+00
  -.80000000E-01  .89314699E+00
  -.40000000E-01  .87378452E+00
   .12351231E-14  .85413866E+00
   .40000000E-01  .83419923E+00
   .80000000E-01  .81395547E+00
   .12000000E+00  .79339607E+00
   .16000000E+00  .77250909E+00
   .20000000E+00  .75128190E+00
   .24000000E+00  .72970119E+00
   .28000000E+00  .70775286E+00
   .32000000E+00  .68542200E+00
   .36000000E+00  .66269279E+00
   .40000000E+00  .63954848E+00
   .44000000E+00  .61597127E+00
   .48000000E+00  .59194227E+00
   .52000000E+00  .56744135E+00
   .56000000E+00  .54244711E+00
   .60000000E+00  .51693673E+00
   .64000000E+00  .49088584E+00
   .68000000E+00  .46426845E+00
   .72000000E+00  .43705671E+00
   .76000000E+00  .40922080E+00
   .80000000E+00  .38072878E+00
   .84000000E+00  .35154630E+00
   .88000000E+00  .32163648E+00
   .92000000E+00  .29095955E+00
   .96000000E+00  .25947270E+00
   .10000000E+01  .22712959E+00
   .10400000E+01  .19388018E+00
   .10800000E+01  .15967022E+00
   .11200000E+01  .12444080E+00
   .11600000E+01  .88127889E-01
   .12000000E+01  .50661735E-01
   .12400000E+01  .11966161E-01
   .12800000E+01 -.28042087E-01
   .13200000E+01 -.69454353E-01
   .13600000E+01 -.11237091E+00
   .14000000E+01 -.15690223E+00
   .14400000E+01 -.20317024E+00
   .14800000E+01 -.25130985E+00
   .15200000E+01 -.30147085E+00
   .15600000E+01 -.35381989E+00
   .16000000E+01 -.40854298E+00
   .16400000E+01 -.46584849E+00
   .16800000E+01 -.52597046E+00
   .17200000E+01 -.58917287E+00
   .17600000E+01 -.65575453E+00
   .18000000E+01 -.72605492E+00
   .18400000E+01 -.80046163E+00
   .18800000E+01 -.87941905E+00
   .19200000E+01 -.96343924E+00
   .19600000E+01 -.10531153E+01
   .20000000E+01 -.11491381E+01
Core Pot   L  =        4.00000    .00000
  -.20000000E+01  .18547102E+01
  -.19600000E+01  .18443105E+01
  -.19200000E+01  .18338585E+01
  -.18800000E+01  .18233535E+01
  -.18400000E+01  .18127945E+01
  -.18000000E+01  .18021810E+01
  -.17600000E+01  .17915121E+01
  -.17200000E+01  .17807870E+01
  -.16800000E+01  .17700048E+01
  -.16400000E+01  .17591648E+01
  -.16000000E+01  .17482660E+01
  -.15600000E+01  .17373077E+01
  -.15200000E+01  .17262888E+01
  -.14800000E+01  .17152085E+01
  -.14400000E+01  .17040657E+01
  -.14000000E+01  .16928597E+01
  -.13600000E+01  .16815892E+01
  -.13200000E+01  .16702534E+01
  -.12800000E+01  .16588511E+01
  -.12400000E+01  .16473814E+01
  -.12000000E+01  .16358430E+01
  -.11600000E+01  .16242350E+01
  -.11200000E+01  .16125561E+01
  -.10800000E+01  .16008051E+01
  -.10400000E+01  .15889808E+01
  -.10000000E+01  .15770820E+01
  -.96000000E+00  .15651074E+01
  -.92000000E+00  .15530557E+01
  -.88000000E+00  .15409255E+01
  -.84000000E+00  .15287155E+01
  -.80000000E+00  .15164241E+01
  -.76000000E+00  .15040500E+01
  -.72000000E+00  .14915917E+01
  -.68000000E+00  .14790476E+01
  -.64000000E+00  .14664160E+01
  -.60000000E+00  .14536954E+01
  -.56000000E+00  .14408841E+01
  -.52000000E+00  .14279803E+01
  -.48000000E+00  .14149823E+01
  -.44000000E+00  .14018881E+01
  -.40000000E+00  .13886960E+01
  -.36000000E+00  .13754039E+01
  -.32000000E+00  .13620099E+01
  -.28000000E+00  .13485118E+01
  -.24000000E+00  .13349076E+01
  -.20000000E+00  .13211949E+01
  -.16000000E+00  .13073716E+01
  -.12000000E+00  .12934353E+01
  -.80000000E-01  .12793835E+01
  -.40000000E-01  .12652137E+01
   .12351231E-14  .12509234E+01
   .40000000E-01  .12365098E+01
   .80000000E-01  .12219702E+01
   .12000000E+00  .12073017E+01
   .16000000E+00  .11925013E+01
   .20000000E+00  .11775660E+01
   .24000000E+00  .11624926E+01
   .28000000E+00  .11472778E+01
   .32000000E+00  .11319182E+01
   .36000000E+00  .11164102E+01
   .40000000E+00  .11007502E+01
   .44000000E+00  .10849344E+01
   .48000000E+00  .10689587E+01
   .52000000E+00  .10528192E+01
   .56000000E+00  .10365115E+01
   .60000000E+00  .10200312E+01
   .64000000E+00  .10033738E+01
   .68000000E+00  .98653431E+00
   .72000000E+00  .96950791E+00
   .76000000E+00  .95228936E+00
   .80000000E+00  .93487326E+00
   .84000000E+00  .91725398E+00
   .88000000E+00  .89942564E+00
   .92000000E+00  .88138212E+00
   .96000000E+00  .86311703E+00
   .10000000E+01  .84462370E+00
   .10400000E+01  .82589515E+00
   .10800000E+01  .80692409E+00
   .11200000E+01  .78770290E+00
   .11600000E+01  .76822360E+00
   .12000000E+01  .74847783E+00
   .12400000E+01  .72845683E+00
   .12800000E+01  .70815142E+00
   .13200000E+01  .68755197E+00
   .13600000E+01  .66664835E+00
   .14000000E+01  .64542996E+00
   .14400000E+01  .62388560E+00
   .14800000E+01  .60200354E+00
   .15200000E+01  .57977138E+00
   .15600000E+01  .55717611E+00
   .16000000E+01  .53420396E+00
   .16400000E+01  .51084042E+00
   .16800000E+01  .48707018E+00
   .17200000E+01  .46287704E+00
   .17600000E+01  .43824386E+00
   .18000000E+01  .41315250E+00
   .18400000E+01  .38758373E+00
   .18800000E+01  .36151716E+00
   .19200000E+01  .33493111E+00
   .19600000E+01  .30780257E+00
   .20000000E+01  .28010707E+00
Potential  L  =        4.00000    .00000
  -.20000000E+01  .18553957E+01
  -.19600000E+01  .18450141E+01
  -.19200000E+01  .18345798E+01
  -.18800000E+01  .18240950E+01
  -.18400000E+01  .18135549E+01
  -.18000000E+01  .18029621E+01
  -.17600000E+01  .17923154E+01
  -.17200000E+01  .17816122E+01
  -.16800000E+01  .17708526E+01
  -.16400000E+01  .17600361E+01
  -.16000000E+01  .17491616E+01
  -.15600000E+01  .17382283E+01
  -.15200000E+01  .17272355E+01
  -.14800000E+01  .17161818E+01
  -.14400000E+01  .17050663E+01
  -.14000000E+01  .16938896E+01
  -.13600000E+01  .16826488E+01
  -.13200000E+01  .16713440E+01
  -.12800000E+01  .16599733E+01
  -.12400000E+01  .16485365E+01
  -.12000000E+01  .16370315E+01
  -.11600000E+01  .16254588E+01
  -.11200000E+01  .16138173E+01
  -.10800000E+01  .16021033E+01
  -.10400000E+01  .15903191E+01
  -.10000000E+01  .15784608E+01
  -.96000000E+00  .15665281E+01
  -.92000000E+00  .15545194E+01
  -.88000000E+00  .15424349E+01
  -.84000000E+00  .15302719E+01
  -.80000000E+00  .15180293E+01
  -.76000000E+00  .15057056E+01
  -.72000000E+00  .14932995E+01
  -.68000000E+00  .14808095E+01
  -.64000000E+00  .14682334E+01
  -.60000000E+00  .14555713E+01
  -.56000000E+00  .14428213E+01
  -.52000000E+00  .14299804E+01
  -.48000000E+00  .14170478E+01
  -.44000000E+00  .14040214E+01
  -.40000000E+00  .13908998E+01
  -.36000000E+00  .13776808E+01
  -.32000000E+00  .13643631E+01
  -.28000000E+00  .13509443E+01
  -.24000000E+00  .13374223E+01
  -.20000000E+00  .13237952E+01
  -.16000000E+00  .13100608E+01
  -.12000000E+00  .12962172E+01
  -.80000000E-01  .12822617E+01
  -.40000000E-01  .12681924E+01
   .12351231E-14  .12540066E+01
   .40000000E-01  .12397019E+01
   .80000000E-01  .12252757E+01
   .12000000E+00  .12107254E+01
   .16000000E+00  .11960482E+01
   .20000000E+00  .11812414E+01
   .24000000E+00  .11663020E+01
   .28000000E+00  .11512269E+01
   .32000000E+00  .11360132E+01
   .36000000E+00  .11206574E+01
   .40000000E+00  .11051563E+01
   .44000000E+00  .10895066E+01
   .48000000E+00  .10737044E+01
   .52000000E+00  .10577461E+01
   .56000000E+00  .10416279E+01
   .60000000E+00  .10253458E+01
   .64000000E+00  .10088957E+01
   .68000000E+00  .99227326E+00
   .72000000E+00  .97547402E+00
   .76000000E+00  .95849332E+00
   .80000000E+00  .94132639E+00
   .84000000E+00  .92396822E+00
   .88000000E+00  .90641361E+00
   .92000000E+00  .88865717E+00
   .96000000E+00  .87069326E+00
   .10000000E+01  .85251603E+00
   .10400000E+01  .83411940E+00
   .10800000E+01  .81549696E+00
   .11200000E+01  .79664211E+00
   .11600000E+01  .77754794E+00
   .12000000E+01  .75820722E+00
   .12400000E+01  .73861243E+00
   .12800000E+01  .71875568E+00
   .13200000E+01  .69862875E+00
   .13600000E+01  .67822303E+00
   .14000000E+01  .65752953E+00
   .14400000E+01  .63653878E+00
   .14800000E+01  .61524091E+00
   .15200000E+01  .59362556E+00
   .15600000E+01  .57168188E+00
   .16000000E+01  .54939843E+00
   .16400000E+01  .52676326E+00
   .16800000E+01  .50376375E+00
   .17200000E+01  .48038667E+00
   .17600000E+01  .45661806E+00
   .18000000E+01  .43244325E+00
   .18400000E+01  .40784677E+00
   .18800000E+01  .38281226E+00
   .19200000E+01  .35732259E+00
   .19600000E+01  .33135938E+00
   .20000000E+01  .30490346E+00
KBPotential  L  =       .00000   -.57519
  -.20000000E+01  .11426009E+01
  -.19600000E+01  .11252708E+01
  -.19200000E+01  .11077083E+01
  -.18800000E+01  .10899053E+01
  -.18400000E+01  .10718532E+01
  -.18000000E+01  .10535433E+01
  -.17600000E+01  .10349661E+01
  -.17200000E+01  .10161118E+01
  -.16800000E+01  .99697004E+00
  -.16400000E+01  .97752971E+00
  -.16000000E+01  .95777923E+00
  -.15600000E+01  .93770633E+00
  -.15200000E+01  .91729802E+00
  -.14800000E+01  .89654052E+00
  -.14400000E+01  .87541922E+00
  -.14000000E+01  .85391864E+00
  -.13600000E+01  .83202233E+00
  -.13200000E+01  .80971272E+00
  -.12800000E+01  .78697119E+00
  -.12400000E+01  .76377789E+00
  -.12000000E+01  .74011162E+00
  -.11600000E+01  .71594974E+00
  -.11200000E+01  .69126802E+00
  -.10800000E+01  .66604054E+00
  -.10400000E+01  .64023949E+00
  -.10000000E+01  .61383502E+00
  -.96000000E+00  .58679503E+00
  -.92000000E+00  .55908500E+00
  -.88000000E+00  .53066767E+00
  -.84000000E+00  .50150282E+00
  -.80000000E+00  .47154694E+00
  -.76000000E+00  .44075291E+00
  -.72000000E+00  .40906959E+00
  -.68000000E+00  .37644137E+00
  -.64000000E+00  .34280769E+00
  -.60000000E+00  .30810247E+00
  -.56000000E+00  .27225342E+00
  -.52000000E+00  .23518137E+00
  -.48000000E+00  .19679931E+00
  -.44000000E+00  .15701148E+00
  -.40000000E+00  .11571220E+00
  -.36000000E+00  .72784565E-01
  -.32000000E+00  .28098836E-01
  -.28000000E+00 -.18489303E-01
  -.24000000E+00 -.67140914E-01
  -.20000000E+00 -.11803628E+00
  -.16000000E+00 -.17137792E+00
  -.12000000E+00 -.22739409E+00
  -.80000000E-01 -.28634309E+00
  -.40000000E-01 -.34851835E+00
   .12351231E-14 -.41425460E+00
   .40000000E-01 -.48393553E+00
   .80000000E-01 -.55800304E+00
   .12000000E+00 -.63696875E+00
   .16000000E+00 -.72142834E+00
   .20000000E+00 -.81207965E+00
   .24000000E+00 -.90974560E+00
   .28000000E+00 -.10154034E+01
   .32000000E+00 -.11302229E+01
   .36000000E+00 -.12556164E+01
   .40000000E+00 -.13933048E+01
   .44000000E+00 -.15454073E+01
   .48000000E+00 -.17145632E+01
   .52000000E+00 -.19041029E+01
   .56000000E+00 -.21182893E+01
   .60000000E+00 -.23626693E+01
   .64000000E+00 -.26445971E+01
   .68000000E+00 -.29740351E+01
   .72000000E+00 -.33648244E+01
   .76000000E+00 -.38367750E+01
   .80000000E+00 -.44192745E+01
   .84000000E+00 -.51578713E+01
   .88000000E+00 -.61271577E+01
   .92000000E+00 -.74583103E+01
   .96000000E+00 -.94053072E+01
   .10000000E+01 -.12532541E+02
   .10400000E+01 -.18397740E+02
   .10800000E+01 -.33454464E+02
   .11200000E+01 -.15881909E+03
   .11600000E+01  .60508377E+02
   .12000000E+01  .25862614E+02
   .12400000E+01  .16610789E+02
   .12800000E+01  .12313887E+02
   .13200000E+01  .98273224E+01
   .13600000E+01  .82027107E+01
   .14000000E+01  .70555634E+01
   .14400000E+01  .62004153E+01
   .14800000E+01  .55368003E+01
   .15200000E+01  .50055596E+01
   .15600000E+01  .45695899E+01
   .16000000E+01  .42044333E+01
   .16400000E+01  .38933171E+01
   .16800000E+01  .36243479E+01
   .17200000E+01  .33888562E+01
   .17600000E+01  .31803709E+01
   .18000000E+01  .29939600E+01
   .18400000E+01  .28257960E+01
   .18800000E+01  .26728599E+01
   .19200000E+01  .25327337E+01
   .19600000E+01  .24034544E+01
   .20000000E+01  .22834068E+01
KBPotential  L  =      1.00000  -4.01564
  -.20000000E+01 -.19792817E+01
  -.19600000E+01  .96621110E+01
  -.19200000E+01  .31009231E+01
  -.18800000E+01  .22802434E+01
  -.18400000E+01  .19506171E+01
  -.18000000E+01  .17678013E+01
  -.17600000E+01  .16483048E+01
  -.17200000E+01  .15618072E+01
  -.16800000E+01  .14946437E+01
  -.16400000E+01  .14397482E+01
  -.16000000E+01  .13930983E+01
  -.15600000E+01  .13522346E+01
  -.15200000E+01  .13155682E+01
  -.14800000E+01  .12820278E+01
  -.14400000E+01  .12508580E+01
  -.14000000E+01  .12215182E+01
  -.13600000E+01  .11936061E+01
  -.13200000E+01  .11668169E+01
  -.12800000E+01  .11409147E+01
  -.12400000E+01  .11157136E+01
  -.12000000E+01  .10910651E+01
  -.11600000E+01  .10668477E+01
  -.11200000E+01  .10429620E+01
  -.10800000E+01  .10193243E+01
  -.10400000E+01  .99586406E+00
  -.10000000E+01  .97252059E+00
  -.96000000E+00  .94924115E+00
  -.92000000E+00  .92597945E+00
  -.88000000E+00  .90269421E+00
  -.84000000E+00  .87934825E+00
  -.80000000E+00  .85590777E+00
  -.76000000E+00  .83234136E+00
  -.72000000E+00  .80862012E+00
  -.68000000E+00  .78471647E+00
  -.64000000E+00  .76060427E+00
  -.60000000E+00  .73625814E+00
  -.56000000E+00  .71165361E+00
  -.52000000E+00  .68676665E+00
  -.48000000E+00  .66157345E+00
  -.44000000E+00  .63605017E+00
  -.40000000E+00  .61017289E+00
  -.36000000E+00  .58391746E+00
  -.32000000E+00  .55725917E+00
  -.28000000E+00  .53017277E+00
  -.24000000E+00  .50263224E+00
  -.20000000E+00  .47461072E+00
  -.16000000E+00  .44608021E+00
  -.12000000E+00  .41701157E+00
  -.80000000E-01  .38737427E+00
  -.40000000E-01  .35713625E+00
   .12351231E-14  .32626373E+00
   .40000000E-01  .29472105E+00
   .80000000E-01  .26247040E+00
   .12000000E+00  .22947163E+00
   .16000000E+00  .19568206E+00
   .20000000E+00  .16105609E+00
   .24000000E+00  .12554501E+00
   .28000000E+00  .89096629E-01
   .32000000E+00  .51655081E-01
   .36000000E+00  .13159735E-01
   .40000000E+00 -.26454217E-01
   .44000000E+00 -.67256970E-01
   .48000000E+00 -.10932448E+00
   .52000000E+00 -.15273912E+00
   .56000000E+00 -.19759041E+00
   .60000000E+00 -.24397594E+00
   .64000000E+00 -.29200210E+00
   .68000000E+00 -.34178537E+00
   .72000000E+00 -.39345331E+00
   .76000000E+00 -.44714630E+00
   .80000000E+00 -.50301888E+00
   .84000000E+00 -.56124189E+00
   .88000000E+00 -.62200449E+00
   .92000000E+00 -.68551678E+00
   .96000000E+00 -.75201289E+00
   .10000000E+01 -.82175442E+00
   .10400000E+01 -.89503469E+00
   .10800000E+01 -.97218377E+00
   .11200000E+01 -.10535745E+01
   .11600000E+01 -.11396295E+01
   .12000000E+01 -.12308297E+01
   .12400000E+01 -.13277252E+01
   .12800000E+01 -.14309487E+01
   .13200000E+01 -.15412286E+01
   .13600000E+01 -.16594124E+01
   .14000000E+01 -.17864896E+01
   .14400000E+01 -.19236227E+01
   .14800000E+01 -.20721870E+01
   .15200000E+01 -.22338223E+01
   .15600000E+01 -.24104987E+01
   .16000000E+01 -.26046053E+01
   .16400000E+01 -.28190675E+01
   .16800000E+01 -.30575065E+01
   .17200000E+01 -.33244591E+01
   .17600000E+01 -.36256869E+01
   .18000000E+01 -.39686200E+01
   .18400000E+01 -.43630080E+01
   .18800000E+01 -.48219019E+01
   .19200000E+01 -.53631807E+01
   .19600000E+01 -.60120128E+01
   .20000000E+01 -.68049905E+01
KBPotential  L  =      2.00000   -.30040
  -.20000000E+01  .13746752E+01
  -.19600000E+01  .13594160E+01
  -.19200000E+01  .13439706E+01
  -.18800000E+01  .13282870E+01
  -.18400000E+01  .13124486E+01
  -.18000000E+01  .12964014E+01
  -.17600000E+01  .12801368E+01
  -.17200000E+01  .12636458E+01
  -.16800000E+01  .12469185E+01
  -.16400000E+01  .12299446E+01
  -.16000000E+01  .12127128E+01
  -.15600000E+01  .11952111E+01
  -.15200000E+01  .11774270E+01
  -.14800000E+01  .11593468E+01
  -.14400000E+01  .11409348E+01
  -.14000000E+01  .11222129E+01
  -.13600000E+01  .11031459E+01
  -.13200000E+01  .10837141E+01
  -.12800000E+01  .10638915E+01
  -.12400000E+01  .10436657E+01
  -.12000000E+01  .10230037E+01
  -.11600000E+01  .10018845E+01
  -.11200000E+01  .98027531E+00
  -.10800000E+01  .95814320E+00
  -.10400000E+01  .93545202E+00
  -.10000000E+01  .91216171E+00
  -.96000000E+00  .88822779E+00
  -.92000000E+00  .86360076E+00
  -.88000000E+00  .83822529E+00
  -.84000000E+00  .81203938E+00
  -.80000000E+00  .78497326E+00
  -.76000000E+00  .75694811E+00
  -.72000000E+00  .72787513E+00
  -.68000000E+00  .69765145E+00
  -.64000000E+00  .66616098E+00
  -.60000000E+00  .63327015E+00
  -.56000000E+00  .59882305E+00
  -.52000000E+00  .56263968E+00
  -.48000000E+00  .52450896E+00
  -.44000000E+00  .48418218E+00
  -.40000000E+00  .44136412E+00
  -.36000000E+00  .39570165E+00
  -.32000000E+00  .34676865E+00
  -.28000000E+00  .29404597E+00
  -.24000000E+00  .23689778E+00
  -.20000000E+00  .17451385E+00
  -.16000000E+00  .10590843E+00
  -.12000000E+00  .29775144E-01
  -.80000000E-01 -.55533443E-01
  -.40000000E-01 -.15224971E+00
   .12351231E-14 -.26338024E+00
   .40000000E-01 -.39310759E+00
   .80000000E-01 -.54742336E+00
   .12000000E+00 -.73520033E+00
   .16000000E+00 -.97029303E+00
   .20000000E+00 -.12753540E+01
   .24000000E+00 -.16903224E+01
   .28000000E+00 -.22928637E+01
   .32000000E+00 -.32565239E+01
   .36000000E+00 -.50646667E+01
   .40000000E+00 -.97601736E+01
   .44000000E+00 -.53443303E+02
   .48000000E+00  .17769646E+02
   .52000000E+00  .80403522E+01
   .56000000E+00  .53470884E+01
   .60000000E+00  .40759648E+01
   .64000000E+00  .33305471E+01
   .68000000E+00  .28369154E+01
   .72000000E+00  .24832280E+01
   .76000000E+00  .22152901E+01
   .80000000E+00  .20036507E+01
   .84000000E+00  .18309261E+01
   .88000000E+00  .16861926E+01
   .92000000E+00  .15622396E+01
   .96000000E+00  .14541148E+01
   .10000000E+01  .13583031E+01
   .10400000E+01  .12722401E+01
   .10800000E+01  .11940100E+01
   .11200000E+01  .11221534E+01
   .11600000E+01  .10555335E+01
   .12000000E+01  .99327389E+00
   .12400000E+01  .93462964E+00
   .12800000E+01  .87903623E+00
   .13200000E+01  .82601931E+00
   .13600000E+01  .77518676E+00
   .14000000E+01  .72620397E+00
   .14400000E+01  .67879891E+00
   .14800000E+01  .63273230E+00
   .15200000E+01  .58780104E+00
   .15600000E+01  .54382869E+00
   .16000000E+01  .50066136E+00
   .16400000E+01  .45816289E+00
   .16800000E+01  .41621334E+00
   .17200000E+01  .37470691E+00
   .17600000E+01  .33353121E+00
   .18000000E+01  .29262690E+00
   .18400000E+01  .25190289E+00
   .18800000E+01  .21128035E+00
   .19200000E+01  .17069362E+00
   .19600000E+01  .13007743E+00
   .20000000E+01  .89376354E-01
KBPotential  L  =      3.00000    .00000
  -.20000000E+01  .16096233E+01
  -.19600000E+01  .15975224E+01
  -.19200000E+01  .15853383E+01
  -.18800000E+01  .15730695E+01
  -.18400000E+01  .15607145E+01
  -.18000000E+01  .15482714E+01
  -.17600000E+01  .15357385E+01
  -.17200000E+01  .15231141E+01
  -.16800000E+01  .15103963E+01
  -.16400000E+01  .14975833E+01
  -.16000000E+01  .14846729E+01
  -.15600000E+01  .14716632E+01
  -.15200000E+01  .14585522E+01
  -.14800000E+01  .14453375E+01
  -.14400000E+01  .14320171E+01
  -.14000000E+01  .14185885E+01
  -.13600000E+01  .14050494E+01
  -.13200000E+01  .13913973E+01
  -.12800000E+01  .13776296E+01
  -.12400000E+01  .13637438E+01
  -.12000000E+01  .13497370E+01
  -.11600000E+01  .13356064E+01
  -.11200000E+01  .13213491E+01
  -.10800000E+01  .13069619E+01
  -.10400000E+01  .12924419E+01
  -.10000000E+01  .12777855E+01
  -.96000000E+00  .12629896E+01
  -.92000000E+00  .12480504E+01
  -.88000000E+00  .12329643E+01
  -.84000000E+00  .12177276E+01
  -.80000000E+00  .12023362E+01
  -.76000000E+00  .11867859E+01
  -.72000000E+00  .11710726E+01
  -.68000000E+00  .11551917E+01
  -.64000000E+00  .11391385E+01
  -.60000000E+00  .11229082E+01
  -.56000000E+00  .11064958E+01
  -.52000000E+00  .10898958E+01
  -.48000000E+00  .10731028E+01
  -.44000000E+00  .10561111E+01
  -.40000000E+00  .10389146E+01
  -.36000000E+00  .10215069E+01
  -.32000000E+00  .10038816E+01
  -.28000000E+00  .98603164E+00
  -.24000000E+00  .96794985E+00
  -.20000000E+00  .94962864E+00
  -.16000000E+00  .93106006E+00
  -.12000000E+00  .91223577E+00
  -.80000000E-01  .89314699E+00
  -.40000000E-01  .87378452E+00
   .12351231E-14  .85413866E+00
   .40000000E-01  .83419923E+00
   .80000000E-01  .81395547E+00
   .12000000E+00  .79339607E+00
   .16000000E+00  .77250909E+00
   .20000000E+00  .75128190E+00
   .24000000E+00  .72970119E+00
   .28000000E+00  .70775286E+00
   .32000000E+00  .68542200E+00
   .36000000E+00  .66269279E+00
   .40000000E+00  .63954848E+00
   .44000000E+00  .61597127E+00
   .48000000E+00  .59194227E+00
   .52000000E+00  .56744135E+00
   .56000000E+00  .54244711E+00
   .60000000E+00  .51693673E+00
   .64000000E+00  .49088584E+00
   .68000000E+00  .46426845E+00
   .72000000E+00  .43705671E+00
   .76000000E+00  .40922080E+00
   .80000000E+00  .38072878E+00
   .84000000E+00  .35154630E+00
   .88000000E+00  .32163648E+00
   .92000000E+00  .29095955E+00
   .96000000E+00  .25947270E+00
   .10000000E+01  .22712959E+00
   .10400000E+01  .19388018E+00
   .10800000E+01  .15967022E+00
   .11200000E+01  .12444080E+00
   .11600000E+01  .88127889E-01
   .12000000E+01  .50661735E-01
   .12400000E+01  .11966161E-01
   .12800000E+01 -.28042087E-01
   .13200000E+01 -.69454353E-01
   .13600000E+01 -.11237091E+00
   .14000000E+01 -.15690223E+00
   .14400000E+01 -.20317024E+00
   .14800000E+01 -.25130985E+00
   .15200000E+01 -.30147085E+00
   .15600000E+01 -.35381989E+00
   .16000000E+01 -.40854298E+00
   .16400000E+01 -.46584849E+00
   .16800000E+01 -.52597046E+00
   .17200000E+01 -.58917287E+00
   .17600000E+01 -.65575453E+00
   .18000000E+01 -.72605492E+00
   .18400000E+01 -.80046163E+00
   .18800000E+01 -.87941905E+00
   .19200000E+01 -.96343924E+00
   .19600000E+01 -.10531153E+01
   .20000000E+01 -.11491381E+01
KBPotential  L  =      4.00000    .00000
  -.20000000E+01  .18553957E+01
  -.19600000E+01  .18450141E+01
  -.19200000E+01  .18345798E+01
  -.18800000E+01  .18240950E+01
  -.18400000E+01  .18135549E+01
  -.18000000E+01  .18029621E+01
  -.17600000E+01  .17923154E+01
  -.17200000E+01  .17816122E+01
  -.16800000E+01  .17708526E+01
  -.16400000E+01  .17600361E+01
  -.16000000E+01  .17491616E+01
  -.15600000E+01  .17382283E+01
  -.15200000E+01  .17272355E+01
  -.14800000E+01  .17161818E+01
  -.14400000E+01  .17050663E+01
  -.14000000E+01  .16938896E+01
  -.13600000E+01  .16826488E+01
  -.13200000E+01  .16713440E+01
  -.12800000E+01  .16599733E+01
  -.12400000E+01  .16485365E+01
  -.12000000E+01  .16370315E+01
  -.11600000E+01  .16254588E+01
  -.11200000E+01  .16138173E+01
  -.10800000E+01  .16021033E+01
  -.10400000E+01  .15903191E+01
  -.10000000E+01  .15784608E+01
  -.96000000E+00  .15665281E+01
  -.92000000E+00  .15545194E+01
  -.88000000E+00  .15424349E+01
  -.84000000E+00  .15302719E+01
  -.80000000E+00  .15180293E+01
  -.76000000E+00  .15057056E+01
  -.72000000E+00  .14932995E+01
  -.68000000E+00  .14808095E+01
  -.64000000E+00  .14682334E+01
  -.60000000E+00  .14555713E+01
  -.56000000E+00  .14428213E+01
  -.52000000E+00  .14299804E+01
  -.48000000E+00  .14170478E+01
  -.44000000E+00  .14040214E+01
  -.40000000E+00  .13908998E+01
  -.36000000E+00  .13776808E+01
  -.32000000E+00  .13643631E+01
  -.28000000E+00  .13509443E+01
  -.24000000E+00  .13374223E+01
  -.20000000E+00  .13237952E+01
  -.16000000E+00  .13100608E+01
  -.12000000E+00  .12962172E+01
  -.80000000E-01  .12822617E+01
  -.40000000E-01  .12681924E+01
   .12351231E-14  .12540066E+01
   .40000000E-01  .12397019E+01
   .80000000E-01  .12252757E+01
   .12000000E+00  .12107254E+01
   .16000000E+00  .11960482E+01
   .20000000E+00  .11812414E+01
   .24000000E+00  .11663020E+01
   .28000000E+00  .11512269E+01
   .32000000E+00  .11360132E+01
   .36000000E+00  .11206574E+01
   .40000000E+00  .11051563E+01
   .44000000E+00  .10895066E+01
   .48000000E+00  .10737044E+01
   .52000000E+00  .10577461E+01
   .56000000E+00  .10416279E+01
   .60000000E+00  .10253458E+01
   .64000000E+00  .10088957E+01
   .68000000E+00  .99227326E+00
   .72000000E+00  .97547402E+00
   .76000000E+00  .95849332E+00
   .80000000E+00  .94132639E+00
   .84000000E+00  .92396822E+00
   .88000000E+00  .90641361E+00
   .92000000E+00  .88865717E+00
   .96000000E+00  .87069326E+00
   .10000000E+01  .85251603E+00
   .10400000E+01  .83411940E+00
   .10800000E+01  .81549696E+00
   .11200000E+01  .79664211E+00
   .11600000E+01  .77754794E+00
   .12000000E+01  .75820722E+00
   .12400000E+01  .73861243E+00
   .12800000E+01  .71875568E+00
   .13200000E+01  .69862875E+00
   .13600000E+01  .67822303E+00
   .14000000E+01  .65752953E+00
   .14400000E+01  .63653878E+00
   .14800000E+01  .61524091E+00
   .15200000E+01  .59362556E+00
   .15600000E+01  .57168188E+00
   .16000000E+01  .54939843E+00
   .16400000E+01  .52676326E+00
   .16800000E+01  .50376375E+00
   .17200000E+01  .48038667E+00
   .17600000E+01  .45661806E+00
   .18000000E+01  .43244325E+00
   .18400000E+01  .40784677E+00
   .18800000E+01  .38281226E+00
   .19200000E+01  .35732259E+00
   .19600000E+01  .33135938E+00
   .20000000E+01  .30490346E+00
