Yb : [core=Xe4]                         
  .184952627E+00  .187488849E+00  .190059624E+00  .192665419E+00  .195306707E+00
  .197983965E+00  .200697678E+00  .203448338E+00  .206236443E+00  .209062497E+00
  .211927010E+00  .214830502E+00  .217773496E+00  .220756524E+00  .223780125E+00
  .226844844E+00  .229951234E+00  .233099856E+00  .236291278E+00  .239526074E+00
  .242804827E+00  .246128127E+00  .249496573E+00  .252910771E+00  .256371335E+00
  .259878886E+00  .263434056E+00  .267037483E+00  .270689813E+00  .274391702E+00
  .278143815E+00  .281946824E+00  .285801410E+00  .289708265E+00  .293668087E+00
  .297681586E+00  .301749480E+00  .305872495E+00  .310051370E+00  .314286850E+00
  .318579692E+00  .322930662E+00  .327340537E+00  .331810102E+00  .336340155E+00
  .340931502E+00  .345584960E+00  .350301359E+00  .355081537E+00  .359926343E+00
  .364836639E+00  .369813296E+00  .374857199E+00  .379969242E+00  .385150331E+00
  .390401384E+00  .395723333E+00  .401117118E+00  .406583695E+00  .412124030E+00
  .417739102E+00  .423429903E+00  .429197437E+00  .435042724E+00  .440966792E+00
  .446970687E+00  .453055465E+00  .459222198E+00  .465471971E+00  .471805882E+00
  .478225044E+00  .484730586E+00  .491323647E+00  .498005386E+00  .504776972E+00
  .511639593E+00  .518594449E+00  .525642757E+00  .532785749E+00  .540024674E+00
  .547360796E+00  .554795393E+00  .562329764E+00  .569965220E+00  .577703091E+00
  .585544724E+00  .593491482E+00  .601544746E+00  .609705915E+00  .617976404E+00
  .626357649E+00  .634851100E+00  .643458229E+00  .652180526E+00  .661019497E+00
  .669976670E+00  .679053591E+00  .688251826E+00  .697572961E+00  .707018601E+00
  .716590371E+00  .726289918E+00  .736118908E+00  .746079028E+00  .756171988E+00
  .766399517E+00  .776763367E+00  .787265312E+00  .797907147E+00  .808690690E+00
  .819617782E+00  .830690287E+00  .841910091E+00  .853279104E+00  .864799260E+00
  .876472518E+00  .888300858E+00  .900286288E+00  .912430840E+00  .924736569E+00
  .937205556E+00  .949839911E+00  .962641766E+00  .975613280E+00  .988756640E+00
  .100207406E+01  .101556778E+01  .102924006E+01  .104309320E+01  .105712953E+01
  .107135139E+01  .108576117E+01  .110036128E+01  .111515414E+01  .113014224E+01
  .114532807E+01  .116071415E+01  .117630305E+01  .119209735E+01  .120809968E+01
  .122431269E+01  .124073906E+01  .125738150E+01  .127424278E+01  .129132566E+01
  .130863297E+01  .132616756E+01  .134393230E+01  .136193011E+01  .138016395E+01
  .139863680E+01  .141735168E+01  .143631166E+01  .145551983E+01  .147497932E+01
  .149469329E+01  .151466496E+01  .153489755E+01  .155539437E+01  .157615872E+01
  .159719396E+01  .161850350E+01  .164009076E+01  .166195922E+01  .168411241E+01
  .170655388E+01  .172928723E+01  .175231610E+01  .177564417E+01  .179927517E+01
  .182321288E+01  .184746109E+01  .187202367E+01  .189690451E+01  .192210756E+01
  .194763681E+01  .197349630E+01  .199969009E+01  .202622232E+01  .205309717E+01
  .208031885E+01  .210789162E+01  .213581981E+01  .216410778E+01  .219275995E+01
  .222178076E+01  .225117474E+01  .228094645E+01  .231110050E+01  .234164155E+01
  .237257431E+01  .240390357E+01  .243563412E+01  .246777086E+01  .250031869E+01
  .253328260E+01  .256666763E+01  .260047886E+01  .263472143E+01  .266940055E+01
  .270452146E+01  .274008948E+01  .277610998E+01  .281258838E+01  .284953017E+01
  .288694087E+01  .292482611E+01  .296319153E+01  .300204285E+01  .304138585E+01
  .308122637E+01  .312157032E+01  .316242364E+01  .320379238E+01  .324568260E+01
  .328810047E+01  .333105218E+01  .337454402E+01  .341858233E+01  .346317351E+01
  .350832402E+01  .355404041E+01  .360032927E+01  .364719727E+01  .369465114E+01
  .374269767E+01  .379134375E+01  .384059629E+01  .389046231E+01  .394094888E+01
  .399206313E+01  .404381228E+01  .409620360E+01  .414924445E+01  .420294225E+01
  .425730449E+01  .431233873E+01  .436805260E+01  .442445382E+01  .448155016E+01
  .453934947E+01  .459785968E+01  .465708879E+01  .471704486E+01  .477773604E+01
  .483917055E+01  .490135669E+01  .496430282E+01  .502801739E+01  .509250892E+01
  .515778599E+01  .522385729E+01  .529073156E+01  .535841762E+01  .542692437E+01
  .549626078E+01  .556643592E+01  .563745890E+01  .570933893E+01  .578208530E+01
  .585570737E+01  .593021457E+01  .600561643E+01  .608192253E+01  .615914255E+01
  .623728623E+01  .631636341E+01  .639638398E+01  .647735792E+01  .655929531E+01
  .664220626E+01  .672610100E+01  .681098983E+01  .689688310E+01  .698379126E+01
  .707172485E+01  .716069445E+01  .725071075E+01  .734178449E+01  .743392651E+01
  .752714772E+01  .762145908E+01  .771687167E+01  .781339660E+01  .791104509E+01
  .800982842E+01  .810975793E+01  .821084505E+01  .831310128E+01  .841653819E+01
  .852116743E+01  .862700070E+01  .873404980E+01  .884232656E+01  .895184292E+01
  .906261087E+01  .917464246E+01  .928794981E+01  .940254512E+01  .951844063E+01
  .963564868E+01  .975418164E+01  .987405194E+01  .999527211E+01  .101178547E+02
  .102418123E+02  .103671577E+02  .104939035E+02  .106220625E+02  .107516477E+02
  .108826718E+02  .110151479E+02  .111490889E+02  .112845079E+02  .114214179E+02
  .115598322E+02  .116997638E+02  .118412261E+02  .119842322E+02  .121287954E+02
  .122749291E+02  .124226467E+02  .125719615E+02  .127228870E+02  .128754366E+02
  .130296238E+02  .131854621E+02  .133429650E+02  .135021460E+02  .136630188E+02
  .138255968E+02  .139898937E+02  .141559229E+02  .143236983E+02  .144932332E+02
  .146645413E+02  .148376361E+02  .150125314E+02  .151892405E+02  .153677771E+02
  .155481547E+02  .157303869E+02  .159144870E+02  .161004686E+02  .162883451E+02
  .164781299E+02  .166698363E+02  .168634777E+02  .170590674E+02  .172566184E+02
  .174561441E+02  .176576575E+02  .178611717E+02  .180666996E+02  .182742541E+02
  .184838480E+02  .186954941E+02  .189092050E+02  .191249933E+02  .193428714E+02
  .195628517E+02  .197849465E+02  .200091678E+02  .202355277E+02  .204640381E+02
  .206947108E+02  .209275573E+02  .211625892E+02  .213998178E+02  .216392542E+02
  .218809096E+02  .221247947E+02  .223709202E+02  .226192967E+02  .228699344E+02
  .231228435E+02  .233780339E+02  .236355153E+02  .238952973E+02  .241573890E+02
  .244217996E+02  .246885378E+02  .249576122E+02  .252290312E+02  .255028028E+02
  .257789347E+02  .260574345E+02  .263383095E+02  .266215665E+02  .269072122E+02
  .271952529E+02  .274856946E+02  .277785430E+02  .280738034E+02  .283714808E+02
  .286715799E+02  .289741049E+02  .292790598E+02  .295864480E+02  .298962727E+02
  .302085367E+02  .305232421E+02  .308403910E+02  .311599848E+02  .314820244E+02
  .318065106E+02  .321334433E+02  .324628221E+02  .327946464E+02  .331289146E+02
  .334656249E+02  .338047751E+02  .341463621E+02  .344903825E+02  .348368324E+02
  .351857072E+02  .355370018E+02  .358907105E+02  .362468270E+02  .366053444E+02
  .369662553E+02  .373295513E+02  .376952239E+02  .380632635E+02  .384336600E+02
  .388064026E+02  .391814800E+02  .395588800E+02  .399385895E+02  .403205952E+02
  .407048826E+02  .410914367E+02  .414802417E+02  .418712809E+02  .422645369E+02
  .426599916E+02  .430576260E+02  .434574203E+02  .438593538E+02  .442634051E+02
  .446695519E+02  .450777709E+02  .454880381E+02  .459003286E+02  .463146165E+02
  .467308750E+02  .471490764E+02  .475691922E+02  .479911927E+02  .484150475E+02
  .488407251E+02  .492681930E+02  .496974178E+02  .501283650E+02  .505609993E+02
  .509952842E+02  .514311821E+02  .518686546E+02  .523076621E+02  .527481641E+02
  .531901188E+02  .536334835E+02  .540782144E+02  .545242667E+02  .549715942E+02
  .554201500E+02  .558698858E+02  .563207524E+02  .567726993E+02  .572256750E+02
  .576796268E+02  .581345009E+02  .585902423E+02  .590467951E+02  .595041019E+02
  .599621045E+02  .604207432E+02  .608799574E+02  .613396853E+02  .617998639E+02
  .622604292E+02  .627213157E+02  .631824571E+02  .636437859E+02  .641052332E+02
  .645667293E+02  .650282030E+02  .654895824E+02  .659507941E+02  .664117637E+02
  .668724157E+02  .673326735E+02  .677924594E+02  .682516946E+02  .687102991E+02
  .691681921E+02  .696252915E+02  .700815143E+02  .705367764E+02  .709909926E+02
  .714440768E+02  .718959421E+02  .723465003E+02  .727956623E+02  .732433384E+02
  .736894376E+02  .741338683E+02  .745765378E+02  .750173528E+02  .754562190E+02
  .758930414E+02  .763277242E+02  .767601711E+02  .771902846E+02  .776179672E+02
  .780431201E+02  .784656444E+02  .788854404E+02  .793024080E+02  .797164464E+02
  .801274546E+02  .805353310E+02  .809399739E+02  .813412809E+02  .817391496E+02
  .821334773E+02  .825241611E+02  .829110980E+02  .832941848E+02  .836733185E+02
  .840483958E+02  .844193138E+02  .847859696E+02  .851482604E+02  .855060837E+02
  .858593375E+02  .862079199E+02  .865517296E+02  .868906657E+02  .872246279E+02
  .875535167E+02  .878772330E+02  .881956787E+02  .885087565E+02  .888163700E+02
  .891184238E+02  .894148235E+02  .897054761E+02  .899902894E+02  .902691729E+02
  .905420373E+02  .908087948E+02  .910693592E+02  .913236458E+02  .915715719E+02
  .918130563E+02  .920480199E+02  .922763855E+02  .924980780E+02  .927130245E+02
  .929211543E+02  .931223991E+02  .933166930E+02  .935039727E+02  .936841775E+02
  .938572494E+02  .940231332E+02  .941817768E+02  .943331310E+02  .944771496E+02
  .946137897E+02  .947430118E+02  .948647796E+02  .949790606E+02  .950858256E+02
  .951850492E+02  .952767099E+02  .953607899E+02  .954372754E+02  .955061568E+02
  .955674286E+02  .956210896E+02  .956671429E+02  .957055960E+02  .957364610E+02
  .957597547E+02  .957754983E+02  .957837182E+02  .957844455E+02  .957777161E+02
  .957635711E+02  .957420567E+02  .957132244E+02  .956771306E+02  .956338375E+02
  .955834123E+02  .955259279E+02  .954614626E+02  .953901004E+02  .953119308E+02
  .952270491E+02  .951355563E+02  .950375592E+02  .949331703E+02  .948225082E+02
  .947056971E+02  .945828673E+02  .944541551E+02  .943197025E+02  .941796576E+02
  .940341746E+02  .938834136E+02  .937275405E+02  .935667273E+02  .934011521E+02
  .932309987E+02  .930564569E+02  .928777224E+02  .926949966E+02  .925084868E+02
  .923184061E+02  .921249730E+02  .919284120E+02  .917289528E+02  .915268307E+02
  .913222862E+02  .911155654E+02  .909069193E+02  .906966040E+02  .904848806E+02
  .902720149E+02  .900582774E+02  .898439433E+02  .896292918E+02  .894146068E+02
  .892001759E+02  .889862907E+02  .887732464E+02  .885613418E+02  .883508789E+02
  .881421629E+02  .879355018E+02  .877312061E+02  .875295889E+02  .873309653E+02
  .871356524E+02  .869439690E+02  .867562351E+02  .865727718E+02  .863939011E+02
  .862199454E+02  .860512275E+02  .858880699E+02  .857307947E+02  .855797233E+02
  .854351760E+02  .852974716E+02  .851669274E+02  .850438581E+02  .849285764E+02
  .848213918E+02  .847226108E+02  .846325361E+02  .845514666E+02  .844796967E+02
  .844175160E+02  .843652091E+02  .843230548E+02  .842913262E+02  .842702897E+02
  .842602052E+02  .842613252E+02  .842738946E+02  .842981504E+02  .843343211E+02
  .843826261E+02  .844432758E+02  .845164709E+02  .846024016E+02  .847012482E+02
  .848131794E+02  .849383531E+02  .850769151E+02  .852289992E+02  .853947268E+02
  .855742061E+02  .857675322E+02  .859747865E+02  .861960363E+02  .864313346E+02
  .866807197E+02  .869442147E+02  .872218274E+02  .875135500E+02  .878193585E+02
  .881392129E+02  .884730563E+02  .888208153E+02  .891823993E+02  .895577005E+02
  .899465936E+02  .903489358E+02  .907645662E+02  .911933062E+02  .916349589E+02
  .920893094E+02  .925561242E+02  .930351519E+02  .935261223E+02  .940287471E+02
  .945427195E+02  .950677143E+02  .956033881E+02  .961493794E+02  .967053083E+02
  .972707773E+02  .978453711E+02  .984286568E+02  .990201840E+02  .996194856E+02
  .100226077E+03  .100839459E+03  .101459114E+03  .102084510E+03  .102715099E+03
  .103350320E+03  .103989595E+03  .104632334E+03  .105277932E+03  .105925774E+03
  .106575231E+03  .107225662E+03  .107876417E+03  .108526835E+03  .109176245E+03
  .109823967E+03  .110469316E+03  .111111598E+03  .111750112E+03  .112384153E+03
  .113013012E+03  .113635976E+03  .114252329E+03  .114861355E+03  .115462335E+03
  .116054554E+03  .116637296E+03  .117209848E+03  .117771502E+03  .118321554E+03
  .118859306E+03  .119384067E+03  .119895156E+03  .120391899E+03  .120873634E+03
  .121339711E+03  .121789492E+03  .122222354E+03  .122637691E+03  .123034909E+03
  .123413437E+03  .123772720E+03  .124112223E+03  .124431434E+03  .124729863E+03
  .125007043E+03  .125262533E+03  .125495915E+03  .125706801E+03  .125894831E+03
  .126059671E+03  .126201022E+03  .126318611E+03  .126412200E+03  .126481584E+03
  .126526590E+03  .126547081E+03  .126542956E+03  .126514147E+03  .126460628E+03
  .126382405E+03  .126279526E+03  .126152075E+03  .126000176E+03  .125823994E+03
  .125623730E+03  .125399628E+03  .125151972E+03  .124881085E+03  .124587330E+03
  .124271112E+03  .123932875E+03  .123573104E+03  .123192323E+03  .122791094E+03
  .122370021E+03  .121929744E+03  .121470942E+03  .120994330E+03  .120500662E+03
  .119990723E+03  .119465337E+03  .118925359E+03  .118371677E+03  .117805210E+03
  .117226907E+03  .116637745E+03  .116038730E+03  .115430890E+03  .114815280E+03
  .114192975E+03  .113565071E+03  .112932682E+03  .112296939E+03  .111658987E+03
  .111019984E+03  .110381097E+03  .109743501E+03  .109108378E+03  .108476913E+03
  .107850290E+03  .107229693E+03  .106616303E+03  .106011292E+03  .105415826E+03
  .104831055E+03  .104258120E+03  .103698141E+03  .103152220E+03  .102621438E+03
  .102106849E+03  .101609482E+03  .101130334E+03  .100670370E+03  .100230521E+03
  .998116795E+02  .994146969E+02  .990403833E+02  .986895032E+02  .983627740E+02
  .980608634E+02  .977843871E+02  .975339072E+02  .973099297E+02  .971129026E+02
  .969432144E+02  .968011921E+02  .966870997E+02  .966011367E+02  .965434366E+02
  .965140661E+02  .965130233E+02  .965402378E+02  .965955687E+02  .966788050E+02
  .967896646E+02  .969277941E+02  .970927687E+02  .972840923E+02  .975011976E+02
  .977434466E+02  .980101312E+02  .983004739E+02  .986136288E+02  .989486827E+02
  .993046565E+02  .996805069E+02  .100075128E+03  .100487352E+03  .100915954E+03
  .101359652E+03  .101817110E+03  .102286941E+03  .102767708E+03  .103257931E+03
  .103756084E+03  .104260606E+03  .104769897E+03  .105282326E+03  .105796232E+03
  .106309932E+03  .106821719E+03  .107329872E+03  .107832655E+03  .108328325E+03
  .108815134E+03  .109291336E+03  .109755188E+03  .110204955E+03  .110638920E+03
  .111055379E+03  .111452654E+03  .111829095E+03  .112183080E+03  .112513027E+03
  .112817394E+03  .113094683E+03  .113343446E+03  .113562290E+03  .113749878E+03
  .113904937E+03  .114026258E+03  .114112704E+03  .114163209E+03  .114176786E+03
  .114152525E+03  .114089604E+03  .113987283E+03  .113844912E+03  .113661935E+03
  .113437886E+03  .113172398E+03  .112865198E+03  .112516116E+03  .112125079E+03
  .111692118E+03  .111217365E+03  .110701053E+03  .110143522E+03  .109545209E+03
  .108906658E+03  .108228512E+03  .107511515E+03  .106756511E+03  .105964441E+03
  .105136342E+03  .104273343E+03  .103376668E+03  .102447625E+03  .101487611E+03
  .100498103E+03  .994806568E+02  .984369050E+02  .973685490E+02  .962773577E+02
  .951651616E+02  .940338493E+02  .928853612E+02  .917216859E+02  .905448535E+02
  .893569315E+02  .881600183E+02  .869562384E+02  .857477356E+02  .845366686E+02
  .833252031E+02  .821155081E+02  .809097480E+02  .797100780E+02  .785186367E+02
  .773375418E+02  .761688824E+02  .750147149E+02  .738770555E+02  .727578761E+02
  .716590973E+02  .705825844E+02  .695301407E+02  .685035040E+02  .675043401E+02
  .665342396E+02  .655947121E+02  .646871832E+02  .638129896E+02  .629733762E+02
  .621694916E+02  .614023865E+02  .606730090E+02  .599822040E+02  .593307092E+02
  .587191546E+02  .581480598E+02  .576178336E+02  .571287724E+02  .566810601E+02
  .562747673E+02  .559098518E+02  .555861588E+02  .553034218E+02  .550612630E+02
  .548591960E+02  .546966261E+02  .545728535E+02  .544870752E+02  .544383880E+02
  .544257914E+02  .544481915E+02  .545044043E+02  .545931604E+02  .547131089E+02
  .548628227E+02  .550408030E+02  .552454848E+02  .554752424E+02  .557283946E+02
  .560032110E+02  .562979169E+02  .566107003E+02  .569397164E+02  .572830948E+02
  .576389441E+02  .580053590E+02  .583804247E+02  .587622243E+02  .591488425E+02
  .595383731E+02  .599289229E+02  .603186188E+02  .607056112E+02  .610880808E+02
  .614642425E+02  .618323512E+02  .621907055E+02  .625376533E+02  .628715947E+02
  .631909880E+02  .634943512E+02  .637802680E+02  .640473892E+02  .642944374E+02
  .645202079E+02  .647235737E+02  .649034852E+02  .650589744E+02  .651891545E+02
  .652932232E+02  .653704620E+02  .654202385E+02  .654420055E+02  .654353022E+02
  .653997531E+02  .653350688E+02  .652410439E+02  .651175573E+02  .649645698E+02
  .647821237E+02  .645703403E+02  .643294183E+02  .640596315E+02  .637613266E+02
  .634349202E+02  .630808968E+02  .626998052E+02  .622922558E+02  .618589174E+02
  .614005138E+02  .609178205E+02  .604116613E+02  .598829045E+02  .593324594E+02
  .587612730E+02  .581703255E+02  .575606276E+02  .569332158E+02  .562891498E+02
  .556295077E+02  .549553836E+02  .542678824E+02  .535681184E+02  .528572096E+02
  .521362766E+02  .514064370E+02  .506688045E+02  .499244837E+02  .491745694E+02
  .484201410E+02  .476622632E+02  .469019798E+02  .461403147E+02  .453782663E+02
  .446168088E+02  .438568867E+02  .430994163E+02  .423452808E+02  .415953321E+02
  .408503858E+02  .401112236E+02  .393785888E+02  .386531886E+02  .379356902E+02
  .372267231E+02  .365268759E+02  .358366985E+02  .351566993E+02  .344873479E+02
  .338290722E+02  .331822614E+02  .325472636E+02  .319243891E+02  .313139078E+02
  .307160526E+02  .301310179E+02  .295589625E+02  .290000080E+02  .284542424E+02
  .279217190E+02  .274024590E+02  .268964514E+02  .264036556E+02  .259240012E+02
  .254573907E+02  .250036996E+02  .245627790E+02  .241344556E+02  .237185347E+02
  .233148001E+02  .229230171E+02  .225429321E+02  .221742761E+02  .218167643E+02
  .214700990E+02  .211339697E+02  .208080559E+02  .204920272E+02  .201855457E+02
  .198882661E+02  .195998389E+02  .193199092E+02  .190481203E+02  .187841133E+02
  .185275289E+02  .182780082E+02  .180351944E+02  .177987327E+02  .175682726E+02
  .173434675E+02  .171239767E+02  .169094653E+02  .166996057E+02  .164940776E+02
  .162925694E+02  .160947780E+02  .159004101E+02  .157091822E+02  .155208212E+02
  .153350648E+02  .151516617E+02  .149703723E+02  .147909684E+02  .146132337E+02
  .144369639E+02  .142619668E+02  .140880626E+02  .139150831E+02  .137428730E+02
  .135712884E+02  .134001979E+02  .132294818E+02  .130590322E+02  .128887525E+02
  .127185578E+02  .125483740E+02  .123781377E+02  .122077963E+02  .120373073E+02
  .118666380E+02  .116957651E+02  .115246747E+02  .113533614E+02  .111818285E+02
  .110100870E+02  .108381554E+02  .106660598E+02  .104938325E+02  .103215124E+02
  .101491443E+02  .997677827E+01  .980446958E+01  .963227806E+01  .946026764E+01
  .928850615E+01  .911706464E+01  .894601725E+01  .877544053E+01  .860541335E+01
  .843601623E+01  .826733122E+01  .809944131E+01  .793243036E+01  .776638243E+01
  .760138183E+01  .743751237E+01  .727485758E+01  .711349984E+01  .695352055E+01
  .679499964E+01  .663801571E+01  .648264459E+01  .632896196E+01  .617703874E+01
  .602694616E+01  .587875017E+01  .573251661E+01  .558830589E+01  .544617788E+01
  .530618691E+01  .516838654E+01  .503282454E+01  .489954780E+01  .476859728E+01
  .464001298E+01  .451382883E+01  .439007777E+01  .426878665E+01  .414998132E+01
  .403368152E+01  .391990602E+01  .380866755E+01  .369997796E+01  .359384309E+01
  .349026803E+01  .338925200E+01  .329079359E+01  .319488583E+01  .310152063E+01
  .301068547E+01  .292236629E+01  .283654494E+01  .275320194E+01  .267231390E+01
  .259385639E+01  .251780121E+01  .244411943E+01  .237277855E+01  .230374557E+01
  .223698419E+01  .217245784E+01  .211012688E+01  .204995167E+01  .199188973E+01
  .193589881E+01  .188193409E+01  .182995120E+01  .177990340E+01  .173174467E+01
  .168542684E+01  .164090265E+01  .159812292E+01  .155703956E+01  .151760277E+01
  .147976407E+01  .144347338E+01  .140868212E+01  .137534033E+01  .134339968E+01
  .131281056E+01  .128352518E+01  .125549458E+01  .122867175E+01  .120300861E+01
  .117845914E+01  .115497636E+01  .113251541E+01  .111103057E+01  .109047833E+01
  .107081440E+01  .105199673E+01  .103398260E+01  .101673157E+01  .100020258E+01
  .984356962E+00  .969155425E+00  .954561136E+00  .940536717E+00  .927047280E+00
  .914057438E+00  .901534339E+00  .889444680E+00  .877757724E+00  .866442313E+00
  .855469888E+00  .844811495E+00  .834440793E+00  .824331060E+00  .814458197E+00
  .804797730E+00  .795327804E+00  .786026182E+00  .776873233E+00  .767848938E+00
  .758935858E+00  .750116141E+00  .741374494E+00  .732695181E+00  .724064981E+00
  .715470218E+00  .706899667E+00  .698341631E+00  .689786801E+00  .681225381E+00
  .672649884E+00  .664052316E+00  .655426926E+00  .646767429E+00  .638069704E+00
  .629329077E+00  .620542953E+00  .611708167E+00  .602823542E+00  .593887317E+00
  .584899621E+00  .575859986E+00  .566769739E+00  .557629587E+00  .548441947E+00
  .539208581E+00  .529932878E+00  .520617543E+00  .511266813E+00  .501884220E+00
  .492474726E+00  .483042567E+00  .473593315E+00  .464131782E+00  .454664027E+00
  .445195318E+00  .435732082E+00  .426279917E+00  .416845497E+00  .407434636E+00
  .398054135E+00  .388709909E+00  .379408774E+00  .370156633E+00  .360960219E+00
  .351825320E+00  .342758480E+00  .333765235E+00  .324852011E+00  .316023889E+00
  .307287002E+00  .298646070E+00  .290106812E+00  .281673528E+00  .273351470E+00
  .265144470E+00  .257057273E+00  .249093210E+00  .241256362E+00  .233549944E+00
  .225977059E+00  .218540534E+00  .211242924E+00  .204086512E+00  .197073313E+00
  .190205074E+00  .183483282E+00  .176909166E+00  .170483705E+00  .164207635E+00
  .158081453E+00  .152105428E+00  .146279608E+00  .140603829E+00  .135077721E+00
  .129700722E+00  .124472084E+00  .119390883E+00  .114456028E+00  .109666272E+00
  .105020219E+00  .100516335E+00  .961529570E-01  .919283021E-01  .878404751E-01
  .838874784E-01  .800672197E-01  .763775205E-01  .728161238E-01  .693807015E-01
  .660688620E-01  .628781570E-01  .598060884E-01  .568501146E-01  .540076565E-01
  .512761038E-01  .486528203E-01  .461351493E-01  .437204186E-01  .414059455E-01
  .391890413E-01  .370670155E-01  .350371805E-01  .330968548E-01  .312433675E-01
  .294740610E-01  .277862954E-01  .261774510E-01  .246449314E-01  .231861668E-01
  .217986164E-01  .204797711E-01  .192271561E-01  .180383329E-01  .169109017E-01
  .158425037E-01  .148308225E-01  .138735860E-01  .129685686E-01  .121135919E-01
  .113065267E-01  .105452939E-01  .982786569E-02  .915226666E-02  .851657451E-02
  .791892074E-02  .735749131E-02  .683052701E-02  .633632379E-02  .587323295E-02
  .543966114E-02  .503407038E-02  .465497778E-02  .430095526E-02  .397062915E-02
  .366267963E-02  .337584016E-02  .310889665E-02  .286068678E-02  .263009897E-02
  .241607153E-02  .221759150E-02  .203369363E-02  .186345917E-02  .170601464E-02
  .156053061E-02  .142622037E-02  .130233859E-02  .118818001E-02  .108307802E-02
  .986403278E-03  .897562342E-03  .815996246E-03  .741179119E-03  .672616791E-03
  .609845422E-03  .552430138E-03  .499963697E-03  .452065169E-03  .408378647E-03
  .368571982E-03  .332335557E-03  .299381085E-03  .269440453E-03  .242264588E-03
  .217622377E-03  .195299614E-03  .175097990E-03  .156834124E-03  .140338636E-03
  .125455253E-03  .112039960E-03  .999601971E-04  .890940794E-04  .793296721E-04
  .705642942E-04  .627038626E-04  .556622707E-04  .493608038E-04  .437275875E-04
  .386970693E-04  .342095319E-04  .302106371E-04  .266509988E-04  .234857844E-04
  .206743424E-04  .181798559E-04  .159690199E-04  .140117425E-04  .122808664E-04
  .107519126E-04  .940284201E-05  .821383633E-05  .716709563E-05  .624665205E-05
  .543819863E-05  .472893213E-05  .410740896E-05  .356341339E-05  .308783700E-05
  .267256873E-05  .231039465E-05  .199490677E-05  .172042012E-05  .148189756E-05
  .127488160E-05  .109543276E-05  .940073798E-06  .805739467E-06  .689731173E-06
  .589676233E-06  .503491242E-06  .429349218E-06  .365650170E-06  .310994761E-06
  .264160789E-06  .224082207E-06  .189830435E-06  .160597736E-06  .135682465E-06
  .114475969E-06  .964510045E-07  .811514879E-07  .681834478E-07  .572070505E-07
  .479295804E-07  .400992698E-07  .334998853E-07  .279459835E-07  .232787607E-07
  .193624276E-07  .160810468E-07  .133357793E-07  .110424904E-07  .912967117E-08
  .753663685E-08  .621196820E-08  .511216453E-08  .420048194E-08  .344593284E-08
  .282242576E-08  .230802691E-08  .188432746E-08  .153590217E-08  .124984698E-08
  .101538479E-08  .823529822E-09  .666802443E-09  .538987214E-09  .434928013E-09
  .350354816E-09  .281737533E-09  .226162858E-09  .181230728E-09  .144967390E-09
  .115752573E-09  .922585642E-10  .733993562E-10  .582882602E-10  .462026547E-10
  .365547170E-10  .288671689E-10  .227532165E-10  .178999881E-10  .140548931E-10
  .110143919E-10  .861479880E-11  .672472547E-11  .523892327E-11  .407324725E-11
  .316055909E-11  .244739774E-11  .189127960E-11  .145851351E-11  .112243616E-11
  .861989946E-12  .660579274E-12  .505152678E-12  .385467775E-12  .293503896E-12
  .222993736E-12  .169050720E-12  .127873182E-12  .965100346E-13  .726755675E-13
  .546034034E-13  .409315907E-13  .306124024E-13  .228416930E-13  .170036987E-13
  .126280078E-13  .935609591E-14  .691536110E-14  .509902780E-14  .375062902E-14
  .275205366E-14  .201436207E-14  .147074632E-14  .107114754E-14  .778150787E-15
  .563861921E-15  .407537771E-15  .293792407E-15  .211243003E-15  .151490215E-15
  .108352438E-15  .772922572E-16  .549879815E-16  .390144334E-16  .276057650E-16
  .194797063E-16  .137076908E-16  .961914751E-17  .673116661E-17  .469695734E-17
  .326818352E-17  .226751828E-17  .156870283E-17  .108209910E-17  .744253369E-18
  .510379150E-18  .348958913E-18  .237878851E-18  .161669627E-18  .109542593E-18
  .739963806E-19  .498312449E-19  .334539747E-19  .223892419E-19  .149371485E-19
  .993398855E-20  .658564458E-20  .435193772E-20  .286660545E-20  .188211091E-20
  .123170235E-20  .803416765E-21  .522326361E-21  .338454572E-21  .218578656E-21
  .140687555E-21  .902476547E-22  .576952869E-22  .367587645E-22  .233394033E-22
  .147679131E-22  .931196759E-23  .585125886E-23  .366383109E-23  .228608715E-23
  .142139391E-23  .880630592E-24  .543656106E-24  .334425747E-24  .204981211E-24
  .125187661E-24  .761792283E-25  .461885030E-25  .279028411E-25  .167948214E-25
  .100718729E-25  .601795141E-26  .358250398E-26  .212481177E-26  .125558605E-26
  .739199095E-27  .433572976E-27  .253364598E-27  .147506074E-27  .855562192E-28
  .494388736E-28  .284615505E-28  .163237268E-28  .932714362E-29  .530938702E-29
  .301095466E-29  .170108411E-29  .957428979E-30  .536838686E-30  .299870997E-30
  .166868810E-30  .925043458E-31  .510847304E-31  .281032972E-31  .154012240E-31
  .840773276E-32  .457216020E-32  .247671041E-32  .133638559E-32  .718260039E-33
  .384516195E-33  .205030852E-33  .108888760E-33  .575960475E-34  .303412564E-34
  .159180568E-34  .831659226E-35  .432694932E-35  .224171467E-35  .115643444E-35
  .593995084E-36  .303769276E-36  .154661086E-36  .783917991E-37  .395537690E-37
  .198658562E-37  .993122100E-38  .494136635E-38  .244688186E-38  .120579211E-38
  .591284957E-39  .288507579E-39  .140063287E-39  .676501067E-40  .325057269E-40
  .155370461E-40  .738693044E-41  .349314209E-41  .164283834E-41  .768368173E-42
  .357362929E-42  .165266526E-42  .759915500E-43  .347392576E-43  .157877598E-43
  .713239318E-44  .320283814E-44  .142951908E-44  .634118762E-45  .279542286E-45
  .122459195E-45  .533056356E-46  .230549232E-46  .990681799E-47  .422917724E-47
  .179349491E-47  .755506904E-48  .316112975E-48  .131366145E-48  .542167605E-49
  .222210435E-49  .904373773E-50  .365473578E-50  .146642701E-50  .584162001E-51
  .231018357E-51  .906926259E-52  .353412330E-52  .136693421E-52  .524737171E-53
  .199910873E-53  .755795187E-54  .283544809E-54  .105551484E-54  .389883637E-55
  .142908698E-55  .520053818E-56  .188350354E-56  .668384875E-57  .237148838E-57
  .834496090E-58  .291218407E-58  .100793481E-58  .346033939E-59  .117913124E-59
  .400297251E-60  .135953253E-60  .474870348E-61  .178997016E-61  .844746097E-62
  .637332209E-62  .000000000E+00  .000000000E+00  .000000000E+00  .000000000E+00
  .000000000E+00  .000000000E+00  .000000000E+00  .000000000E+00  .000000000E+00
  .000000000E+00  .000000000E+00  .000000000E+00  .000000000E+00  .000000000E+00
  .000000000E+00  .000000000E+00  .000000000E+00  .000000000E+00  .000000000E+00
  .000000000E+00  .000000000E+00  .000000000E+00  .000000000E+00  .000000000E+00
  .000000000E+00  .000000000E+00  .000000000E+00  .000000000E+00  .000000000E+00
  .000000000E+00  .000000000E+00  .000000000E+00  .000000000E+00  .000000000E+00
  .000000000E+00  .000000000E+00  .000000000E+00  .000000000E+00  .000000000E+00
  .000000000E+00  .000000000E+00  .000000000E+00  .000000000E+00  .000000000E+00
  .000000000E+00  .000000000E+00  .000000000E+00  .000000000E+00  .000000000E+00
  .000000000E+00  .000000000E+00  .000000000E+00  .000000000E+00  .000000000E+00
  .000000000E+00  .000000000E+00  .000000000E+00  .000000000E+00  .000000000E+00
  .000000000E+00  .000000000E+00  .000000000E+00  .000000000E+00  .000000000E+00
  .000000000E+00  .000000000E+00  .000000000E+00  .000000000E+00  .000000000E+00
  .000000000E+00  .000000000E+00  .000000000E+00  .000000000E+00  .000000000E+00
  .000000000E+00  .000000000E+00  .000000000E+00  .000000000E+00  .000000000E+00
  .000000000E+00  .000000000E+00  .000000000E+00  .000000000E+00  .000000000E+00
  .000000000E+00  .000000000E+00  .000000000E+00  .000000000E+00  .000000000E+00
  .000000000E+00  .000000000E+00  .000000000E+00  .000000000E+00  .000000000E+00
  .000000000E+00  .000000000E+00  .000000000E+00  .000000000E+00  .000000000E+00
  .000000000E+00  .000000000E+00  .000000000E+00  .000000000E+00  .000000000E+00
  .000000000E+00  .000000000E+00  .000000000E+00  .000000000E+00  .000000000E+00
  .000000000E+00  .000000000E+00  .000000000E+00  .000000000E+00  .000000000E+00
  .000000000E+00  .000000000E+00  .000000000E+00  .000000000E+00  .000000000E+00
  .000000000E+00  .000000000E+00  .000000000E+00  .000000000E+00  .000000000E+00
  .000000000E+00  .000000000E+00  .000000000E+00  .000000000E+00  .000000000E+00
  .000000000E+00  .000000000E+00  .000000000E+00  .000000000E+00  .000000000E+00
  .000000000E+00  .000000000E+00  .000000000E+00  .000000000E+00  .000000000E+00
  .000000000E+00  .000000000E+00  .000000000E+00  .000000000E+00  .000000000E+00
  .000000000E+00  .000000000E+00  .000000000E+00  .000000000E+00  .000000000E+00
  .000000000E+00  .000000000E+00  .000000000E+00  .000000000E+00  .000000000E+00
  .000000000E+00  .000000000E+00  .000000000E+00  .000000000E+00  .000000000E+00
  .000000000E+00  .000000000E+00  .000000000E+00  .000000000E+00  .000000000E+00
  .000000000E+00  .000000000E+00  .000000000E+00  .000000000E+00  .000000000E+00
  .000000000E+00  .000000000E+00  .000000000E+00  .000000000E+00  .000000000E+00
  .000000000E+00  .000000000E+00  .000000000E+00  .000000000E+00  .000000000E+00
  .000000000E+00  .000000000E+00  .000000000E+00  .000000000E+00  .000000000E+00
  .000000000E+00  .000000000E+00  .000000000E+00  .000000000E+00  .000000000E+00
  .000000000E+00  .000000000E+00  .000000000E+00  .000000000E+00  .000000000E+00
  .000000000E+00  .000000000E+00  .000000000E+00  .000000000E+00  .000000000E+00
  .000000000E+00  .000000000E+00  .000000000E+00  .000000000E+00  .000000000E+00
  .000000000E+00  .000000000E+00  .000000000E+00  .000000000E+00  .000000000E+00
  .000000000E+00  .000000000E+00  .000000000E+00  .000000000E+00  .000000000E+00
  .000000000E+00  .000000000E+00  .000000000E+00  .000000000E+00  .000000000E+00
  .000000000E+00  .000000000E+00  .000000000E+00  .000000000E+00  .000000000E+00
  .000000000E+00  .000000000E+00  .000000000E+00  .000000000E+00  .000000000E+00
  .000000000E+00  .000000000E+00  .000000000E+00  .000000000E+00  .000000000E+00
  .000000000E+00  .000000000E+00  .000000000E+00  .000000000E+00  .000000000E+00
  .000000000E+00  .000000000E+00  .000000000E+00  .000000000E+00  .000000000E+00
  .000000000E+00  .000000000E+00  .000000000E+00  .000000000E+00  .000000000E+00
