   Np                                    
 100
Core Pot   L  =         .00000  -3.86072
  -.30000000E+01  .16067455E+01
  -.29500000E+01  .15795422E+01
  -.29000000E+01  .15533114E+01
  -.28500000E+01  .15278728E+01
  -.28000000E+01  .15030807E+01
  -.27500000E+01  .14788157E+01
  -.27000000E+01  .14549785E+01
  -.26500000E+01  .14314863E+01
  -.26000000E+01  .14082686E+01
  -.25500000E+01  .13852651E+01
  -.25000000E+01  .13624238E+01
  -.24500000E+01  .13396992E+01
  -.24000000E+01  .13170511E+01
  -.23500000E+01  .12944438E+01
  -.23000000E+01  .12718454E+01
  -.22500000E+01  .12492267E+01
  -.22000000E+01  .12265613E+01
  -.21500000E+01  .12038246E+01
  -.21000000E+01  .11809939E+01
  -.20500000E+01  .11580476E+01
  -.20000000E+01  .11349657E+01
  -.19500000E+01  .11117285E+01
  -.19000000E+01  .10883176E+01
  -.18500000E+01  .10647148E+01
  -.18000000E+01  .10409024E+01
  -.17500000E+01  .10168630E+01
  -.17000000E+01  .99257937E+00
  -.16500000E+01  .96803420E+00
  -.16000000E+01  .94321024E+00
  -.15500000E+01  .91809006E+00
  -.15000000E+01  .89265598E+00
  -.14500000E+01  .86688998E+00
  -.14000000E+01  .84077364E+00
  -.13500000E+01  .81428801E+00
  -.13000000E+01  .78741357E+00
  -.12500000E+01  .76013010E+00
  -.12000000E+01  .73241664E+00
  -.11500000E+01  .70425135E+00
  -.11000000E+01  .67561142E+00
  -.10500000E+01  .64647300E+00
  -.10000000E+01  .61681107E+00
  -.95000000E+00  .58659929E+00
  -.90000000E+00  .55580995E+00
  -.85000000E+00  .52441377E+00
  -.80000000E+00  .49237977E+00
  -.75000000E+00  .45967514E+00
  -.70000000E+00  .42626504E+00
  -.65000000E+00  .39211242E+00
  -.60000000E+00  .35717777E+00
  -.55000000E+00  .32141900E+00
  -.50000000E+00  .28479104E+00
  -.45000000E+00  .24724568E+00
  -.40000000E+00  .20873121E+00
  -.35000000E+00  .16919207E+00
  -.30000000E+00  .12856846E+00
  -.25000000E+00  .86795927E-01
  -.20000000E+00  .43804866E-01
  -.15000000E+00 -.48002202E-03
  -.10000000E+00 -.46140351E-01
  -.50000000E-01 -.93264740E-01
  -.22898350E-14 -.14194960E+00
   .50000000E-01 -.19230004E+00
   .10000000E+00 -.24443090E+00
   .15000000E+00 -.29846789E+00
   .20000000E+00 -.35454893E+00
   .25000000E+00 -.41282574E+00
   .30000000E+00 -.47346558E+00
   .35000000E+00 -.53665332E+00
   .40000000E+00 -.60259389E+00
   .45000000E+00 -.67151500E+00
   .50000000E+00 -.74367052E+00
   .55000000E+00 -.81934431E+00
   .60000000E+00 -.89885485E+00
   .65000000E+00 -.98256066E+00
   .70000000E+00 -.10708668E+01
   .75000000E+00 -.11642330E+01
   .80000000E+00 -.12631825E+01
   .85000000E+00 -.13683144E+01
   .90000000E+00 -.14803173E+01
   .95000000E+00 -.15999868E+01
   .10000000E+01 -.17282474E+01
   .10500000E+01 -.18661794E+01
   .11000000E+01 -.20150537E+01
   .11500000E+01 -.21763751E+01
   .12000000E+01 -.23519397E+01
   .12500000E+01 -.25439081E+01
   .13000000E+01 -.27549034E+01
   .13500000E+01 -.29881421E+01
   .14000000E+01 -.32476117E+01
   .14500000E+01 -.35383169E+01
   .15000000E+01 -.38666258E+01
   .15500000E+01 -.42407684E+01
   .16000000E+01 -.46715713E+01
   .16500000E+01 -.51735690E+01
   .17000000E+01 -.57667403E+01
   .17500000E+01 -.64793219E+01
   .18000000E+01 -.73525656E+01
   .18500000E+01 -.84492156E+01
   .19000000E+01 -.98696017E+01
   .19500000E+01 -.11784741E+02
   .20000000E+01 -.14511903E+02
Potential  L  =         .00000  -3.86072
  -.30000000E+01  .14737832E+01
  -.29500000E+01  .14469471E+01
  -.29000000E+01  .14206078E+01
  -.28500000E+01  .13946319E+01
  -.28000000E+01  .13689090E+01
  -.27500000E+01  .13433459E+01
  -.27000000E+01  .13178625E+01
  -.26500000E+01  .12923889E+01
  -.26000000E+01  .12668628E+01
  -.25500000E+01  .12412283E+01
  -.25000000E+01  .12154334E+01
  -.24500000E+01  .11894300E+01
  -.24000000E+01  .11631720E+01
  -.23500000E+01  .11366151E+01
  -.23000000E+01  .11097157E+01
  -.22500000E+01  .10824307E+01
  -.22000000E+01  .10547166E+01
  -.21500000E+01  .10265291E+01
  -.21000000E+01  .99782266E+00
  -.20500000E+01  .96854989E+00
  -.20000000E+01  .93866114E+00
  -.19500000E+01  .90810396E+00
  -.19000000E+01  .87682249E+00
  -.18500000E+01  .84475697E+00
  -.18000000E+01  .81184292E+00
  -.17500000E+01  .77801058E+00
  -.17000000E+01  .74318397E+00
  -.16500000E+01  .70727997E+00
  -.16000000E+01  .67020727E+00
  -.15500000E+01  .63186505E+00
  -.15000000E+01  .59214158E+00
  -.14500000E+01  .55091249E+00
  -.14000000E+01  .50803875E+00
  -.13500000E+01  .46336423E+00
  -.13000000E+01  .41671290E+00
  -.12500000E+01  .36788535E+00
  -.12000000E+01  .31665458E+00
  -.11500000E+01  .26276095E+00
  -.11000000E+01  .20590593E+00
  -.10500000E+01  .14574435E+00
  -.10000000E+01  .81874798E-01
  -.95000000E+00  .13827509E-01
  -.90000000E+00 -.58951028E-01
  -.85000000E+00 -.13711775E+00
  -.80000000E+00 -.22145856E+00
  -.75000000E+00 -.31292180E+00
  -.70000000E+00 -.41266271E+00
  -.65000000E+00 -.52210337E+00
  -.60000000E+00 -.64301467E+00
  -.55000000E+00 -.77763058E+00
  -.50000000E+00 -.92881040E+00
  -.45000000E+00 -.11002744E+01
  -.40000000E+00 -.12969549E+01
  -.35000000E+00 -.15255335E+01
  -.30000000E+00 -.17952937E+01
  -.25000000E+00 -.21195239E+01
  -.20000000E+00 -.25179398E+01
  -.15000000E+00 -.30211054E+01
  -.10000000E+00 -.36790875E+01
  -.50000000E-01 -.45799652E+01
  -.22898350E-14 -.58943633E+01
   .50000000E-01 -.80017449E+01
   .10000000E+00 -.11950820E+02
   .15000000E+00 -.22098564E+02
   .20000000E+00 -.10783610E+03
   .25000000E+00  .40621817E+02
   .30000000E+00  .17629081E+02
   .35000000E+00  .11453522E+02
   .40000000E+00  .85764141E+01
   .45000000E+00  .69064728E+01
   .50000000E+00  .58117813E+01
   .55000000E+00  .50358878E+01
   .60000000E+00  .44550074E+01
   .65000000E+00  .40020561E+01
   .70000000E+00  .36375194E+01
   .75000000E+00  .33366080E+01
   .80000000E+00  .30829817E+01
   .85000000E+00  .28654314E+01
   .90000000E+00  .26760107E+01
   .95000000E+00  .25089284E+01
   .10000000E+01  .23598632E+01
   .10500000E+01  .22255270E+01
   .11000000E+01  .21033629E+01
   .11500000E+01  .19913707E+01
   .12000000E+01  .18879426E+01
   .12500000E+01  .17917833E+01
   .13000000E+01  .17018329E+01
   .13500000E+01  .16172154E+01
   .14000000E+01  .15372005E+01
   .14500000E+01  .14611734E+01
   .15000000E+01  .13886123E+01
   .15500000E+01  .13190713E+01
   .16000000E+01  .12521662E+01
   .16500000E+01  .11875635E+01
   .17000000E+01  .11249722E+01
   .17500000E+01  .10641363E+01
   .18000000E+01  .10048292E+01
   .18500000E+01  .94684937E+00
   .19000000E+01  .89001586E+00
   .19500000E+01  .83416566E+00
   .20000000E+01  .77915076E+00
Core Pot   L  =        1.00000  -1.91505
  -.30000000E+01  .12550890E+01
  -.29500000E+01  .12256911E+01
  -.29000000E+01  .11949063E+01
  -.28500000E+01  .11625618E+01
  -.28000000E+01  .11284532E+01
  -.27500000E+01  .10923368E+01
  -.27000000E+01  .10539194E+01
  -.26500000E+01  .10128453E+01
  -.26000000E+01  .96867836E+00
  -.25500000E+01  .92087806E+00
  -.25000000E+01  .86876577E+00
  -.24500000E+01  .81147779E+00
  -.24000000E+01  .74789737E+00
  -.23500000E+01  .67655446E+00
  -.23000000E+01  .59547374E+00
  -.22500000E+01  .50193676E+00
  -.22000000E+01  .39209583E+00
  -.21500000E+01  .26031896E+00
  -.21000000E+01  .98019528E-01
  -.20500000E+01 -.10857560E+00
  -.20000000E+01 -.38303880E+00
  -.19500000E+01 -.76934610E+00
  -.19000000E+01 -.13600522E+01
  -.18500000E+01 -.23889713E+01
  -.18000000E+01 -.46669588E+01
  -.17500000E+01 -.14229786E+02
  -.17000000E+01  .26548173E+02
  -.16500000E+01  .81699300E+01
  -.16000000E+01  .52256767E+01
  -.15500000E+01  .40133818E+01
  -.15000000E+01  .33464472E+01
  -.14500000E+01  .29206249E+01
  -.14000000E+01  .26224380E+01
  -.13500000E+01  .23999185E+01
  -.13000000E+01  .22259041E+01
  -.12500000E+01  .20848145E+01
  -.12000000E+01  .19670715E+01
  -.11500000E+01  .18664623E+01
  -.11000000E+01  .17787792E+01
  -.10500000E+01  .17010713E+01
  -.10000000E+01  .16312063E+01
  -.95000000E+00  .15676050E+01
  -.90000000E+00  .15090723E+01
  -.85000000E+00  .14546862E+01
  -.80000000E+00  .14037239E+01
  -.75000000E+00  .13556101E+01
  -.70000000E+00  .13098808E+01
  -.65000000E+00  .12661570E+01
  -.60000000E+00  .12241259E+01
  -.55000000E+00  .11835265E+01
  -.50000000E+00  .11441389E+01
  -.45000000E+00  .11057763E+01
  -.40000000E+00  .10682782E+01
  -.35000000E+00  .10315060E+01
  -.30000000E+00  .99533865E+00
  -.25000000E+00  .95966984E+00
  -.20000000E+00  .92440532E+00
  -.15000000E+00  .88946091E+00
  -.10000000E+00  .85476084E+00
  -.50000000E-01  .82023637E+00
  -.22898350E-14  .78582462E+00
   .50000000E-01  .75146766E+00
   .10000000E+00  .71711166E+00
   .15000000E+00  .68270622E+00
   .20000000E+00  .64820376E+00
   .25000000E+00  .61355902E+00
   .30000000E+00  .57872863E+00
   .35000000E+00  .54367064E+00
   .40000000E+00  .50834427E+00
   .45000000E+00  .47270949E+00
   .50000000E+00  .43672679E+00
   .55000000E+00  .40035690E+00
   .60000000E+00  .36356050E+00
   .65000000E+00  .32629801E+00
   .70000000E+00  .28852934E+00
   .75000000E+00  .25021368E+00
   .80000000E+00  .21130924E+00
   .85000000E+00  .17177305E+00
   .90000000E+00  .13156071E+00
   .95000000E+00  .90626153E-01
   .10000000E+01  .48921402E-01
   .10500000E+01  .63962922E-02
   .11000000E+01 -.37001792E-01
   .11500000E+01 -.81328229E-01
   .12000000E+01 -.12664148E+00
   .12500000E+01 -.17300342E+00
   .13000000E+01 -.22047975E+00
   .13500000E+01 -.26914039E+00
   .14000000E+01 -.31905993E+00
   .14500000E+01 -.37031818E+00
   .15000000E+01 -.42300067E+00
   .15500000E+01 -.47719933E+00
   .16000000E+01 -.53301317E+00
   .16500000E+01 -.59054903E+00
   .17000000E+01 -.64992256E+00
   .17500000E+01 -.71125909E+00
   .18000000E+01 -.77469487E+00
   .18500000E+01 -.84037831E+00
   .19000000E+01 -.90847142E+00
   .19500000E+01 -.97915151E+00
   .20000000E+01 -.10526132E+01
Potential  L  =        1.00000  -1.91505
  -.30000000E+01  .12811742E+01
  -.29500000E+01  .12534154E+01
  -.29000000E+01  .12244127E+01
  -.28500000E+01  .11940093E+01
  -.28000000E+01  .11620190E+01
  -.27500000E+01  .11282184E+01
  -.27000000E+01  .10923375E+01
  -.26500000E+01  .10540466E+01
  -.26000000E+01  .10129385E+01
  -.25500000E+01  .96850451E+00
  -.25000000E+01  .92010012E+00
  -.24500000E+01  .86689653E+00
  -.24000000E+01  .80780929E+00
  -.23500000E+01  .74139113E+00
  -.23000000E+01  .66566563E+00
  -.22500000E+01  .57786191E+00
  -.22000000E+01  .47396740E+00
  -.21500000E+01  .34794596E+00
  -.21000000E+01  .19027598E+00
  -.20500000E+01 -.14991931E-01
  -.20000000E+01 -.29676276E+00
  -.19500000E+01 -.71341157E+00
  -.19000000E+01 -.14031922E+01
  -.18500000E+01 -.27919453E+01
  -.18000000E+01 -.71511696E+01
  -.17500000E+01  .10108138E+03
  -.17000000E+01  .83105915E+01
  -.16500000E+01  .48484064E+01
  -.16000000E+01  .36239663E+01
  -.15500000E+01  .29905348E+01
  -.15000000E+01  .25987517E+01
  -.14500000E+01  .23292033E+01
  -.14000000E+01  .21299649E+01
  -.13500000E+01  .19748219E+01
  -.13000000E+01  .18491082E+01
  -.12500000E+01  .17439756E+01
  -.12000000E+01  .16537675E+01
  -.11500000E+01  .15746975E+01
  -.11000000E+01  .15041340E+01
  -.10500000E+01  .14401900E+01
  -.10000000E+01  .13814758E+01
  -.95000000E+00  .13269443E+01
  -.90000000E+00  .12757903E+01
  -.85000000E+00  .12273838E+01
  -.80000000E+00  .11812233E+01
  -.75000000E+00  .11369040E+01
  -.70000000E+00  .10940945E+01
  -.65000000E+00  .10525199E+01
  -.60000000E+00  .10119494E+01
  -.55000000E+00  .97218706E+00
  -.50000000E+00  .93306412E+00
  -.45000000E+00  .89443397E+00
  -.40000000E+00  .85616753E+00
  -.35000000E+00  .81814993E+00
  -.30000000E+00  .78027770E+00
  -.25000000E+00  .74245653E+00
  -.20000000E+00  .70459946E+00
  -.15000000E+00  .66662532E+00
  -.10000000E+00  .62845746E+00
  -.50000000E-01  .59002265E+00
  -.22898350E-14  .55125008E+00
   .50000000E-01  .51207052E+00
   .10000000E+00  .47241560E+00
   .15000000E+00  .43221714E+00
   .20000000E+00  .39140609E+00
   .25000000E+00  .34991249E+00
   .30000000E+00  .30766447E+00
   .35000000E+00  .26458764E+00
   .40000000E+00  .22060454E+00
   .45000000E+00  .17563390E+00
   .50000000E+00  .12958986E+00
   .55000000E+00  .82381128E-01
   .60000000E+00  .33910851E-01
   .65000000E+00 -.15925524E-01
   .70000000E+00 -.67240402E-01
   .75000000E+00 -.12015556E+00
   .80000000E+00 -.17480331E+00
   .85000000E+00 -.23132809E+00
   .90000000E+00 -.28988815E+00
   .95000000E+00 -.35065757E+00
   .10000000E+01 -.41382854E+00
   .10500000E+01 -.47961405E+00
   .11000000E+01 -.54825109E+00
   .11500000E+01 -.62000428E+00
   .12000000E+01 -.69517034E+00
   .12500000E+01 -.77408331E+00
   .13000000E+01 -.85712087E+00
   .13500000E+01 -.94471190E+00
   .14000000E+01 -.10373457E+01
   .14500000E+01 -.11355832E+01
   .15000000E+01 -.12400708E+01
   .15500000E+01 -.13515577E+01
   .16000000E+01 -.14709172E+01
   .16500000E+01 -.15991736E+01
   .17000000E+01 -.17375369E+01
   .17500000E+01 -.18874470E+01
   .18000000E+01 -.20506312E+01
   .18500000E+01 -.22291800E+01
   .19000000E+01 -.24256481E+01
   .19500000E+01 -.26431913E+01
   .20000000E+01 -.28857545E+01
Core Pot   L  =        2.00000   -.22748
  -.30000000E+01  .15754538E+01
  -.29500000E+01  .15588029E+01
  -.29000000E+01  .15419583E+01
  -.28500000E+01  .15249135E+01
  -.28000000E+01  .15076614E+01
  -.27500000E+01  .14901948E+01
  -.27000000E+01  .14725060E+01
  -.26500000E+01  .14545867E+01
  -.26000000E+01  .14364285E+01
  -.25500000E+01  .14180220E+01
  -.25000000E+01  .13993578E+01
  -.24500000E+01  .13804255E+01
  -.24000000E+01  .13612142E+01
  -.23500000E+01  .13417125E+01
  -.23000000E+01  .13219079E+01
  -.22500000E+01  .13017875E+01
  -.22000000E+01  .12813372E+01
  -.21500000E+01  .12605422E+01
  -.21000000E+01  .12393865E+01
  -.20500000E+01  .12178532E+01
  -.20000000E+01  .11959238E+01
  -.19500000E+01  .11735789E+01
  -.19000000E+01  .11507973E+01
  -.18500000E+01  .11275565E+01
  -.18000000E+01  .11038319E+01
  -.17500000E+01  .10795972E+01
  -.17000000E+01  .10548239E+01
  -.16500000E+01  .10294810E+01
  -.16000000E+01  .10035350E+01
  -.15500000E+01  .97694950E+00
  -.15000000E+01  .94968468E+00
  -.14500000E+01  .92169720E+00
  -.14000000E+01  .89293959E+00
  -.13500000E+01  .86335984E+00
  -.13000000E+01  .83290075E+00
  -.12500000E+01  .80149934E+00
  -.12000000E+01  .76908604E+00
  -.11500000E+01  .73558378E+00
  -.11000000E+01  .70090699E+00
  -.10500000E+01  .66496032E+00
  -.10000000E+01  .62763727E+00
  -.95000000E+00  .58881839E+00
  -.90000000E+00  .54836933E+00
  -.85000000E+00  .50613832E+00
  -.80000000E+00  .46195332E+00
  -.75000000E+00  .41561847E+00
  -.70000000E+00  .36690973E+00
  -.65000000E+00  .31556967E+00
  -.60000000E+00  .26130091E+00
  -.55000000E+00  .20375808E+00
  -.50000000E+00  .14253765E+00
  -.45000000E+00  .77165044E-01
  -.40000000E+00  .70783402E-02
  -.35000000E+00 -.68392948E-01
  -.30000000E+00 -.15005548E+00
  -.25000000E+00 -.23888859E+00
  -.20000000E+00 -.33609320E+00
  -.15000000E+00 -.44315842E+00
  -.10000000E+00 -.56195360E+00
  -.50000000E-01 -.69485816E+00
  -.22898350E-14 -.84494855E+00
   .50000000E-01 -.10162739E+01
   .10000000E+00 -.12142735E+01
   .15000000E+00 -.14464305E+01
   .20000000E+00 -.17233309E+01
   .25000000E+00 -.20604592E+01
   .30000000E+00 -.24814032E+01
   .35000000E+00 -.30239536E+01
   .40000000E+00 -.37526896E+01
   .45000000E+00 -.47878326E+01
   .50000000E+00 -.63816280E+01
   .55000000E+00 -.91681749E+01
   .60000000E+00 -.15325986E+02
   .65000000E+00 -.40600630E+02
   .70000000E+00  .75335006E+02
   .75000000E+00  .20460960E+02
   .80000000E+00  .12119209E+02
   .85000000E+00  .87345058E+01
   .90000000E+00  .68941064E+01
   .95000000E+00  .57331778E+01
   .10000000E+01  .49310001E+01
   .10500000E+01  .43412095E+01
   .11000000E+01  .38874894E+01
   .11500000E+01  .35261428E+01
   .12000000E+01  .32303456E+01
   .12500000E+01  .29827187E+01
   .13000000E+01  .27715063E+01
   .13500000E+01  .25884709E+01
   .14000000E+01  .24276681E+01
   .14500000E+01  .22846998E+01
   .15000000E+01  .21562417E+01
   .15500000E+01  .20397336E+01
   .16000000E+01  .19331715E+01
   .16500000E+01  .18349636E+01
   .17000000E+01  .17438292E+01
   .17500000E+01  .16587255E+01
   .18000000E+01  .15787948E+01
   .18500000E+01  .15033241E+01
   .19000000E+01  .14317160E+01
   .19500000E+01  .13634653E+01
   .20000000E+01  .12981417E+01
Potential  L  =        2.00000   -.22748
  -.30000000E+01  .15839043E+01
  -.29500000E+01  .15674746E+01
  -.29000000E+01  .15508581E+01
  -.28500000E+01  .15340482E+01
  -.28000000E+01  .15170385E+01
  -.27500000E+01  .14998217E+01
  -.27000000E+01  .14823904E+01
  -.26500000E+01  .14647367E+01
  -.26000000E+01  .14468523E+01
  -.25500000E+01  .14287282E+01
  -.25000000E+01  .14103552E+01
  -.24500000E+01  .13917233E+01
  -.24000000E+01  .13728218E+01
  -.23500000E+01  .13536394E+01
  -.23000000E+01  .13341643E+01
  -.22500000E+01  .13143834E+01
  -.22000000E+01  .12942832E+01
  -.21500000E+01  .12738490E+01
  -.21000000E+01  .12530650E+01
  -.20500000E+01  .12319145E+01
  -.20000000E+01  .12103795E+01
  -.19500000E+01  .11884403E+01
  -.19000000E+01  .11660761E+01
  -.18500000E+01  .11432643E+01
  -.18000000E+01  .11199803E+01
  -.17500000E+01  .10961978E+01
  -.17000000E+01  .10718879E+01
  -.16500000E+01  .10470194E+01
  -.16000000E+01  .10215583E+01
  -.15500000E+01  .99546734E+00
  -.15000000E+01  .96870589E+00
  -.14500000E+01  .94122936E+00
  -.14000000E+01  .91298871E+00
  -.13500000E+01  .88392992E+00
  -.13000000E+01  .85399330E+00
  -.12500000E+01  .82311271E+00
  -.12000000E+01  .79121464E+00
  -.11500000E+01  .75821718E+00
  -.11000000E+01  .72402871E+00
  -.10500000E+01  .68854641E+00
  -.10000000E+01  .65165453E+00
  -.95000000E+00  .61322216E+00
  -.90000000E+00  .57310072E+00
  -.85000000E+00  .53112081E+00
  -.80000000E+00  .48708840E+00
  -.75000000E+00  .44078002E+00
  -.70000000E+00  .39193737E+00
  -.65000000E+00  .34025949E+00
  -.60000000E+00  .28539402E+00
  -.55000000E+00  .22692560E+00
  -.50000000E+00  .16436077E+00
  -.45000000E+00  .97109113E-01
  -.40000000E+00  .24457665E-01
  -.35000000E+00 -.54462554E-01
  -.30000000E+00 -.14072187E+00
  -.25000000E+00 -.23565402E+00
  -.20000000E+00 -.34094273E+00
  -.15000000E+00 -.45874477E+00
  -.10000000E+00 -.59186898E+00
  -.50000000E-01 -.74404320E+00
  -.22898350E-14 -.92032407E+00
   .50000000E-01 -.11277476E+01
   .10000000E+00 -.13764034E+01
   .15000000E+00 -.16812942E+01
   .20000000E+00 -.20657416E+01
   .25000000E+00 -.25680824E+01
   .30000000E+00 -.32560740E+01
   .35000000E+00 -.42618205E+01
   .40000000E+00 -.58819486E+01
   .45000000E+00 -.89495415E+01
   .50000000E+00 -.17047768E+02
   .55000000E+00 -.10145877E+03
   .60000000E+00  .28241167E+02
   .65000000E+00  .12863058E+02
   .70000000E+00  .85003012E+01
   .75000000E+00  .64294850E+01
   .80000000E+00  .52144816E+01
   .85000000E+00  .44115953E+01
   .90000000E+00  .38385737E+01
   .95000000E+00  .34067639E+01
   .10000000E+01  .30678593E+01
   .10500000E+01  .27932905E+01
   .11000000E+01  .25650775E+01
   .11500000E+01  .23713378E+01
   .12000000E+01  .22039026E+01
   .12500000E+01  .20569695E+01
   .13000000E+01  .19263026E+01
   .13500000E+01  .18087361E+01
   .14000000E+01  .17018551E+01
   .14500000E+01  .16037856E+01
   .15000000E+01  .15130491E+01
   .15500000E+01  .14284622E+01
   .16000000E+01  .13490669E+01
   .16500000E+01  .12740777E+01
   .17000000E+01  .12028439E+01
   .17500000E+01  .11348208E+01
   .18000000E+01  .10695485E+01
   .18500000E+01  .10066350E+01
   .19000000E+01  .94574314E+00
   .19500000E+01  .88658103E+00
   .20000000E+01  .82889349E+00
Core Pot   L  =        3.00000   -.56429
  -.30000000E+01  .18184449E+01
  -.29500000E+01  .18043030E+01
  -.29000000E+01  .17900300E+01
  -.28500000E+01  .17756213E+01
  -.28000000E+01  .17610719E+01
  -.27500000E+01  .17463767E+01
  -.27000000E+01  .17315298E+01
  -.26500000E+01  .17165254E+01
  -.26000000E+01  .17013568E+01
  -.25500000E+01  .16860171E+01
  -.25000000E+01  .16704984E+01
  -.24500000E+01  .16547927E+01
  -.24000000E+01  .16388908E+01
  -.23500000E+01  .16227828E+01
  -.23000000E+01  .16064580E+01
  -.22500000E+01  .15899045E+01
  -.22000000E+01  .15731093E+01
  -.21500000E+01  .15560577E+01
  -.21000000E+01  .15387339E+01
  -.20500000E+01  .15211198E+01
  -.20000000E+01  .15031954E+01
  -.19500000E+01  .14849380E+01
  -.19000000E+01  .14663223E+01
  -.18500000E+01  .14473191E+01
  -.18000000E+01  .14278953E+01
  -.17500000E+01  .14080130E+01
  -.17000000E+01  .13876281E+01
  -.16500000E+01  .13666895E+01
  -.16000000E+01  .13451371E+01
  -.15500000E+01  .13229001E+01
  -.15000000E+01  .12998943E+01
  -.14500000E+01  .12760180E+01
  -.14000000E+01  .12511484E+01
  -.13500000E+01  .12251342E+01
  -.13000000E+01  .11977877E+01
  -.12500000E+01  .11688728E+01
  -.12000000E+01  .11380873E+01
  -.11500000E+01  .11050387E+01
  -.11000000E+01  .10692064E+01
  -.10500000E+01  .10298853E+01
  -.10000000E+01  .98609434E+00
  -.95000000E+00  .93642678E+00
  -.90000000E+00  .87878977E+00
  -.85000000E+00  .80992637E+00
  -.80000000E+00  .72447295E+00
  -.75000000E+00  .61292414E+00
  -.70000000E+00  .45667258E+00
  -.65000000E+00  .21367477E+00
  -.60000000E+00 -.23542869E+00
  -.55000000E+00 -.14163621E+01
  -.50000000E+00 -.15882564E+02
  -.45000000E+00  .46655008E+01
  -.40000000E+00  .26749076E+01
  -.35000000E+00  .20788368E+01
  -.30000000E+00  .17833746E+01
  -.25000000E+00  .16014404E+01
  -.20000000E+00  .14744104E+01
  -.15000000E+00  .13780123E+01
  -.10000000E+00  .13003755E+01
  -.50000000E-01  .12350043E+01
  -.22898350E-14  .11780425E+01
   .50000000E-01  .11270540E+01
   .10000000E+00  .10804217E+01
   .15000000E+00  .10370283E+01
   .20000000E+00  .99607492E+00
   .25000000E+00  .95697373E+00
   .30000000E+00  .91928063E+00
   .35000000E+00  .88265241E+00
   .40000000E+00  .84681805E+00
   .45000000E+00  .81155923E+00
   .50000000E+00  .77669667E+00
   .55000000E+00  .74208039E+00
   .60000000E+00  .70758261E+00
   .65000000E+00  .67309250E+00
   .70000000E+00  .63851216E+00
   .75000000E+00  .60375360E+00
   .80000000E+00  .56873631E+00
   .85000000E+00  .53338539E+00
   .90000000E+00  .49762996E+00
   .95000000E+00  .46140193E+00
   .10000000E+01  .42463485E+00
   .10500000E+01  .38726303E+00
   .11000000E+01  .34922065E+00
   .11500000E+01  .31044102E+00
   .12000000E+01  .27085583E+00
   .12500000E+01  .23039450E+00
   .13000000E+01  .18898340E+00
   .13500000E+01  .14654524E+00
   .14000000E+01  .10299824E+00
   .14500000E+01  .58255413E-01
   .15000000E+01  .12223690E-01
   .15500000E+01 -.35197005E-01
   .16000000E+01 -.84114770E-01
   .16500000E+01 -.13464688E+00
   .17000000E+01 -.18692107E+00
   .17500000E+01 -.24107704E+00
   .18000000E+01 -.29726808E+00
   .18500000E+01 -.35566313E+00
   .19000000E+01 -.41644890E+00
   .19500000E+01 -.47983262E+00
   .20000000E+01 -.54604503E+00
Potential  L  =        3.00000   -.56429
  -.30000000E+01  .16865802E+01
  -.29500000E+01  .16687839E+01
  -.29000000E+01  .16507036E+01
  -.28500000E+01  .16323259E+01
  -.28000000E+01  .16136367E+01
  -.27500000E+01  .15946204E+01
  -.27000000E+01  .15752606E+01
  -.26500000E+01  .15555396E+01
  -.26000000E+01  .15354381E+01
  -.25500000E+01  .15149356E+01
  -.25000000E+01  .14940097E+01
  -.24500000E+01  .14726361E+01
  -.24000000E+01  .14507887E+01
  -.23500000E+01  .14284387E+01
  -.23000000E+01  .14055551E+01
  -.22500000E+01  .13821039E+01
  -.22000000E+01  .13580478E+01
  -.21500000E+01  .13333463E+01
  -.21000000E+01  .13079544E+01
  -.20500000E+01  .12818228E+01
  -.20000000E+01  .12548970E+01
  -.19500000E+01  .12271167E+01
  -.19000000E+01  .11984148E+01
  -.18500000E+01  .11687168E+01
  -.18000000E+01  .11379393E+01
  -.17500000E+01  .11059888E+01
  -.17000000E+01  .10727601E+01
  -.16500000E+01  .10381347E+01
  -.16000000E+01  .10019779E+01
  -.15500000E+01  .96413676E+00
  -.15000000E+01  .92443614E+00
  -.14500000E+01  .88267503E+00
  -.14000000E+01  .83862131E+00
  -.13500000E+01  .79200551E+00
  -.13000000E+01  .74251298E+00
  -.12500000E+01  .68977392E+00
  -.12000000E+01  .63335077E+00
  -.11500000E+01  .57272152E+00
  -.11000000E+01  .50725966E+00
  -.10500000E+01  .43620424E+00
  -.10000000E+01  .35862356E+00
  -.95000000E+00  .27336374E+00
  -.90000000E+00  .17897819E+00
  -.85000000E+00  .73628697E-01
  -.80000000E+00 -.45057995E-01
  -.75000000E+00 -.18019837E+00
  -.70000000E+00 -.33596950E+00
  -.65000000E+00 -.51810202E+00
  -.60000000E+00 -.73467673E+00
  -.55000000E+00 -.99746732E+00
  -.50000000E+00 -.13243227E+01
  -.45000000E+00 -.17436667E+01
  -.40000000E+00 -.23036918E+01
  -.35000000E+00 -.30931657E+01
  -.30000000E+00 -.42955192E+01
  -.25000000E+00 -.63609122E+01
  -.20000000E+00 -.10767973E+02
  -.15000000E+00 -.26873060E+02
  -.10000000E+00  .86142449E+02
  -.50000000E-01  .18193368E+02
  -.22898350E-14  .10650164E+02
   .50000000E-01  .77399202E+01
   .10000000E+00  .61916084E+01
   .15000000E+00  .52267835E+01
   .20000000E+00  .45652668E+01
   .25000000E+00  .40814748E+01
   .30000000E+00  .37107186E+01
   .35000000E+00  .34162832E+01
   .40000000E+00  .31757811E+01
   .45000000E+00  .29747840E+01
   .50000000E+00  .28035743E+01
   .55000000E+00  .26553665E+01
   .60000000E+00  .25252792E+01
   .65000000E+00  .24097100E+01
   .70000000E+00  .23059424E+01
   .75000000E+00  .22118885E+01
   .80000000E+00  .21259173E+01
   .85000000E+00  .20467353E+01
   .90000000E+00  .19733037E+01
   .95000000E+00  .19047782E+01
   .10000000E+01  .18404651E+01
   .10500000E+01  .17797891E+01
   .11000000E+01  .17222688E+01
   .11500000E+01  .16674978E+01
   .12000000E+01  .16151308E+01
   .12500000E+01  .15648719E+01
   .13000000E+01  .15164662E+01
   .13500000E+01  .14696924E+01
   .14000000E+01  .14243575E+01
   .14500000E+01  .13802918E+01
   .15000000E+01  .13373458E+01
   .15500000E+01  .12953867E+01
   .16000000E+01  .12542958E+01
   .16500000E+01  .12139669E+01
   .17000000E+01  .11743041E+01
   .17500000E+01  .11352206E+01
   .18000000E+01  .10966372E+01
   .18500000E+01  .10584816E+01
   .19000000E+01  .10206870E+01
   .19500000E+01  .98319200E+00
   .20000000E+01  .94593913E+00
Core Pot   L  =        4.00000    .00000
  -.30000000E+01  .20948573E+01
  -.29500000E+01  .20831500E+01
  -.29000000E+01  .20713810E+01
  -.28500000E+01  .20595492E+01
  -.28000000E+01  .20476536E+01
  -.27500000E+01  .20356934E+01
  -.27000000E+01  .20236674E+01
  -.26500000E+01  .20115747E+01
  -.26000000E+01  .19994141E+01
  -.25500000E+01  .19871846E+01
  -.25000000E+01  .19748850E+01
  -.24500000E+01  .19625143E+01
  -.24000000E+01  .19500711E+01
  -.23500000E+01  .19375544E+01
  -.23000000E+01  .19249628E+01
  -.22500000E+01  .19122950E+01
  -.22000000E+01  .18995498E+01
  -.21500000E+01  .18867258E+01
  -.21000000E+01  .18738215E+01
  -.20500000E+01  .18608357E+01
  -.20000000E+01  .18477667E+01
  -.19500000E+01  .18346131E+01
  -.19000000E+01  .18213733E+01
  -.18500000E+01  .18080457E+01
  -.18000000E+01  .17946287E+01
  -.17500000E+01  .17811205E+01
  -.17000000E+01  .17675195E+01
  -.16500000E+01  .17538237E+01
  -.16000000E+01  .17400313E+01
  -.15500000E+01  .17261404E+01
  -.15000000E+01  .17121490E+01
  -.14500000E+01  .16980550E+01
  -.14000000E+01  .16838564E+01
  -.13500000E+01  .16695509E+01
  -.13000000E+01  .16551364E+01
  -.12500000E+01  .16406103E+01
  -.12000000E+01  .16259704E+01
  -.11500000E+01  .16112142E+01
  -.11000000E+01  .15963390E+01
  -.10500000E+01  .15813421E+01
  -.10000000E+01  .15662209E+01
  -.95000000E+00  .15509724E+01
  -.90000000E+00  .15355937E+01
  -.85000000E+00  .15200816E+01
  -.80000000E+00  .15044330E+01
  -.75000000E+00  .14886446E+01
  -.70000000E+00  .14727128E+01
  -.65000000E+00  .14566342E+01
  -.60000000E+00  .14404049E+01
  -.55000000E+00  .14240212E+01
  -.50000000E+00  .14074790E+01
  -.45000000E+00  .13907740E+01
  -.40000000E+00  .13739020E+01
  -.35000000E+00  .13568583E+01
  -.30000000E+00  .13396383E+01
  -.25000000E+00  .13222370E+01
  -.20000000E+00  .13046492E+01
  -.15000000E+00  .12868695E+01
  -.10000000E+00  .12688923E+01
  -.50000000E-01  .12507117E+01
  -.22898350E-14  .12323216E+01
   .50000000E-01  .12137154E+01
   .10000000E+00  .11948865E+01
   .15000000E+00  .11758276E+01
   .20000000E+00  .11565315E+01
   .25000000E+00  .11369903E+01
   .30000000E+00  .11171958E+01
   .35000000E+00  .10971393E+01
   .40000000E+00  .10768118E+01
   .45000000E+00  .10562038E+01
   .50000000E+00  .10353051E+01
   .55000000E+00  .10141052E+01
   .60000000E+00  .99259278E+00
   .65000000E+00  .97075608E+00
   .70000000E+00  .94858254E+00
   .75000000E+00  .92605888E+00
   .80000000E+00  .90317106E+00
   .85000000E+00  .87990416E+00
   .90000000E+00  .85624234E+00
   .95000000E+00  .83216878E+00
   .10000000E+01  .80766555E+00
   .10500000E+01  .78271359E+00
   .11000000E+01  .75729253E+00
   .11500000E+01  .73138064E+00
   .12000000E+01  .70495467E+00
   .12500000E+01  .67798973E+00
   .13000000E+01  .65045915E+00
   .13500000E+01  .62233425E+00
   .14000000E+01  .59358427E+00
   .14500000E+01  .56417601E+00
   .15000000E+01  .53407371E+00
   .15500000E+01  .50323871E+00
   .16000000E+01  .47162919E+00
   .16500000E+01  .43919982E+00
   .17000000E+01  .40590135E+00
   .17500000E+01  .37168023E+00
   .18000000E+01  .33647804E+00
   .18500000E+01  .30023094E+00
   .19000000E+01  .26286909E+00
   .19500000E+01  .22431580E+00
   .20000000E+01  .18448671E+00
Potential  L  =        4.00000    .00000
  -.30000000E+01  .20950882E+01
  -.29500000E+01  .20833875E+01
  -.29000000E+01  .20716281E+01
  -.28500000E+01  .20598048E+01
  -.28000000E+01  .20479172E+01
  -.27500000E+01  .20359681E+01
  -.27000000E+01  .20239507E+01
  -.26500000E+01  .20118685E+01
  -.26000000E+01  .19997191E+01
  -.25500000E+01  .19875008E+01
  -.25000000E+01  .19752134E+01
  -.24500000E+01  .19628560E+01
  -.24000000E+01  .19504252E+01
  -.23500000E+01  .19379223E+01
  -.23000000E+01  .19253452E+01
  -.22500000E+01  .19126940E+01
  -.22000000E+01  .18999648E+01
  -.21500000E+01  .18871561E+01
  -.21000000E+01  .18742691E+01
  -.20500000E+01  .18613020E+01
  -.20000000E+01  .18482524E+01
  -.19500000E+01  .18351186E+01
  -.19000000E+01  .18219003E+01
  -.18500000E+01  .18085959E+01
  -.18000000E+01  .17952013E+01
  -.17500000E+01  .17817186E+01
  -.17000000E+01  .17681425E+01
  -.16500000E+01  .17544734E+01
  -.16000000E+01  .17407094E+01
  -.15500000E+01  .17268486E+01
  -.15000000E+01  .17128886E+01
  -.14500000E+01  .16988275E+01
  -.14000000E+01  .16846633E+01
  -.13500000E+01  .16703944E+01
  -.13000000E+01  .16560187E+01
  -.12500000E+01  .16415320E+01
  -.12000000E+01  .16269346E+01
  -.11500000E+01  .16122228E+01
  -.11000000E+01  .15973947E+01
  -.10500000E+01  .15824474E+01
  -.10000000E+01  .15673781E+01
  -.95000000E+00  .15521847E+01
  -.90000000E+00  .15368637E+01
  -.85000000E+00  .15214127E+01
  -.80000000E+00  .15058285E+01
  -.75000000E+00  .14901079E+01
  -.70000000E+00  .14742479E+01
  -.65000000E+00  .14582449E+01
  -.60000000E+00  .14420956E+01
  -.55000000E+00  .14257963E+01
  -.50000000E+00  .14093433E+01
  -.45000000E+00  .13927327E+01
  -.40000000E+00  .13759605E+01
  -.35000000E+00  .13590224E+01
  -.30000000E+00  .13419142E+01
  -.25000000E+00  .13246313E+01
  -.20000000E+00  .13071689E+01
  -.15000000E+00  .12895221E+01
  -.10000000E+00  .12716859E+01
  -.50000000E-01  .12536548E+01
  -.22898350E-14  .12354234E+01
   .50000000E-01  .12169857E+01
   .10000000E+00  .11983357E+01
   .15000000E+00  .11794671E+01
   .20000000E+00  .11603733E+01
   .25000000E+00  .11410473E+01
   .30000000E+00  .11214819E+01
   .35000000E+00  .11016694E+01
   .40000000E+00  .10816019E+01
   .45000000E+00  .10612711E+01
   .50000000E+00  .10406682E+01
   .55000000E+00  .10197841E+01
   .60000000E+00  .99860895E+00
   .65000000E+00  .97713276E+00
   .70000000E+00  .95534479E+00
   .75000000E+00  .93323380E+00
   .80000000E+00  .91078793E+00
   .85000000E+00  .88799468E+00
   .90000000E+00  .86484087E+00
   .95000000E+00  .84131255E+00
   .10000000E+01  .81739499E+00
   .10500000E+01  .79307260E+00
   .11000000E+01  .76832888E+00
   .11500000E+01  .74314631E+00
   .12000000E+01  .71750632E+00
   .12500000E+01  .69138918E+00
   .13000000E+01  .66477391E+00
   .13500000E+01  .63763819E+00
   .14000000E+01  .60995822E+00
   .14500000E+01  .58170863E+00
   .15000000E+01  .55286230E+00
   .15500000E+01  .52339024E+00
   .16000000E+01  .49326126E+00
   .16500000E+01  .46244244E+00
   .17000000E+01  .43089790E+00
   .17500000E+01  .39858926E+00
   .18000000E+01  .36547523E+00
   .18500000E+01  .33151124E+00
   .19000000E+01  .29664925E+00
   .19500000E+01  .26083724E+00
   .20000000E+01  .22401891E+00
KBPotential  L  =       .00000  -7.72144
  -.30000000E+01  .16063814E+01
  -.29500000E+01  .15791780E+01
  -.29000000E+01  .15529467E+01
  -.28500000E+01  .15275075E+01
  -.28000000E+01  .15027145E+01
  -.27500000E+01  .14784485E+01
  -.27000000E+01  .14546104E+01
  -.26500000E+01  .14311173E+01
  -.26000000E+01  .14078987E+01
  -.25500000E+01  .13848945E+01
  -.25000000E+01  .13620525E+01
  -.24500000E+01  .13393273E+01
  -.24000000E+01  .13166785E+01
  -.23500000E+01  .12940712E+01
  -.23000000E+01  .12714729E+01
  -.22500000E+01  .12488547E+01
  -.22000000E+01  .12261900E+01
  -.21500000E+01  .12034543E+01
  -.21000000E+01  .11806250E+01
  -.20500000E+01  .11576807E+01
  -.20000000E+01  .11346010E+01
  -.19500000E+01  .11113667E+01
  -.19000000E+01  .10879590E+01
  -.18500000E+01  .10643600E+01
  -.18000000E+01  .10405520E+01
  -.17500000E+01  .10165176E+01
  -.17000000E+01  .99223946E+00
  -.16500000E+01  .96770053E+00
  -.16000000E+01  .94288395E+00
  -.15500000E+01  .91777141E+00
  -.15000000E+01  .89234526E+00
  -.14500000E+01  .86658888E+00
  -.14000000E+01  .84048248E+00
  -.13500000E+01  .81400767E+00
  -.13000000E+01  .78714481E+00
  -.12500000E+01  .75987379E+00
  -.12000000E+01  .73217359E+00
  -.11500000E+01  .70402241E+00
  -.11000000E+01  .67539741E+00
  -.10500000E+01  .64627472E+00
  -.10000000E+01  .61662927E+00
  -.95000000E+00  .58643466E+00
  -.90000000E+00  .55566311E+00
  -.85000000E+00  .52428504E+00
  -.80000000E+00  .49226968E+00
  -.75000000E+00  .45958389E+00
  -.70000000E+00  .42619261E+00
  -.65000000E+00  .39205849E+00
  -.60000000E+00  .35714175E+00
  -.55000000E+00  .32139984E+00
  -.50000000E+00  .28478726E+00
  -.45000000E+00  .24725519E+00
  -.40000000E+00  .20875121E+00
  -.35000000E+00  .16921874E+00
  -.30000000E+00  .12859726E+00
  -.25000000E+00  .86820993E-01
  -.20000000E+00  .43818771E-01
  -.15000000E+00 -.48639762E-03
  -.10000000E+00 -.46178264E-01
  -.50000000E-01 -.93348163E-01
  -.22898350E-14 -.14209506E+00
   .50000000E-01 -.19252881E+00
   .10000000E+00 -.24476693E+00
   .15000000E+00 -.29894137E+00
   .20000000E+00 -.35519617E+00
   .25000000E+00 -.41369088E+00
   .30000000E+00 -.47460152E+00
   .35000000E+00 -.53812432E+00
   .40000000E+00 -.60447758E+00
   .45000000E+00 -.67390542E+00
   .50000000E+00 -.74668169E+00
   .55000000E+00 -.82311463E+00
   .60000000E+00 -.90355267E+00
   .65000000E+00 -.98839144E+00
   .70000000E+00 -.10780819E+01
   .75000000E+00 -.11731406E+01
   .80000000E+00 -.12741622E+01
   .85000000E+00 -.13818354E+01
   .90000000E+00 -.14969619E+01
   .95000000E+00 -.16204816E+01
   .10000000E+01 -.17535040E+01
   .10500000E+01 -.18973479E+01
   .11000000E+01 -.20535943E+01
   .11500000E+01 -.22241597E+01
   .12000000E+01 -.24113829E+01
   .12500000E+01 -.26181558E+01
   .13000000E+01 -.28480973E+01
   .13500000E+01 -.31058006E+01
   .14000000E+01 -.33971858E+01
   .14500000E+01 -.37300228E+01
   .15000000E+01 -.41147197E+01
   .15500000E+01 -.45655582E+01
   .16000000E+01 -.51026913E+01
   .16500000E+01 -.57555263E+01
   .17000000E+01 -.65687565E+01
   .17500000E+01 -.76138273E+01
   .18000000E+01 -.90125590E+01
   .18500000E+01 -.10991209E+02
   .19000000E+01 -.14023202E+02
   .19500000E+01 -.19294264E+02
   .20000000E+01 -.30851962E+02
KBPotential  L  =      1.00000  -3.83011
  -.30000000E+01  .12519826E+01
  -.29500000E+01  .12226051E+01
  -.29000000E+01  .11918448E+01
  -.28500000E+01  .11595295E+01
  -.28000000E+01  .11254553E+01
  -.27500000E+01  .10893791E+01
  -.27000000E+01  .10510087E+01
  -.26500000E+01  .10099891E+01
  -.26000000E+01  .96588531E+00
  -.25500000E+01  .91815804E+00
  -.25000000E+01  .86613023E+00
  -.24500000E+01  .80893999E+00
  -.24000000E+01  .74547277E+00
  -.23500000E+01  .67426116E+00
  -.23000000E+01  .59333301E+00
  -.22500000E+01  .49997368E+00
  -.22000000E+01  .39033969E+00
  -.21500000E+01  .25880366E+00
  -.21000000E+01  .96782368E-01
  -.20500000E+01 -.10949818E+00
  -.20000000E+01 -.38362743E+00
  -.19500000E+01 -.76965076E+00
  -.19000000E+01 -.13603849E+01
  -.18500000E+01 -.23907713E+01
  -.18000000E+01 -.46786646E+01
  -.17500000E+01 -.14385856E+02
  -.17000000E+01  .25877475E+02
  -.16500000E+01  .80922166E+01
  -.16000000E+01  .51887516E+01
  -.15500000E+01  .39887630E+01
  -.15000000E+01  .33274483E+01
  -.14500000E+01  .29047681E+01
  -.14000000E+01  .26085622E+01
  -.13500000E+01  .23873952E+01
  -.13000000E+01  .22143578E+01
  -.12500000E+01  .20740042E+01
  -.12000000E+01  .19568344E+01
  -.11500000E+01  .18566834E+01
  -.11000000E+01  .17693750E+01
  -.10500000E+01  .16919789E+01
  -.10000000E+01  .16223779E+01
  -.95000000E+00  .15590034E+01
  -.90000000E+00  .15006679E+01
  -.85000000E+00  .14464557E+01
  -.80000000E+00  .13956484E+01
  -.75000000E+00  .13476743E+01
  -.70000000E+00  .13020722E+01
  -.65000000E+00  .12584656E+01
  -.60000000E+00  .12165436E+01
  -.55000000E+00  .11760466E+01
  -.50000000E+00  .11367562E+01
  -.45000000E+00  .10984866E+01
  -.40000000E+00  .10610785E+01
  -.35000000E+00  .10243939E+01
  -.30000000E+00  .98831264E+00
  -.25000000E+00  .95272911E+00
  -.20000000E+00  .91754964E+00
  -.15000000E+00  .88269061E+00
  -.10000000E+00  .84807674E+00
  -.50000000E-01  .81363976E+00
  -.22898350E-14  .77931724E+00
   .50000000E-01  .74505165E+00
   .10000000E+00  .71078955E+00
   .15000000E+00  .67648099E+00
   .20000000E+00  .64207856E+00
   .25000000E+00  .60753746E+00
   .30000000E+00  .57281460E+00
   .35000000E+00  .53786840E+00
   .40000000E+00  .50265831E+00
   .45000000E+00  .46714463E+00
   .50000000E+00  .43128811E+00
   .55000000E+00  .39504973E+00
   .60000000E+00  .35839041E+00
   .65000000E+00  .32127081E+00
   .70000000E+00  .28365106E+00
   .75000000E+00  .24549052E+00
   .80000000E+00  .20674756E+00
   .85000000E+00  .16737933E+00
   .90000000E+00  .12734152E+00
   .95000000E+00  .86588098E-01
   .10000000E+01  .45071083E-01
   .10500000E+01  .27402338E-02
   .11000000E+01 -.40457208E-01
   .11500000E+01 -.84576861E-01
   .12000000E+01 -.12967753E+00
   .12500000E+01 -.17582156E+00
   .13000000E+01 -.22307526E+00
   .13500000E+01 -.27150944E+00
   .14000000E+01 -.32119948E+00
   .14500000E+01 -.37222647E+00
   .15000000E+01 -.42467749E+00
   .15500000E+01 -.47864633E+00
   .16000000E+01 -.53423418E+00
   .16500000E+01 -.59155066E+00
   .17000000E+01 -.65071459E+00
   .17500000E+01 -.71185538E+00
   .18000000E+01 -.77511395E+00
   .18500000E+01 -.84064432E+00
   .19000000E+01 -.90861528E+00
   .19500000E+01 -.97921231E+00
   .20000000E+01 -.10526397E+01
KBPotential  L  =      2.00000   -.45497
  -.30000000E+01  .15750283E+01
  -.29500000E+01  .15583901E+01
  -.29000000E+01  .15415608E+01
  -.28500000E+01  .15245188E+01
  -.28000000E+01  .15072750E+01
  -.27500000E+01  .14898151E+01
  -.27000000E+01  .14721356E+01
  -.26500000E+01  .14542249E+01
  -.26000000E+01  .14360765E+01
  -.25500000E+01  .14176788E+01
  -.25000000E+01  .13990305E+01
  -.24500000E+01  .13801000E+01
  -.24000000E+01  .13609041E+01
  -.23500000E+01  .13414110E+01
  -.23000000E+01  .13216150E+01
  -.22500000E+01  .13015031E+01
  -.22000000E+01  .12810614E+01
  -.21500000E+01  .12602748E+01
  -.21000000E+01  .12391276E+01
  -.20500000E+01  .12176024E+01
  -.20000000E+01  .11956810E+01
  -.19500000E+01  .11733446E+01
  -.19000000E+01  .11505711E+01
  -.18500000E+01  .11273383E+01
  -.18000000E+01  .11036215E+01
  -.17500000E+01  .10793913E+01
  -.17000000E+01  .10546255E+01
  -.16500000E+01  .10292900E+01
  -.16000000E+01  .10033512E+01
  -.15500000E+01  .97677278E+00
  -.15000000E+01  .94951446E+00
  -.14500000E+01  .92153379E+00
  -.14000000E+01  .89278252E+00
  -.13500000E+01  .86320885E+00
  -.13000000E+01  .83275561E+00
  -.12500000E+01  .80135972E+00
  -.12000000E+01  .76895160E+00
  -.11500000E+01  .73545408E+00
  -.11000000E+01  .70078189E+00
  -.10500000E+01  .66483939E+00
  -.10000000E+01  .62752495E+00
  -.95000000E+00  .58870954E+00
  -.90000000E+00  .54826357E+00
  -.85000000E+00  .50603514E+00
  -.80000000E+00  .46185224E+00
  -.75000000E+00  .41551898E+00
  -.70000000E+00  .36681131E+00
  -.65000000E+00  .31547176E+00
  -.60000000E+00  .26120300E+00
  -.55000000E+00  .20365959E+00
  -.50000000E+00  .14243798E+00
  -.45000000E+00  .77063588E-01
  -.40000000E+00  .69744959E-02
  -.35000000E+00 -.68499822E-01
  -.30000000E+00 -.15016601E+00
  -.25000000E+00 -.23900339E+00
  -.20000000E+00 -.33621302E+00
  -.15000000E+00 -.44328393E+00
  -.10000000E+00 -.56208553E+00
  -.50000000E-01 -.69499756E+00
  -.22898350E-14 -.84509662E+00
   .50000000E-01 -.10164322E+01
   .10000000E+00 -.12144446E+01
   .15000000E+00 -.14466183E+01
   .20000000E+00 -.17235421E+01
   .25000000E+00 -.20607056E+01
   .30000000E+00 -.24817063E+01
   .35000000E+00 -.30243552E+01
   .40000000E+00 -.37532767E+01
   .45000000E+00 -.47888306E+01
   .50000000E+00 -.63835121E+01
   .55000000E+00 -.91725135E+01
   .60000000E+00 -.15340036E+02
   .65000000E+00 -.40717882E+02
   .70000000E+00  .74854942E+02
   .75000000E+00  .20418049E+02
   .80000000E+00  .12100994E+02
   .85000000E+00  .87230744E+01
   .90000000E+00  .68855362E+01
   .95000000E+00  .57260753E+01
   .10000000E+01  .49247262E+01
   .10500000E+01  .43354235E+01
   .11000000E+01  .38819915E+01
   .11500000E+01  .35208017E+01
   .12000000E+01  .32250676E+01
   .12500000E+01  .29774252E+01
   .13000000E+01  .27661551E+01
   .13500000E+01  .25830162E+01
   .14000000E+01  .24220734E+01
   .14500000E+01  .22789298E+01
   .15000000E+01  .21502632E+01
   .15500000E+01  .20335169E+01
   .16000000E+01  .19266865E+01
   .16500000E+01  .18281801E+01
   .17000000E+01  .17367184E+01
   .17500000E+01  .16512574E+01
   .18000000E+01  .15709383E+01
   .18500000E+01  .14950467E+01
   .19000000E+01  .14229837E+01
   .19500000E+01  .13542426E+01
   .20000000E+01  .12883914E+01
KBPotential  L  =      3.00000  -1.12857
  -.30000000E+01  .18192194E+01
  -.29500000E+01  .18050600E+01
  -.29000000E+01  .17907690E+01
  -.28500000E+01  .17763418E+01
  -.28000000E+01  .17617734E+01
  -.27500000E+01  .17470586E+01
  -.27000000E+01  .17321918E+01
  -.26500000E+01  .17171669E+01
  -.26000000E+01  .17019773E+01
  -.25500000E+01  .16866161E+01
  -.25000000E+01  .16710755E+01
  -.24500000E+01  .16553473E+01
  -.24000000E+01  .16394225E+01
  -.23500000E+01  .16232912E+01
  -.23000000E+01  .16069427E+01
  -.22500000E+01  .15903650E+01
  -.22000000E+01  .15735452E+01
  -.21500000E+01  .15564687E+01
  -.21000000E+01  .15391196E+01
  -.20500000E+01  .15214799E+01
  -.20000000E+01  .15035295E+01
  -.19500000E+01  .14852460E+01
  -.19000000E+01  .14666038E+01
  -.18500000E+01  .14475741E+01
  -.18000000E+01  .14281236E+01
  -.17500000E+01  .14082145E+01
  -.17000000E+01  .13878028E+01
  -.16500000E+01  .13668374E+01
  -.16000000E+01  .13452585E+01
  -.15500000E+01  .13229951E+01
  -.15000000E+01  .12999631E+01
  -.14500000E+01  .12760611E+01
  -.14000000E+01  .12511662E+01
  -.13500000E+01  .12251273E+01
  -.13000000E+01  .11977569E+01
  -.12500000E+01  .11688189E+01
  -.12000000E+01  .11380112E+01
  -.11500000E+01  .11049416E+01
  -.11000000E+01  .10690896E+01
  -.10500000E+01  .10297503E+01
  -.10000000E+01  .98594269E+00
  -.95000000E+00  .93626033E+00
  -.90000000E+00  .87861051E+00
  -.85000000E+00  .80973639E+00
  -.80000000E+00  .72427452E+00
  -.75000000E+00  .61271956E+00
  -.70000000E+00  .45646401E+00
  -.65000000E+00  .21346410E+00
  -.60000000E+00 -.23563892E+00
  -.55000000E+00 -.14165471E+01
  -.50000000E+00 -.15878108E+02
  -.45000000E+00  .46659200E+01
  -.40000000E+00  .26750187E+01
  -.35000000E+00  .20789186E+01
  -.30000000E+00  .17834770E+01
  -.25000000E+00  .16015857E+01
  -.20000000E+00  .14746145E+01
  -.15000000E+00  .13782891E+01
  -.10000000E+00  .13009377E+01
  -.50000000E-01  .12354786E+01
  -.22898350E-14  .11786582E+01
   .50000000E-01  .11277965E+01
   .10000000E+00  .10813081E+01
   .15000000E+00  .10380772E+01
   .20000000E+00  .99730672E+00
   .25000000E+00  .95841070E+00
   .30000000E+00  .92092312E+00
   .35000000E+00  .88451021E+00
   .40000000E+00  .84902644E+00
   .45000000E+00  .81408525E+00
   .50000000E+00  .77957549E+00
   .55000000E+00  .74535058E+00
   .60000000E+00  .71128651E+00
   .65000000E+00  .67727656E+00
   .70000000E+00  .64322738E+00
   .75000000E+00  .60905602E+00
   .80000000E+00  .57471550E+00
   .85000000E+00  .53974349E+00
   .90000000E+00  .50458211E+00
   .95000000E+00  .46919012E+00
   .10000000E+01  .43408441E+00
   .10500000E+01  .39779164E+00
   .11000000E+01  .36093911E+00
   .11500000E+01  .32347165E+00
   .12000000E+01  .28533381E+00
   .12500000E+01  .24646932E+00
   .13000000E+01  .20682061E+00
   .13500000E+01  .16632832E+00
   .14000000E+01  .12493081E+00
   .14500000E+01  .82563707E-01
   .15000000E+01  .39159395E-01
   .15500000E+01 -.53534909E-02
   .16000000E+01 -.51050621E-01
   .16500000E+01 -.98012537E-01
   .17000000E+01 -.14627317E+00
   .17500000E+01 -.17174290E+00
   .18000000E+01 -.24806608E+00
   .18500000E+01 -.30075298E+00
   .19000000E+01 -.35510086E+00
   .19500000E+01 -.41164581E+00
   .20000000E+01 -.47092861E+00
KBPotential  L  =      4.00000    .00000
  -.30000000E+01  .20950882E+01
  -.29500000E+01  .20833875E+01
  -.29000000E+01  .20716281E+01
  -.28500000E+01  .20598048E+01
  -.28000000E+01  .20479172E+01
  -.27500000E+01  .20359681E+01
  -.27000000E+01  .20239507E+01
  -.26500000E+01  .20118685E+01
  -.26000000E+01  .19997191E+01
  -.25500000E+01  .19875008E+01
  -.25000000E+01  .19752134E+01
  -.24500000E+01  .19628560E+01
  -.24000000E+01  .19504252E+01
  -.23500000E+01  .19379223E+01
  -.23000000E+01  .19253452E+01
  -.22500000E+01  .19126940E+01
  -.22000000E+01  .18999648E+01
  -.21500000E+01  .18871561E+01
  -.21000000E+01  .18742691E+01
  -.20500000E+01  .18613020E+01
  -.20000000E+01  .18482524E+01
  -.19500000E+01  .18351186E+01
  -.19000000E+01  .18219003E+01
  -.18500000E+01  .18085959E+01
  -.18000000E+01  .17952013E+01
  -.17500000E+01  .17817186E+01
  -.17000000E+01  .17681425E+01
  -.16500000E+01  .17544734E+01
  -.16000000E+01  .17407094E+01
  -.15500000E+01  .17268486E+01
  -.15000000E+01  .17128886E+01
  -.14500000E+01  .16988275E+01
  -.14000000E+01  .16846633E+01
  -.13500000E+01  .16703944E+01
  -.13000000E+01  .16560187E+01
  -.12500000E+01  .16415320E+01
  -.12000000E+01  .16269346E+01
  -.11500000E+01  .16122228E+01
  -.11000000E+01  .15973947E+01
  -.10500000E+01  .15824474E+01
  -.10000000E+01  .15673781E+01
  -.95000000E+00  .15521847E+01
  -.90000000E+00  .15368637E+01
  -.85000000E+00  .15214127E+01
  -.80000000E+00  .15058285E+01
  -.75000000E+00  .14901079E+01
  -.70000000E+00  .14742479E+01
  -.65000000E+00  .14582449E+01
  -.60000000E+00  .14420956E+01
  -.55000000E+00  .14257963E+01
  -.50000000E+00  .14093433E+01
  -.45000000E+00  .13927327E+01
  -.40000000E+00  .13759605E+01
  -.35000000E+00  .13590224E+01
  -.30000000E+00  .13419142E+01
  -.25000000E+00  .13246313E+01
  -.20000000E+00  .13071689E+01
  -.15000000E+00  .12895221E+01
  -.10000000E+00  .12716859E+01
  -.50000000E-01  .12536548E+01
  -.22898350E-14  .12354234E+01
   .50000000E-01  .12169857E+01
   .10000000E+00  .11983357E+01
   .15000000E+00  .11794671E+01
   .20000000E+00  .11603733E+01
   .25000000E+00  .11410473E+01
   .30000000E+00  .11214819E+01
   .35000000E+00  .11016694E+01
   .40000000E+00  .10816019E+01
   .45000000E+00  .10612711E+01
   .50000000E+00  .10406682E+01
   .55000000E+00  .10197841E+01
   .60000000E+00  .99860895E+00
   .65000000E+00  .97713276E+00
   .70000000E+00  .95534479E+00
   .75000000E+00  .93323380E+00
   .80000000E+00  .91078793E+00
   .85000000E+00  .88799468E+00
   .90000000E+00  .86484087E+00
   .95000000E+00  .84131255E+00
   .10000000E+01  .81739499E+00
   .10500000E+01  .79307260E+00
   .11000000E+01  .76832888E+00
   .11500000E+01  .74314631E+00
   .12000000E+01  .71750632E+00
   .12500000E+01  .69138918E+00
   .13000000E+01  .66477391E+00
   .13500000E+01  .63763819E+00
   .14000000E+01  .60995822E+00
   .14500000E+01  .58170863E+00
   .15000000E+01  .55286230E+00
   .15500000E+01  .52339024E+00
   .16000000E+01  .49326126E+00
   .16500000E+01  .46244244E+00
   .17000000E+01  .43089790E+00
   .17500000E+01  .39858926E+00
   .18000000E+01  .36547523E+00
   .18500000E+01  .33151124E+00
   .19000000E+01  .29664925E+00
   .19500000E+01  .26083724E+00
   .20000000E+01  .22401891E+00
