  PAW W                                  
 100
Core Pot   L  =         .00000   -.37636
  -.30000000E+01  .14184142E+01
  -.29500000E+01  .14004969E+01
  -.29000000E+01  .13824029E+01
  -.28500000E+01  .13641260E+01
  -.28000000E+01  .13456602E+01
  -.27500000E+01  .13269991E+01
  -.27000000E+01  .13081361E+01
  -.26500000E+01  .12890644E+01
  -.26000000E+01  .12697771E+01
  -.25500000E+01  .12502667E+01
  -.25000000E+01  .12305259E+01
  -.24500000E+01  .12105467E+01
  -.24000000E+01  .11903210E+01
  -.23500000E+01  .11698403E+01
  -.23000000E+01  .11490958E+01
  -.22500000E+01  .11280782E+01
  -.22000000E+01  .11067779E+01
  -.21500000E+01  .10851849E+01
  -.21000000E+01  .10632885E+01
  -.20500000E+01  .10410777E+01
  -.20000000E+01  .10185409E+01
  -.19500000E+01  .99566602E+00
  -.19000000E+01  .97244023E+00
  -.18500000E+01  .94885012E+00
  -.18000000E+01  .92488155E+00
  -.17500000E+01  .90051965E+00
  -.17000000E+01  .87574872E+00
  -.16500000E+01  .85055223E+00
  -.16000000E+01  .82491267E+00
  -.15500000E+01  .79881158E+00
  -.15000000E+01  .77222940E+00
  -.14500000E+01  .74514540E+00
  -.14000000E+01  .71753763E+00
  -.13500000E+01  .68938278E+00
  -.13000000E+01  .66065607E+00
  -.12500000E+01  .63133118E+00
  -.12000000E+01  .60138005E+00
  -.11500000E+01  .57077279E+00
  -.11000000E+01  .53947750E+00
  -.10500000E+01  .50746011E+00
  -.10000000E+01  .47468415E+00
  -.95000000E+00  .44111059E+00
  -.90000000E+00  .40669755E+00
  -.85000000E+00  .37140007E+00
  -.80000000E+00  .33516984E+00
  -.75000000E+00  .29795476E+00
  -.70000000E+00  .25969871E+00
  -.65000000E+00  .22034106E+00
  -.60000000E+00  .17981622E+00
  -.55000000E+00  .13805313E+00
  -.50000000E+00  .94974656E-01
  -.45000000E+00  .50496930E-01
  -.40000000E+00  .45285957E-02
  -.35000000E+00 -.43030057E-01
  -.30000000E+00 -.92288071E-01
  -.25000000E+00 -.14336495E+00
  -.20000000E+00 -.19639196E+00
  -.15000000E+00 -.25151359E+00
  -.10000000E+00 -.30888931E+00
  -.50000000E-01 -.36869552E+00
  -.22898350E-14 -.43112793E+00
   .50000000E-01 -.49640426E+00
   .10000000E+00 -.56476737E+00
   .15000000E+00 -.63648913E+00
   .20000000E+00 -.71187481E+00
   .25000000E+00 -.79126839E+00
   .30000000E+00 -.87505895E+00
   .35000000E+00 -.96368832E+00
   .40000000E+00 -.10576603E+01
   .45000000E+00 -.11575520E+01
   .50000000E+00 -.12640277E+01
   .55000000E+00 -.13778559E+01
   .60000000E+00 -.14999306E+01
   .65000000E+00 -.16312984E+01
   .70000000E+00 -.17731920E+01
   .75000000E+00 -.19270737E+01
   .80000000E+00 -.20946918E+01
   .85000000E+00 -.22781539E+01
   .90000000E+00 -.24800242E+01
   .95000000E+00 -.27034545E+01
   .10000000E+01 -.29523627E+01
   .10500000E+01 -.32316805E+01
   .11000000E+01 -.35477047E+01
   .11500000E+01 -.39086040E+01
   .12000000E+01 -.43251710E+01
   .12500000E+01 -.48119681E+01
   .13000000E+01 -.53891306E+01
   .13500000E+01 -.60853153E+01
   .14000000E+01 -.69427417E+01
   .14500000E+01 -.80262941E+01
   .15000000E+01 -.94410876E+01
   .15500000E+01 -.11369370E+02
   .16000000E+01 -.14157166E+02
   .16500000E+01 -.18551565E+02
   .17000000E+01 -.26518870E+02
   .17500000E+01 -.45445703E+02
   .18000000E+01 -.14822381E+03
   .18500000E+01  .12339687E+03
   .19000000E+01  .44279162E+02
   .19500000E+01  .27227327E+02
   .20000000E+01  .19775626E+02
Potential  L  =         .00000   -.37636
  -.30000000E+01  .14203987E+01
  -.29500000E+01  .14032371E+01
  -.29000000E+01  .13858910E+01
  -.28500000E+01  .13683551E+01
  -.28000000E+01  .13506237E+01
  -.27500000E+01  .13326909E+01
  -.27000000E+01  .13145506E+01
  -.26500000E+01  .12961963E+01
  -.26000000E+01  .12776212E+01
  -.25500000E+01  .12588183E+01
  -.25000000E+01  .12397801E+01
  -.24500000E+01  .12204987E+01
  -.24000000E+01  .12009660E+01
  -.23500000E+01  .11811733E+01
  -.23000000E+01  .11611115E+01
  -.22500000E+01  .11407709E+01
  -.22000000E+01  .11201416E+01
  -.21500000E+01  .10992128E+01
  -.21000000E+01  .10779733E+01
  -.20500000E+01  .10564111E+01
  -.20000000E+01  .10345137E+01
  -.19500000E+01  .10122676E+01
  -.19000000E+01  .98965879E+00
  -.18500000E+01  .96667217E+00
  -.18000000E+01  .94329180E+00
  -.17500000E+01  .91950070E+00
  -.17000000E+01  .89528081E+00
  -.16500000E+01  .87061287E+00
  -.16000000E+01  .84547631E+00
  -.15500000E+01  .81984917E+00
  -.15000000E+01  .79370795E+00
  -.14500000E+01  .76702749E+00
  -.14000000E+01  .73978076E+00
  -.13500000E+01  .71193876E+00
  -.13000000E+01  .68347028E+00
  -.12500000E+01  .65434169E+00
  -.12000000E+01  .62451670E+00
  -.11500000E+01  .59395607E+00
  -.11000000E+01  .56261733E+00
  -.10500000E+01  .53045441E+00
  -.10000000E+01  .49741723E+00
  -.95000000E+00  .46345128E+00
  -.90000000E+00  .42849707E+00
  -.85000000E+00  .39248959E+00
  -.80000000E+00  .35535756E+00
  -.75000000E+00  .31702275E+00
  -.70000000E+00  .27739902E+00
  -.65000000E+00  .23639128E+00
  -.60000000E+00  .19389432E+00
  -.55000000E+00  .14979141E+00
  -.50000000E+00  .10395261E+00
  -.45000000E+00  .56232864E-01
  -.40000000E+00  .64697042E-02
  -.35000000E+00 -.45519488E-01
  -.30000000E+00 -.99940698E-01
  -.25000000E+00 -.15702723E+00
  -.20000000E+00 -.21704435E+00
  -.15000000E+00 -.28029510E+00
  -.10000000E+00 -.34712721E+00
  -.50000000E-01 -.41794180E+00
  -.22898350E-14 -.49320403E+00
   .50000000E-01 -.57345652E+00
   .10000000E+00 -.65933624E+00
   .15000000E+00 -.75159607E+00
   .20000000E+00 -.85113246E+00
   .25000000E+00 -.95902159E+00
   .30000000E+00 -.10765668E+01
   .35000000E+00 -.12053623E+01
   .40000000E+00 -.13473790E+01
   .45000000E+00 -.15050829E+01
   .50000000E+00 -.16816019E+01
   .55000000E+00 -.18809635E+01
   .60000000E+00 -.21084441E+01
   .65000000E+00 -.23710942E+01
   .70000000E+00 -.26785528E+01
   .75000000E+00 -.30443571E+01
   .80000000E+00 -.34881346E+01
   .85000000E+00 -.40394650E+01
   .90000000E+00 -.47451049E+01
   .95000000E+00 -.56835766E+01
   .10000000E+01 -.69976692E+01
   .10500000E+01 -.89771083E+01
   .11000000E+01 -.12313044E+02
   .11500000E+01 -.19161752E+02
   .12000000E+01 -.41404329E+02
   .12500000E+01  .32932777E+03
   .13000000E+01  .33884674E+02
   .13500000E+01  .18051205E+02
   .14000000E+01  .12374536E+02
   .14500000E+01  .94462686E+01
   .15000000E+01  .76536324E+01
   .15500000E+01  .64391413E+01
   .16000000E+01  .55588014E+01
   .16500000E+01  .48889094E+01
   .17000000E+01  .43600530E+01
   .17500000E+01  .39302684E+01
   .18000000E+01  .35726944E+01
   .18500000E+01  .32693296E+01
   .19000000E+01  .30076619E+01
   .19500000E+01  .27787201E+01
   .20000000E+01  .25759021E+01
Core Pot   L  =        1.00000  -3.03223
  -.30000000E+01 -.50253423E+01
  -.29500000E+01  .11402557E+02
  -.29000000E+01  .43743475E+01
  -.28500000E+01  .31854068E+01
  -.28000000E+01  .26863855E+01
  -.27500000E+01  .24070145E+01
  -.27000000E+01  .22252403E+01
  -.26500000E+01  .20952670E+01
  -.26000000E+01  .19960451E+01
  -.25500000E+01  .19165448E+01
  -.25000000E+01  .18504276E+01
  -.24500000E+01  .17937910E+01
  -.24000000E+01  .17441007E+01
  -.23500000E+01  .16996385E+01
  -.23000000E+01  .16591978E+01
  -.22500000E+01  .16219064E+01
  -.22000000E+01  .15871174E+01
  -.21500000E+01  .15543407E+01
  -.21000000E+01  .15231978E+01
  -.20500000E+01  .14933918E+01
  -.20000000E+01  .14646857E+01
  -.19500000E+01  .14368883E+01
  -.19000000E+01  .14098429E+01
  -.18500000E+01  .13834201E+01
  -.18000000E+01  .13575115E+01
  -.17500000E+01  .13320256E+01
  -.17000000E+01  .13068844E+01
  -.16500000E+01  .12820206E+01
  -.16000000E+01  .12573759E+01
  -.15500000E+01  .12328990E+01
  -.15000000E+01  .12085449E+01
  -.14500000E+01  .11842733E+01
  -.14000000E+01  .11600480E+01
  -.13500000E+01  .11358362E+01
  -.13000000E+01  .11116080E+01
  -.12500000E+01  .10873359E+01
  -.12000000E+01  .10629943E+01
  -.11500000E+01  .10385594E+01
  -.11000000E+01  .10140086E+01
  -.10500000E+01  .98932043E+00
  -.10000000E+01  .96447449E+00
  -.95000000E+00  .93945101E+00
  -.90000000E+00  .91423080E+00
  -.85000000E+00  .88879511E+00
  -.80000000E+00  .86312550E+00
  -.75000000E+00  .83720369E+00
  -.70000000E+00  .81101150E+00
  -.65000000E+00  .78453072E+00
  -.60000000E+00  .75774302E+00
  -.55000000E+00  .73062985E+00
  -.50000000E+00  .70317238E+00
  -.45000000E+00  .67535141E+00
  -.40000000E+00  .64714726E+00
  -.35000000E+00  .61853971E+00
  -.30000000E+00  .58950790E+00
  -.25000000E+00  .56003028E+00
  -.20000000E+00  .53008448E+00
  -.15000000E+00  .49964722E+00
  -.10000000E+00  .46869425E+00
  -.50000000E-01  .43720022E+00
  -.22898350E-14  .40513857E+00
   .50000000E-01  .37248143E+00
   .10000000E+00  .33919950E+00
   .15000000E+00  .30526188E+00
   .20000000E+00  .27063600E+00
   .25000000E+00  .23528740E+00
   .30000000E+00  .19917958E+00
   .35000000E+00  .16227384E+00
   .40000000E+00  .12452904E+00
   .45000000E+00  .85901418E-01
   .50000000E+00  .46344330E-01
   .55000000E+00  .58079873E-02
   .60000000E+00 -.35760844E-01
   .65000000E+00 -.78419159E-01
   .70000000E+00 -.12222808E+00
   .75000000E+00 -.16725327E+00
   .80000000E+00 -.21356536E+00
   .85000000E+00 -.26124046E+00
   .90000000E+00 -.31036075E+00
   .95000000E+00 -.36101505E+00
   .10000000E+01 -.41329960E+00
   .10500000E+01 -.46731881E+00
   .11000000E+01 -.52318622E+00
   .11500000E+01 -.58102549E+00
   .12000000E+01 -.64097158E+00
   .12500000E+01 -.70317213E+00
   .13000000E+01 -.76778895E+00
   .13500000E+01 -.83499984E+00
   .14000000E+01 -.90500055E+00
   .14500000E+01 -.97800723E+00
   .15000000E+01 -.10542591E+01
   .15500000E+01 -.11340216E+01
   .16000000E+01 -.12175902E+01
   .16500000E+01 -.13052949E+01
   .17000000E+01 -.13975050E+01
   .17500000E+01 -.14946357E+01
   .18000000E+01 -.15971551E+01
   .18500000E+01 -.17055931E+01
   .19000000E+01 -.18205520E+01
   .19500000E+01 -.19427191E+01
   .20000000E+01 -.20728826E+01
Potential  L  =        1.00000  -3.03223
  -.30000000E+01 -.25359633E+01
  -.29500000E+01 -.60020509E+01
  -.29000000E+01 -.43498623E+02
  -.28500000E+01  .13040617E+02
  -.28000000E+01  .66426306E+01
  -.27500000E+01  .48081555E+01
  -.27000000E+01  .39316314E+01
  -.26500000E+01  .34138998E+01
  -.26000000E+01  .30692137E+01
  -.25500000E+01  .28211328E+01
  -.25000000E+01  .26324293E+01
  -.24500000E+01  .24828007E+01
  -.24000000E+01  .23602323E+01
  -.23500000E+01  .22571588E+01
  -.23000000E+01  .21685786E+01
  -.22500000E+01  .20910523E+01
  -.22000000E+01  .20221359E+01
  -.21500000E+01  .19600451E+01
  -.21000000E+01  .19034459E+01
  -.20500000E+01  .18513209E+01
  -.20000000E+01  .18028798E+01
  -.19500000E+01  .17574996E+01
  -.19000000E+01  .17146816E+01
  -.18500000E+01  .16740219E+01
  -.18000000E+01  .16351895E+01
  -.17500000E+01  .15979103E+01
  -.17000000E+01  .15619546E+01
  -.16500000E+01  .15271290E+01
  -.16000000E+01  .14932684E+01
  -.15500000E+01  .14602311E+01
  -.15000000E+01  .14278944E+01
  -.14500000E+01  .13961515E+01
  -.14000000E+01  .13649081E+01
  -.13500000E+01  .13340812E+01
  -.13000000E+01  .13035963E+01
  -.12500000E+01  .12733866E+01
  -.12000000E+01  .12433919E+01
  -.11500000E+01  .12135568E+01
  -.11000000E+01  .11838309E+01
  -.10500000E+01  .11541672E+01
  -.10000000E+01  .11245221E+01
  -.95000000E+00  .10948545E+01
  -.90000000E+00  .10651254E+01
  -.85000000E+00  .10352978E+01
  -.80000000E+00  .10053361E+01
  -.75000000E+00  .97520573E+00
  -.70000000E+00  .94487299E+00
  -.65000000E+00  .91430483E+00
  -.60000000E+00  .88346851E+00
  -.55000000E+00  .85233146E+00
  -.50000000E+00  .82086101E+00
  -.45000000E+00  .78902421E+00
  -.40000000E+00  .75678767E+00
  -.35000000E+00  .72411730E+00
  -.30000000E+00  .69097816E+00
  -.25000000E+00  .65733426E+00
  -.20000000E+00  .62314835E+00
  -.15000000E+00  .58838168E+00
  -.10000000E+00  .55299383E+00
  -.50000000E-01  .51694246E+00
  -.22898350E-14  .48018303E+00
   .50000000E-01  .44266856E+00
   .10000000E+00  .40434937E+00
   .15000000E+00  .36517259E+00
   .20000000E+00  .32508205E+00
   .25000000E+00  .28401768E+00
   .30000000E+00  .24191539E+00
   .35000000E+00  .19870619E+00
   .40000000E+00  .15431591E+00
   .45000000E+00  .10866451E+00
   .50000000E+00  .61665471E-01
   .55000000E+00  .13225016E-01
   .60000000E+00 -.36758784E-01
   .65000000E+00 -.88396964E-01
   .70000000E+00 -.14181079E+00
   .75000000E+00 -.19713303E+00
   .80000000E+00 -.25450945E+00
   .85000000E+00 -.31410048E+00
   .90000000E+00 -.37608322E+00
   .95000000E+00 -.44065367E+00
   .10000000E+01 -.50802948E+00
   .10500000E+01 -.57845300E+00
   .11000000E+01 -.65219501E+00
   .11500000E+01 -.72955909E+00
   .12000000E+01 -.81088676E+00
   .12500000E+01 -.89656373E+00
   .13000000E+01 -.98702731E+00
   .13500000E+01 -.10827754E+01
   .14000000E+01 -.11843776E+01
   .14500000E+01 -.12924884E+01
   .15000000E+01 -.14078637E+01
   .15500000E+01 -.15313818E+01
   .16000000E+01 -.16640688E+01
   .16500000E+01 -.18071312E+01
   .17000000E+01 -.19619976E+01
   .17500000E+01 -.21303725E+01
   .18000000E+01 -.23143061E+01
   .18500000E+01 -.25162871E+01
   .19000000E+01 -.27393660E+01
   .19500000E+01 -.29873244E+01
   .20000000E+01 -.32649069E+01
Core Pot   L  =        2.00000   -.24520
  -.30000000E+01  .16534770E+01
  -.29500000E+01  .16374772E+01
  -.29000000E+01  .16212925E+01
  -.28500000E+01  .16049162E+01
  -.28000000E+01  .15883411E+01
  -.27500000E+01  .15715596E+01
  -.27000000E+01  .15545637E+01
  -.26500000E+01  .15373448E+01
  -.26000000E+01  .15198938E+01
  -.25500000E+01  .15022011E+01
  -.25000000E+01  .14842562E+01
  -.24500000E+01  .14660481E+01
  -.24000000E+01  .14475650E+01
  -.23500000E+01  .14287942E+01
  -.23000000E+01  .14097220E+01
  -.22500000E+01  .13903340E+01
  -.22000000E+01  .13706143E+01
  -.21500000E+01  .13505460E+01
  -.21000000E+01  .13301107E+01
  -.20500000E+01  .13092888E+01
  -.20000000E+01  .12880586E+01
  -.19500000E+01  .12663970E+01
  -.19000000E+01  .12442786E+01
  -.18500000E+01  .12216756E+01
  -.18000000E+01  .11985581E+01
  -.17500000E+01  .11748927E+01
  -.17000000E+01  .11506434E+01
  -.16500000E+01  .11257701E+01
  -.16000000E+01  .11002288E+01
  -.15500000E+01  .10739709E+01
  -.15000000E+01  .10469421E+01
  -.14500000E+01  .10190824E+01
  -.14000000E+01  .99032477E+00
  -.13500000E+01  .96059388E+00
  -.13000000E+01  .92980530E+00
  -.12500000E+01  .89786371E+00
  -.12000000E+01  .86466116E+00
  -.11500000E+01  .83007487E+00
  -.11000000E+01  .79396455E+00
  -.10500000E+01  .75616917E+00
  -.10000000E+01  .71650288E+00
  -.95000000E+00  .67475003E+00
  -.90000000E+00  .63065895E+00
  -.85000000E+00  .58393393E+00
  -.80000000E+00  .53422518E+00
  -.75000000E+00  .48111578E+00
  -.70000000E+00  .42410466E+00
  -.65000000E+00  .36258416E+00
  -.60000000E+00  .29581006E+00
  -.55000000E+00  .22286058E+00
  -.50000000E+00  .14258021E+00
  -.45000000E+00  .53500241E-01
  -.40000000E+00 -.46275240E-01
  -.35000000E+00 -.15923710E+00
  -.30000000E+00 -.28872476E+00
  -.25000000E+00 -.43932154E+00
  -.20000000E+00 -.61749390E+00
  -.15000000E+00 -.83266989E+00
  -.10000000E+00 -.10991548E+01
  -.50000000E-01 -.14397548E+01
  -.22898350E-14 -.18931949E+01
   .50000000E-01 -.25309470E+01
   .10000000E+00 -.35011285E+01
   .15000000E+00 -.51688891E+01
   .20000000E+00 -.87437405E+01
   .25000000E+00 -.22064390E+02
   .30000000E+00  .63076328E+02
   .35000000E+00  .14127448E+02
   .40000000E+00  .82845509E+01
   .45000000E+00  .60030164E+01
   .50000000E+00  .47806842E+01
   .55000000E+00  .40144934E+01
   .60000000E+00  .34860956E+01
   .65000000E+00  .30972730E+01
   .70000000E+00  .27973093E+01
   .75000000E+00  .25573694E+01
   .80000000E+00  .23598462E+01
   .85000000E+00  .21933794E+01
   .90000000E+00  .20503098E+01
   .95000000E+00  .19252847E+01
   .10000000E+01  .18144496E+01
   .10500000E+01  .17149577E+01
   .11000000E+01  .16246599E+01
   .11500000E+01  .15419030E+01
   .12000000E+01  .14653935E+01
   .12500000E+01  .13941045E+01
   .13000000E+01  .13272097E+01
   .13500000E+01  .12640362E+01
   .14000000E+01  .12040299E+01
   .14500000E+01  .11467299E+01
   .15000000E+01  .10917492E+01
   .15500000E+01  .10387599E+01
   .16000000E+01  .98748190E+00
   .16500000E+01  .93767414E+00
   .17000000E+01  .88912734E+00
   .17500000E+01  .84165857E+00
   .18000000E+01  .79510679E+00
   .18500000E+01  .74932917E+00
   .19000000E+01  .70419816E+00
   .19500000E+01  .65959902E+00
   .20000000E+01  .61542786E+00
Potential  L  =        2.00000   -.24520
  -.30000000E+01  .16193216E+01
  -.29500000E+01  .16025050E+01
  -.29000000E+01  .15854781E+01
  -.28500000E+01  .15682333E+01
  -.28000000E+01  .15507624E+01
  -.27500000E+01  .15330569E+01
  -.27000000E+01  .15151076E+01
  -.26500000E+01  .14969049E+01
  -.26000000E+01  .14784386E+01
  -.25500000E+01  .14596978E+01
  -.25000000E+01  .14406710E+01
  -.24500000E+01  .14213459E+01
  -.24000000E+01  .14017093E+01
  -.23500000E+01  .13817475E+01
  -.23000000E+01  .13614453E+01
  -.22500000E+01  .13407869E+01
  -.22000000E+01  .13197552E+01
  -.21500000E+01  .12983319E+01
  -.21000000E+01  .12764974E+01
  -.20500000E+01  .12542305E+01
  -.20000000E+01  .12315084E+01
  -.19500000E+01  .12083067E+01
  -.19000000E+01  .11845989E+01
  -.18500000E+01  .11603562E+01
  -.18000000E+01  .11355476E+01
  -.17500000E+01  .11101393E+01
  -.17000000E+01  .10840948E+01
  -.16500000E+01  .10573739E+01
  -.16000000E+01  .10299330E+01
  -.15500000E+01  .10017243E+01
  -.15000000E+01  .97269541E+00
  -.14500000E+01  .94278864E+00
  -.14000000E+01  .91194047E+00
  -.13500000E+01  .88008074E+00
  -.13000000E+01  .84713165E+00
  -.12500000E+01  .81300683E+00
  -.12000000E+01  .77761000E+00
  -.11500000E+01  .74083356E+00
  -.11000000E+01  .70255683E+00
  -.10500000E+01  .66264397E+00
  -.10000000E+01  .62094155E+00
  -.95000000E+00  .57727555E+00
  -.90000000E+00  .53144779E+00
  -.85000000E+00  .48323154E+00
  -.80000000E+00  .43236606E+00
  -.75000000E+00  .37855039E+00
  -.70000000E+00  .32143455E+00
  -.65000000E+00  .26060968E+00
  -.60000000E+00  .19559459E+00
  -.55000000E+00  .12581955E+00
  -.50000000E+00  .50604450E-01
  -.45000000E+00 -.30869224E-01
  -.40000000E+00 -.11959558E+00
  -.35000000E+00 -.21679412E+00
  -.30000000E+00 -.32397761E+00
  -.25000000E+00 -.44304595E+00
  -.20000000E+00 -.57641860E+00
  -.15000000E+00 -.72722549E+00
  -.10000000E+00 -.89958853E+00
  -.50000000E-01 -.10990488E+01
  -.22898350E-14 -.13332350E+01
   .50000000E-01 -.16129493E+01
   .10000000E+00 -.19540100E+01
   .15000000E+00 -.23805450E+01
   .20000000E+00 -.29312756E+01
   .25000000E+00 -.36725161E+01
   .30000000E+00 -.47280814E+01
   .35000000E+00 -.63588650E+01
   .40000000E+00 -.92251477E+01
   .45000000E+00 -.15624697E+02
   .50000000E+00 -.42851130E+02
   .55000000E+00  .70504279E+02
   .60000000E+00  .20391318E+02
   .65000000E+00  .12250083E+02
   .70000000E+00  .89054373E+01
   .75000000E+00  .70772470E+01
   .80000000E+00  .59209255E+01
   .85000000E+00  .51208174E+01
   .90000000E+00  .45321880E+01
   .95000000E+00  .40793262E+01
   .10000000E+01  .37187863E+01
   .10500000E+01  .34238450E+01
   .11000000E+01  .31771686E+01
   .11500000E+01  .29670183E+01
   .12000000E+01  .27851614E+01
   .12500000E+01  .26256526E+01
   .13000000E+01  .24840909E+01
   .13500000E+01  .23571482E+01
   .14000000E+01  .22422608E+01
   .14500000E+01  .21374213E+01
   .15000000E+01  .20410353E+01
   .15500000E+01  .19518198E+01
   .16000000E+01  .18687307E+01
   .16500000E+01  .17909091E+01
   .17000000E+01  .17176416E+01
   .17500000E+01  .16483307E+01
   .18000000E+01  .15824717E+01
   .18500000E+01  .15196351E+01
   .19000000E+01  .14594528E+01
   .19500000E+01  .14016072E+01
   .20000000E+01  .13458229E+01
Core Pot   L  =        3.00000    .00000
  -.30000000E+01  .19386670E+01
  -.29500000E+01  .19250969E+01
  -.29000000E+01  .19112830E+01
  -.28500000E+01  .18971773E+01
  -.28000000E+01  .18827123E+01
  -.27500000E+01  .18677903E+01
  -.27000000E+01  .18522640E+01
  -.26500000E+01  .18358990E+01
  -.26000000E+01  .18182984E+01
  -.25500000E+01  .17987308E+01
  -.25000000E+01  .17756822E+01
  -.24500000E+01  .17454221E+01
  -.24000000E+01  .16955971E+01
  -.23500000E+01  .15461443E+01
  -.23000000E+01  .24017278E+01
  -.22500000E+01  .18886008E+01
  -.22000000E+01  .18152537E+01
  -.21500000E+01  .17781642E+01
  -.21000000E+01  .17517875E+01
  -.20500000E+01  .17299648E+01
  -.20000000E+01  .17104648E+01
  -.19500000E+01  .16922824E+01
  -.19000000E+01  .16748976E+01
  -.18500000E+01  .16580137E+01
  -.18000000E+01  .16414484E+01
  -.17500000E+01  .16250833E+01
  -.17000000E+01  .16088374E+01
  -.16500000E+01  .15926536E+01
  -.16000000E+01  .15764896E+01
  -.15500000E+01  .15603135E+01
  -.15000000E+01  .15441004E+01
  -.14500000E+01  .15278302E+01
  -.14000000E+01  .15114866E+01
  -.13500000E+01  .14950557E+01
  -.13000000E+01  .14785257E+01
  -.12500000E+01  .14618861E+01
  -.12000000E+01  .14451274E+01
  -.11500000E+01  .14282412E+01
  -.11000000E+01  .14112193E+01
  -.10500000E+01  .13940544E+01
  -.10000000E+01  .13767392E+01
  -.95000000E+00  .13592666E+01
  -.90000000E+00  .13416298E+01
  -.85000000E+00  .13238221E+01
  -.80000000E+00  .13058365E+01
  -.75000000E+00  .12876664E+01
  -.70000000E+00  .12693049E+01
  -.65000000E+00  .12507448E+01
  -.60000000E+00  .12319791E+01
  -.55000000E+00  .12130004E+01
  -.50000000E+00  .11938011E+01
  -.45000000E+00  .11743734E+01
  -.40000000E+00  .11547093E+01
  -.35000000E+00  .11348003E+01
  -.30000000E+00  .11146378E+01
  -.25000000E+00  .10942126E+01
  -.20000000E+00  .10735153E+01
  -.15000000E+00  .10525358E+01
  -.10000000E+00  .10312639E+01
  -.50000000E-01  .10096887E+01
  -.22898350E-14  .98779867E+00
   .50000000E-01  .96558184E+00
   .10000000E+00  .94302555E+00
   .15000000E+00  .92011650E+00
   .20000000E+00  .89684060E+00
   .25000000E+00  .87318303E+00
   .30000000E+00  .84912808E+00
   .35000000E+00  .82465914E+00
   .40000000E+00  .79975861E+00
   .45000000E+00  .77440782E+00
   .50000000E+00  .74858693E+00
   .55000000E+00  .72227486E+00
   .60000000E+00  .69544918E+00
   .65000000E+00  .66808595E+00
   .70000000E+00  .64015965E+00
   .75000000E+00  .61164302E+00
   .80000000E+00  .58250689E+00
   .85000000E+00  .55272001E+00
   .90000000E+00  .52224886E+00
   .95000000E+00  .49105745E+00
   .10000000E+01  .45910706E+00
   .10500000E+01  .42635597E+00
   .11000000E+01  .39275917E+00
   .11500000E+01  .35826802E+00
   .12000000E+01  .32282993E+00
   .12500000E+01  .28638776E+00
   .13000000E+01  .24887952E+00
   .13500000E+01  .21023774E+00
   .14000000E+01  .17038884E+00
   .14500000E+01  .12925245E+00
   .15000000E+01  .86740540E-01
   .15500000E+01  .42756537E-01
   .16000000E+01 -.28057701E-02
   .16500000E+01 -.50063489E-01
   .17000000E+01 -.99146058E-01
   .17500000E+01 -.15019693E+00
   .18000000E+01 -.20337552E+00
   .18500000E+01 -.25885953E+00
   .19000000E+01 -.31684767E+00
   .19500000E+01 -.37756282E+00
   .20000000E+01 -.44125593E+00
Potential  L  =        3.00000    .00000
  -.30000000E+01  .19517806E+01
  -.29500000E+01  .19392553E+01
  -.29000000E+01  .19266561E+01
  -.28500000E+01  .19139818E+01
  -.28000000E+01  .19012313E+01
  -.27500000E+01  .18884031E+01
  -.27000000E+01  .18754960E+01
  -.26500000E+01  .18625086E+01
  -.26000000E+01  .18494397E+01
  -.25500000E+01  .18362877E+01
  -.25000000E+01  .18230511E+01
  -.24500000E+01  .18097286E+01
  -.24000000E+01  .17963186E+01
  -.23500000E+01  .17828195E+01
  -.23000000E+01  .17692296E+01
  -.22500000E+01  .17555473E+01
  -.22000000E+01  .17417710E+01
  -.21500000E+01  .17278987E+01
  -.21000000E+01  .17139288E+01
  -.20500000E+01  .16998593E+01
  -.20000000E+01  .16856883E+01
  -.19500000E+01  .16714139E+01
  -.19000000E+01  .16570340E+01
  -.18500000E+01  .16425464E+01
  -.18000000E+01  .16279491E+01
  -.17500000E+01  .16132398E+01
  -.17000000E+01  .15984161E+01
  -.16500000E+01  .15834758E+01
  -.16000000E+01  .15684164E+01
  -.15500000E+01  .15532352E+01
  -.15000000E+01  .15379298E+01
  -.14500000E+01  .15224974E+01
  -.14000000E+01  .15069353E+01
  -.13500000E+01  .14912404E+01
  -.13000000E+01  .14754100E+01
  -.12500000E+01  .14594408E+01
  -.12000000E+01  .14433298E+01
  -.11500000E+01  .14270735E+01
  -.11000000E+01  .14106686E+01
  -.10500000E+01  .13941116E+01
  -.10000000E+01  .13773987E+01
  -.95000000E+00  .13605263E+01
  -.90000000E+00  .13434903E+01
  -.85000000E+00  .13262867E+01
  -.80000000E+00  .13089112E+01
  -.75000000E+00  .12913594E+01
  -.70000000E+00  .12736268E+01
  -.65000000E+00  .12557087E+01
  -.60000000E+00  .12376000E+01
  -.55000000E+00  .12192958E+01
  -.50000000E+00  .12007905E+01
  -.45000000E+00  .11820788E+01
  -.40000000E+00  .11631548E+01
  -.35000000E+00  .11440125E+01
  -.30000000E+00  .11246456E+01
  -.25000000E+00  .11050476E+01
  -.20000000E+00  .10852116E+01
  -.15000000E+00  .10651306E+01
  -.10000000E+00  .10447971E+01
  -.50000000E-01  .10242034E+01
  -.22898350E-14  .10033413E+01
   .50000000E-01  .98220230E+00
   .10000000E+00  .96077754E+00
   .15000000E+00  .93905771E+00
   .20000000E+00  .91703305E+00
   .25000000E+00  .89469332E+00
   .30000000E+00  .87202779E+00
   .35000000E+00  .84902520E+00
   .40000000E+00  .82567372E+00
   .45000000E+00  .80196088E+00
   .50000000E+00  .77787362E+00
   .55000000E+00  .75339814E+00
   .60000000E+00  .72851992E+00
   .65000000E+00  .70322367E+00
   .70000000E+00  .67749323E+00
   .75000000E+00  .65131155E+00
   .80000000E+00  .62466061E+00
   .85000000E+00  .59752111E+00
   .90000000E+00  .56987334E+00
   .95000000E+00  .54169568E+00
   .10000000E+01  .51296548E+00
   .10500000E+01  .48365865E+00
   .11000000E+01  .45374963E+00
   .11500000E+01  .42321123E+00
   .12000000E+01  .39201448E+00
   .12500000E+01  .36012852E+00
   .13000000E+01  .32752044E+00
   .13500000E+01  .29415504E+00
   .14000000E+01  .25999473E+00
   .14500000E+01  .22499923E+00
   .15000000E+01  .18912536E+00
   .15500000E+01  .15232678E+00
   .16000000E+01  .11455368E+00
   .16500000E+01  .75752443E-01
   .17000000E+01  .35865552E-01
   .17500000E+01 -.51699296E-02
   .18000000E+01 -.47421199E-01
   .18500000E+01 -.90961268E-01
   .19000000E+01 -.13586940E+00
   .19500000E+01 -.18223170E+00
   .20000000E+01 -.23014187E+00
Core Pot   L  =        4.00000    .00000
  -.30000000E+01  .22463878E+01
  -.29500000E+01  .22356058E+01
  -.29000000E+01  .22247769E+01
  -.28500000E+01  .22139003E+01
  -.28000000E+01  .22029755E+01
  -.27500000E+01  .21920020E+01
  -.27000000E+01  .21809790E+01
  -.26500000E+01  .21699060E+01
  -.26000000E+01  .21587823E+01
  -.25500000E+01  .21476073E+01
  -.25000000E+01  .21363804E+01
  -.24500000E+01  .21251008E+01
  -.24000000E+01  .21137678E+01
  -.23500000E+01  .21023808E+01
  -.23000000E+01  .20909390E+01
  -.22500000E+01  .20794418E+01
  -.22000000E+01  .20678882E+01
  -.21500000E+01  .20562777E+01
  -.21000000E+01  .20446093E+01
  -.20500000E+01  .20328824E+01
  -.20000000E+01  .20210960E+01
  -.19500000E+01  .20092494E+01
  -.19000000E+01  .19973417E+01
  -.18500000E+01  .19853720E+01
  -.18000000E+01  .19733394E+01
  -.17500000E+01  .19612431E+01
  -.17000000E+01  .19490820E+01
  -.16500000E+01  .19368553E+01
  -.16000000E+01  .19245620E+01
  -.15500000E+01  .19122010E+01
  -.15000000E+01  .18997713E+01
  -.14500000E+01  .18872719E+01
  -.14000000E+01  .18747018E+01
  -.13500000E+01  .18620598E+01
  -.13000000E+01  .18493448E+01
  -.12500000E+01  .18365556E+01
  -.12000000E+01  .18236911E+01
  -.11500000E+01  .18107501E+01
  -.11000000E+01  .17977313E+01
  -.10500000E+01  .17846334E+01
  -.10000000E+01  .17714552E+01
  -.95000000E+00  .17581953E+01
  -.90000000E+00  .17448524E+01
  -.85000000E+00  .17314250E+01
  -.80000000E+00  .17179117E+01
  -.75000000E+00  .17043111E+01
  -.70000000E+00  .16906215E+01
  -.65000000E+00  .16768415E+01
  -.60000000E+00  .16629694E+01
  -.55000000E+00  .16490036E+01
  -.50000000E+00  .16349424E+01
  -.45000000E+00  .16207840E+01
  -.40000000E+00  .16065267E+01
  -.35000000E+00  .15921687E+01
  -.30000000E+00  .15777079E+01
  -.25000000E+00  .15631426E+01
  -.20000000E+00  .15484707E+01
  -.15000000E+00  .15336900E+01
  -.10000000E+00  .15187986E+01
  -.50000000E-01  .15037942E+01
  -.22898350E-14  .14886745E+01
   .50000000E-01  .14734373E+01
   .10000000E+00  .14580801E+01
   .15000000E+00  .14426005E+01
   .20000000E+00  .14269960E+01
   .25000000E+00  .14112638E+01
   .30000000E+00  .13954013E+01
   .35000000E+00  .13794057E+01
   .40000000E+00  .13632741E+01
   .45000000E+00  .13470036E+01
   .50000000E+00  .13305910E+01
   .55000000E+00  .13140331E+01
   .60000000E+00  .12973267E+01
   .65000000E+00  .12804683E+01
   .70000000E+00  .12634545E+01
   .75000000E+00  .12462815E+01
   .80000000E+00  .12289456E+01
   .85000000E+00  .12114428E+01
   .90000000E+00  .11937692E+01
   .95000000E+00  .11759205E+01
   .10000000E+01  .11578923E+01
   .10500000E+01  .11396802E+01
   .11000000E+01  .11212794E+01
   .11500000E+01  .11026851E+01
   .12000000E+01  .10838921E+01
   .12500000E+01  .10648953E+01
   .13000000E+01  .10456891E+01
   .13500000E+01  .10262679E+01
   .14000000E+01  .10066258E+01
   .14500000E+01  .98675654E+00
   .15000000E+01  .96665380E+00
   .15500000E+01  .94631086E+00
   .16000000E+01  .92572075E+00
   .16500000E+01  .90487621E+00
   .17000000E+01  .88376966E+00
   .17500000E+01  .86239318E+00
   .18000000E+01  .84073850E+00
   .18500000E+01  .81879698E+00
   .19000000E+01  .79655959E+00
   .19500000E+01  .77401686E+00
   .20000000E+01  .75115889E+00
Potential  L  =        4.00000    .00000
  -.30000000E+01  .22482195E+01
  -.29500000E+01  .22374750E+01
  -.29000000E+01  .22266876E+01
  -.28500000E+01  .22158506E+01
  -.28000000E+01  .22049680E+01
  -.27500000E+01  .21940378E+01
  -.27000000E+01  .21830608E+01
  -.26500000E+01  .21720321E+01
  -.26000000E+01  .21609554E+01
  -.25500000E+01  .21498286E+01
  -.25000000E+01  .21386526E+01
  -.24500000E+01  .21274225E+01
  -.24000000E+01  .21161419E+01
  -.23500000E+01  .21048087E+01
  -.23000000E+01  .20934226E+01
  -.22500000E+01  .20819820E+01
  -.22000000E+01  .20704866E+01
  -.21500000E+01  .20589360E+01
  -.21000000E+01  .20473298E+01
  -.20500000E+01  .20356675E+01
  -.20000000E+01  .20239451E+01
  -.19500000E+01  .20121657E+01
  -.19000000E+01  .20003271E+01
  -.18500000E+01  .19884285E+01
  -.18000000E+01  .19764705E+01
  -.17500000E+01  .19644491E+01
  -.17000000E+01  .19523647E+01
  -.16500000E+01  .19402187E+01
  -.16000000E+01  .19280065E+01
  -.15500000E+01  .19157300E+01
  -.15000000E+01  .19033874E+01
  -.14500000E+01  .18909778E+01
  -.14000000E+01  .18785000E+01
  -.13500000E+01  .18659533E+01
  -.13000000E+01  .18533362E+01
  -.12500000E+01  .18406483E+01
  -.12000000E+01  .18278879E+01
  -.11500000E+01  .18150543E+01
  -.11000000E+01  .18021462E+01
  -.10500000E+01  .17891625E+01
  -.10000000E+01  .17761021E+01
  -.95000000E+00  .17629637E+01
  -.90000000E+00  .17497460E+01
  -.85000000E+00  .17364479E+01
  -.80000000E+00  .17230680E+01
  -.75000000E+00  .17096049E+01
  -.70000000E+00  .16960575E+01
  -.65000000E+00  .16824242E+01
  -.60000000E+00  .16687036E+01
  -.55000000E+00  .16548943E+01
  -.50000000E+00  .16409947E+01
  -.45000000E+00  .16270034E+01
  -.40000000E+00  .16129195E+01
  -.35000000E+00  .15987398E+01
  -.30000000E+00  .15844634E+01
  -.25000000E+00  .15700887E+01
  -.20000000E+00  .15556138E+01
  -.15000000E+00  .15410371E+01
  -.10000000E+00  .15263565E+01
  -.50000000E-01  .15115704E+01
  -.22898350E-14  .14966766E+01
   .50000000E-01  .14816732E+01
   .10000000E+00  .14665581E+01
   .15000000E+00  .14513292E+01
   .20000000E+00  .14359842E+01
   .25000000E+00  .14205210E+01
   .30000000E+00  .14049373E+01
   .35000000E+00  .13892307E+01
   .40000000E+00  .13733986E+01
   .45000000E+00  .13574387E+01
   .50000000E+00  .13413482E+01
   .55000000E+00  .13251246E+01
   .60000000E+00  .13087650E+01
   .65000000E+00  .12922666E+01
   .70000000E+00  .12756266E+01
   .75000000E+00  .12588417E+01
   .80000000E+00  .12419090E+01
   .85000000E+00  .12248252E+01
   .90000000E+00  .12075870E+01
   .95000000E+00  .11901909E+01
   .10000000E+01  .11726334E+01
   .10500000E+01  .11549108E+01
   .11000000E+01  .11370195E+01
   .11500000E+01  .11189553E+01
   .12000000E+01  .11007142E+01
   .12500000E+01  .10822921E+01
   .13000000E+01  .10636847E+01
   .13500000E+01  .10448874E+01
   .14000000E+01  .10258956E+01
   .14500000E+01  .10067044E+01
   .15000000E+01  .98730894E+00
   .15500000E+01  .96770393E+00
   .16000000E+01  .94788407E+00
   .16500000E+01  .92784372E+00
   .17000000E+01  .90757712E+00
   .17500000E+01  .88707827E+00
   .18000000E+01  .86634092E+00
   .18500000E+01  .84535860E+00
   .19000000E+01  .82412456E+00
   .19500000E+01  .80263179E+00
   .20000000E+01  .78087299E+00
KBPotential  L  =      1.00000  -6.06447
  -.30000000E+01 -.50201812E+01
  -.29500000E+01  .11493501E+02
  -.29000000E+01  .43940516E+01
  -.28500000E+01  .31981498E+01
  -.28000000E+01  .26966346E+01
  -.27500000E+01  .24159423E+01
  -.27000000E+01  .22333441E+01
  -.26500000E+01  .21027887E+01
  -.26000000E+01  .20031218E+01
  -.25500000E+01  .19232614E+01
  -.25000000E+01  .18568397E+01
  -.24500000E+01  .17999370E+01
  -.24000000E+01  .17500078E+01
  -.23500000E+01  .17053266E+01
  -.23000000E+01  .16646819E+01
  -.22500000E+01  .16271977E+01
  -.22000000E+01  .15922245E+01
  -.21500000E+01  .15592704E+01
  -.21000000E+01  .15279553E+01
  -.20500000E+01  .14979809E+01
  -.20000000E+01  .14691098E+01
  -.19500000E+01  .14411498E+01
  -.19000000E+01  .14139438E+01
  -.18500000E+01  .13873620E+01
  -.18000000E+01  .13612956E+01
  -.17500000E+01  .13356530E+01
  -.17000000E+01  .13103558E+01
  -.16500000E+01  .12853365E+01
  -.16000000E+01  .12605369E+01
  -.15500000E+01  .12359058E+01
  -.15000000E+01  .12113980E+01
  -.14500000E+01  .11869732E+01
  -.14000000E+01  .11625953E+01
  -.13500000E+01  .11382317E+01
  -.13000000E+01  .11138526E+01
  -.12500000E+01  .10894307E+01
  -.12000000E+01  .10649405E+01
  -.11500000E+01  .10403585E+01
  -.11000000E+01  .10156623E+01
  -.10500000E+01  .99083099E+00
  -.10000000E+01  .96584427E+00
  -.95000000E+00  .94068284E+00
  -.90000000E+00  .91532788E+00
  -.85000000E+00  .88976127E+00
  -.80000000E+00  .86396502E+00
  -.75000000E+00  .83792147E+00
  -.70000000E+00  .81161307E+00
  -.65000000E+00  .78502233E+00
  -.60000000E+00  .75813171E+00
  -.55000000E+00  .73092355E+00
  -.50000000E+00  .70337995E+00
  -.45000000E+00  .67548276E+00
  -.40000000E+00  .64721344E+00
  -.35000000E+00  .61855302E+00
  -.30000000E+00  .58948204E+00
  -.25000000E+00  .55998044E+00
  -.20000000E+00  .53002750E+00
  -.15000000E+00  .49960177E+00
  -.10000000E+00  .46868099E+00
  -.50000000E-01  .43724198E+00
  -.22898350E-14  .40526058E+00
   .50000000E-01  .37271157E+00
   .10000000E+00  .33956853E+00
   .15000000E+00  .30580377E+00
   .20000000E+00  .27138820E+00
   .25000000E+00  .23629122E+00
   .30000000E+00  .20048059E+00
   .35000000E+00  .16392230E+00
   .40000000E+00  .12658040E+00
   .45000000E+00  .88416825E-01
   .50000000E+00  .49391285E-01
   .55000000E+00  .94609655E-02
   .60000000E+00 -.31419575E-01
   .65000000E+00 -.73298730E-01
   .70000000E+00 -.11622806E+00
   .75000000E+00 -.16026256E+00
   .80000000E+00 -.20546105E+00
   .85000000E+00 -.25188640E+00
   .90000000E+00 -.29960601E+00
   .95000000E+00 -.34869218E+00
   .10000000E+01 -.39922271E+00
   .10500000E+01 -.45128120E+00
   .11000000E+01 -.50495784E+00
   .11500000E+01 -.56034998E+00
   .12000000E+01 -.61756293E+00
   .12500000E+01 -.67671075E+00
   .13000000E+01 -.73791700E+00
   .13500000E+01 -.80131667E+00
   .14000000E+01 -.86705613E+00
   .14500000E+01 -.93529540E+00
   .15000000E+01 -.10062093E+01
   .15500000E+01 -.10799895E+01
   .16000000E+01 -.11568465E+01
   .16500000E+01 -.12370123E+01
   .17000000E+01 -.13207424E+01
   .17500000E+01 -.14083200E+01
   .18000000E+01 -.15000587E+01
   .18500000E+01 -.15963079E+01
   .19000000E+01 -.16974570E+01
   .19500000E+01 -.18039420E+01
   .20000000E+01 -.19162524E+01
KBPotential  L  =      2.00000   -.49040
  -.30000000E+01  .16599953E+01
  -.29500000E+01  .16438204E+01
  -.29000000E+01  .16274604E+01
  -.28500000E+01  .16109087E+01
  -.28000000E+01  .15941581E+01
  -.27500000E+01  .15772013E+01
  -.27000000E+01  .15600301E+01
  -.26500000E+01  .15426362E+01
  -.26000000E+01  .15250105E+01
  -.25500000E+01  .15071434E+01
  -.25000000E+01  .14890249E+01
  -.24500000E+01  .14706436E+01
  -.24000000E+01  .14519879E+01
  -.23500000E+01  .14330454E+01
  -.23000000E+01  .14138024E+01
  -.22500000E+01  .13942446E+01
  -.22000000E+01  .13743564E+01
  -.21500000E+01  .13541208E+01
  -.21000000E+01  .13335197E+01
  -.20500000E+01  .13125392E+01
  -.20000000E+01  .12911466E+01
  -.19500000E+01  .12693243E+01
  -.19000000E+01  .12470473E+01
  -.18500000E+01  .12243013E+01
  -.18000000E+01  .12010299E+01
  -.17500000E+01  .11772181E+01
  -.17000000E+01  .11528202E+01
  -.16500000E+01  .11278013E+01
  -.16000000E+01  .11021175E+01
  -.15500000E+01  .10757204E+01
  -.15000000E+01  .10485561E+01
  -.14500000E+01  .10205646E+01
  -.14000000E+01  .99167904E+00
  -.13500000E+01  .96182448E+00
  -.13000000E+01  .93091665E+00
  -.12500000E+01  .89886045E+00
  -.12000000E+01  .86554817E+00
  -.11500000E+01  .83085745E+00
  -.11000000E+01  .79464782E+00
  -.10500000E+01  .75675868E+00
  -.10000000E+01  .71700441E+00
  -.95000000E+00  .67517207E+00
  -.90000000E+00  .63100511E+00
  -.85000000E+00  .58421056E+00
  -.80000000E+00  .53443876E+00
  -.75000000E+00  .48127289E+00
  -.70000000E+00  .42421194E+00
  -.65000000E+00  .36264829E+00
  -.60000000E+00  .29583763E+00
  -.55000000E+00  .22285799E+00
  -.50000000E+00  .14255383E+00
  -.45000000E+00  .53508683E-01
  -.40000000E+00 -.46330030E-01
  -.35000000E+00 -.15930105E+00
  -.30000000E+00 -.28879475E+00
  -.25000000E+00 -.43939575E+00
  -.20000000E+00 -.61757572E+00
  -.15000000E+00 -.83275569E+00
  -.10000000E+00 -.10992462E+01
  -.50000000E-01 -.14398452E+01
  -.22898350E-14 -.18932656E+01
   .50000000E-01 -.25308996E+01
   .10000000E+00 -.35006804E+01
   .15000000E+00 -.51669309E+01
   .20000000E+00 -.87345479E+01
   .25000000E+00 -.21975550E+02
   .30000000E+00  .64112005E+02
   .35000000E+00  .14197527E+02
   .40000000E+00  .83165134E+01
   .45000000E+00  .60247783E+01
   .50000000E+00  .47983043E+01
   .55000000E+00  .40301437E+01
   .60000000E+00  .35007603E+01
   .65000000E+00  .31115188E+01
   .70000000E+00  .28114859E+01
   .75000000E+00  .25717179E+01
   .80000000E+00  .23745469E+01
   .85000000E+00  .22085763E+01
   .90000000E+00  .20661248E+01
   .95000000E+00  .19418258E+01
   .10000000E+01  .18318163E+01
   .10500000E+01  .17332442E+01
   .11000000E+01  .16439577E+01
   .11500000E+01  .15623023E+01
   .12000000E+01  .14869849E+01
   .12500000E+01  .14169798E+01
   .13000000E+01  .13514625E+01
   .13500000E+01  .12897628E+01
   .14000000E+01  .12313297E+01
   .14500000E+01  .11757061E+01
   .15000000E+01  .11225092E+01
   .15500000E+01  .10714156E+01
   .16000000E+01  .10221503E+01
   .16500000E+01  .97447772E+00
   .17000000E+01  .92822483E+00
   .17500000E+01  .88315384E+00
   .18000000E+01  .83914243E+00
   .18500000E+01  .79605461E+00
   .19000000E+01  .75376898E+00
   .19500000E+01  .71218051E+00
   .20000000E+01  .67119424E+00
KBPotential  L  =       .00000   -.75271
  -.30000000E+01  .14106840E+01
  -.29500000E+01  .13931419E+01
  -.29000000E+01  .13754082E+01
  -.28500000E+01  .13574778E+01
  -.28000000E+01  .13393451E+01
  -.27500000E+01  .13210042E+01
  -.27000000E+01  .13024492E+01
  -.26500000E+01  .12836737E+01
  -.26000000E+01  .12646713E+01
  -.25500000E+01  .12454350E+01
  -.25000000E+01  .12259578E+01
  -.24500000E+01  .12062322E+01
  -.24000000E+01  .11862502E+01
  -.23500000E+01  .11660039E+01
  -.23000000E+01  .11454846E+01
  -.22500000E+01  .11246834E+01
  -.22000000E+01  .11035909E+01
  -.21500000E+01  .10821973E+01
  -.21000000E+01  .10604922E+01
  -.20500000E+01  .10384648E+01
  -.20000000E+01  .10161037E+01
  -.19500000E+01  .99339692E+00
  -.19000000E+01  .97033189E+00
  -.18500000E+01  .94689531E+00
  -.18000000E+01  .92307322E+00
  -.17500000E+01  .89885087E+00
  -.17000000E+01  .87421272E+00
  -.16500000E+01  .84914233E+00
  -.16000000E+01  .82362235E+00
  -.15500000E+01  .79763439E+00
  -.15000000E+01  .77115903E+00
  -.14500000E+01  .74417569E+00
  -.14000000E+01  .71666244E+00
  -.13500000E+01  .68859612E+00
  -.13000000E+01  .65995206E+00
  -.12500000E+01  .63070403E+00
  -.12000000E+01  .60082410E+00
  -.11500000E+01  .57028248E+00
  -.11000000E+01  .53904740E+00
  -.10500000E+01  .50708488E+00
  -.10000000E+01  .47435860E+00
  -.95000000E+00  .44082967E+00
  -.90000000E+00  .40645637E+00
  -.85000000E+00  .37119388E+00
  -.80000000E+00  .33499406E+00
  -.75000000E+00  .29780501E+00
  -.70000000E+00  .25957083E+00
  -.65000000E+00  .22023111E+00
  -.60000000E+00  .17972049E+00
  -.55000000E+00  .13796820E+00
  -.50000000E+00  .94897390E-01
  -.45000000E+00  .50424512E-01
  -.40000000E+00  .44585555E-02
  -.35000000E+00 -.43099812E-01
  -.30000000E+00 -.92359223E-01
  -.25000000E+00 -.14343881E+00
  -.20000000E+00 -.19646937E+00
  -.15000000E+00 -.25159494E+00
  -.10000000E+00 -.30897457E+00
  -.50000000E-01 -.36878421E+00
  -.22898350E-14 -.43121918E+00
   .50000000E-01 -.49649687E+00
   .10000000E+00 -.56485998E+00
   .15000000E+00 -.63658033E+00
   .20000000E+00 -.71196345E+00
   .25000000E+00 -.79135406E+00
   .30000000E+00 -.87514232E+00
   .35000000E+00 -.96377216E+00
   .40000000E+00 -.10577505E+01
   .45000000E+00 -.11576593E+01
   .50000000E+00 -.12641697E+01
   .55000000E+00 -.13780603E+01
   .60000000E+00 -.15002396E+01
   .65000000E+00 -.16317747E+01
   .70000000E+00 -.17739276E+01
   .75000000E+00 -.19282024E+01
   .80000000E+00 -.20964070E+01
   .85000000E+00 -.22807345E+01
   .90000000E+00 -.24838727E+01
   .95000000E+00 -.27091534E+01
   .10000000E+01 -.29607601E+01
   .10500000E+01 -.32440211E+01
   .11000000E+01 -.35658347E+01
   .11500000E+01 -.39352997E+01
   .12000000E+01 -.43646796E+01
   .12500000E+01 -.48709242E+01
   .13000000E+01 -.54781716E+01
   .13500000E+01 -.62220479E+01
   .14000000E+01 -.71575098E+01
   .14500000E+01 -.83741403E+01
   .15000000E+01 -.10028798E+02
   .15500000E+01 -.12423961E+02
   .16000000E+01 -.16229268E+02
   .16500000E+01 -.23285953E+02
   .17000000E+01 -.41183647E+02
   .17500000E+01 -.18622461E+03
   .18000000E+01  .70555063E+02
   .18500000E+01  .28596686E+02
   .19000000E+01  .17200569E+02
   .19500000E+01  .11629361E+02
   .20000000E+01  .80458530E+01
KBPotential  L  =      3.00000    .00000
  -.30000000E+01  .19517806E+01
  -.29500000E+01  .19392553E+01
  -.29000000E+01  .19266561E+01
  -.28500000E+01  .19139818E+01
  -.28000000E+01  .19012313E+01
  -.27500000E+01  .18884031E+01
  -.27000000E+01  .18754960E+01
  -.26500000E+01  .18625086E+01
  -.26000000E+01  .18494397E+01
  -.25500000E+01  .18362877E+01
  -.25000000E+01  .18230511E+01
  -.24500000E+01  .18097286E+01
  -.24000000E+01  .17963186E+01
  -.23500000E+01  .17828195E+01
  -.23000000E+01  .17692296E+01
  -.22500000E+01  .17555473E+01
  -.22000000E+01  .17417710E+01
  -.21500000E+01  .17278987E+01
  -.21000000E+01  .17139288E+01
  -.20500000E+01  .16998593E+01
  -.20000000E+01  .16856883E+01
  -.19500000E+01  .16714139E+01
  -.19000000E+01  .16570340E+01
  -.18500000E+01  .16425464E+01
  -.18000000E+01  .16279491E+01
  -.17500000E+01  .16132398E+01
  -.17000000E+01  .15984161E+01
  -.16500000E+01  .15834758E+01
  -.16000000E+01  .15684164E+01
  -.15500000E+01  .15532352E+01
  -.15000000E+01  .15379298E+01
  -.14500000E+01  .15224974E+01
  -.14000000E+01  .15069353E+01
  -.13500000E+01  .14912404E+01
  -.13000000E+01  .14754100E+01
  -.12500000E+01  .14594408E+01
  -.12000000E+01  .14433298E+01
  -.11500000E+01  .14270735E+01
  -.11000000E+01  .14106686E+01
  -.10500000E+01  .13941116E+01
  -.10000000E+01  .13773987E+01
  -.95000000E+00  .13605263E+01
  -.90000000E+00  .13434903E+01
  -.85000000E+00  .13262867E+01
  -.80000000E+00  .13089112E+01
  -.75000000E+00  .12913594E+01
  -.70000000E+00  .12736268E+01
  -.65000000E+00  .12557087E+01
  -.60000000E+00  .12376000E+01
  -.55000000E+00  .12192958E+01
  -.50000000E+00  .12007905E+01
  -.45000000E+00  .11820788E+01
  -.40000000E+00  .11631548E+01
  -.35000000E+00  .11440125E+01
  -.30000000E+00  .11246456E+01
  -.25000000E+00  .11050476E+01
  -.20000000E+00  .10852116E+01
  -.15000000E+00  .10651306E+01
  -.10000000E+00  .10447971E+01
  -.50000000E-01  .10242034E+01
  -.22898350E-14  .10033413E+01
   .50000000E-01  .98220230E+00
   .10000000E+00  .96077754E+00
   .15000000E+00  .93905771E+00
   .20000000E+00  .91703305E+00
   .25000000E+00  .89469332E+00
   .30000000E+00  .87202779E+00
   .35000000E+00  .84902520E+00
   .40000000E+00  .82567372E+00
   .45000000E+00  .80196088E+00
   .50000000E+00  .77787362E+00
   .55000000E+00  .75339814E+00
   .60000000E+00  .72851992E+00
   .65000000E+00  .70322367E+00
   .70000000E+00  .67749323E+00
   .75000000E+00  .65131155E+00
   .80000000E+00  .62466061E+00
   .85000000E+00  .59752111E+00
   .90000000E+00  .56987334E+00
   .95000000E+00  .54169568E+00
   .10000000E+01  .51296548E+00
   .10500000E+01  .48365865E+00
   .11000000E+01  .45374963E+00
   .11500000E+01  .42321123E+00
   .12000000E+01  .39201448E+00
   .12500000E+01  .36012852E+00
   .13000000E+01  .32752044E+00
   .13500000E+01  .29415504E+00
   .14000000E+01  .25999473E+00
   .14500000E+01  .22499923E+00
   .15000000E+01  .18912536E+00
   .15500000E+01  .15232678E+00
   .16000000E+01  .11455368E+00
   .16500000E+01  .75752443E-01
   .17000000E+01  .35865552E-01
   .17500000E+01 -.51699296E-02
   .18000000E+01 -.47421199E-01
   .18500000E+01 -.90961268E-01
   .19000000E+01 -.13586940E+00
   .19500000E+01 -.18223170E+00
   .20000000E+01 -.23014187E+00
KBPotential  L  =      4.00000    .00000
  -.30000000E+01  .22482195E+01
  -.29500000E+01  .22374750E+01
  -.29000000E+01  .22266876E+01
  -.28500000E+01  .22158506E+01
  -.28000000E+01  .22049680E+01
  -.27500000E+01  .21940378E+01
  -.27000000E+01  .21830608E+01
  -.26500000E+01  .21720321E+01
  -.26000000E+01  .21609554E+01
  -.25500000E+01  .21498286E+01
  -.25000000E+01  .21386526E+01
  -.24500000E+01  .21274225E+01
  -.24000000E+01  .21161419E+01
  -.23500000E+01  .21048087E+01
  -.23000000E+01  .20934226E+01
  -.22500000E+01  .20819820E+01
  -.22000000E+01  .20704866E+01
  -.21500000E+01  .20589360E+01
  -.21000000E+01  .20473298E+01
  -.20500000E+01  .20356675E+01
  -.20000000E+01  .20239451E+01
  -.19500000E+01  .20121657E+01
  -.19000000E+01  .20003271E+01
  -.18500000E+01  .19884285E+01
  -.18000000E+01  .19764705E+01
  -.17500000E+01  .19644491E+01
  -.17000000E+01  .19523647E+01
  -.16500000E+01  .19402187E+01
  -.16000000E+01  .19280065E+01
  -.15500000E+01  .19157300E+01
  -.15000000E+01  .19033874E+01
  -.14500000E+01  .18909778E+01
  -.14000000E+01  .18785000E+01
  -.13500000E+01  .18659533E+01
  -.13000000E+01  .18533362E+01
  -.12500000E+01  .18406483E+01
  -.12000000E+01  .18278879E+01
  -.11500000E+01  .18150543E+01
  -.11000000E+01  .18021462E+01
  -.10500000E+01  .17891625E+01
  -.10000000E+01  .17761021E+01
  -.95000000E+00  .17629637E+01
  -.90000000E+00  .17497460E+01
  -.85000000E+00  .17364479E+01
  -.80000000E+00  .17230680E+01
  -.75000000E+00  .17096049E+01
  -.70000000E+00  .16960575E+01
  -.65000000E+00  .16824242E+01
  -.60000000E+00  .16687036E+01
  -.55000000E+00  .16548943E+01
  -.50000000E+00  .16409947E+01
  -.45000000E+00  .16270034E+01
  -.40000000E+00  .16129195E+01
  -.35000000E+00  .15987398E+01
  -.30000000E+00  .15844634E+01
  -.25000000E+00  .15700887E+01
  -.20000000E+00  .15556138E+01
  -.15000000E+00  .15410371E+01
  -.10000000E+00  .15263565E+01
  -.50000000E-01  .15115704E+01
  -.22898350E-14  .14966766E+01
   .50000000E-01  .14816732E+01
   .10000000E+00  .14665581E+01
   .15000000E+00  .14513292E+01
   .20000000E+00  .14359842E+01
   .25000000E+00  .14205210E+01
   .30000000E+00  .14049373E+01
   .35000000E+00  .13892307E+01
   .40000000E+00  .13733986E+01
   .45000000E+00  .13574387E+01
   .50000000E+00  .13413482E+01
   .55000000E+00  .13251246E+01
   .60000000E+00  .13087650E+01
   .65000000E+00  .12922666E+01
   .70000000E+00  .12756266E+01
   .75000000E+00  .12588417E+01
   .80000000E+00  .12419090E+01
   .85000000E+00  .12248252E+01
   .90000000E+00  .12075870E+01
   .95000000E+00  .11901909E+01
   .10000000E+01  .11726334E+01
   .10500000E+01  .11549108E+01
   .11000000E+01  .11370195E+01
   .11500000E+01  .11189553E+01
   .12000000E+01  .11007142E+01
   .12500000E+01  .10822921E+01
   .13000000E+01  .10636847E+01
   .13500000E+01  .10448874E+01
   .14000000E+01  .10258956E+01
   .14500000E+01  .10067044E+01
   .15000000E+01  .98730894E+00
   .15500000E+01  .96770393E+00
   .16000000E+01  .94788407E+00
   .16500000E+01  .92784372E+00
   .17000000E+01  .90757712E+00
   .17500000E+01  .88707827E+00
   .18000000E+01  .86634092E+00
   .18500000E+01  .84535860E+00
   .19000000E+01  .82412456E+00
   .19500000E+01  .80263179E+00
   .20000000E+01  .78087299E+00
