In: s2p1                                
   1249.00   .002000 114.82000 125.   .10E-05 .100  200FPE 36.00000
   .7  1.0   0
  1.0   .0   .5-2030.2163 2.0000
  2.0   .0   .5 -304.3138 2.0000
  2.0  1.0  1.5 -273.4092 6.0000
  3.0   .0   .5  -57.7720 2.0000
  3.0  1.0  1.5  -47.6112 6.0000
  3.0  2.0  2.5  -31.783610.0000
  4.0   .0   .5   -8.7647 2.0000
  4.0  1.0  1.5   -5.7312 6.0000
  4.0  2.0  2.5   -1.371110.0000
  5.0   .0   .5    -.6021 2.0000
  5.0  1.0   .5    -.1856 1.0000
  4.0  3.0  2.5    -.2000  .0000
