In: s2p1                                
  .242711526E-01  .246344692E-01  .250032068E-01  .253774460E-01  .257572684E-01
  .261427569E-01  .265339956E-01  .269310698E-01  .273340662E-01  .277430726E-01
  .281581781E-01  .285794733E-01  .290070500E-01  .294410012E-01  .298814215E-01
  .303284069E-01  .307820547E-01  .312424635E-01  .317097337E-01  .321839669E-01
  .326652663E-01  .331537365E-01  .336494838E-01  .341526160E-01  .346632425E-01
  .351814741E-01  .357074235E-01  .362412050E-01  .367829345E-01  .373327296E-01
  .378907096E-01  .384569957E-01  .390317108E-01  .396149794E-01  .402069281E-01
  .408076853E-01  .414173812E-01  .420361478E-01  .426641194E-01  .433014319E-01
  .439482233E-01  .446046337E-01  .452708052E-01  .459468819E-01  .466330100E-01
  .473293381E-01  .480360166E-01  .487531984E-01  .494810384E-01  .502196940E-01
  .509693245E-01  .517300921E-01  .525021608E-01  .532856973E-01  .540808708E-01
  .548878526E-01  .557068169E-01  .565379403E-01  .573814018E-01  .582373832E-01
  .591060688E-01  .599876459E-01  .608823040E-01  .617902359E-01  .627116368E-01
  .636467049E-01  .645956413E-01  .655586499E-01  .665359378E-01  .675277148E-01
  .685341940E-01  .695555914E-01  .705921263E-01  .716440210E-01  .727115012E-01
  .737947957E-01  .748941368E-01  .760097599E-01  .771419042E-01  .782908119E-01
  .794567291E-01  .806399052E-01  .818405933E-01  .830590502E-01  .842955364E-01
  .855503159E-01  .868236570E-01  .881158314E-01  .894271150E-01  .907577877E-01
  .921081331E-01  .934784393E-01  .948689984E-01  .962801065E-01  .977120643E-01
  .991651765E-01  .100639752E+00  .102136106E+00  .103654555E+00  .105195422E+00
  .106759035E+00  .108345726E+00  .109955832E+00  .111589694E+00  .113247660E+00
  .114930080E+00  .116637311E+00  .118369714E+00  .120127658E+00  .121911514E+00
  .123721659E+00  .125558476E+00  .127422353E+00  .129313685E+00  .131232871E+00
  .133180316E+00  .135156431E+00  .137161632E+00  .139196343E+00  .141260993E+00
  .143356015E+00  .145481852E+00  .147638951E+00  .149827764E+00  .152048753E+00
  .154302384E+00  .156589131E+00  .158909473E+00  .161263897E+00  .163652897E+00
  .166076974E+00  .168536635E+00  .171032396E+00  .173564779E+00  .176134312E+00
  .178741535E+00  .181386990E+00  .184071231E+00  .186794818E+00  .189558319E+00
  .192362310E+00  .195207374E+00  .198094106E+00  .201023105E+00  .203994981E+00
  .207010350E+00  .210069841E+00  .213174088E+00  .216323734E+00  .219519434E+00
  .222761850E+00  .226051653E+00  .229389523E+00  .232776153E+00  .236212241E+00
  .239698497E+00  .243235642E+00  .246824406E+00  .250465527E+00  .254159757E+00
  .257907856E+00  .261710596E+00  .265568759E+00  .269483137E+00  .273454534E+00
  .277483766E+00  .281571659E+00  .285719050E+00  .289926789E+00  .294195738E+00
  .298526768E+00  .302920766E+00  .307378627E+00  .311901263E+00  .316489595E+00
  .321144558E+00  .325867099E+00  .330658180E+00  .335518774E+00  .340449868E+00
  .345452464E+00  .350527575E+00  .355676231E+00  .360899473E+00  .366198358E+00
  .371573958E+00  .377027357E+00  .382559657E+00  .388171973E+00  .393865435E+00
  .399641190E+00  .405500399E+00  .411444239E+00  .417473903E+00  .423590601E+00
  .429795559E+00  .436090018E+00  .442475239E+00  .448952496E+00  .455523084E+00
  .462188312E+00  .468949509E+00  .475808021E+00  .482765212E+00  .489822465E+00
  .496981180E+00  .504242777E+00  .511608695E+00  .519080391E+00  .526659343E+00
  .534347047E+00  .542145020E+00  .550054799E+00  .558077942E+00  .566216026E+00
  .574470650E+00  .582843434E+00  .591336019E+00  .599950069E+00  .608687268E+00
  .617549324E+00  .626537965E+00  .635654945E+00  .644902037E+00  .654281041E+00
  .663793779E+00  .673442095E+00  .683227860E+00  .693152968E+00  .703219337E+00
  .713428912E+00  .723783660E+00  .734285576E+00  .744936680E+00  .755739019E+00
  .766694665E+00  .777805716E+00  .789074300E+00  .800502569E+00  .812092704E+00
  .823846915E+00  .835767439E+00  .847856541E+00  .860116516E+00  .872549688E+00
  .885158409E+00  .897945063E+00  .910912063E+00  .924061853E+00  .937396906E+00
  .950919729E+00  .964632858E+00  .978538863E+00  .992640344E+00  .100693993E+01
  .102144030E+01  .103614414E+01  .105105420E+01  .106617322E+01  .108150403E+01
  .109704945E+01  .111281235E+01  .112879564E+01  .114500226E+01  .116143519E+01
  .117809745E+01  .119499208E+01  .121212218E+01  .122949086E+01  .124710130E+01
  .126495669E+01  .128306027E+01  .130141534E+01  .132002519E+01  .133889320E+01
  .135802276E+01  .137741731E+01  .139708033E+01  .141701535E+01  .143722593E+01
  .145771567E+01  .147848822E+01  .149954727E+01  .152089656E+01  .154253987E+01
  .156448101E+01  .158672386E+01  .160927232E+01  .163213036E+01  .165530197E+01
  .167879120E+01  .170260215E+01  .172673897E+01  .175120583E+01  .177600698E+01
  .180114670E+01  .182662932E+01  .185245923E+01  .187864085E+01  .190517867E+01
  .193207722E+01  .195934108E+01  .198697487E+01  .201498329E+01  .204337107E+01
  .207214300E+01  .210130390E+01  .213085869E+01  .216081229E+01  .219116970E+01
  .222193599E+01  .225311625E+01  .228471565E+01  .231673939E+01  .234919276E+01
  .238208107E+01  .241540972E+01  .244918413E+01  .248340980E+01  .251809229E+01
  .255323720E+01  .258885021E+01  .262493703E+01  .266150345E+01  .269855532E+01
  .273609853E+01  .277413904E+01  .281268288E+01  .285173612E+01  .289130491E+01
  .293139544E+01  .297201397E+01  .301316684E+01  .305486041E+01  .309710113E+01
  .313989552E+01  .318325013E+01  .322717160E+01  .327166662E+01  .331674194E+01
  .336240439E+01  .340866084E+01  .345551823E+01  .350298357E+01  .355106394E+01
  .359976646E+01  .364909832E+01  .369906680E+01  .374967921E+01  .380094295E+01
  .385286545E+01  .390545425E+01  .395871691E+01  .401266108E+01  .406729446E+01
  .412262483E+01  .417866003E+01  .423540794E+01  .429287653E+01  .435107383E+01
  .441000793E+01  .446968697E+01  .453011917E+01  .459131281E+01  .465327624E+01
  .471601785E+01  .477954611E+01  .484386955E+01  .490899675E+01  .497493637E+01
  .504169712E+01  .510928778E+01  .517771716E+01  .524699418E+01  .531712777E+01
  .538812695E+01  .546000079E+01  .553275842E+01  .560640901E+01  .568096181E+01
  .575642612E+01  .583281129E+01  .591012672E+01  .598838188E+01  .606758627E+01
  .614774947E+01  .622888108E+01  .631099079E+01  .639408830E+01  .647818338E+01
  .656328584E+01  .664940554E+01  .673655240E+01  .682473635E+01  .691396739E+01
  .700425555E+01  .709561092E+01  .718804359E+01  .728156373E+01  .737618153E+01
  .747190720E+01  .756875101E+01  .766672324E+01  .776583421E+01  .786609428E+01
  .796751381E+01  .807010321E+01  .817387289E+01  .827883331E+01  .838499493E+01
  .849236823E+01  .860096371E+01  .871079188E+01  .882186326E+01  .893418837E+01
  .904777777E+01  .916264198E+01  .927879155E+01  .939623703E+01  .951498894E+01
  .963505783E+01  .975645421E+01  .987918860E+01  .100032715E+02  .101287134E+02
  .102555247E+02  .103837159E+02  .105132974E+02  .106442795E+02  .107766727E+02
  .109104872E+02  .110457332E+02  .111824211E+02  .113205610E+02  .114601630E+02
  .116012371E+02  .117437935E+02  .118878420E+02  .120333926E+02  .121804550E+02
  .123290390E+02  .124791542E+02  .126308102E+02  .127840165E+02  .129387826E+02
  .130951175E+02  .132530307E+02  .134125311E+02  .135736277E+02  .137363294E+02
  .139006448E+02  .140665827E+02  .142341515E+02  .144033594E+02  .145742147E+02
  .147467255E+02  .149208995E+02  .150967446E+02  .152742682E+02  .154534777E+02
  .156343804E+02  .158169831E+02  .160012929E+02  .161873162E+02  .163750595E+02
  .165645289E+02  .167557305E+02  .169486701E+02  .171433530E+02  .173397847E+02
  .175379701E+02  .177379140E+02  .179396209E+02  .181430952E+02  .183483407E+02
  .185553611E+02  .187641599E+02  .189747401E+02  .191871045E+02  .194012556E+02
  .196171955E+02  .198349260E+02  .200544487E+02  .202757646E+02  .204988745E+02
  .207237789E+02  .209504776E+02  .211789704E+02  .214092565E+02  .216413348E+02
  .218752037E+02  .221108612E+02  .223483049E+02  .225875320E+02  .228285391E+02
  .230713225E+02  .233158780E+02  .235622009E+02  .238102861E+02  .240601278E+02
  .243117199E+02  .245650557E+02  .248201279E+02  .250769290E+02  .253354505E+02
  .255956836E+02  .258576190E+02  .261212466E+02  .263865560E+02  .266535360E+02
  .269221748E+02  .271924601E+02  .274643790E+02  .277379178E+02  .280130623E+02
  .282897977E+02  .285681084E+02  .288479781E+02  .291293900E+02  .294123266E+02
  .296967695E+02  .299826997E+02  .302700977E+02  .305589430E+02  .308492144E+02
  .311408900E+02  .314339473E+02  .317283628E+02  .320241124E+02  .323211711E+02
  .326195132E+02  .329191122E+02  .332199408E+02  .335219708E+02  .338251734E+02
  .341295188E+02  .344349764E+02  .347415147E+02  .350491015E+02  .353577038E+02
  .356672875E+02  .359778178E+02  .362892590E+02  .366015746E+02  .369147271E+02
  .372286783E+02  .375433888E+02  .378588186E+02  .381749268E+02  .384916714E+02
  .388090097E+02  .391268980E+02  .394452917E+02  .397641454E+02  .400834127E+02
  .404030462E+02  .407229979E+02  .410432186E+02  .413636583E+02  .416842662E+02
  .420049904E+02  .423257783E+02  .426465763E+02  .429673300E+02  .432879839E+02
  .436084819E+02  .439287668E+02  .442487808E+02  .445684650E+02  .448877598E+02
  .452066046E+02  .455249380E+02  .458426981E+02  .461598217E+02  .464762451E+02
  .467919037E+02  .471067324E+02  .474206648E+02  .477336343E+02  .480455733E+02
  .483564135E+02  .486660860E+02  .489745211E+02  .492816486E+02  .495873976E+02
  .498916964E+02  .501944731E+02  .504956549E+02  .507951687E+02  .510929406E+02
  .513888965E+02  .516829617E+02  .519750610E+02  .522651189E+02  .525530596E+02
  .528388068E+02  .531222840E+02  .534034143E+02  .536821207E+02  .539583259E+02
  .542319526E+02  .545029231E+02  .547711599E+02  .550365853E+02  .552991216E+02
  .555586911E+02  .558152163E+02  .560686198E+02  .563188243E+02  .565657528E+02
  .568093285E+02  .570494750E+02  .572861162E+02  .575191766E+02  .577485809E+02
  .579742545E+02  .581961234E+02  .584141142E+02  .586281542E+02  .588381715E+02
  .590440950E+02  .592458544E+02  .594433804E+02  .596366049E+02  .598254605E+02
  .600098812E+02  .601898020E+02  .603651595E+02  .605358913E+02  .607019366E+02
  .608632358E+02  .610197311E+02  .611713663E+02  .613180868E+02  .614598396E+02
  .615965738E+02  .617282401E+02  .618547916E+02  .619761828E+02  .620923710E+02
  .622033151E+02  .623089766E+02  .624093193E+02  .625043092E+02  .625939149E+02
  .626781077E+02  .627568612E+02  .628301521E+02  .628979595E+02  .629602655E+02
  .630170552E+02  .630683164E+02  .631140404E+02  .631542212E+02  .631888562E+02
  .632179461E+02  .632414949E+02  .632595099E+02  .632720019E+02  .632789854E+02
  .632804782E+02  .632765021E+02  .632670823E+02  .632522479E+02  .632320318E+02
  .632064709E+02  .631756059E+02  .631394815E+02  .630981464E+02  .630516535E+02
  .630000597E+02  .629434261E+02  .628818180E+02  .628153049E+02  .627439606E+02
  .626678632E+02  .625870951E+02  .625017429E+02  .624118978E+02  .623176552E+02
  .622191150E+02  .621163812E+02  .620095626E+02  .618987722E+02  .617841272E+02
  .616657495E+02  .615437651E+02  .614183045E+02  .612895024E+02  .611574979E+02
  .610224344E+02  .608844592E+02  .607437242E+02  .606003852E+02  .604546019E+02
  .603065384E+02  .601563626E+02  .600042460E+02  .598503644E+02  .596948969E+02
  .595380264E+02  .593799393E+02  .592208257E+02  .590608785E+02  .589002943E+02
  .587392727E+02  .585780161E+02  .584167299E+02  .582556222E+02  .580949038E+02
  .579347876E+02  .577754890E+02  .576172257E+02  .574602169E+02  .573046839E+02
  .571508496E+02  .569989380E+02  .568491747E+02  .567017861E+02  .565569996E+02
  .564150429E+02  .562761443E+02  .561405324E+02  .560084355E+02  .558800819E+02
  .557556990E+02  .556355138E+02  .555197521E+02  .554086386E+02  .553023964E+02
  .552012468E+02  .551054091E+02  .550151003E+02  .549305350E+02  .548519247E+02
  .547794779E+02  .547133997E+02  .546538915E+02  .546011508E+02  .545553707E+02
  .545167399E+02  .544854422E+02  .544616562E+02  .544455552E+02  .544373067E+02
  .544370724E+02  .544450073E+02  .544612602E+02  .544859728E+02  .545192796E+02
  .545613080E+02  .546121771E+02  .546719984E+02  .547408750E+02  .548189013E+02
  .549061631E+02  .550027368E+02  .551086896E+02  .552240792E+02  .553489532E+02
  .554833491E+02  .556272943E+02  .557808055E+02  .559438884E+02  .561165382E+02
  .562987385E+02  .564904617E+02  .566916686E+02  .569023084E+02  .571223183E+02
  .573516235E+02  .575901372E+02  .578377602E+02  .580943810E+02  .583598757E+02
  .586341079E+02  .589169285E+02  .592081759E+02  .595076758E+02  .598152414E+02
  .601306730E+02  .604537585E+02  .607842732E+02  .611219797E+02  .614666285E+02
  .618179575E+02  .621756924E+02  .625395470E+02  .629092230E+02  .632844105E+02
  .636647879E+02  .640500225E+02  .644397702E+02  .648336763E+02  .652313756E+02
  .656324924E+02  .660366412E+02  .664434270E+02  .668524456E+02  .672632837E+02
  .676755197E+02  .680887242E+02  .685024600E+02  .689162828E+02  .693297418E+02
  .697423801E+02  .701537351E+02  .705633392E+02  .709707204E+02  .713754029E+02
  .717769072E+02  .721747516E+02  .725684520E+02  .729575231E+02  .733414788E+02
  .737198328E+02  .740920996E+02  .744577950E+02  .748164366E+02  .751675452E+02
  .755106446E+02  .758452633E+02  .761709343E+02  .764871969E+02  .767935963E+02
  .770896856E+02  .773750255E+02  .776491857E+02  .779117454E+02  .781622943E+02
  .784004332E+02  .786257748E+02  .788379444E+02  .790365810E+02  .792213373E+02
  .793918814E+02  .795478969E+02  .796890837E+02  .798151588E+02  .799258571E+02
  .800209319E+02  .801001554E+02  .801633198E+02  .802102375E+02  .802407419E+02
  .802546880E+02  .802519527E+02  .802324354E+02  .801960588E+02  .801427689E+02
  .800725357E+02  .799853533E+02  .798812408E+02  .797602420E+02  .796224261E+02
  .794678876E+02  .792967467E+02  .791091497E+02  .789052685E+02  .786853010E+02
  .784494715E+02  .781980297E+02  .779312519E+02  .776494395E+02  .773529200E+02
  .770420461E+02  .767171958E+02  .763787716E+02  .760272006E+02  .756629340E+02
  .752864464E+02  .748982353E+02  .744988208E+02  .740887446E+02  .736685696E+02
  .732388790E+02  .728002756E+02  .723533807E+02  .718988336E+02  .714372906E+02
  .709694237E+02  .704959198E+02  .700174796E+02  .695348164E+02  .690486551E+02
  .685597307E+02  .680687874E+02  .675765772E+02  .670838582E+02  .665913939E+02
  .660999513E+02  .656102997E+02  .651232093E+02  .646394495E+02  .641597876E+02
  .636849875E+02  .632158076E+02  .627529998E+02  .622973077E+02  .618494653E+02
  .614101949E+02  .609802063E+02  .605601946E+02  .601508390E+02  .597528013E+02
  .593667242E+02  .589932298E+02  .586329183E+02  .582863665E+02  .579541261E+02
  .576367230E+02  .573346550E+02  .570483912E+02  .567783704E+02  .565250002E+02
  .562886552E+02  .560696766E+02  .558683706E+02  .556850077E+02  .555198216E+02
  .553730084E+02  .552447257E+02  .551350919E+02  .550441856E+02  .549720451E+02
  .549186676E+02  .548840090E+02  .548679837E+02  .548704640E+02  .548912803E+02
  .549302208E+02  .549870318E+02  .550614175E+02  .551530406E+02  .552615223E+02
  .553864432E+02  .555273432E+02  .556837229E+02  .558550435E+02  .560407285E+02
  .562401640E+02  .564527001E+02  .566776518E+02  .569143006E+02  .571618954E+02
  .574196540E+02  .576867649E+02  .579623886E+02  .582456594E+02  .585356868E+02
  .588315579E+02  .591323388E+02  .594370764E+02  .597448010E+02  .600545278E+02
  .603652593E+02  .606759871E+02  .609856945E+02  .612933583E+02  .615979516E+02
  .618984452E+02  .621938110E+02  .624830233E+02  .627650619E+02  .630389137E+02
  .633035758E+02  .635580571E+02  .638013814E+02  .640325888E+02  .642507387E+02
  .644549115E+02  .646442114E+02  .648177678E+02  .649747382E+02  .651143096E+02
  .652357009E+02  .653381646E+02  .654209889E+02  .654834992E+02  .655250599E+02
  .655450763E+02  .655429955E+02  .655183085E+02  .654705510E+02  .653993048E+02
  .653041992E+02  .651849114E+02  .650411681E+02  .648727455E+02  .646794706E+02
  .644612215E+02  .642179276E+02  .639495701E+02  .636561824E+02  .633378495E+02
  .629947085E+02  .626269480E+02  .622348079E+02  .618185792E+02  .613786026E+02
  .609152689E+02  .604290171E+02  .599203342E+02  .593897535E+02  .588378541E+02
  .582652589E+02  .576726337E+02  .570606854E+02  .564301605E+02  .557818432E+02
  .551165540E+02  .544351471E+02  .537385094E+02  .530275572E+02  .523032353E+02
  .515665138E+02  .508183866E+02  .500598684E+02  .492919930E+02  .485158100E+02
  .477323836E+02  .469427885E+02  .461481092E+02  .453494356E+02  .445478623E+02
  .437444843E+02  .429403961E+02  .421366875E+02  .413344429E+02  .405347369E+02
  .397386337E+02  .389471828E+02  .381614187E+02  .373823563E+02  .366109908E+02
  .358482936E+02  .350952118E+02  .343526647E+02  .336215432E+02  .329027064E+02
  .321969815E+02  .315051601E+02  .308279989E+02  .301662159E+02  .295204911E+02
  .288914634E+02  .282797310E+02  .276858492E+02  .271103303E+02  .265536420E+02
  .260162079E+02  .254984056E+02  .250005676E+02  .245229795E+02  .240658817E+02
  .236294674E+02  .232138843E+02  .228192334E+02  .224455706E+02  .220929058E+02
  .217612043E+02  .214503868E+02  .211603307E+02  .208908698E+02  .206417964E+02
  .204128609E+02  .202037740E+02  .200142068E+02  .198437923E+02  .196921266E+02
  .195587702E+02  .194432493E+02  .193450574E+02  .192636566E+02  .191984795E+02
  .191489310E+02  .191143899E+02  .190942113E+02  .190877285E+02  .190942551E+02
  .191130874E+02  .191435067E+02  .191847814E+02  .192361699E+02  .192969220E+02
  .193662821E+02  .194434906E+02  .195277868E+02  .196184100E+02  .197146025E+02
  .198156105E+02  .199206868E+02  .200290918E+02  .201400959E+02  .202529802E+02
  .203670391E+02  .204815806E+02  .205959291E+02  .207094252E+02  .208214285E+02
  .209313176E+02  .210384920E+02  .211423728E+02  .212424040E+02  .213380528E+02
  .214288117E+02  .215141975E+02  .215937537E+02  .216670498E+02  .217336829E+02
  .217932770E+02  .218454844E+02  .218899849E+02  .219264873E+02  .219547278E+02
  .219744719E+02  .219855125E+02  .219876711E+02  .219807965E+02  .219647655E+02
  .219394816E+02  .219048752E+02  .218609025E+02  .218075454E+02  .217448104E+02
  .216727283E+02  .215913530E+02  .215007613E+02  .214010511E+02  .212923414E+02
  .211747709E+02  .210484973E+02  .209136958E+02  .207705589E+02  .206192944E+02
  .204601253E+02  .202932879E+02  .201190316E+02  .199376169E+02  .197493151E+02
  .195544070E+02  .193531816E+02  .191459354E+02  .189329714E+02  .187145976E+02
  .184911266E+02  .182628746E+02  .180301599E+02  .177933026E+02  .175526235E+02
  .173084431E+02  .170610812E+02  .168108557E+02  .165580818E+02  .163030720E+02
  .160461345E+02  .157875733E+02  .155276871E+02  .152667690E+02  .150051060E+02
  .147429784E+02  .144806593E+02  .142184145E+02  .139565018E+02  .136951708E+02
  .134346627E+02  .131752099E+02  .129170358E+02  .126603547E+02  .124053715E+02
  .121522818E+02  .119012716E+02  .116525174E+02  .114061858E+02  .111624343E+02
  .109214103E+02  .106832520E+02  .104480879E+02  .102160372E+02  .998720993E+01
  .976170690E+01  .953961985E+01  .932103194E+01  .910601747E+01  .889464253E+01
  .868696480E+01  .848303418E+01  .828289263E+01  .808657479E+01  .789410787E+01
  .770551229E+01  .752080153E+01  .733998282E+01  .716305703E+01  .699001931E+01
  .682085898E+01  .665556021E+01  .649410177E+01  .633645789E+01  .618259829E+01
  .603248786E+01  .588608888E+01  .574335809E+01  .560425081E+01  .546871720E+01
  .533670646E+01  .520816319E+01  .508303146E+01  .496125125E+01  .484276251E+01
  .472750144E+01  .461540474E+01  .450640573E+01  .440043867E+01  .429743478E+01
  .419732663E+01  .410004406E+01  .400551867E+01  .391367958E+01  .382445800E+01
  .373778298E+01  .365358593E+01  .357179631E+01  .349234622E+01  .341516605E+01
  .334018904E+01  .326734689E+01  .319657436E+01  .312780483E+01  .306097495E+01
  .299602004E+01  .293287889E+01  .287148907E+01  .281179172E+01  .275372686E+01
  .269723817E+01  .264226827E+01  .258876353E+01  .253666931E+01  .248593476E+01
  .243650804E+01  .238834118E+01  .234138522E+01  .229559505E+01  .225092463E+01
  .220733149E+01  .216477329E+01  .212320960E+01  .208260131E+01  .204291077E+01
  .200410166E+01  .196613926E+01  .192898988E+01  .189262160E+01  .185700338E+01
  .182210597E+01  .178790090E+01  .175436145E+01  .172146168E+01  .168917728E+01
  .165748469E+01  .162636193E+01  .159578769E+01  .156574221E+01  .153620630E+01
  .150716228E+01  .147859299E+01  .145048268E+01  .142281608E+01  .139557927E+01
  .136875871E+01  .134234220E+01  .131631781E+01  .129067489E+01  .126540302E+01
  .124049299E+01  .121593574E+01  .119172337E+01  .116784806E+01  .114430310E+01
  .112108179E+01  .109817849E+01  .107558752E+01  .105330417E+01  .103132365E+01
  .100964212E+01  .988255560E+00  .967160857E+00  .946354680E+00  .925834551E+00
  .905597722E+00  .885642200E+00  .865965900E+00  .846567097E+00  .827444182E+00
  .808595788E+00  .790020622E+00  .771717624E+00  .753685731E+00  .735924107E+00
  .718431867E+00  .701208324E+00  .684252710E+00  .667564424E+00  .651142762E+00
  .634987157E+00  .619096914E+00  .603471453E+00  .588110042E+00  .573012051E+00
  .558176670E+00  .543603179E+00  .529290664E+00  .515238283E+00  .501444987E+00
  .487909789E+00  .474631486E+00  .461608927E+00  .448840737E+00  .436325586E+00
  .424061916E+00  .412048213E+00  .400282725E+00  .388763748E+00  .377489338E+00
  .366457599E+00  .355666396E+00  .345113644E+00  .334797023E+00  .324714267E+00
  .314862875E+00  .305240410E+00  .295844205E+00  .286671664E+00  .277719964E+00
  .268986361E+00  .260467896E+00  .252161695E+00  .244064672E+00  .236173842E+00
  .228486013E+00  .220998103E+00  .213706832E+00  .206609040E+00  .199701377E+00
  .192980622E+00  .186443373E+00  .180086366E+00  .173906165E+00  .167899482E+00
  .162062861E+00  .156393006E+00  .150886460E+00  .145539934E+00  .140349985E+00
  .135313343E+00  .130426594E+00  .125686486E+00  .121089703E+00  .116632978E+00
  .112313071E+00  .108126772E+00  .104070902E+00  .100142319E+00  .963379174E-01
  .926546295E-01  .890894287E-01  .856393305E-01  .823013940E-01  .790727230E-01
  .759504673E-01  .729318237E-01  .700140368E-01  .671943997E-01  .644702547E-01
  .618389937E-01  .592980584E-01  .568449409E-01  .544771833E-01  .521923785E-01
  .499881693E-01  .478622488E-01  .458123599E-01  .438362952E-01  .419318965E-01
  .400970542E-01  .383297071E-01  .366278416E-01  .349894913E-01  .334127361E-01
  .318957017E-01  .304365586E-01  .290335219E-01  .276848499E-01  .263888437E-01
  .251438462E-01  .239482414E-01  .228004534E-01  .216989459E-01  .206422209E-01
  .196288183E-01  .186573150E-01  .177263237E-01  .168344927E-01  .159805046E-01
  .151630759E-01  .143809560E-01  .136329266E-01  .129178011E-01  .122344234E-01
  .115816680E-01  .109584387E-01  .103636683E-01  .979631791E-02  .925537643E-02
  .873985988E-02  .824881095E-02  .778129847E-02  .733641688E-02  .691328580E-02
  .651104952E-02  .612887658E-02  .576595936E-02  .542151362E-02  .509477813E-02
  .478501425E-02  .449150558E-02  .421355757E-02  .395049715E-02  .370167237E-02
  .346645205E-02  .324422544E-02  .303440184E-02  .283641026E-02  .264969912E-02
  .247373583E-02  .230800649E-02  .215201554E-02  .200528538E-02  .186735605E-02
  .173778485E-02  .161614600E-02  .150203027E-02  .139504459E-02  .129481173E-02
  .120096990E-02  .111317239E-02  .103108715E-02  .954396481E-03  .882796603E-03
  .815997285E-03  .753721469E-03  .695704874E-03  .641695622E-03  .591453843E-03
  .544751302E-03  .501371006E-03  .461106832E-03  .423763146E-03  .389154426E-03
  .357104894E-03  .327448149E-03  .300026800E-03  .274692114E-03  .251303661E-03
  .229728969E-03  .209843185E-03  .191528742E-03  .174675034E-03  .159178097E-03
  .144940303E-03  .131870051E-03  .119881481E-03  .108894185E-03  .988329294E-04
  .896273900E-04  .812118924E-04  .735251615E-04  .665100813E-04  .601134626E-04
  .542858200E-04  .489811584E-04  .441567671E-04  .397730236E-04  .357932061E-04
  .321833136E-04  .289118950E-04  .259498867E-04  .232704572E-04  .208488601E-04
  .186622948E-04  .166897744E-04  .149120002E-04  .133112443E-04  .118712376E-04
  .105770651E-04  .941506671E-05  .837274490E-05  .743867705E-05  .660243387E-05
  .585450283E-05  .518621654E-05  .458968592E-05  .405773780E-05  .358385684E-05
  .316213142E-05  .278720342E-05  .245422158E-05  .215879827E-05  .189696944E-05
  .166515763E-05  .146013779E-05  .127900574E-05  .111914915E-05  .978220784E-06
  .854113979E-06  .744940094E-06  .649007860E-06  .564804471E-06  .490978298E-06
  .426323103E-06  .369763641E-06  .320342551E-06  .277208430E-06  .239604992E-06
  .206861241E-06  .178382563E-06  .153642658E-06  .132176260E-06  .113572555E-06
  .974692527E-07  .835472490E-07  .715258266E-07  .611583451E-07  .522283766E-07
  .445462454E-07  .379459329E-07  .322823130E-07  .274286876E-07  .232745898E-07
  .197238310E-07  .166927662E-07  .141087543E-07  .119087954E-07  .100383248E-07
  .845014767E-08  .710349946E-08  .596321841E-08  .499901755E-08  .418484535E-08
  .349832501E-08  .292026339E-08  .243422163E-08  .202614016E-08  .168401180E-08
  .139759720E-08  .115817737E-08  .958338989E-09  .791788339E-09  .653190242E-09
  .538028961E-09  .442488194E-09  .363347717E-09  .297894508E-09  .243846441E-09
  .199286883E-09  .162608721E-09  .132466541E-09  .107735829E-09  .874782403E-10
  .709120610E-10  .573871408E-10  .463636533E-10  .373941289E-10  .301082826E-10
  .242002217E-10  .194176901E-10  .155530099E-10  .124355214E-10  .992521369E-11
  .790743839E-11  .628847833E-11  .499186450E-11  .395531512E-11  .312819654E-11
  .246942093E-11  .194570870E-11  .153015534E-11  .120105135E-11  .940912572E-12
  .735684913E-12  .574093318E-12  .447109939E-12  .347520491E-12  .269571383E-12
  .208683152E-12  .161218221E-12  .124293047E-12  .956265106E-13  .734177835E-13
  .562481683E-13  .430023572E-13  .328054087E-13  .249724092E-13  .189683547E-13
  .143762453E-13  .108717683E-13  .820325180E-14  .617582841E-14  .463895160E-14
  .347657784E-14  .259946251E-14  .193912842E-14  .144315460E-14  .107150503E-14
  .793674393E-15  .586474299E-15  .432320330E-15  .317909804E-15  .233203590E-15
  .170643985E-15  .124555383E-15  .906861650E-16  .658594006E-16  .477071889E-16
  .344691233E-16  .248397932E-16  .178536879E-16  .127985553E-16  .915035121E-17
  .652452733E-17  .463965220E-17  .329031445E-17  .232699496E-17  .164115618E-17
  .115422669E-17  .809485857E-18  .566101766E-18  .394763425E-18  .274489948E-18
  .190306236E-18  .131554727E-18  .906726900E-19  .623092899E-19  .426898805E-19
  .291596566E-19  .198570444E-19  .134806510E-19  .912347780E-20  .615534531E-20
  .413976734E-20  .277536390E-20  .185469846E-20  .123544912E-20  .820282226E-21
  .542846752E-21  .358059515E-21  .235388729E-21  .154225761E-21  .100706440E-21
  .655352234E-22  .425008491E-22  .274671549E-22  .176893088E-22  .113521191E-22
  .725938082E-23  .462558174E-23  .293673498E-23  .185772808E-23  .117086224E-23
  .735229458E-24  .459960469E-24  .286672211E-24  .177993862E-24  .110094483E-24
  .678350011E-25  .416347933E-25  .254542159E-25  .155006566E-25  .940185937E-26
  .567984908E-26  .341747410E-26  .204788206E-26  .122214209E-26  .726342019E-27
  .429881633E-27  .253355475E-27  .148686210E-27  .868870961E-28  .505555851E-28
  .292885065E-28  .168936844E-28  .970142001E-29  .554644376E-29  .315679782E-29
  .178861191E-29  .100880421E-29  .566373819E-30  .316511095E-30  .176054867E-30
  .974684756E-31  .537057686E-31  .294511174E-31  .160727436E-31  .872908738E-32
  .471760208E-32  .253705763E-32  .135762148E-32  .722851454E-33  .382933988E-33
  .201829961E-33  .105831866E-33  .552075476E-34  .286492717E-34  .147891648E-34
  .759399486E-35  .387860052E-35  .197033136E-35  .995506671E-36  .500231266E-36
  .249977065E-36  .124226125E-36  .613888885E-37  .301655413E-37  .147386364E-37
  .715992492E-38  .345815624E-38  .166052559E-38  .792667460E-39  .376149515E-39
  .177432576E-39  .831933823E-40  .387708935E-40  .179582210E-40  .826684870E-41
  .378193776E-41  .171935218E-41  .776729117E-42  .348663618E-42  .155508395E-42
  .689110531E-43  .303381635E-43  .132688222E-43  .576494683E-44  .248802685E-44
  .106656774E-44  .454121511E-45  .192035886E-45  .806483824E-46  .336347305E-46
  .139294882E-46  .572813159E-47  .233882083E-47  .948117999E-48  .381578979E-48
  .152453731E-48  .604641564E-49  .238033911E-49  .930111328E-50  .360711911E-50
  .138831963E-50  .530268293E-51  .200979915E-51  .755846912E-52  .282041097E-52
  .104414612E-52  .383489303E-53  .139720753E-53  .504959504E-54  .181014149E-54
  .643580486E-55  .226934752E-55  .793577769E-56  .275230556E-56  .946842480E-57
  .323311039E-57  .109988440E-57  .374363024E-58  .131052602E-58  .495192259E-59
  .234237025E-59  .176909138E-59  .000000000E+00  .000000000E+00  .000000000E+00
  .000000000E+00  .000000000E+00  .000000000E+00  .000000000E+00  .000000000E+00
  .000000000E+00  .000000000E+00  .000000000E+00  .000000000E+00  .000000000E+00
  .000000000E+00  .000000000E+00  .000000000E+00  .000000000E+00  .000000000E+00
  .000000000E+00  .000000000E+00  .000000000E+00  .000000000E+00  .000000000E+00
  .000000000E+00  .000000000E+00  .000000000E+00  .000000000E+00  .000000000E+00
  .000000000E+00  .000000000E+00  .000000000E+00  .000000000E+00  .000000000E+00
  .000000000E+00  .000000000E+00  .000000000E+00  .000000000E+00  .000000000E+00
  .000000000E+00  .000000000E+00  .000000000E+00  .000000000E+00  .000000000E+00
  .000000000E+00  .000000000E+00  .000000000E+00  .000000000E+00  .000000000E+00
  .000000000E+00  .000000000E+00  .000000000E+00  .000000000E+00  .000000000E+00
  .000000000E+00  .000000000E+00  .000000000E+00  .000000000E+00  .000000000E+00
  .000000000E+00  .000000000E+00  .000000000E+00  .000000000E+00  .000000000E+00
  .000000000E+00  .000000000E+00  .000000000E+00  .000000000E+00  .000000000E+00
  .000000000E+00  .000000000E+00  .000000000E+00  .000000000E+00  .000000000E+00
  .000000000E+00  .000000000E+00  .000000000E+00  .000000000E+00  .000000000E+00
  .000000000E+00  .000000000E+00  .000000000E+00  .000000000E+00  .000000000E+00
  .000000000E+00  .000000000E+00  .000000000E+00  .000000000E+00  .000000000E+00
  .000000000E+00  .000000000E+00  .000000000E+00  .000000000E+00  .000000000E+00
  .000000000E+00  .000000000E+00  .000000000E+00  .000000000E+00  .000000000E+00
  .000000000E+00  .000000000E+00  .000000000E+00  .000000000E+00  .000000000E+00
  .000000000E+00  .000000000E+00  .000000000E+00  .000000000E+00  .000000000E+00
  .000000000E+00  .000000000E+00  .000000000E+00  .000000000E+00  .000000000E+00
  .000000000E+00  .000000000E+00  .000000000E+00  .000000000E+00  .000000000E+00
  .000000000E+00  .000000000E+00  .000000000E+00  .000000000E+00  .000000000E+00
  .000000000E+00  .000000000E+00  .000000000E+00  .000000000E+00  .000000000E+00
  .000000000E+00  .000000000E+00  .000000000E+00  .000000000E+00  .000000000E+00
  .000000000E+00  .000000000E+00  .000000000E+00  .000000000E+00  .000000000E+00
  .000000000E+00  .000000000E+00  .000000000E+00  .000000000E+00  .000000000E+00
  .000000000E+00  .000000000E+00  .000000000E+00  .000000000E+00  .000000000E+00
  .000000000E+00  .000000000E+00  .000000000E+00  .000000000E+00  .000000000E+00
  .000000000E+00  .000000000E+00  .000000000E+00  .000000000E+00  .000000000E+00
  .000000000E+00  .000000000E+00  .000000000E+00  .000000000E+00  .000000000E+00
  .000000000E+00  .000000000E+00  .000000000E+00  .000000000E+00  .000000000E+00
  .000000000E+00  .000000000E+00  .000000000E+00  .000000000E+00  .000000000E+00
  .000000000E+00  .000000000E+00  .000000000E+00  .000000000E+00  .000000000E+00
  .000000000E+00  .000000000E+00  .000000000E+00  .000000000E+00  .000000000E+00
  .000000000E+00  .000000000E+00  .000000000E+00  .000000000E+00  .000000000E+00
  .000000000E+00  .000000000E+00  .000000000E+00  .000000000E+00  .000000000E+00
  .000000000E+00  .000000000E+00  .000000000E+00  .000000000E+00  .000000000E+00
  .000000000E+00  .000000000E+00  .000000000E+00  .000000000E+00  .000000000E+00
  .000000000E+00  .000000000E+00  .000000000E+00  .000000000E+00  .000000000E+00
  .000000000E+00  .000000000E+00  .000000000E+00  .000000000E+00  .000000000E+00
  .000000000E+00  .000000000E+00  .000000000E+00  .000000000E+00  .000000000E+00
