He: 1s                                  
  .563824271E-07  .572916326E-07  .582154991E-07  .591542631E-07  .601081647E-07
  .610774480E-07  .620623610E-07  .630631558E-07  .640800884E-07  .651134190E-07
  .661634121E-07  .672303363E-07  .683144646E-07  .694160744E-07  .705354476E-07
  .716728706E-07  .728286344E-07  .740030348E-07  .751963722E-07  .764089520E-07
  .776410844E-07  .788930848E-07  .801652734E-07  .814579758E-07  .827715227E-07
  .841062503E-07  .854624999E-07  .868406188E-07  .882409593E-07  .896638800E-07
  .911097447E-07  .925789236E-07  .940717924E-07  .955887331E-07  .971301339E-07
  .986963892E-07  .100287900E-06  .101905072E-06  .103548321E-06  .105218067E-06
  .106914736E-06  .108638764E-06  .110390590E-06  .112170663E-06  .113979440E-06
  .115817381E-06  .117684958E-06  .119582649E-06  .121510939E-06  .123470321E-06
  .125461297E-06  .127484375E-06  .129540075E-06  .131628921E-06  .133751448E-06
  .135908199E-06  .138099726E-06  .140326589E-06  .142589359E-06  .144888614E-06
  .147224942E-06  .149598942E-06  .152011219E-06  .154462393E-06  .156953089E-06
  .159483945E-06  .162055609E-06  .164668738E-06  .167324000E-06  .170022076E-06
  .172763656E-06  .175549440E-06  .178380141E-06  .181256484E-06  .184179205E-06
  .187149051E-06  .190166782E-06  .193233170E-06  .196348999E-06  .199515067E-06
  .202732183E-06  .206001171E-06  .209322866E-06  .212698119E-06  .216127793E-06
  .219612765E-06  .223153927E-06  .226752185E-06  .230408458E-06  .234123684E-06
  .237898811E-06  .241734806E-06  .245632649E-06  .249593339E-06  .253617888E-06
  .257707325E-06  .261862697E-06  .266085067E-06  .270375515E-06  .274735137E-06
  .279165051E-06  .283666388E-06  .288240300E-06  .292887957E-06  .297610548E-06
  .302409280E-06  .307285382E-06  .312240101E-06  .317274704E-06  .322390479E-06
  .327588734E-06  .332870798E-06  .338238024E-06  .343691784E-06  .349233473E-06
  .354864508E-06  .360586329E-06  .366400401E-06  .372308210E-06  .378311267E-06
  .384411108E-06  .390609293E-06  .396907407E-06  .403307061E-06  .409809892E-06
  .416417563E-06  .423131765E-06  .429954213E-06  .436886654E-06  .443930860E-06
  .451088633E-06  .458361804E-06  .465752233E-06  .473261809E-06  .480892454E-06
  .488646119E-06  .496524787E-06  .504530472E-06  .512665224E-06  .520931121E-06
  .529330278E-06  .537864842E-06  .546536997E-06  .555348961E-06  .564302986E-06
  .573401363E-06  .582646418E-06  .592040515E-06  .601586058E-06  .611285487E-06
  .621141282E-06  .631155964E-06  .641332093E-06  .651672273E-06  .662179147E-06
  .672855402E-06  .683703768E-06  .694727020E-06  .705927975E-06  .717309498E-06
  .728874500E-06  .740625937E-06  .752566815E-06  .764700187E-06  .777029155E-06
  .789556873E-06  .802286542E-06  .815221419E-06  .828364809E-06  .841720075E-06
  .855290631E-06  .869079947E-06  .883091547E-06  .897329016E-06  .911795992E-06
  .926496176E-06  .941433325E-06  .956611258E-06  .972033857E-06  .987705063E-06
  .100362888E-05  .101980939E-05  .103625072E-05  .105295708E-05  .106993273E-05
  .108718202E-05  .110470935E-05  .112251922E-05  .114061616E-05  .115900481E-05
  .117768987E-05  .119667611E-05  .121596839E-05  .123557165E-05  .125549088E-05
  .127573118E-05  .129629774E-05  .131719580E-05  .133843070E-05  .136000788E-05
  .138193285E-05  .140421121E-05  .142684866E-05  .144985099E-05  .147322407E-05
  .149697388E-05  .152110649E-05  .154562807E-05  .157054488E-05  .159586330E-05
  .162158979E-05  .164773094E-05  .167429341E-05  .170128401E-05  .172870962E-05
  .175657727E-05  .178489406E-05  .181366724E-05  .184290416E-05  .187261229E-05
  .190279923E-05  .193347268E-05  .196464050E-05  .199631064E-05  .202849119E-05
  .206119038E-05  .209441657E-05  .212817824E-05  .216248403E-05  .219734270E-05
  .223276315E-05  .226875444E-05  .230532577E-05  .234248647E-05  .238024605E-05
  .241861415E-05  .245760057E-05  .249721528E-05  .253746840E-05  .257837021E-05
  .261993116E-05  .266216188E-05  .270507314E-05  .274867592E-05  .279298134E-05
  .283800074E-05  .288374562E-05  .293022765E-05  .297745871E-05  .302545088E-05
  .307421640E-05  .312376773E-05  .317411754E-05  .322527869E-05  .327726424E-05
  .333008747E-05  .338376188E-05  .343830117E-05  .349371927E-05  .355003035E-05
  .360724878E-05  .366538917E-05  .372446638E-05  .378449550E-05  .384549185E-05
  .390747101E-05  .397044882E-05  .403444135E-05  .409946495E-05  .416553622E-05
  .423267204E-05  .430088955E-05  .437020616E-05  .444063959E-05  .451220781E-05
  .458492911E-05  .465882204E-05  .473390547E-05  .481019859E-05  .488772086E-05
  .496649208E-05  .504653236E-05  .512786213E-05  .521050217E-05  .529447356E-05
  .537979775E-05  .546649652E-05  .555459200E-05  .564410667E-05  .573506340E-05
  .582748540E-05  .592139625E-05  .601681994E-05  .611378082E-05  .621230363E-05
  .631241353E-05  .641413607E-05  .651749720E-05  .662252332E-05  .672924121E-05
  .683767813E-05  .694786174E-05  .705982016E-05  .717358196E-05  .728917617E-05
  .740663230E-05  .752598031E-05  .764725065E-05  .777047428E-05  .789568262E-05
  .802290764E-05  .815218178E-05  .828353804E-05  .841700992E-05  .855263147E-05
  .869043730E-05  .883046257E-05  .897274298E-05  .911731485E-05  .926421504E-05
  .941348102E-05  .956515089E-05  .971926331E-05  .987585759E-05  .100349737E-04
  .101966522E-04  .103609343E-04  .105278619E-04  .106974776E-04  .108698247E-04
  .110449471E-04  .112228894E-04  .114036971E-04  .115874162E-04  .117740935E-04
  .119637768E-04  .121565143E-04  .123523551E-04  .125513493E-04  .127535475E-04
  .129590013E-04  .131677631E-04  .133798861E-04  .135954243E-04  .138144327E-04
  .140369671E-04  .142630842E-04  .144928417E-04  .147262982E-04  .149635130E-04
  .152045468E-04  .154494608E-04  .156983176E-04  .159511805E-04  .162081139E-04
  .164691834E-04  .167344554E-04  .170039976E-04  .172778786E-04  .175561682E-04
  .178389372E-04  .181262578E-04  .184182030E-04  .187148474E-04  .190162663E-04
  .193225367E-04  .196337365E-04  .199499450E-04  .202712427E-04  .205977114E-04
  .209294343E-04  .212664958E-04  .216089818E-04  .219569795E-04  .223105774E-04
  .226698657E-04  .230349357E-04  .234058805E-04  .237827944E-04  .241657735E-04
  .245549151E-04  .249503183E-04  .253520839E-04  .257603140E-04  .261751125E-04
  .265965851E-04  .270248389E-04  .274599829E-04  .279021279E-04  .283513863E-04
  .288078726E-04  .292717027E-04  .297429948E-04  .302218686E-04  .307084461E-04
  .312028510E-04  .317052091E-04  .322156481E-04  .327342978E-04  .332612902E-04
  .337967593E-04  .343408412E-04  .348936743E-04  .354553992E-04  .360261587E-04
  .366060978E-04  .371953641E-04  .377941073E-04  .384024797E-04  .390206358E-04
  .396487328E-04  .402869303E-04  .409353906E-04  .415942783E-04  .422637610E-04
  .429440088E-04  .436351944E-04  .443374936E-04  .450510847E-04  .457761490E-04
  .465128707E-04  .472614369E-04  .480220378E-04  .487948665E-04  .495801193E-04
  .503779956E-04  .511886981E-04  .520124325E-04  .528494080E-04  .536998371E-04
  .545639357E-04  .554419232E-04  .563340223E-04  .572404596E-04  .581614651E-04
  .590972725E-04  .600481192E-04  .610142466E-04  .619958998E-04  .629933279E-04
  .640067838E-04  .650365247E-04  .660828117E-04  .671459103E-04  .682260900E-04
  .693236248E-04  .704387930E-04  .715718774E-04  .727231652E-04  .738929484E-04
  .750815234E-04  .762891915E-04  .775162589E-04  .787630365E-04  .800298404E-04
  .813169914E-04  .826248158E-04  .839536449E-04  .853038154E-04  .866756692E-04
  .880695539E-04  .894858225E-04  .909248336E-04  .923869518E-04  .938725472E-04
  .953819959E-04  .969156802E-04  .984739881E-04  .100057314E-03  .101666059E-03
  .103300631E-03  .104961441E-03  .106648912E-03  .108363470E-03  .110105548E-03
  .111875588E-03  .113674037E-03  .115501349E-03  .117357988E-03  .119244422E-03
  .121161129E-03  .123108592E-03  .125087305E-03  .127097767E-03  .129140487E-03
  .131215981E-03  .133324772E-03  .135467395E-03  .137644391E-03  .139856308E-03
  .142103707E-03  .144387154E-03  .146707226E-03  .149064509E-03  .151459598E-03
  .153893098E-03  .156365624E-03  .158877798E-03  .161430255E-03  .164023639E-03
  .166658605E-03  .169335817E-03  .172055950E-03  .174819691E-03  .177627736E-03
  .180480793E-03  .183379583E-03  .186324835E-03  .189317291E-03  .192357708E-03
  .195446849E-03  .198585494E-03  .201774433E-03  .205014470E-03  .208306421E-03
  .211651115E-03  .215049393E-03  .218502112E-03  .222010141E-03  .225574363E-03
  .229195674E-03  .232874986E-03  .236613225E-03  .240411331E-03  .244270260E-03
  .248190981E-03  .252174481E-03  .256221761E-03  .260333840E-03  .264511749E-03
  .268756540E-03  .273069279E-03  .277451049E-03  .281902952E-03  .286426104E-03
  .291021643E-03  .295690722E-03  .300434513E-03  .305254207E-03  .310151013E-03
  .315126160E-03  .320180897E-03  .325316492E-03  .330534231E-03  .335835425E-03
  .341221401E-03  .346693511E-03  .352253125E-03  .357901637E-03  .363640462E-03
  .369471037E-03  .375394824E-03  .381413305E-03  .387527988E-03  .393740403E-03
  .400052105E-03  .406464673E-03  .412979712E-03  .419598851E-03  .426323747E-03
  .433156080E-03  .440097559E-03  .447149919E-03  .454314922E-03  .461594359E-03
  .468990048E-03  .476503836E-03  .484137600E-03  .491893246E-03  .499772709E-03
  .507777957E-03  .515910985E-03  .524173825E-03  .532568535E-03  .541097210E-03
  .549761975E-03  .558564991E-03  .567508451E-03  .576594584E-03  .585825652E-03
  .595203955E-03  .604731828E-03  .614411642E-03  .624245806E-03  .634236767E-03
  .644387011E-03  .654699061E-03  .665175483E-03  .675818879E-03  .686631895E-03
  .697617219E-03  .708777577E-03  .720115743E-03  .731634531E-03  .743336801E-03
  .755225455E-03  .767303445E-03  .779573765E-03  .792039458E-03  .804703615E-03
  .817569374E-03  .830639923E-03  .843918500E-03  .857408392E-03  .871112941E-03
  .885035537E-03  .899179627E-03  .913548708E-03  .928146334E-03  .942976115E-03
  .958041715E-03  .973346858E-03  .988895324E-03  .100469095E-02  .102073764E-02
  .103703936E-02  .105360012E-02  .107042401E-02  .108751518E-02  .110487784E-02
  .112251627E-02  .114043482E-02  .115863789E-02  .117712998E-02  .119591563E-02
  .121499946E-02  .123438618E-02  .125408054E-02  .127408738E-02  .129441163E-02
  .131505827E-02  .133603238E-02  .135733910E-02  .137898367E-02  .140097139E-02
  .142330765E-02  .144599793E-02  .146904780E-02  .149246289E-02  .151624894E-02
  .154041177E-02  .156495730E-02  .158989154E-02  .161522057E-02  .164095058E-02
  .166708788E-02  .169363883E-02  .172060992E-02  .174800774E-02  .177583896E-02
  .180411039E-02  .183282889E-02  .186200149E-02  .189163527E-02  .192173746E-02
  .195231538E-02  .198337647E-02  .201492828E-02  .204697849E-02  .207953488E-02
  .211260535E-02  .214619794E-02  .218032080E-02  .221498219E-02  .225019054E-02
  .228595436E-02  .232228232E-02  .235918322E-02  .239666599E-02  .243473969E-02
  .247341352E-02  .251269684E-02  .255259914E-02  .259313004E-02  .263429933E-02
  .267611694E-02  .271859295E-02  .276173759E-02  .280556126E-02  .285007451E-02
  .289528804E-02  .294121273E-02  .298785962E-02  .303523991E-02  .308336498E-02
  .313224637E-02  .318189582E-02  .323232523E-02  .328354667E-02  .333557242E-02
  .338841492E-02  .344208681E-02  .349660093E-02  .355197030E-02  .360820814E-02
  .366532788E-02  .372334313E-02  .378226773E-02  .384211572E-02  .390290134E-02
  .396463906E-02  .402734356E-02  .409102975E-02  .415571274E-02  .422140790E-02
  .428813081E-02  .435589729E-02  .442472339E-02  .449462541E-02  .456561989E-02
  .463772361E-02  .471095362E-02  .478532721E-02  .486086193E-02  .493757560E-02
  .501548629E-02  .509461235E-02  .517497240E-02  .525658536E-02  .533947038E-02
  .542364695E-02  .550913481E-02  .559595402E-02  .568412491E-02  .577366814E-02
  .586460466E-02  .595695573E-02  .605074293E-02  .614598816E-02  .624271363E-02
  .634094190E-02  .644069583E-02  .654199866E-02  .664487393E-02  .674934555E-02
  .685543779E-02  .696317524E-02  .707258289E-02  .718368608E-02  .729651051E-02
  .741108227E-02  .752742784E-02  .764557406E-02  .776554818E-02  .788737786E-02
  .801109112E-02  .813671644E-02  .826428268E-02  .839381913E-02  .852535550E-02
  .865892194E-02  .879454903E-02  .893226780E-02  .907210971E-02  .921410669E-02
  .935829114E-02  .950469591E-02  .965335432E-02  .980430019E-02  .995756781E-02
  .101131920E-01  .102712079E-01  .104316515E-01  .105945590E-01  .107599673E-01
  .109279136E-01  .110984359E-01  .112715726E-01  .114473626E-01  .116258455E-01
  .118070614E-01  .119910509E-01  .121778552E-01  .123675161E-01  .125600761E-01
  .127555782E-01  .129540659E-01  .131555835E-01  .133601758E-01  .135678883E-01
  .137787671E-01  .139928590E-01  .142102113E-01  .144308721E-01  .146548903E-01
  .148823151E-01  .151131968E-01  .153475861E-01  .155855345E-01  .158270942E-01
  .160723183E-01  .163212603E-01  .165739748E-01  .168305168E-01  .170909424E-01
  .173553081E-01  .176236715E-01  .178960909E-01  .181726252E-01  .184533345E-01
  .187382792E-01  .190275210E-01  .193211222E-01  .196191460E-01  .199216564E-01
  .202287183E-01  .205403976E-01  .208567608E-01  .211778756E-01  .215038104E-01
  .218346346E-01  .221704186E-01  .225112335E-01  .228571517E-01  .232082462E-01
  .235645913E-01  .239262620E-01  .242933344E-01  .246658857E-01  .250439941E-01
  .254277386E-01  .258171994E-01  .262124579E-01  .266135964E-01  .270206982E-01
  .274338477E-01  .278531307E-01  .282786337E-01  .287104445E-01  .291486522E-01
  .295933466E-01  .300446192E-01  .305025622E-01  .309672693E-01  .314388352E-01
  .319173559E-01  .324029286E-01  .328956518E-01  .333956250E-01  .339029493E-01
  .344177267E-01  .349400609E-01  .354700564E-01  .360078195E-01  .365534574E-01
  .371070789E-01  .376687941E-01  .382387143E-01  .388169524E-01  .394036225E-01
  .399988402E-01  .406027224E-01  .412153875E-01  .418369554E-01  .424675473E-01
  .431072858E-01  .437562953E-01  .444147014E-01  .450826313E-01  .457602136E-01
  .464475786E-01  .471448579E-01  .478521850E-01  .485696945E-01  .492975231E-01
  .500358086E-01  .507846906E-01  .515443105E-01  .523148110E-01  .530963366E-01
  .538890334E-01  .546930493E-01  .555085336E-01  .563356375E-01  .571745138E-01
  .580253172E-01  .588882037E-01  .597633315E-01  .606508602E-01  .615509514E-01
  .624637683E-01  .633894758E-01  .643282409E-01  .652802322E-01  .662456200E-01
  .672245765E-01  .682172759E-01  .692238940E-01  .702446085E-01  .712795992E-01
  .723290473E-01  .733931363E-01  .744720513E-01  .755659796E-01  .766751100E-01
  .777996336E-01  .789397430E-01  .800956332E-01  .812675007E-01  .824555442E-01
  .836599642E-01  .848809632E-01  .861187457E-01  .873735181E-01  .886454888E-01
  .899348681E-01  .912418683E-01  .925667037E-01  .939095906E-01  .952707472E-01
  .966503937E-01  .980487523E-01  .994660473E-01  .100902505E+00  .102358353E+00
  .103833822E+00  .105329143E+00  .106844552E+00  .108380284E+00  .109936577E+00
  .111513671E+00  .113111808E+00  .114731232E+00  .116372189E+00  .118034927E+00
  .119719696E+00  .121426747E+00  .123156333E+00  .124908712E+00  .126684139E+00
  .128482875E+00  .130305180E+00  .132151319E+00  .134021554E+00  .135916155E+00
  .137835388E+00  .139779525E+00  .141748837E+00  .143743599E+00  .145764087E+00
  .147810577E+00  .149883350E+00  .151982685E+00  .154108866E+00  .156262177E+00
  .158442902E+00  .160651330E+00  .162887750E+00  .165152451E+00  .167445726E+00
  .169767868E+00  .172119171E+00  .174499932E+00  .176910449E+00  .179351019E+00
  .181821944E+00  .184323524E+00  .186856061E+00  .189419860E+00  .192015224E+00
  .194642460E+00  .197301874E+00  .199993774E+00  .202718468E+00  .205476266E+00
  .208267477E+00  .211092413E+00  .213951385E+00  .216844704E+00  .219772685E+00
  .222735638E+00  .225733879E+00  .228767721E+00  .231837477E+00  .234943462E+00
  .238085990E+00  .241265376E+00  .244481933E+00  .247735977E+00  .251027819E+00
  .254357776E+00  .257726158E+00  .261133279E+00  .264579452E+00  .268064987E+00
  .271590195E+00  .275155386E+00  .278760868E+00  .282406950E+00  .286093937E+00
  .289822135E+00  .293591848E+00  .297403377E+00  .301257023E+00  .305153085E+00
  .309091860E+00  .313073643E+00  .317098725E+00  .321167398E+00  .325279949E+00
  .329436663E+00  .333637824E+00  .337883712E+00  .342174602E+00  .346510768E+00
  .350892481E+00  .355320009E+00  .359793613E+00  .364313554E+00  .368880087E+00
  .373493464E+00  .378153931E+00  .382861733E+00  .387617106E+00  .392420285E+00
  .397271498E+00  .402170968E+00  .407118913E+00  .412115546E+00  .417161072E+00
  .422255694E+00  .427399605E+00  .432592995E+00  .437836044E+00  .443128928E+00
  .448471815E+00  .453864866E+00  .459308235E+00  .464802068E+00  .470346502E+00
  .475941669E+00  .481587691E+00  .487284680E+00  .493032741E+00  .498831971E+00
  .504682455E+00  .510584272E+00  .516537488E+00  .522542161E+00  .528598339E+00
  .534706058E+00  .540865345E+00  .547076215E+00  .553338673E+00  .559652711E+00
  .566018310E+00  .572435439E+00  .578904056E+00  .585424104E+00  .591995515E+00
  .598618208E+00  .605292088E+00  .612017047E+00  .618792962E+00  .625619697E+00
  .632497102E+00  .639425011E+00  .646403243E+00  .653431604E+00  .660509881E+00
  .667637849E+00  .674815263E+00  .682041865E+00  .689317379E+00  .696641511E+00
  .704013952E+00  .711434373E+00  .718902429E+00  .726417757E+00  .733979976E+00
  .741588683E+00  .749243461E+00  .756943870E+00  .764689453E+00  .772479733E+00
  .780314210E+00  .788192369E+00  .796113669E+00  .804077553E+00  .812083440E+00
  .820130729E+00  .828218796E+00  .836346996E+00  .844514664E+00  .852721110E+00
  .860965622E+00  .869247466E+00  .877565884E+00  .885920097E+00  .894309300E+00
  .902732665E+00  .911189341E+00  .919678453E+00  .928199101E+00  .936750361E+00
  .945331283E+00  .953940896E+00  .962578199E+00  .971242170E+00  .979931760E+00
  .988645895E+00  .997383474E+00  .100614337E+01  .101492444E+01  .102372550E+01
  .103254535E+01  .104138275E+01  .105023647E+01  .105910520E+01  .106798765E+01
  .107688249E+01  .108578834E+01  .109470383E+01  .110362755E+01  .111255804E+01
  .112149386E+01  .113043350E+01  .113937546E+01  .114831817E+01  .115726009E+01
  .116619960E+01  .117513510E+01  .118406492E+01  .119298740E+01  .120190085E+01
  .121080352E+01  .121969369E+01  .122856957E+01  .123742936E+01  .124627125E+01
  .125509339E+01  .126389390E+01  .127267090E+01  .128142246E+01  .129014664E+01
  .129884149E+01  .130750501E+01  .131613520E+01  .132473004E+01  .133328747E+01
  .134180543E+01  .135028182E+01  .135871453E+01  .136710145E+01  .137544041E+01
  .138372926E+01  .139196582E+01  .140014788E+01  .140827323E+01  .141633965E+01
  .142434488E+01  .143228667E+01  .144016274E+01  .144797081E+01  .145570858E+01
  .146337374E+01  .147096398E+01  .147847696E+01  .148591035E+01  .149326180E+01
  .150052895E+01  .150770946E+01  .151480095E+01  .152180106E+01  .152870741E+01
  .153551763E+01  .154222934E+01  .154884017E+01  .155534774E+01  .156174968E+01
  .156804362E+01  .157422718E+01  .158029800E+01  .158625373E+01  .159209202E+01
  .159781053E+01  .160340692E+01  .160887887E+01  .161422407E+01  .161944023E+01
  .162452507E+01  .162947630E+01  .163429170E+01  .163896902E+01  .164350605E+01
  .164790059E+01  .165215049E+01  .165625358E+01  .166020775E+01  .166401091E+01
  .166766097E+01  .167115590E+01  .167449368E+01  .167767234E+01  .168068992E+01
  .168354452E+01  .168623425E+01  .168875726E+01  .169111176E+01  .169329597E+01
  .169530818E+01  .169714668E+01  .169880986E+01  .170029610E+01  .170160386E+01
  .170273163E+01  .170367796E+01  .170444144E+01  .170502071E+01  .170541448E+01
  .170562150E+01  .170564056E+01  .170547053E+01  .170511033E+01  .170455893E+01
  .170381537E+01  .170287875E+01  .170174822E+01  .170042300E+01  .169890238E+01
  .169718570E+01  .169527239E+01  .169316192E+01  .169085384E+01  .168834777E+01
  .168564340E+01  .168274049E+01  .167963886E+01  .167633842E+01  .167283914E+01
  .166914106E+01  .166524433E+01  .166114911E+01  .165685570E+01  .165236444E+01
  .164767576E+01  .164279015E+01  .163770820E+01  .163243056E+01  .162695797E+01
  .162129125E+01  .161543128E+01  .160937905E+01  .160313559E+01  .159670204E+01
  .159007961E+01  .158326958E+01  .157627332E+01  .156909227E+01  .156172795E+01
  .155418197E+01  .154645598E+01  .153855178E+01  .153047116E+01  .152221607E+01
  .151378847E+01  .150519044E+01  .149642411E+01  .148749171E+01  .147839550E+01
  .146913788E+01  .145972125E+01  .145014814E+01  .144042111E+01  .143054283E+01
  .142051598E+01  .141034338E+01  .140002785E+01  .138957234E+01  .137897978E+01
  .136825326E+01  .135739584E+01  .134641071E+01  .133530107E+01  .132407022E+01
  .131272146E+01  .130125821E+01  .128968387E+01  .127800197E+01  .126621600E+01
  .125432957E+01  .124234628E+01  .123026983E+01  .121810390E+01  .120585225E+01
  .119351865E+01  .118110694E+01  .116862094E+01  .115606455E+01  .114344166E+01
  .113075622E+01  .111801215E+01  .110521348E+01  .109236414E+01  .107946820E+01
  .106652962E+01  .105355250E+01  .104054082E+01  .102749868E+01  .101443009E+01
  .100133914E+01  .988229854E+00  .975106292E+00  .961972493E+00  .948832490E+00
  .935690303E+00  .922549939E+00  .909415387E+00  .896290618E+00  .883179579E+00
  .870086195E+00  .857014362E+00  .843967947E+00  .830950786E+00  .817966679E+00
  .805019390E+00  .792112643E+00  .779250120E+00  .766435460E+00  .753672253E+00
  .740964042E+00  .728314318E+00  .715726519E+00  .703204026E+00  .690750165E+00
  .678368198E+00  .666061330E+00  .653832697E+00  .641685373E+00  .629622363E+00
  .617646601E+00  .605760953E+00  .593968208E+00  .582271085E+00  .570672224E+00
  .559174188E+00  .547779462E+00  .536490450E+00  .525309477E+00  .514238782E+00
  .503280525E+00  .492436777E+00  .481709528E+00  .471100681E+00  .460612051E+00
  .450245367E+00  .440002272E+00  .429884318E+00  .419892972E+00  .410029611E+00
  .400295523E+00  .390691909E+00  .381219882E+00  .371880465E+00  .362674594E+00
  .353603119E+00  .344666801E+00  .335866316E+00  .327202254E+00  .318675119E+00
  .310285331E+00  .302033227E+00  .293919063E+00  .285943012E+00  .278105166E+00
  .270405539E+00  .262844068E+00  .255420612E+00  .248134957E+00  .240986812E+00
  .233975816E+00  .227101537E+00  .220363474E+00  .213761058E+00  .207293655E+00
  .200960566E+00  .194761029E+00  .188694224E+00  .182759269E+00  .176955228E+00
  .171281106E+00  .165735859E+00  .160318389E+00  .155027548E+00  .149862142E+00
  .144820930E+00  .139902629E+00  .135105910E+00  .130429409E+00  .125871720E+00
  .121431402E+00  .117106979E+00  .112896945E+00  .108799759E+00  .104813855E+00
  .100937638E+00  .971694885E-01  .935077630E-01  .899507972E-01  .864969063E-01
  .831443878E-01  .798915227E-01  .767365772E-01  .736778047E-01  .707134471E-01
  .678417366E-01  .650608973E-01  .623691469E-01  .597646978E-01  .572457592E-01
  .548105382E-01  .524572414E-01  .501840766E-01  .479892536E-01  .458709861E-01
  .438274930E-01  .418569995E-01  .399577386E-01  .381279523E-01  .363658927E-01
  .346698236E-01  .330380209E-01  .314687747E-01  .299603897E-01  .285111865E-01
  .271195024E-01  .257836930E-01  .245021322E-01  .232732141E-01  .220953531E-01
  .209669852E-01  .198865685E-01  .188525840E-01  .178635366E-01  .169179553E-01
  .160143942E-01  .151514328E-01  .143276767E-01  .135417581E-01  .127923361E-01
  .120780971E-01  .113977554E-01  .107500532E-01  .101337611E-01  .954767820E-02
  .899063232E-02  .846148009E-02  .795910712E-02  .748242799E-02  .703038630E-02
  .660195461E-02  .619613443E-02  .581195606E-02  .544847847E-02  .510478913E-02
  .478000380E-02  .447326630E-02  .418374818E-02  .391064851E-02  .365319345E-02
  .341063597E-02  .318225542E-02  .296735713E-02  .276527199E-02  .257535599E-02
  .239698975E-02  .222957803E-02  .207254925E-02  .192535494E-02  .178746921E-02
  .165838823E-02  .153762969E-02  .142473218E-02  .131925471E-02  .122077607E-02
  .112889428E-02  .104322603E-02  .963406069E-03  .889086666E-03  .819937004E-03
  .755642623E-03  .695904843E-03  .640440207E-03  .588979915E-03  .541269277E-03
  .497067166E-03  .456145482E-03  .418288627E-03  .383292983E-03  .350966409E-03
  .321127741E-03  .293606308E-03  .268241460E-03  .244882105E-03  .223386259E-03
  .203620610E-03  .185460099E-03  .168787501E-03  .153493036E-03  .139473980E-03
  .126634298E-03  .114884284E-03  .104140217E-03  .943240324E-04  .853630015E-04
  .771894288E-04  .697403590E-04  .629572974E-04  .567859428E-04  .511759330E-04
  .460806007E-04  .414567427E-04  .372643992E-04  .334666444E-04  .300293881E-04
  .269211872E-04  .241130676E-04  .215783554E-04  .192925175E-04  .172330119E-04
  .153791455E-04  .137119412E-04  .122140121E-04  .108694445E-04  .966368687E-05
  .858344674E-05  .761659378E-05  .675206933E-05  .597980193E-05  .529062848E-05
  .467622090E-05  .412901777E-05  .364216094E-05  .320943655E-05  .282522045E-05
  .248442761E-05  .218246535E-05  .191519006E-05  .167886740E-05  .147013546E-05
  .128597099E-05  .112365821E-05  .980760321E-06  .855093211E-06  .744701504E-06
  .647836570E-06  .562936443E-06  .488607504E-06  .423607769E-06  .366831681E-06
  .317296278E-06  .274128626E-06  .236554432E-06  .203887714E-06  .175521467E-06
  .150919218E-06  .129607417E-06  .111168565E-06  .952350446E-07  .814835584E-07
  .696301487E-07  .594257252E-07  .506520640E-07  .431182285E-07  .366573748E-07
  .311239022E-07  .263909158E-07  .223479702E-07  .188990658E-07  .159608719E-07
  .134611529E-07  .113373769E-07  .953548676E-08  .800881633E-08  .671713654E-08
  .562581627E-08  .470508582E-08  .392939111E-08  .327682841E-08  .272865017E-08
  .226883379E-08  .188370576E-08  .156161465E-08  .129264694E-08  .106838058E-08
  .881671471E-09  .726468891E-09  .597656059E-09  .490912739E-09  .402596969E-09
  .329643436E-09  .269476290E-09  .219934469E-09  .179207847E-09  .145782723E-09
  .118395361E-09  .959924623E-10  .776975969E-10  .627827286E-10  .506441189E-10
  .407819633E-10  .327832123E-10  .263071072E-10  .210730206E-10  .168502534E-10
  .134494904E-10  .107156548E-10  .852194605E-11  .676487342E-11  .536012588E-11
  .423914487E-11  .334628545E-11  .263646847E-11  .207324416E-11  .162719608E-11
  .127463010E-11  .996498177E-12  .777517316E-12  .605449551E-12  .470514742E-12
  .364912624E-12  .282434573E-12  .218148900E-12  .168146265E-12  .129334149E-12
  .992712979E-13  .760346130E-13  .581123878E-13  .443188389E-13  .337258396E-13
  .256085106E-13  .194019496E-13  .146668960E-13  .110625455E-13  .832507397E-14
  .625071086E-14  .468242718E-14  .349949146E-14  .260929411E-14  .194096259E-14
  .144038671E-14  .106635195E-14  .787541036E-15  .580214474E-15  .426420597E-15
  .312617639E-15  .228615591E-15  .166765640E-15  .121340813E-15  .880639138E-16
  .637486387E-16  .460274288E-16  .331456340E-16  .238062306E-16  .170529858E-16
  .121827812E-16  .867999205E-17  .616750711E-17  .437026668E-17  .308819415E-17
  .217615575E-17  .152916500E-17  .107148948E-17  .748653357E-18  .521582459E-18
  .362330147E-18  .250966138E-18  .173318429E-18  .119339175E-18  .819255968E-19
  .560717407E-19  .382600706E-19  .260264044E-19  .176497497E-19  .119318588E-19
  .804103499E-20  .540180775E-20  .361725031E-20  .241445504E-20  .160638474E-20
  .106526726E-20  .704100628E-21  .463838209E-21  .304538600E-21  .199273943E-21
  .129950884E-21  .844533023E-22  .546953907E-22  .352995724E-22  .227018167E-22
  .145482906E-22  .928990212E-23  .591079181E-23  .374716636E-23  .236684821E-23
  .148948178E-23  .933865783E-24  .583317817E-24  .362981468E-24  .225013675E-24
  .138952171E-24  .854752393E-25  .523745592E-25  .319662647E-25  .194330576E-25
  .117666894E-25  .709606215E-26  .426202945E-26  .254939561E-26  .151867728E-26
  .900921266E-27  .532214566E-27  .313076612E-27  .183384957E-27  .106957475E-27
  .621123486E-28  .359127813E-28  .206732707E-28  .118479459E-28  .675982097E-29
  .383945870E-29  .217085977E-29  .122181279E-29  .684498861E-30  .381697986E-30
  .211850681E-30  .117027080E-30  .643387928E-31  .352024481E-31  .191676780E-31
  .103859433E-31  .559996334E-32  .300448519E-32  .160392226E-32  .851937058E-33
  .450220317E-33  .236710955E-33  .123813920E-33  .644258945E-34  .333482604E-34
  .171707547E-34  .879408478E-35  .447979781E-35  .226972883E-35  .114371673E-35
  .573156092E-36  .285639412E-36  .141558132E-36  .697595272E-37  .341825640E-37
  .166539928E-37  .806723707E-38  .388511511E-38  .186009594E-38  .885316963E-39
  .418864591E-39  .196987747E-39  .920819676E-40  .427817685E-40  .197546994E-40
  .906542743E-41  .413419316E-41  .187351054E-41  .843650424E-42  .377474718E-42
  .167806944E-42  .741150325E-43  .325202902E-43  .141752752E-43  .613782686E-44
  .263985882E-44  .112773333E-44  .478484971E-45  .201624224E-45  .843734491E-46
  .350617480E-46  .144677764E-46  .592769819E-47  .241135900E-47  .973877629E-48
  .390470904E-48  .155413804E-48  .614018966E-49  .240790714E-49  .937211716E-50
  .362034357E-50  .138787339E-50  .527972836E-51  .199300532E-51  .746472416E-52
  .277396243E-52  .102268468E-52  .374033015E-53  .135699306E-53  .488334014E-54
  .174301138E-54  .617022827E-55  .216617271E-55  .754150026E-56  .260388993E-56
  .891741547E-57  .303100987E-57  .102632486E-57  .347621583E-58  .121074031E-58
  .454928379E-59  .214043647E-59  .161265231E-59  .000000000E+00  .000000000E+00
  .000000000E+00  .000000000E+00  .000000000E+00  .000000000E+00  .000000000E+00
  .000000000E+00  .000000000E+00  .000000000E+00  .000000000E+00  .000000000E+00
  .000000000E+00  .000000000E+00  .000000000E+00  .000000000E+00  .000000000E+00
  .000000000E+00  .000000000E+00  .000000000E+00  .000000000E+00  .000000000E+00
  .000000000E+00  .000000000E+00  .000000000E+00  .000000000E+00  .000000000E+00
  .000000000E+00  .000000000E+00  .000000000E+00  .000000000E+00  .000000000E+00
  .000000000E+00  .000000000E+00  .000000000E+00  .000000000E+00  .000000000E+00
  .000000000E+00  .000000000E+00  .000000000E+00  .000000000E+00  .000000000E+00
  .000000000E+00  .000000000E+00  .000000000E+00  .000000000E+00  .000000000E+00
  .000000000E+00  .000000000E+00  .000000000E+00  .000000000E+00  .000000000E+00
  .000000000E+00  .000000000E+00  .000000000E+00  .000000000E+00  .000000000E+00
  .000000000E+00  .000000000E+00  .000000000E+00  .000000000E+00  .000000000E+00
  .000000000E+00  .000000000E+00  .000000000E+00  .000000000E+00  .000000000E+00
  .000000000E+00  .000000000E+00  .000000000E+00  .000000000E+00  .000000000E+00
  .000000000E+00  .000000000E+00  .000000000E+00  .000000000E+00  .000000000E+00
  .000000000E+00  .000000000E+00  .000000000E+00  .000000000E+00  .000000000E+00
  .000000000E+00  .000000000E+00  .000000000E+00  .000000000E+00  .000000000E+00
  .000000000E+00  .000000000E+00  .000000000E+00  .000000000E+00  .000000000E+00
  .000000000E+00  .000000000E+00  .000000000E+00  .000000000E+00  .000000000E+00
  .000000000E+00  .000000000E+00  .000000000E+00  .000000000E+00  .000000000E+00
  .000000000E+00  .000000000E+00  .000000000E+00  .000000000E+00  .000000000E+00
  .000000000E+00  .000000000E+00  .000000000E+00  .000000000E+00  .000000000E+00
  .000000000E+00  .000000000E+00  .000000000E+00  .000000000E+00  .000000000E+00
  .000000000E+00  .000000000E+00  .000000000E+00  .000000000E+00  .000000000E+00
  .000000000E+00  .000000000E+00  .000000000E+00  .000000000E+00  .000000000E+00
  .000000000E+00  .000000000E+00  .000000000E+00  .000000000E+00  .000000000E+00
  .000000000E+00  .000000000E+00  .000000000E+00  .000000000E+00  .000000000E+00
  .000000000E+00  .000000000E+00  .000000000E+00  .000000000E+00  .000000000E+00
  .000000000E+00  .000000000E+00  .000000000E+00  .000000000E+00  .000000000E+00
  .000000000E+00  .000000000E+00  .000000000E+00  .000000000E+00  .000000000E+00
  .000000000E+00  .000000000E+00  .000000000E+00  .000000000E+00  .000000000E+00
  .000000000E+00  .000000000E+00  .000000000E+00  .000000000E+00  .000000000E+00
  .000000000E+00  .000000000E+00  .000000000E+00  .000000000E+00  .000000000E+00
  .000000000E+00  .000000000E+00  .000000000E+00  .000000000E+00  .000000000E+00
  .000000000E+00  .000000000E+00  .000000000E+00  .000000000E+00  .000000000E+00
  .000000000E+00  .000000000E+00  .000000000E+00  .000000000E+00  .000000000E+00
  .000000000E+00  .000000000E+00  .000000000E+00  .000000000E+00  .000000000E+00
  .000000000E+00  .000000000E+00  .000000000E+00  .000000000E+00  .000000000E+00
