Pd : s1 d9                              
  .175941860E-01  .178599903E-01  .181297987E-01  .184036712E-01  .186816689E-01
  .189638535E-01  .192502879E-01  .195410357E-01  .198361616E-01  .201357312E-01
  .204398111E-01  .207484690E-01  .210617733E-01  .213797937E-01  .217026009E-01
  .220302666E-01  .223628635E-01  .227004654E-01  .230431474E-01  .233909854E-01
  .237440567E-01  .241024396E-01  .244662135E-01  .248354593E-01  .252102586E-01
  .255906947E-01  .259768518E-01  .263688156E-01  .267666728E-01  .271705116E-01
  .275804215E-01  .279964931E-01  .284188186E-01  .288474915E-01  .292826067E-01
  .297242603E-01  .301725501E-01  .306275753E-01  .310894363E-01  .315582354E-01
  .320340761E-01  .325170635E-01  .330073044E-01  .335049069E-01  .340099811E-01
  .345226383E-01  .350429917E-01  .355711561E-01  .361072481E-01  .366513858E-01
  .372036892E-01  .377642802E-01  .383332821E-01  .389108204E-01  .394970222E-01
  .400920168E-01  .406959350E-01  .413089099E-01  .419310761E-01  .425625708E-01
  .432035327E-01  .438541027E-01  .445144239E-01  .451846414E-01  .458649024E-01
  .465553563E-01  .472561548E-01  .479674517E-01  .486894030E-01  .494221673E-01
  .501659051E-01  .509207796E-01  .516869563E-01  .524646030E-01  .532538902E-01
  .540549906E-01  .548680798E-01  .556933356E-01  .565309387E-01  .573810723E-01
  .582439223E-01  .591196774E-01  .600085289E-01  .609106711E-01  .618263009E-01
  .627556184E-01  .636988264E-01  .646561306E-01  .656277400E-01  .666138663E-01
  .676147246E-01  .686305330E-01  .696615127E-01  .707078883E-01  .717698875E-01
  .728477416E-01  .739416849E-01  .750519554E-01  .761787944E-01  .773224468E-01
  .784831611E-01  .796611893E-01  .808567871E-01  .820702140E-01  .833017333E-01
  .845516119E-01  .858201208E-01  .871075348E-01  .884141328E-01  .897401976E-01
  .910860163E-01  .924518800E-01  .938380841E-01  .952449281E-01  .966727162E-01
  .981217567E-01  .995923625E-01  .101084851E+00  .102599544E+00  .104136768E+00
  .105696855E+00  .107280140E+00  .108886965E+00  .110517676E+00  .112172622E+00
  .113852162E+00  .115556654E+00  .117286466E+00  .119041970E+00  .120823541E+00
  .122631563E+00  .124466423E+00  .126328515E+00  .128218237E+00  .130135994E+00
  .132082197E+00  .134057263E+00  .136061613E+00  .138095676E+00  .140159887E+00
  .142254686E+00  .144380522E+00  .146537846E+00  .148727119E+00  .150948809E+00
  .153203387E+00  .155491334E+00  .157813137E+00  .160169289E+00  .162560292E+00
  .164986653E+00  .167448887E+00  .169947518E+00  .172483074E+00  .175056093E+00
  .177667120E+00  .180316709E+00  .183005419E+00  .185733820E+00  .188502487E+00
  .191312006E+00  .194162970E+00  .197055980E+00  .199991647E+00  .202970588E+00
  .205993431E+00  .209060812E+00  .212173377E+00  .215331779E+00  .218536682E+00
  .221788758E+00  .225088691E+00  .228437171E+00  .231834900E+00  .235282589E+00
  .238780960E+00  .242330744E+00  .245932683E+00  .249587528E+00  .253296043E+00
  .257058999E+00  .260877183E+00  .264751387E+00  .268682419E+00  .272671095E+00
  .276718244E+00  .280824706E+00  .284991333E+00  .289218989E+00  .293508548E+00
  .297860899E+00  .302276942E+00  .306757589E+00  .311303765E+00  .315916408E+00
  .320596469E+00  .325344912E+00  .330162714E+00  .335050865E+00  .340010370E+00
  .345042248E+00  .350147529E+00  .355327261E+00  .360582503E+00  .365914332E+00
  .371323836E+00  .376812120E+00  .382380305E+00  .388029525E+00  .393760931E+00
  .399575689E+00  .405474980E+00  .411460004E+00  .417531975E+00  .423692122E+00
  .429941695E+00  .436281957E+00  .442714190E+00  .449239693E+00  .455859781E+00
  .462575790E+00  .469389071E+00  .476300994E+00  .483312948E+00  .490426340E+00
  .497642597E+00  .504963163E+00  .512389504E+00  .519923102E+00  .527565463E+00
  .535318109E+00  .543182586E+00  .551160458E+00  .559253310E+00  .567462750E+00
  .575790404E+00  .584237922E+00  .592806975E+00  .601499256E+00  .610316482E+00
  .619260389E+00  .628332739E+00  .637535315E+00  .646869925E+00  .656338400E+00
  .665942595E+00  .675684388E+00  .685565684E+00  .695588410E+00  .705754521E+00
  .716065994E+00  .726524835E+00  .737133073E+00  .747892764E+00  .758805993E+00
  .769874868E+00  .781101526E+00  .792488132E+00  .804036878E+00  .815749984E+00
  .827629698E+00  .839678297E+00  .851898087E+00  .864291404E+00  .876860613E+00
  .889608107E+00  .902536314E+00  .915647687E+00  .928944714E+00  .942429913E+00
  .956105833E+00  .969975055E+00  .984040193E+00  .998303894E+00  .101276884E+01
  .102743773E+01  .104231333E+01  .105739840E+01  .107269577E+01  .108820828E+01
  .110393882E+01  .111989030E+01  .113606569E+01  .115246796E+01  .116910016E+01
  .118596534E+01  .120306661E+01  .122040711E+01  .123799000E+01  .125581852E+01
  .127389591E+01  .129222546E+01  .131081051E+01  .132965442E+01  .134876062E+01
  .136813256E+01  .138777372E+01  .140768765E+01  .142787791E+01  .144834814E+01
  .146910198E+01  .149014314E+01  .151147538E+01  .153310248E+01  .155502827E+01
  .157725663E+01  .159979149E+01  .162263681E+01  .164579662E+01  .166927496E+01
  .169307594E+01  .171720372E+01  .174166249E+01  .176645650E+01  .179159005E+01
  .181706748E+01  .184289317E+01  .186907158E+01  .189560717E+01  .192250450E+01
  .194976816E+01  .197740277E+01  .200541303E+01  .203380368E+01  .206257951E+01
  .209174537E+01  .212130614E+01  .215126677E+01  .218163227E+01  .221240769E+01
  .224359813E+01  .227520876E+01  .230724479E+01  .233971148E+01  .237261417E+01
  .240595822E+01  .243974908E+01  .247399223E+01  .250869322E+01  .254385765E+01
  .257949118E+01  .261559952E+01  .265218845E+01  .268926379E+01  .272683144E+01
  .276489733E+01  .280346747E+01  .284254793E+01  .288214481E+01  .292226431E+01
  .296291265E+01  .300409614E+01  .304582114E+01  .308809405E+01  .313092135E+01
  .317430958E+01  .321826534E+01  .326279528E+01  .330790612E+01  .335360463E+01
  .339989766E+01  .344679209E+01  .349429489E+01  .354241309E+01  .359115375E+01
  .364052402E+01  .369053110E+01  .374118226E+01  .379248481E+01  .384444615E+01
  .389707372E+01  .395037503E+01  .400435763E+01  .405902917E+01  .411439732E+01
  .417046983E+01  .422725452E+01  .428475925E+01  .434299194E+01  .440196059E+01
  .446167325E+01  .452213800E+01  .458336303E+01  .464535655E+01  .470812684E+01
  .477168224E+01  .483603115E+01  .490118201E+01  .496714334E+01  .503392370E+01
  .510153170E+01  .516997602E+01  .523926540E+01  .530940860E+01  .538041447E+01
  .545229190E+01  .552504981E+01  .559869720E+01  .567324312E+01  .574869664E+01
  .582506691E+01  .590236312E+01  .598059448E+01  .605977029E+01  .613989986E+01
  .622099255E+01  .630305778E+01  .638610500E+01  .647014370E+01  .655518340E+01
  .664123367E+01  .672830412E+01  .681640438E+01  .690554414E+01  .699573308E+01
  .708698096E+01  .717929753E+01  .727269259E+01  .736717596E+01  .746275748E+01
  .755944702E+01  .765725446E+01  .775618973E+01  .785626273E+01  .795748340E+01
  .805986171E+01  .816340762E+01  .826813108E+01  .837404210E+01  .848115065E+01
  .858946671E+01  .869900027E+01  .880976132E+01  .892175983E+01  .903500578E+01
  .914950912E+01  .926527980E+01  .938232775E+01  .950066288E+01  .962029509E+01
  .974123423E+01  .986349015E+01  .998707264E+01  .101119915E+02  .102382564E+02
  .103658771E+02  .104948633E+02  .106252244E+02  .107569702E+02  .108901100E+02
  .110246533E+02  .111606095E+02  .112979879E+02  .114367976E+02  .115770480E+02
  .117187480E+02  .118619066E+02  .120065327E+02  .121526353E+02  .123002229E+02
  .124493042E+02  .125998876E+02  .127519817E+02  .129055947E+02  .130607346E+02
  .132174096E+02  .133756276E+02  .135353963E+02  .136967233E+02  .138596162E+02
  .140240821E+02  .141901284E+02  .143577619E+02  .145269895E+02  .146978179E+02
  .148702535E+02  .150443025E+02  .152199711E+02  .153972651E+02  .155761902E+02
  .157567519E+02  .159389553E+02  .161228055E+02  .163083072E+02  .164954651E+02
  .166842832E+02  .168747657E+02  .170669163E+02  .172607385E+02  .174562355E+02
  .176534102E+02  .178522653E+02  .180528030E+02  .182550254E+02  .184589342E+02
  .186645307E+02  .188718161E+02  .190807909E+02  .192914556E+02  .195038101E+02
  .197178541E+02  .199335869E+02  .201510072E+02  .203701136E+02  .205909042E+02
  .208133766E+02  .210375282E+02  .212633556E+02  .214908554E+02  .217200234E+02
  .219508552E+02  .221833458E+02  .224174898E+02  .226532812E+02  .228907137E+02
  .231297804E+02  .233704738E+02  .236127860E+02  .238567086E+02  .241022326E+02
  .243493484E+02  .245980460E+02  .248483148E+02  .251001434E+02  .253535202E+02
  .256084327E+02  .258648678E+02  .261228122E+02  .263822514E+02  .266431706E+02
  .269055544E+02  .271693867E+02  .274346506E+02  .277013288E+02  .279694030E+02
  .282388545E+02  .285096638E+02  .287818108E+02  .290552744E+02  .293300331E+02
  .296060647E+02  .298833459E+02  .301618530E+02  .304415615E+02  .307224460E+02
  .310044805E+02  .312876382E+02  .315718914E+02  .318572118E+02  .321435701E+02
  .324309363E+02  .327192798E+02  .330085689E+02  .332987712E+02  .335898535E+02
  .338817817E+02  .341745209E+02  .344680356E+02  .347622890E+02  .350572439E+02
  .353528619E+02  .356491041E+02  .359459304E+02  .362433001E+02  .365411717E+02
  .368395024E+02  .371382491E+02  .374373675E+02  .377368126E+02  .380365384E+02
  .383364981E+02  .386366441E+02  .389369279E+02  .392373003E+02  .395377109E+02
  .398381087E+02  .401384420E+02  .404386579E+02  .407387029E+02  .410385227E+02
  .413380621E+02  .416372650E+02  .419360748E+02  .422344337E+02  .425322834E+02
  .428295648E+02  .431262180E+02  .434221822E+02  .437173961E+02  .440117975E+02
  .443053236E+02  .445979108E+02  .448894949E+02  .451800111E+02  .454693937E+02
  .457575766E+02  .460444930E+02  .463300756E+02  .466142563E+02  .468969667E+02
  .471781377E+02  .474576999E+02  .477355833E+02  .480117173E+02  .482860311E+02
  .485584535E+02  .488289127E+02  .490973368E+02  .493636536E+02  .496277904E+02
  .498896744E+02  .501492327E+02  .504063920E+02  .506610790E+02  .509132202E+02
  .511627423E+02  .514095716E+02  .516536348E+02  .518948582E+02  .521331687E+02
  .523684930E+02  .526007581E+02  .528298912E+02  .530558199E+02  .532784720E+02
  .534977758E+02  .537136598E+02  .539260533E+02  .541348859E+02  .543400879E+02
  .545415901E+02  .547393242E+02  .549332225E+02  .551232182E+02  .553092452E+02
  .554912385E+02  .556691341E+02  .558428688E+02  .560123809E+02  .561776095E+02
  .563384951E+02  .564949796E+02  .566470060E+02  .567945189E+02  .569374643E+02
  .570757899E+02  .572094450E+02  .573383804E+02  .574625488E+02  .575819048E+02
  .576964047E+02  .578060070E+02  .579106721E+02  .580103624E+02  .581050428E+02
  .581946800E+02  .582792435E+02  .583587047E+02  .584330379E+02  .585022195E+02
  .585662289E+02  .586250478E+02  .586786609E+02  .587270555E+02  .587702219E+02
  .588081533E+02  .588408458E+02  .588682987E+02  .588905142E+02  .589074980E+02
  .589192588E+02  .589258088E+02  .589271634E+02  .589233414E+02  .589143653E+02
  .589002610E+02  .588810580E+02  .588567894E+02  .588274921E+02  .587932066E+02
  .587539774E+02  .587098525E+02  .586608842E+02  .586071283E+02  .585486447E+02
  .584854973E+02  .584177541E+02  .583454870E+02  .582687719E+02  .581876889E+02
  .581023221E+02  .580127599E+02  .579190945E+02  .578214226E+02  .577198448E+02
  .576144658E+02  .575053946E+02  .573927441E+02  .572766316E+02  .571571782E+02
  .570345092E+02  .569087539E+02  .567800458E+02  .566485220E+02  .565143240E+02
  .563775967E+02  .562384892E+02  .560971543E+02  .559537485E+02  .558084319E+02
  .556613684E+02  .555127251E+02  .553626729E+02  .552113857E+02  .550590409E+02
  .549058189E+02  .547519033E+02  .545974806E+02  .544427400E+02  .542878736E+02
  .541330759E+02  .539785441E+02  .538244774E+02  .536710774E+02  .535185477E+02
  .533670935E+02  .532169222E+02  .530682422E+02  .529212636E+02  .527761977E+02
  .526332565E+02  .524926531E+02  .523546010E+02  .522193145E+02  .520870076E+02
  .519578946E+02  .518321896E+02  .517101062E+02  .515918573E+02  .514776549E+02
  .513677100E+02  .512622322E+02  .511614294E+02  .510655077E+02  .509746712E+02
  .508891216E+02  .508090579E+02  .507346762E+02  .506661698E+02  .506037282E+02
  .505475374E+02  .504977797E+02  .504546328E+02  .504182701E+02  .503888605E+02
  .503665674E+02  .503515494E+02  .503439592E+02  .503439438E+02  .503516440E+02
  .503671945E+02  .503907229E+02  .504223504E+02  .504621905E+02  .505103496E+02
  .505669263E+02  .506320113E+02  .507056870E+02  .507880274E+02  .508790977E+02
  .509789543E+02  .510876443E+02  .512052055E+02  .513316662E+02  .514670446E+02
  .516113491E+02  .517645778E+02  .519267184E+02  .520977481E+02  .522776332E+02
  .524663293E+02  .526637808E+02  .528699209E+02  .530846718E+02  .533079439E+02
  .535396363E+02  .537796365E+02  .540278204E+02  .542840521E+02  .545481839E+02
  .548200564E+02  .550994985E+02  .553863271E+02  .556803475E+02  .559813532E+02
  .562891261E+02  .566034364E+02  .569240428E+02  .572506926E+02  .575831220E+02
  .579210557E+02  .582642078E+02  .586122813E+02  .589649687E+02  .593219522E+02
  .596829038E+02  .600474855E+02  .604153499E+02  .607861401E+02  .611594902E+02
  .615350258E+02  .619123639E+02  .622911138E+02  .626708771E+02  .630512483E+02
  .634318150E+02  .638121588E+02  .641918554E+02  .645704750E+02  .649475830E+02
  .653227407E+02  .656955054E+02  .660654311E+02  .664320694E+02  .667949694E+02
  .671536792E+02  .675077454E+02  .678567149E+02  .682001345E+02  .685375522E+02
  .688685178E+02  .691925831E+02  .695093030E+02  .698182363E+02  .701189458E+02
  .704109997E+02  .706939717E+02  .709674422E+02  .712309985E+02  .714842361E+02
  .717267590E+02  .719581804E+02  .721781236E+02  .723862227E+02  .725821232E+02
  .727654828E+02  .729359718E+02  .730932745E+02  .732370888E+02  .733671280E+02
  .734831205E+02  .735848112E+02  .736719614E+02  .737443502E+02  .738017744E+02
  .738440493E+02  .738710096E+02  .738825094E+02  .738784229E+02  .738586451E+02
  .738230920E+02  .737717009E+02  .737044312E+02  .736212646E+02  .735222052E+02
  .734072802E+02  .732765398E+02  .731300576E+02  .729679309E+02  .727902807E+02
  .725972518E+02  .723890131E+02  .721657574E+02  .719277014E+02  .716750858E+02
  .714081753E+02  .711272580E+02  .708326458E+02  .705246738E+02  .702037001E+02
  .698701056E+02  .695242935E+02  .691666889E+02  .687977385E+02  .684179099E+02
  .680276912E+02  .676275903E+02  .672181342E+02  .667998685E+02  .663733565E+02
  .659391785E+02  .654979309E+02  .650502255E+02  .645966882E+02  .641379586E+02
  .636746885E+02  .632075413E+02  .627371903E+02  .622643184E+02  .617896164E+02
  .613137818E+02  .608375181E+02  .603615329E+02  .598865372E+02  .594132437E+02
  .589423657E+02  .584746158E+02  .580107044E+02  .575513386E+02  .570972203E+02
  .566490455E+02  .562075022E+02  .557732698E+02  .553470168E+02  .549294003E+02
  .545210638E+02  .541226365E+02  .537347313E+02  .533579440E+02  .529928516E+02
  .526400112E+02  .522999585E+02  .519732066E+02  .516602448E+02  .513615374E+02
  .510775224E+02  .508086107E+02  .505551844E+02  .503175964E+02  .500961690E+02
  .498911930E+02  .497029271E+02  .495315967E+02  .493773931E+02  .492404731E+02
  .491209582E+02  .490189339E+02  .489344493E+02  .488675168E+02  .488181114E+02
  .487861705E+02  .487715939E+02  .487742436E+02  .487939436E+02  .488304799E+02
  .488836009E+02  .489530176E+02  .490384034E+02  .491393950E+02  .492555929E+02
  .493865616E+02  .495318305E+02  .496908945E+02  .498632152E+02  .500482212E+02
  .502453099E+02  .504538476E+02  .506731718E+02  .509025914E+02  .511413888E+02
  .513888208E+02  .516441202E+02  .519064975E+02  .521751422E+02  .524492245E+02
  .527278972E+02  .530102973E+02  .532955475E+02  .535827586E+02  .538710308E+02
  .541594560E+02  .544471195E+02  .547331021E+02  .550164818E+02  .552963362E+02
  .555717443E+02  .558417883E+02  .561055561E+02  .563621428E+02  .566106533E+02
  .568502037E+02  .570799236E+02  .572989581E+02  .575064698E+02  .577016402E+02
  .578836724E+02  .580517922E+02  .582052503E+02  .583433238E+02  .584653182E+02
  .585705687E+02  .586584418E+02  .587283369E+02  .587796877E+02  .588119635E+02
  .588246705E+02  .588173527E+02  .587895934E+02  .587410160E+02  .586712848E+02
  .585801059E+02  .584672279E+02  .583324425E+02  .581755851E+02  .579965348E+02
  .577952154E+02  .575715949E+02  .573256859E+02  .570575456E+02  .567672757E+02
  .564550220E+02  .561209741E+02  .557653652E+02  .553884713E+02  .549906107E+02
  .545721431E+02  .541334689E+02  .536750283E+02  .531973002E+02  .527008010E+02
  .521860838E+02  .516537364E+02  .511043808E+02  .505386707E+02  .499572913E+02
  .493609564E+02  .487504078E+02  .481264127E+02  .474897628E+02  .468412717E+02
  .461817737E+02  .455121212E+02  .448331834E+02  .441458436E+02  .434509984E+02
  .427495538E+02  .420424254E+02  .413305339E+02  .406148055E+02  .398961676E+02
  .391755485E+02  .384538739E+02  .377320661E+02  .370110410E+02  .362917068E+02
  .355749614E+02  .348616911E+02  .341527681E+02  .334490492E+02  .327513734E+02
  .320605611E+02  .313774109E+02  .307026998E+02  .300371800E+02  .293815788E+02
  .287365958E+02  .281029032E+02  .274811426E+02  .268719261E+02  .262758330E+02
  .256934107E+02  .251251723E+02  .245715972E+02  .240331290E+02  .235101763E+02
  .230031108E+02  .225122685E+02  .220379477E+02  .215804103E+02  .211398803E+02
  .207165455E+02  .203105556E+02  .199220241E+02  .195510272E+02  .191976055E+02
  .188617629E+02  .185434686E+02  .182426562E+02  .179592256E+02  .176930430E+02
  .174439417E+02  .172117230E+02  .169961571E+02  .167969837E+02  .166139135E+02
  .164466286E+02  .162947838E+02  .161580076E+02  .160359037E+02  .159280514E+02
  .158340078E+02  .157533083E+02  .156854685E+02  .156299856E+02  .155863396E+02
  .155539953E+02  .155324035E+02  .155210035E+02  .155192237E+02  .155264843E+02
  .155421987E+02  .155657755E+02  .155966194E+02  .156341343E+02  .156777233E+02
  .157267918E+02  .157807478E+02  .158390040E+02  .159009789E+02  .159660983E+02
  .160337962E+02  .161035163E+02  .161747130E+02  .162468525E+02  .163194134E+02
  .163918886E+02  .164637850E+02  .165346254E+02  .166039484E+02  .166713100E+02
  .167362834E+02  .167984604E+02  .168574511E+02  .169128856E+02  .169644130E+02
  .170117032E+02  .170544458E+02  .170923519E+02  .171251527E+02  .171526010E+02
  .171744702E+02  .171905553E+02  .172006719E+02  .172046570E+02  .172023677E+02
  .171936824E+02  .171784992E+02  .171567367E+02  .171283325E+02  .170932440E+02
  .170514466E+02  .170029348E+02  .169477197E+02  .168858305E+02  .168173122E+02
  .167422259E+02  .166606477E+02  .165726686E+02  .164783927E+02  .163779378E+02
  .162714335E+02  .161590213E+02  .160408531E+02  .159170914E+02  .157879072E+02
  .156534807E+02  .155139993E+02  .153696577E+02  .152206565E+02  .150672020E+02
  .149095051E+02  .147477808E+02  .145822471E+02  .144131252E+02  .142406376E+02
  .140650086E+02  .138864630E+02  .137052255E+02  .135215207E+02  .133355718E+02
  .131476006E+02  .129578267E+02  .127664674E+02  .125737366E+02  .123798452E+02
  .121850000E+02  .119894038E+02  .117932547E+02  .115967461E+02  .114000663E+02
  .112033983E+02  .110069193E+02  .108108010E+02  .106152088E+02  .104203022E+02
  .102262344E+02  .100331523E+02  .984119614E+01  .965049995E+01  .946119100E+01
  .927339015E+01  .908721154E+01  .890276293E+01  .872014544E+01  .853945385E+01
  .836077641E+01  .818419521E+01  .800978598E+01  .783761848E+01  .766775634E+01
  .750025747E+01  .733517391E+01  .717255225E+01  .701243348E+01  .685485331E+01
  .669984257E+01  .654742666E+01  .639762682E+01  .625045940E+01  .610593644E+01
  .596406585E+01  .582485147E+01  .568829340E+01  .555438804E+01  .542312840E+01
  .529450425E+01  .516850225E+01  .504510620E+01  .492429719E+01  .480605381E+01
  .469035225E+01  .457716656E+01  .446646874E+01  .435822900E+01  .425241578E+01
  .414899603E+01  .404793527E+01  .394919783E+01  .385274687E+01  .375854461E+01
  .366655239E+01  .357673088E+01  .348904008E+01  .340343954E+01  .331988836E+01
  .323834545E+01  .315876943E+01  .308111887E+01  .300535227E+01  .293142828E+01
  .285930558E+01  .278894314E+01  .272030013E+01  .265333614E+01  .258801103E+01
  .252428520E+01  .246211944E+01  .240147518E+01  .234231427E+01  .228459929E+01
  .222829333E+01  .217336027E+01  .211976451E+01  .206747130E+01  .201644648E+01
  .196665673E+01  .191806936E+01  .187065255E+01  .182437511E+01  .177920675E+01
  .173511781E+01  .169207952E+01  .165006374E+01  .160904322E+01  .156899135E+01
  .152988237E+01  .149169115E+01  .145439342E+01  .141796548E+01  .138238449E+01
  .134762816E+01  .131367505E+01  .128050420E+01  .124809550E+01  .121642930E+01
  .118548674E+01  .115524943E+01  .112569969E+01  .109682031E+01  .106859479E+01
  .104100698E+01  .101404146E+01  .987683157E+00  .961917650E+00  .936730831E+00
  .912109230E+00  .888039654E+00  .864509524E+00  .841506493E+00  .819018792E+00
  .797034869E+00  .775543723E+00  .754534525E+00  .733996967E+00  .713920898E+00
  .694296568E+00  .675114576E+00  .656365774E+00  .638041272E+00  .620132468E+00
  .602630986E+00  .585528719E+00  .568817762E+00  .552490459E+00  .536539334E+00
  .520957138E+00  .505736784E+00  .490871395E+00  .476354234E+00  .462178758E+00
  .448338549E+00  .434827367E+00  .421639079E+00  .408767716E+00  .396207404E+00
  .383952422E+00  .371997128E+00  .360336018E+00  .348963663E+00  .337874751E+00
  .327064057E+00  .316526441E+00  .306256848E+00  .296250304E+00  .286501909E+00
  .277006836E+00  .267760328E+00  .258757696E+00  .249994311E+00  .241465611E+00
  .233167088E+00  .225094296E+00  .217242841E+00  .209608386E+00  .202186645E+00
  .194973383E+00  .187964416E+00  .181155610E+00  .174542878E+00  .168122181E+00
  .161889527E+00  .155840973E+00  .149972618E+00  .144280610E+00  .138761142E+00
  .133410452E+00  .128224823E+00  .123200585E+00  .118334110E+00  .113621819E+00
  .109060175E+00  .104645689E+00  .100374913E+00  .962444495E-01  .922509428E-01
  .883910838E-01  .846616088E-01  .810592997E-01  .775809838E-01  .742235340E-01
  .709838690E-01  .678589529E-01  .648457954E-01  .619414519E-01  .591430231E-01
  .564476554E-01  .538525401E-01  .513549143E-01  .489520598E-01  .466413036E-01
  .444200176E-01  .422856183E-01  .402355669E-01  .382673689E-01  .363785742E-01
  .345667766E-01  .328296139E-01  .311647675E-01  .295699626E-01  .280429676E-01
  .265815939E-01  .251836964E-01  .238471724E-01  .225699622E-01  .213500485E-01
  .201854564E-01  .190742532E-01  .180145482E-01  .170044927E-01  .160422798E-01
  .151261441E-01  .142543614E-01  .134252493E-01  .126371659E-01  .118885107E-01
  .111777235E-01  .105032848E-01  .986371546E-02  .925757631E-02  .868346800E-02
  .814003074E-02  .762594402E-02  .713992625E-02  .668073451E-02  .624716415E-02
  .583804841E-02  .545225806E-02  .508870095E-02  .474632155E-02  .442410051E-02
  .412105414E-02  .383623387E-02  .356872575E-02  .331764982E-02  .308215958E-02
  .286144130E-02  .265471343E-02  .246122595E-02  .228025965E-02  .211112547E-02
  .195316378E-02  .180574367E-02  .166826219E-02  .154014362E-02  .142083872E-02
  .130982395E-02  .120660072E-02  .111069461E-02  .102165461E-02  .939052305E-03
  .862481166E-03  .791555729E-03  .725910852E-03  .665200955E-03  .609099263E-03
  .557297071E-03  .509503004E-03  .465442302E-03  .424856109E-03  .387500774E-03
  .353147176E-03  .321580054E-03  .292597359E-03  .266009619E-03  .241639325E-03
  .219320330E-03  .198897269E-03  .180224999E-03  .163168054E-03  .147600120E-03
  .133403531E-03  .120468781E-03  .108694057E-03  .979847891E-04  .882532229E-04
  .794180053E-04  .714037924E-04  .641408740E-04  .575648161E-04  .516161203E-04
  .462399002E-04  .413855749E-04  .370065774E-04  .330600795E-04  .295067316E-04
  .263104163E-04  .234380172E-04  .208592003E-04  .185462090E-04  .164736713E-04
  .146184189E-04  .129593181E-04  .114771111E-04  .101542679E-04  .897484863E-05
  .792437425E-05  .698970700E-05  .615893886E-05  .542128816E-05  .476700365E-05
  .418727563E-05  .367415382E-05  .322047143E-05  .281977511E-05  .246626049E-05
  .215471270E-05  .188045187E-05  .163928299E-05  .142744998E-05  .124159365E-05
  .107871325E-05  .936131315E-06  .811461685E-06  .702580288E-06  .607598618E-06
  .524839614E-06  .452815780E-06  .390209353E-06  .335854368E-06  .288720429E-06
  .247898082E-06  .212585610E-06  .182077162E-06  .155752072E-06  .133065273E-06
  .113538700E-06  .967535930E-07  .823436209E-07  .699887316E-07  .594096755E-07
  .503631265E-07  .426373437E-07  .360483193E-07  .304363629E-07  .256630767E-07
  .216086816E-07  .181696559E-07  .152566534E-07  .127926706E-07  .107114359E-07
  .895599492E-08  .747747112E-08  .623398076E-08  .518968479E-08  .431396160E-08
  .358068615E-08  .296760296E-08  .245578149E-08  .202914376E-08  .167405538E-08
  .137897193E-08  .113413377E-08  .931302972E-09  .763537032E-09  .624994424E-09
  .510767863E-09  .416741536E-09  .339469051E-09  .276069280E-09  .224137618E-09
  .181670506E-09  .147001336E-09  .118746128E-09  .957575520E-10  .770860955E-10
  .619473150E-10  .496942668E-10  .397943428E-10  .318098393E-10  .253816874E-10
  .202158556E-10  .160720048E-10  .127540456E-10  .101022790E-10  .798689282E-11
  .630255751E-11  .496397590E-11  .390220217E-11  .306161400E-11  .239742448E-11
  .187364138E-11  .146139692E-11  .113758325E-11  .883739987E-12  .685149156E-12
  .530100209E-12  .409294512E-12  .315363754E-12  .242481323E-12  .186049354E-12
  .142447238E-12  .108829959E-12  .829667328E-13  .631121611E-13  .479035892E-13
  .362795031E-13  .274148044E-13  .206695837E-13  .155486689E-13  .116697537E-13
  .873834479E-14  .652811255E-14  .486551653E-14  .361780339E-14  .268365956E-14
  .198594873E-14  .146608253E-14  .107966779E-14  .793148857E-15  .581223977E-15
  .424862067E-15  .309784225E-15  .225303927E-15  .163443441E-15  .118262369E-15
  .853487191E-16  .614341315E-16  .441037566E-16  .315780547E-16  .225491308E-16
  .160582982E-16  .114047318E-16  .807749999E-17  .570513069E-17  .401829026E-17
  .282224261E-17  .197658226E-17  .138036219E-17  .961211248E-18  .667393856E-18
  .462032997E-18  .318919437E-18  .219480472E-18  .150593872E-18  .103016018E-18
  .702550758E-19  .477656297E-19  .323748254E-19  .218747289E-19  .147336499E-19
  .989234933E-20  .662062372E-20  .441669661E-20  .293686632E-20  .194646858E-20
  .128580702E-20  .846560184E-21  .555497257E-21  .363275679E-21  .236760500E-21
  .153776084E-21  .995320552E-22  .641977319E-22  .412616651E-22  .264260273E-22
  .168640815E-22  .107232567E-22  .679377770E-23  .428848498E-23  .269706617E-23
  .168990219E-23  .105487453E-23  .655988479E-24  .406382120E-24  .250785623E-24
  .154165407E-24  .944004275E-25  .575771405E-25  .349785328E-25  .211648211E-25
  .127548446E-25  .765542363E-26  .457596389E-26  .272396143E-26  .161476718E-26
  .953223941E-27  .560326797E-27  .327970292E-27  .191143443E-27  .110917760E-27
  .640832377E-28  .368616041E-28  .211093610E-28  .120345963E-28  .683011396E-29
  .385876756E-29  .217008967E-29  .121478423E-29  .676856969E-30  .375365815E-30
  .207184001E-30  .113811172E-30  .622191576E-31  .338498807E-31  .183259731E-31
  .987271951E-32  .529235828E-32  .282284513E-32  .149807240E-32  .790986192E-33
  .415506317E-33  .217140645E-33  .112886335E-33  .583794819E-34  .300316652E-34
  .153666950E-34  .782068550E-35  .395871041E-35  .199291294E-35  .997767998E-36
  .496773343E-36  .245954704E-36  .121087868E-36  .592754884E-37  .288508668E-37
  .139614927E-37  .671697903E-38  .321266187E-38  .152751155E-38  .721957869E-39
  .339176946E-39  .158382430E-39  .735076946E-40  .339064628E-40  .155429926E-40
  .708056130E-41  .320523502E-41  .144174781E-41  .644367841E-42  .286135203E-42
  .126234821E-42  .553267140E-43  .240888258E-43  .104183385E-43  .447569249E-44
  .190975490E-44  .809332805E-45  .340631720E-45  .142372987E-45  .590922630E-46
  .243539789E-46  .996600466E-47  .404910922E-47  .163327887E-47  .654031481E-48
  .259985567E-48  .102585677E-48  .401777453E-49  .156178041E-49  .602509643E-50
  .230670205E-50  .876347026E-51  .330362917E-51  .123569210E-51  .458570461E-52
  .168830743E-52  .616622406E-53  .223399261E-53  .802807229E-54  .286142294E-54
  .101150422E-54  .354610083E-55  .123299431E-55  .425260635E-56  .145587925E-56
  .496588245E-57  .169487588E-57  .595020005E-58  .225540525E-58  .107004707E-58
  .809256411E-59  .000000000E+00  .000000000E+00  .000000000E+00  .000000000E+00
  .000000000E+00  .000000000E+00  .000000000E+00  .000000000E+00  .000000000E+00
  .000000000E+00  .000000000E+00  .000000000E+00  .000000000E+00  .000000000E+00
  .000000000E+00  .000000000E+00  .000000000E+00  .000000000E+00  .000000000E+00
  .000000000E+00  .000000000E+00  .000000000E+00  .000000000E+00  .000000000E+00
  .000000000E+00  .000000000E+00  .000000000E+00  .000000000E+00  .000000000E+00
  .000000000E+00  .000000000E+00  .000000000E+00  .000000000E+00  .000000000E+00
  .000000000E+00  .000000000E+00  .000000000E+00  .000000000E+00  .000000000E+00
  .000000000E+00  .000000000E+00  .000000000E+00  .000000000E+00  .000000000E+00
  .000000000E+00  .000000000E+00  .000000000E+00  .000000000E+00  .000000000E+00
  .000000000E+00  .000000000E+00  .000000000E+00  .000000000E+00  .000000000E+00
  .000000000E+00  .000000000E+00  .000000000E+00  .000000000E+00  .000000000E+00
  .000000000E+00  .000000000E+00  .000000000E+00  .000000000E+00  .000000000E+00
  .000000000E+00  .000000000E+00  .000000000E+00  .000000000E+00  .000000000E+00
  .000000000E+00  .000000000E+00  .000000000E+00  .000000000E+00  .000000000E+00
  .000000000E+00  .000000000E+00  .000000000E+00  .000000000E+00  .000000000E+00
  .000000000E+00  .000000000E+00  .000000000E+00  .000000000E+00  .000000000E+00
  .000000000E+00  .000000000E+00  .000000000E+00  .000000000E+00  .000000000E+00
  .000000000E+00  .000000000E+00  .000000000E+00  .000000000E+00  .000000000E+00
  .000000000E+00  .000000000E+00  .000000000E+00  .000000000E+00  .000000000E+00
  .000000000E+00  .000000000E+00  .000000000E+00  .000000000E+00  .000000000E+00
  .000000000E+00  .000000000E+00  .000000000E+00  .000000000E+00  .000000000E+00
  .000000000E+00  .000000000E+00  .000000000E+00  .000000000E+00  .000000000E+00
  .000000000E+00  .000000000E+00  .000000000E+00  .000000000E+00  .000000000E+00
  .000000000E+00  .000000000E+00  .000000000E+00  .000000000E+00  .000000000E+00
  .000000000E+00  .000000000E+00  .000000000E+00  .000000000E+00  .000000000E+00
  .000000000E+00  .000000000E+00  .000000000E+00  .000000000E+00  .000000000E+00
  .000000000E+00  .000000000E+00  .000000000E+00  .000000000E+00  .000000000E+00
  .000000000E+00  .000000000E+00  .000000000E+00  .000000000E+00  .000000000E+00
  .000000000E+00  .000000000E+00  .000000000E+00  .000000000E+00  .000000000E+00
  .000000000E+00  .000000000E+00  .000000000E+00  .000000000E+00  .000000000E+00
  .000000000E+00  .000000000E+00  .000000000E+00  .000000000E+00  .000000000E+00
  .000000000E+00  .000000000E+00  .000000000E+00  .000000000E+00  .000000000E+00
  .000000000E+00  .000000000E+00  .000000000E+00  .000000000E+00  .000000000E+00
  .000000000E+00  .000000000E+00  .000000000E+00  .000000000E+00  .000000000E+00
  .000000000E+00  .000000000E+00  .000000000E+00  .000000000E+00  .000000000E+00
  .000000000E+00  .000000000E+00  .000000000E+00  .000000000E+00  .000000000E+00
  .000000000E+00  .000000000E+00  .000000000E+00  .000000000E+00  .000000000E+00
  .000000000E+00  .000000000E+00  .000000000E+00  .000000000E+00  .000000000E+00
  .000000000E+00  .000000000E+00  .000000000E+00  .000000000E+00  .000000000E+00
  .000000000E+00  .000000000E+00  .000000000E+00  .000000000E+00  .000000000E+00
  .000000000E+00  .000000000E+00  .000000000E+00  .000000000E+00  .000000000E+00
  .000000000E+00  .000000000E+00  .000000000E+00  .000000000E+00  .000000000E+00
  .000000000E+00  .000000000E+00  .000000000E+00  .000000000E+00  .000000000E+00
  .000000000E+00  .000000000E+00  .000000000E+00  .000000000E+00  .000000000E+00
  .000000000E+00  .000000000E+00  .000000000E+00  .000000000E+00  .000000000E+00
  .000000000E+00  .000000000E+00  .000000000E+00  .000000000E+00  .000000000E+00
  .000000000E+00  .000000000E+00  .000000000E+00  .000000000E+00  .000000000E+00
  .000000000E+00  .000000000E+00  .000000000E+00  .000000000E+00  .000000000E+00
  .000000000E+00  .000000000E+00  .000000000E+00  .000000000E+00  .000000000E+00
