  US Ca                                  
 100
Core Pot   L  =         .00000  -3.45652
  -.40000000E+01  .13003613E+01
  -.39400000E+01  .12344307E+01
  -.38800000E+01  .11568183E+01
  -.38200000E+01  .10629747E+01
  -.37600000E+01  .94560586E+00
  -.37000000E+01  .79223380E+00
  -.36400000E+01  .57959508E+00
  -.35800000E+01  .25877090E+00
  -.35200000E+01 -.29364892E+00
  -.34600000E+01 -.15045343E+01
  -.34000000E+01 -.65254157E+01
  -.33400000E+01  .15259001E+02
  -.32800000E+01  .52929118E+01
  -.32200000E+01  .37102752E+01
  -.31600000E+01  .30553001E+01
  -.31000000E+01  .26915209E+01
  -.30400000E+01  .24562657E+01
  -.29800000E+01  .22889553E+01
  -.29200000E+01  .21618724E+01
  -.28600000E+01  .20605383E+01
  -.28000000E+01  .19766513E+01
  -.27400000E+01  .19051088E+01
  -.26800000E+01  .18426013E+01
  -.26200000E+01  .17868875E+01
  -.25600000E+01  .17363947E+01
  -.25000000E+01  .16899865E+01
  -.24400000E+01  .16468206E+01
  -.23800000E+01  .16062591E+01
  -.23200000E+01  .15678093E+01
  -.22600000E+01  .15310845E+01
  -.22000000E+01  .14957761E+01
  -.21400000E+01  .14616349E+01
  -.20800000E+01  .14284568E+01
  -.20200000E+01  .13960727E+01
  -.19600000E+01  .13643410E+01
  -.19000000E+01  .13331417E+01
  -.18400000E+01  .13023724E+01
  -.17800000E+01  .12719447E+01
  -.17200000E+01  .12417814E+01
  -.16600000E+01  .12118147E+01
  -.16000000E+01  .11819845E+01
  -.15400000E+01  .11522368E+01
  -.14800000E+01  .11225229E+01
  -.14200000E+01  .10927984E+01
  -.13600000E+01  .10630223E+01
  -.13000000E+01  .10331568E+01
  -.12400000E+01  .10031662E+01
  -.11800000E+01  .97301710E+00
  -.11200000E+01  .94267734E+00
  -.10600000E+01  .91211623E+00
  -.10000000E+01  .88130399E+00
  -.94000000E+00  .85021155E+00
  -.88000000E+00  .81881031E+00
  -.82000000E+00  .78707197E+00
  -.76000000E+00  .75496828E+00
  -.70000000E+00  .72247093E+00
  -.64000000E+00  .68955131E+00
  -.58000000E+00  .65618040E+00
  -.52000000E+00  .62232860E+00
  -.46000000E+00  .58796555E+00
  -.40000000E+00  .55306001E+00
  -.34000000E+00  .51757968E+00
  -.28000000E+00  .48149105E+00
  -.22000000E+00  .44475923E+00
  -.16000000E+00  .40734777E+00
  -.10000000E+00  .36921846E+00
  -.40000000E-01  .33033120E+00
   .20000000E-01  .29064370E+00
   .80000000E-01  .25011131E+00
   .14000000E+00  .20868678E+00
   .20000000E+00  .16631996E+00
   .26000000E+00  .12295753E+00
   .32000000E+00  .78542686E-01
   .38000000E+00  .33014774E-01
   .44000000E+00 -.13691092E-01
   .50000000E+00 -.61644460E-01
   .56000000E+00 -.11092002E+00
   .62000000E+00 -.16159814E+00
   .68000000E+00 -.21376546E+00
   .74000000E+00 -.26751558E+00
   .80000000E+00 -.32294977E+00
   .86000000E+00 -.38017790E+00
   .92000000E+00 -.43931932E+00
   .98000000E+00 -.50050402E+00
   .10400000E+01 -.56387383E+00
   .11000000E+01 -.62958390E+00
   .11600000E+01 -.69780426E+00
   .12200000E+01 -.76872176E+00
   .12800000E+01 -.84254221E+00
   .13400000E+01 -.91949285E+00
   .14000000E+01 -.99982534E+00
   .14600000E+01 -.10838191E+01
   .15200000E+01 -.11717852E+01
   .15800000E+01 -.12640714E+01
   .16400000E+01 -.13610670E+01
   .17000000E+01 -.14632103E+01
   .17600000E+01 -.15709956E+01
   .18200000E+01 -.16849831E+01
   .18800000E+01 -.18058102E+01
   .19400000E+01 -.19342051E+01
   .20000000E+01 -.20710039E+01
Potential  L  =         .00000  -3.45652
  -.40000000E+01  .12083727E+01
  -.39400000E+01  .11368048E+01
  -.38800000E+01  .10528069E+01
  -.38200000E+01  .95170655E+00
  -.37600000E+01  .82612073E+00
  -.37000000E+01  .66365301E+00
  -.36400000E+01  .44176642E+00
  -.35800000E+01  .11474170E+00
  -.35200000E+01 -.42645296E+00
  -.34600000E+01 -.15218285E+01
  -.34000000E+01 -.50427721E+01
  -.33400000E+01  .54037117E+02
  -.32800000E+01  .68142169E+01
  -.32200000E+01  .42940211E+01
  -.31600000E+01  .33810023E+01
  -.31000000E+01  .29024167E+01
  -.30400000E+01  .26031739E+01
  -.29800000E+01  .23951257E+01
  -.29200000E+01  .22396976E+01
  -.28600000E+01  .21173323E+01
  -.28000000E+01  .20170544E+01
  -.27400000E+01  .19322264E+01
  -.26800000E+01  .18585967E+01
  -.26200000E+01  .17933145E+01
  -.25600000E+01  .17343955E+01
  -.25000000E+01  .16804146E+01
  -.24400000E+01  .16303205E+01
  -.23800000E+01  .15833201E+01
  -.23200000E+01  .15388020E+01
  -.22600000E+01  .14962869E+01
  -.22000000E+01  .14553924E+01
  -.21400000E+01  .14158089E+01
  -.20800000E+01  .13772819E+01
  -.20200000E+01  .13395996E+01
  -.19600000E+01  .13025830E+01
  -.19000000E+01  .12660794E+01
  -.18400000E+01  .12299564E+01
  -.17800000E+01  .11940980E+01
  -.17200000E+01  .11584012E+01
  -.16600000E+01  .11227732E+01
  -.16000000E+01  .10871298E+01
  -.15400000E+01  .10513930E+01
  -.14800000E+01  .10154899E+01
  -.14200000E+01  .97935176E+00
  -.13600000E+01  .94291245E+00
  -.13000000E+01  .90610789E+00
  -.12400000E+01  .86887516E+00
  -.11800000E+01  .83115182E+00
  -.11200000E+01  .79287520E+00
  -.10600000E+01  .75398182E+00
  -.10000000E+01  .71440675E+00
  -.94000000E+00  .67408303E+00
  -.88000000E+00  .63294105E+00
  -.82000000E+00  .59090793E+00
  -.76000000E+00  .54790687E+00
  -.70000000E+00  .50385643E+00
  -.64000000E+00  .45866974E+00
  -.58000000E+00  .41225377E+00
  -.52000000E+00  .36450824E+00
  -.46000000E+00  .31532474E+00
  -.40000000E+00  .26458537E+00
  -.34000000E+00  .21216159E+00
  -.28000000E+00  .15791260E+00
  -.22000000E+00  .10168353E+00
  -.16000000E+00  .43303486E-01
  -.10000000E+00 -.17416902E-01
  -.40000000E-01 -.80688241E-01
   .20000000E-01 -.14674568E+00
   .80000000E-01 -.21585279E+00
   .14000000E+00 -.28830630E+00
   .20000000E+00 -.36444151E+00
   .26000000E+00 -.44463912E+00
   .32000000E+00 -.52933333E+00
   .38000000E+00 -.61902179E+00
   .44000000E+00 -.71427783E+00
   .50000000E+00 -.81576558E+00
   .56000000E+00 -.92425895E+00
   .62000000E+00 -.10406655E+01
   .68000000E+00 -.11660566E+01
   .74000000E+00 -.13017067E+01
   .80000000E+00 -.14491440E+01
   .86000000E+00 -.16102168E+01
   .92000000E+00 -.17871825E+01
   .98000000E+00 -.19828278E+01
   .10400000E+01 -.22006334E+01
   .11000000E+01 -.24450054E+01
   .11600000E+01 -.27216042E+01
   .12200000E+01 -.30378263E+01
   .12800000E+01 -.34035251E+01
   .13400000E+01 -.38321242E+01
   .14000000E+01 -.43423962E+01
   .14600000E+01 -.49614229E+01
   .15200000E+01 -.57297648E+01
   .15800000E+01 -.67110407E+01
   .16400000E+01 -.80110291E+01
   .17000000E+01 -.98195294E+01
   .17600000E+01 -.12514461E+02
   .18200000E+01 -.16971715E+02
   .18800000E+01 -.25788290E+02
   .19400000E+01 -.51591692E+02
   .20000000E+01 -.15243094E+04
Core Pot   L  =        1.00000  -2.05780
  -.40000000E+01  .16950712E+01
  -.39400000E+01  .16737881E+01
  -.38800000E+01  .16520214E+01
  -.38200000E+01  .16297334E+01
  -.37600000E+01  .16068820E+01
  -.37000000E+01  .15834197E+01
  -.36400000E+01  .15592926E+01
  -.35800000E+01  .15344397E+01
  -.35200000E+01  .15087910E+01
  -.34600000E+01  .14822663E+01
  -.34000000E+01  .14547729E+01
  -.33400000E+01  .14262034E+01
  -.32800000E+01  .13964320E+01
  -.32200000E+01  .13653110E+01
  -.31600000E+01  .13326653E+01
  -.31000000E+01  .12982859E+01
  -.30400000E+01  .12619211E+01
  -.29800000E+01  .12232647E+01
  -.29200000E+01  .11819408E+01
  -.28600000E+01  .11374820E+01
  -.28000000E+01  .10893003E+01
  -.27400000E+01  .10366447E+01
  -.26800000E+01  .97854051E+00
  -.26200000E+01  .91369898E+00
  -.25600000E+01  .84037967E+00
  -.25000000E+01  .75617275E+00
  -.24400000E+01  .65764247E+00
  -.23800000E+01  .53971544E+00
  -.23200000E+01  .39457182E+00
  -.22600000E+01  .20949441E+00
  -.22000000E+01 -.37678817E-01
  -.21400000E+01 -.38932589E+00
  -.20800000E+01 -.93790735E+00
  -.20200000E+01 -.19309893E+01
  -.19600000E+01 -.43314526E+01
  -.19000000E+01 -.19122934E+02
  -.18400000E+01  .14074096E+02
  -.17800000E+01  .61522331E+01
  -.17200000E+01  .42722999E+01
  -.16600000E+01  .34209704E+01
  -.16000000E+01  .29295494E+01
  -.15400000E+01  .26056461E+01
  -.14800000E+01  .23731910E+01
  -.14200000E+01  .21960656E+01
  -.13600000E+01  .20549173E+01
  -.13000000E+01  .19384408E+01
  -.12400000E+01  .18395884E+01
  -.11800000E+01  .17537364E+01
  -.11200000E+01  .16777249E+01
  -.10600000E+01  .16093197E+01
  -.10000000E+01  .15468957E+01
  -.94000000E+00  .14892417E+01
  -.88000000E+00  .14354358E+01
  -.82000000E+00  .13847630E+01
  -.76000000E+00  .13366598E+01
  -.70000000E+00  .12906750E+01
  -.64000000E+00  .12464429E+01
  -.58000000E+00  .12036629E+01
  -.52000000E+00  .11620852E+01
  -.46000000E+00  .11215001E+01
  -.40000000E+00  .10817292E+01
  -.34000000E+00  .10426197E+01
  -.28000000E+00  .10040390E+01
  -.22000000E+00  .96587126E+00
  -.16000000E+00  .92801405E+00
  -.10000000E+00  .89037603E+00
  -.40000000E-01  .85287494E+00
   .20000000E-01  .81543599E+00
   .80000000E-01  .77799052E+00
   .14000000E+00  .74047490E+00
   .20000000E+00  .70282958E+00
   .26000000E+00  .66499831E+00
   .32000000E+00  .62692744E+00
   .38000000E+00  .58856535E+00
   .44000000E+00  .54986190E+00
   .50000000E+00  .51076801E+00
   .56000000E+00  .47123516E+00
   .62000000E+00  .43121509E+00
   .68000000E+00  .39065937E+00
   .74000000E+00  .34951911E+00
   .80000000E+00  .30774459E+00
   .86000000E+00  .26528494E+00
   .92000000E+00  .22208785E+00
   .98000000E+00  .17809921E+00
   .10400000E+01  .13326276E+00
   .11000000E+01  .87519800E-01
   .11600000E+01  .40808773E-01
   .12200000E+01 -.69351053E-02
   .12800000E+01 -.55780265E-01
   .13400000E+01 -.10579924E+00
   .14000000E+01 -.15706913E+00
   .14600000E+01 -.20967220E+00
   .15200000E+01 -.26369641E+00
   .15800000E+01 -.31923609E+00
   .16400000E+01 -.37639271E+00
   .17000000E+01 -.43527565E+00
   .17600000E+01 -.49600315E+00
   .18200000E+01 -.55870333E+00
   .18800000E+01 -.62351538E+00
   .19400000E+01 -.69059090E+00
   .20000000E+01 -.76009538E+00
Potential  L  =        1.00000  -2.05780
  -.40000000E+01  .15966291E+01
  -.39400000E+01  .15718475E+01
  -.38800000E+01  .15463901E+01
  -.38200000E+01  .15202048E+01
  -.37600000E+01  .14932332E+01
  -.37000000E+01  .14654102E+01
  -.36400000E+01  .14366625E+01
  -.35800000E+01  .14069075E+01
  -.35200000E+01  .13760515E+01
  -.34600000E+01  .13439883E+01
  -.34000000E+01  .13105963E+01
  -.33400000E+01  .12757362E+01
  -.32800000E+01  .12392471E+01
  -.32200000E+01  .12009427E+01
  -.31600000E+01  .11606053E+01
  -.31000000E+01  .11179796E+01
  -.30400000E+01  .10727636E+01
  -.29800000E+01  .10245976E+01
  -.29200000E+01  .97304962E+00
  -.28600000E+01  .91759599E+00
  -.28000000E+01  .85759606E+00
  -.27400000E+01  .79225705E+00
  -.26800000E+01  .72058600E+00
  -.26200000E+01  .64132221E+00
  -.25600000E+01  .55284043E+00
  -.25000000E+01  .45300778E+00
  -.24400000E+01  .33896986E+00
  -.23800000E+01  .20681587E+00
  -.23200000E+01  .51040740E-01
  -.22600000E+01 -.13636177E+00
  -.22000000E+01 -.36750089E+00
  -.21400000E+01 -.66160503E+00
  -.20800000E+01 -.10511567E+01
  -.20200000E+01 -.15956926E+01
  -.19600000E+01 -.24173819E+01
  -.19000000E+01 -.38127854E+01
  -.18400000E+01 -.67367136E+01
  -.17800000E+01 -.16905534E+02
  -.17200000E+01  .75502717E+02
  -.16600000E+01  .13596133E+02
  -.16000000E+01  .80044964E+01
  -.15400000E+01  .58977572E+01
  -.14800000E+01  .47853229E+01
  -.14200000E+01  .40932078E+01
  -.13600000E+01  .36178630E+01
  -.13000000E+01  .32688519E+01
  -.12400000E+01  .29998621E+01
  -.11800000E+01  .27847189E+01
  -.11200000E+01  .26075121E+01
  -.10600000E+01  .24580122E+01
  -.10000000E+01  .23293423E+01
  -.94000000E+00  .22167075E+01
  -.88000000E+00  .21166617E+01
  -.82000000E+00  .20266637E+01
  -.76000000E+00  .19447979E+01
  -.70000000E+00  .18695922E+01
  -.64000000E+00  .17998960E+01
  -.58000000E+00  .17347966E+01
  -.52000000E+00  .16735599E+01
  -.46000000E+00  .16155885E+01
  -.40000000E+00  .15603904E+01
  -.34000000E+00  .15075566E+01
  -.28000000E+00  .14567434E+01
  -.22000000E+00  .14076598E+01
  -.16000000E+00  .13600570E+01
  -.10000000E+00  .13137205E+01
  -.40000000E-01  .12684640E+01
   .20000000E-01  .12241246E+01
   .80000000E-01  .11805584E+01
   .14000000E+00  .11376376E+01
   .20000000E+00  .10952479E+01
   .26000000E+00  .10532860E+01
   .32000000E+00  .10116580E+01
   .38000000E+00  .97027810E+00
   .44000000E+00  .92906692E+00
   .50000000E+00  .88795069E+00
   .56000000E+00  .84686024E+00
   .62000000E+00  .80573019E+00
   .68000000E+00  .76449829E+00
   .74000000E+00  .72310476E+00
   .80000000E+00  .68149176E+00
   .86000000E+00  .63960287E+00
   .92000000E+00  .59738267E+00
   .98000000E+00  .55477619E+00
   .10400000E+01  .51172893E+00
   .11000000E+01  .46818586E+00
   .11600000E+01  .42409149E+00
   .12200000E+01  .37938933E+00
   .12800000E+01  .33402171E+00
   .13400000E+01  .28792919E+00
   .14000000E+01  .24105033E+00
   .14600000E+01  .19332127E+00
   .15200000E+01  .14467561E+00
   .15800000E+01  .95042955E-01
   .16400000E+01  .44349882E-01
   .17000000E+01 -.74814439E-02
   .17600000E+01 -.60533639E-01
   .18200000E+01 -.11489465E+00
   .18800000E+01 -.17065844E+00
   .19400000E+01 -.22792568E+00
   .20000000E+01 -.28680461E+00
Core Pot   L  =        2.00000   -.30000
  -.40000000E+01  .19657329E+01
  -.39400000E+01  .19500937E+01
  -.38800000E+01  .19343176E+01
  -.38200000E+01  .19184006E+01
  -.37600000E+01  .19023388E+01
  -.37000000E+01  .18861279E+01
  -.36400000E+01  .18697635E+01
  -.35800000E+01  .18532409E+01
  -.35200000E+01  .18365551E+01
  -.34600000E+01  .18197011E+01
  -.34000000E+01  .18026732E+01
  -.33400000E+01  .17854658E+01
  -.32800000E+01  .17680727E+01
  -.32200000E+01  .17504876E+01
  -.31600000E+01  .17327036E+01
  -.31000000E+01  .17147135E+01
  -.30400000E+01  .16965096E+01
  -.29800000E+01  .16780837E+01
  -.29200000E+01  .16594273E+01
  -.28600000E+01  .16405310E+01
  -.28000000E+01  .16213851E+01
  -.27400000E+01  .16019790E+01
  -.26800000E+01  .15823014E+01
  -.26200000E+01  .15623403E+01
  -.25600000E+01  .15420828E+01
  -.25000000E+01  .15215149E+01
  -.24400000E+01  .15006216E+01
  -.23800000E+01  .14793868E+01
  -.23200000E+01  .14577929E+01
  -.22600000E+01  .14358211E+01
  -.22000000E+01  .14134507E+01
  -.21400000E+01  .13906595E+01
  -.20800000E+01  .13674230E+01
  -.20200000E+01  .13437147E+01
  -.19600000E+01  .13195053E+01
  -.19000000E+01  .12947628E+01
  -.18400000E+01  .12694519E+01
  -.17800000E+01  .12435337E+01
  -.17200000E+01  .12169651E+01
  -.16600000E+01  .11896980E+01
  -.16000000E+01  .11616792E+01
  -.15400000E+01  .11328488E+01
  -.14800000E+01  .11031397E+01
  -.14200000E+01  .10724763E+01
  -.13600000E+01  .10407732E+01
  -.13000000E+01  .10079329E+01
  -.12400000E+01  .97384456E+00
  -.11800000E+01  .93838058E+00
  -.11200000E+01  .90139393E+00
  -.10600000E+01  .86271396E+00
  -.10000000E+01  .82214139E+00
  -.94000000E+00  .77944202E+00
  -.88000000E+00  .73433855E+00
  -.82000000E+00  .68650014E+00
  -.76000000E+00  .63552863E+00
  -.70000000E+00  .58094035E+00
  -.64000000E+00  .52214170E+00
  -.58000000E+00  .45839573E+00
  -.52000000E+00  .38877589E+00
  -.46000000E+00  .31210045E+00
  -.40000000E+00  .22683779E+00
  -.34000000E+00  .13096604E+00
  -.28000000E+00  .21759197E-01
  -.22000000E+00 -.10454944E+00
  -.16000000E+00 -.25331732E+00
  -.10000000E+00 -.43243294E+00
  -.40000000E-01 -.65401265E+00
   .20000000E-01 -.93767394E+00
   .80000000E-01 -.13174073E+01
   .14000000E+00 -.18576974E+01
   .20000000E+00 -.26976193E+01
   .26000000E+00 -.42025858E+01
   .32000000E+00 -.77407076E+01
   .38000000E+00 -.26636749E+02
   .44000000E+00  .24065486E+02
   .50000000E+00  .89876234E+01
   .56000000E+00  .57516171E+01
   .62000000E+00  .43282512E+01
   .68000000E+00  .35201142E+01
   .74000000E+00  .29939820E+01
   .80000000E+00  .26203575E+01
   .86000000E+00  .23384139E+01
   .92000000E+00  .21158003E+01
   .98000000E+00  .19337204E+01
   .10400000E+01  .17805034E+01
   .11000000E+01  .16485169E+01
   .11600000E+01  .15325567E+01
   .12200000E+01  .14289501E+01
   .12800000E+01  .13350286E+01
   .13400000E+01  .12488047E+01
   .14000000E+01  .11687657E+01
   .14600000E+01  .10937377E+01
   .15200000E+01  .10227942E+01
   .15800000E+01  .95519235E+00
   .16400000E+01  .89032745E+00
   .17000000E+01  .82770083E+00
   .17600000E+01  .76689569E+00
   .18200000E+01  .70755928E+00
   .18800000E+01  .64938925E+00
   .19400000E+01  .59212335E+00
   .20000000E+01  .53553121E+00
Potential  L  =        2.00000   -.30000
  -.40000000E+01  .19343295E+01
  -.39400000E+01  .19179620E+01
  -.38800000E+01  .19014362E+01
  -.38200000E+01  .18847475E+01
  -.37600000E+01  .18678911E+01
  -.37000000E+01  .18508620E+01
  -.36400000E+01  .18336549E+01
  -.35800000E+01  .18162643E+01
  -.35200000E+01  .17986845E+01
  -.34600000E+01  .17809093E+01
  -.34000000E+01  .17629324E+01
  -.33400000E+01  .17447470E+01
  -.32800000E+01  .17263462E+01
  -.32200000E+01  .17077225E+01
  -.31600000E+01  .16888681E+01
  -.31000000E+01  .16697748E+01
  -.30400000E+01  .16504338E+01
  -.29800000E+01  .16308359E+01
  -.29200000E+01  .16109716E+01
  -.28600000E+01  .15908303E+01
  -.28000000E+01  .15704014E+01
  -.27400000E+01  .15496732E+01
  -.26800000E+01  .15286335E+01
  -.26200000E+01  .15072692E+01
  -.25600000E+01  .14855665E+01
  -.25000000E+01  .14635107E+01
  -.24400000E+01  .14410860E+01
  -.23800000E+01  .14182757E+01
  -.23200000E+01  .13950619E+01
  -.22600000E+01  .13714253E+01
  -.22000000E+01  .13473454E+01
  -.21400000E+01  .13228001E+01
  -.20800000E+01  .12977659E+01
  -.20200000E+01  .12722171E+01
  -.19600000E+01  .12461264E+01
  -.19000000E+01  .12194641E+01
  -.18400000E+01  .11921983E+01
  -.17800000E+01  .11642942E+01
  -.17200000E+01  .11357143E+01
  -.16600000E+01  .11064177E+01
  -.16000000E+01  .10763599E+01
  -.15400000E+01  .10454924E+01
  -.14800000E+01  .10137622E+01
  -.14200000E+01  .98111130E+00
  -.13600000E+01  .94747581E+00
  -.13000000E+01  .91278561E+00
  -.12400000E+01  .87696331E+00
  -.11800000E+01  .83992325E+00
  -.11200000E+01  .80157044E+00
  -.10600000E+01  .76179928E+00
  -.10000000E+01  .72049191E+00
  -.94000000E+00  .67751644E+00
  -.88000000E+00  .63272471E+00
  -.82000000E+00  .58594978E+00
  -.76000000E+00  .53700274E+00
  -.70000000E+00  .48566901E+00
  -.64000000E+00  .43170387E+00
  -.58000000E+00  .37482660E+00
  -.52000000E+00  .31471405E+00
  -.46000000E+00  .25099217E+00
  -.40000000E+00  .18322516E+00
  -.34000000E+00  .11090253E+00
  -.28000000E+00  .33422196E-01
  -.22000000E+00 -.49931089E-01
  -.16000000E+00 -.14001370E+00
  -.10000000E+00 -.23785982E+00
  -.40000000E-01 -.34473021E+00
   .20000000E-01 -.46217792E+00
   .80000000E-01 -.59213840E+00
   .14000000E+00 -.73705503E+00
   .20000000E+00 -.90005754E+00
   .26000000E+00 -.10852216E+01
   .32000000E+00 -.12979553E+01
   .38000000E+00 -.15455929E+01
   .44000000E+00 -.18383364E+01
   .50000000E+00 -.21908091E+01
   .56000000E+00 -.26247431E+01
   .62000000E+00 -.31738970E+01
   .68000000E+00 -.38937121E+01
   .74000000E+00 -.48820533E+01
   .80000000E+00 -.63293878E+01
   .86000000E+00 -.86622569E+01
   .92000000E+00 -.13073256E+02
   .98000000E+00 -.24642197E+02
   .10400000E+01 -.13788404E+03
   .11000000E+01  .41891021E+02
   .11600000E+01  .18829644E+02
   .12200000E+01  .12387872E+02
   .12800000E+01  .93502438E+01
   .13400000E+01  .75769297E+01
   .14000000E+01  .64107941E+01
   .14600000E+01  .55828017E+01
   .15200000E+01  .49623629E+01
   .15800000E+01  .44784317E+01
   .16400000E+01  .40890368E+01
   .17000000E+01  .37677903E+01
   .17600000E+01  .34972680E+01
   .18200000E+01  .32655009E+01
   .18800000E+01  .30639942E+01
   .19400000E+01  .28865519E+01
   .20000000E+01  .27285475E+01
Core Pot   L  =        3.00000    .00000
  -.40000000E+01  .22521813E+01
  -.39400000E+01  .22391046E+01
  -.38800000E+01  .22259564E+01
  -.38200000E+01  .22127357E+01
  -.37600000E+01  .21994414E+01
  -.37000000E+01  .21860723E+01
  -.36400000E+01  .21726271E+01
  -.35800000E+01  .21591047E+01
  -.35200000E+01  .21455038E+01
  -.34600000E+01  .21318231E+01
  -.34000000E+01  .21180612E+01
  -.33400000E+01  .21042169E+01
  -.32800000E+01  .20902886E+01
  -.32200000E+01  .20762751E+01
  -.31600000E+01  .20621747E+01
  -.31000000E+01  .20479860E+01
  -.30400000E+01  .20337074E+01
  -.29800000E+01  .20193373E+01
  -.29200000E+01  .20048741E+01
  -.28600000E+01  .19903161E+01
  -.28000000E+01  .19756615E+01
  -.27400000E+01  .19609085E+01
  -.26800000E+01  .19460553E+01
  -.26200000E+01  .19311000E+01
  -.25600000E+01  .19160407E+01
  -.25000000E+01  .19008752E+01
  -.24400000E+01  .18856016E+01
  -.23800000E+01  .18702177E+01
  -.23200000E+01  .18547212E+01
  -.22600000E+01  .18391100E+01
  -.22000000E+01  .18233816E+01
  -.21400000E+01  .18075336E+01
  -.20800000E+01  .17915636E+01
  -.20200000E+01  .17754689E+01
  -.19600000E+01  .17592469E+01
  -.19000000E+01  .17428948E+01
  -.18400000E+01  .17264097E+01
  -.17800000E+01  .17097888E+01
  -.17200000E+01  .16930288E+01
  -.16600000E+01  .16761268E+01
  -.16000000E+01  .16590794E+01
  -.15400000E+01  .16418832E+01
  -.14800000E+01  .16245347E+01
  -.14200000E+01  .16070303E+01
  -.13600000E+01  .15893662E+01
  -.13000000E+01  .15715385E+01
  -.12400000E+01  .15535431E+01
  -.11800000E+01  .15353759E+01
  -.11200000E+01  .15170323E+01
  -.10600000E+01  .14985080E+01
  -.10000000E+01  .14797981E+01
  -.94000000E+00  .14608977E+01
  -.88000000E+00  .14418018E+01
  -.82000000E+00  .14225049E+01
  -.76000000E+00  .14030016E+01
  -.70000000E+00  .13832860E+01
  -.64000000E+00  .13633521E+01
  -.58000000E+00  .13431936E+01
  -.52000000E+00  .13228040E+01
  -.46000000E+00  .13021764E+01
  -.40000000E+00  .12813036E+01
  -.34000000E+00  .12601781E+01
  -.28000000E+00  .12387921E+01
  -.22000000E+00  .12171374E+01
  -.16000000E+00  .11952054E+01
  -.10000000E+00  .11729870E+01
  -.40000000E-01  .11504729E+01
   .20000000E-01  .11276531E+01
   .80000000E-01  .11045172E+01
   .14000000E+00  .10810542E+01
   .20000000E+00  .10572527E+01
   .26000000E+00  .10331005E+01
   .32000000E+00  .10085848E+01
   .38000000E+00  .98369230E+00
   .44000000E+00  .95840870E+00
   .50000000E+00  .93271906E+00
   .56000000E+00  .90660753E+00
   .62000000E+00  .88005739E+00
   .68000000E+00  .85305091E+00
   .74000000E+00  .82556931E+00
   .80000000E+00  .79759270E+00
   .86000000E+00  .76909992E+00
   .92000000E+00  .74006853E+00
   .98000000E+00  .71047464E+00
   .10400000E+01  .68029280E+00
   .11000000E+01  .64949591E+00
   .11600000E+01  .61805501E+00
   .12200000E+01  .58593920E+00
   .12800000E+01  .55311540E+00
   .13400000E+01  .51954817E+00
   .14000000E+01  .48519953E+00
   .14600000E+01  .45002865E+00
   .15200000E+01  .41399166E+00
   .15800000E+01  .37704129E+00
   .16400000E+01  .33912657E+00
   .17000000E+01  .30019243E+00
   .17600000E+01  .26017928E+00
   .18200000E+01  .21902253E+00
   .18800000E+01  .17665207E+00
   .19400000E+01  .13299163E+00
   .20000000E+01  .87958098E-01
Potential  L  =        3.00000    .00000
  -.40000000E+01  .22539375E+01
  -.39400000E+01  .22409093E+01
  -.38800000E+01  .22278114E+01
  -.38200000E+01  .22146428E+01
  -.37600000E+01  .22014022E+01
  -.37000000E+01  .21880888E+01
  -.36400000E+01  .21747012E+01
  -.35800000E+01  .21612385E+01
  -.35200000E+01  .21476994E+01
  -.34600000E+01  .21340826E+01
  -.34000000E+01  .21203870E+01
  -.33400000E+01  .21066113E+01
  -.32800000E+01  .20927542E+01
  -.32200000E+01  .20788143E+01
  -.31600000E+01  .20647902E+01
  -.31000000E+01  .20506807E+01
  -.30400000E+01  .20364842E+01
  -.29800000E+01  .20221992E+01
  -.29200000E+01  .20078243E+01
  -.28600000E+01  .19933578E+01
  -.28000000E+01  .19787982E+01
  -.27400000E+01  .19641438E+01
  -.26800000E+01  .19493930E+01
  -.26200000E+01  .19345439E+01
  -.25600000E+01  .19195948E+01
  -.25000000E+01  .19045440E+01
  -.24400000E+01  .18893894E+01
  -.23800000E+01  .18741291E+01
  -.23200000E+01  .18587612E+01
  -.22600000E+01  .18432835E+01
  -.22000000E+01  .18276940E+01
  -.21400000E+01  .18119905E+01
  -.20800000E+01  .17961707E+01
  -.20200000E+01  .17802324E+01
  -.19600000E+01  .17641731E+01
  -.19000000E+01  .17479903E+01
  -.18400000E+01  .17316816E+01
  -.17800000E+01  .17152443E+01
  -.17200000E+01  .16986757E+01
  -.16600000E+01  .16819730E+01
  -.16000000E+01  .16651334E+01
  -.15400000E+01  .16481539E+01
  -.14800000E+01  .16310314E+01
  -.14200000E+01  .16137627E+01
  -.13600000E+01  .15963446E+01
  -.13000000E+01  .15787737E+01
  -.12400000E+01  .15610464E+01
  -.11800000E+01  .15431592E+01
  -.11200000E+01  .15251082E+01
  -.10600000E+01  .15068896E+01
  -.10000000E+01  .14884993E+01
  -.94000000E+00  .14699333E+01
  -.88000000E+00  .14511870E+01
  -.82000000E+00  .14322561E+01
  -.76000000E+00  .14131359E+01
  -.70000000E+00  .13938215E+01
  -.64000000E+00  .13743080E+01
  -.58000000E+00  .13545901E+01
  -.52000000E+00  .13346623E+01
  -.46000000E+00  .13145191E+01
  -.40000000E+00  .12941545E+01
  -.34000000E+00  .12735626E+01
  -.28000000E+00  .12527368E+01
  -.22000000E+00  .12316706E+01
  -.16000000E+00  .12103572E+01
  -.10000000E+00  .11887892E+01
  -.40000000E-01  .11669593E+01
   .20000000E-01  .11448595E+01
   .80000000E-01  .11224818E+01
   .14000000E+00  .10998175E+01
   .20000000E+00  .10768577E+01
   .26000000E+00  .10535931E+01
   .32000000E+00  .10300139E+01
   .38000000E+00  .10061100E+01
   .44000000E+00  .98187042E+00
   .50000000E+00  .95728409E+00
   .56000000E+00  .93233917E+00
   .62000000E+00  .90702329E+00
   .68000000E+00  .88132343E+00
   .74000000E+00  .85522591E+00
   .80000000E+00  .82871636E+00
   .86000000E+00  .80177963E+00
   .92000000E+00  .77439977E+00
   .98000000E+00  .74655997E+00
   .10400000E+01  .71824249E+00
   .11000000E+01  .68942860E+00
   .11600000E+01  .66009851E+00
   .12200000E+01  .63023127E+00
   .12800000E+01  .59980474E+00
   .13400000E+01  .56879562E+00
   .14000000E+01  .53717866E+00
   .14600000E+01  .50492762E+00
   .15200000E+01  .47201442E+00
   .15800000E+01  .43840922E+00
   .16400000E+01  .40408024E+00
   .17000000E+01  .36899360E+00
   .17600000E+01  .33311318E+00
   .18200000E+01  .29640040E+00
   .18800000E+01  .25881397E+00
   .19400000E+01  .22030974E+00
   .20000000E+01  .18084034E+00
Core Pot   L  =        4.00000    .00000
  -.40000000E+01  .25617311E+01
  -.39400000E+01  .25503860E+01
  -.38800000E+01  .25389972E+01
  -.38200000E+01  .25275630E+01
  -.37600000E+01  .25160800E+01
  -.37000000E+01  .25045528E+01
  -.36400000E+01  .24929748E+01
  -.35800000E+01  .24813503E+01
  -.35200000E+01  .24696769E+01
  -.34600000E+01  .24579548E+01
  -.34000000E+01  .24461821E+01
  -.33400000E+01  .24343590E+01
  -.32800000E+01  .24224861E+01
  -.32200000E+01  .24105592E+01
  -.31600000E+01  .23985828E+01
  -.31000000E+01  .23865504E+01
  -.30400000E+01  .23744654E+01
  -.29800000E+01  .23623281E+01
  -.29200000E+01  .23501342E+01
  -.28600000E+01  .23378835E+01
  -.28000000E+01  .23255777E+01
  -.27400000E+01  .23132164E+01
  -.26800000E+01  .23007943E+01
  -.26200000E+01  .22883152E+01
  -.25600000E+01  .22757770E+01
  -.25000000E+01  .22631788E+01
  -.24400000E+01  .22505187E+01
  -.23800000E+01  .22377985E+01
  -.23200000E+01  .22250150E+01
  -.22600000E+01  .22121695E+01
  -.22000000E+01  .21992574E+01
  -.21400000E+01  .21862819E+01
  -.20800000E+01  .21732399E+01
  -.20200000E+01  .21601315E+01
  -.19600000E+01  .21469544E+01
  -.19000000E+01  .21337097E+01
  -.18400000E+01  .21203944E+01
  -.17800000E+01  .21070102E+01
  -.17200000E+01  .20935520E+01
  -.16600000E+01  .20800215E+01
  -.16000000E+01  .20664180E+01
  -.15400000E+01  .20527388E+01
  -.14800000E+01  .20389841E+01
  -.14200000E+01  .20251515E+01
  -.13600000E+01  .20112417E+01
  -.13000000E+01  .19972513E+01
  -.12400000E+01  .19831818E+01
  -.11800000E+01  .19690276E+01
  -.11200000E+01  .19547916E+01
  -.10600000E+01  .19404710E+01
  -.10000000E+01  .19260646E+01
  -.94000000E+00  .19115707E+01
  -.88000000E+00  .18969880E+01
  -.82000000E+00  .18823154E+01
  -.76000000E+00  .18675508E+01
  -.70000000E+00  .18526942E+01
  -.64000000E+00  .18377410E+01
  -.58000000E+00  .18226932E+01
  -.52000000E+00  .18075459E+01
  -.46000000E+00  .17922993E+01
  -.40000000E+00  .17769518E+01
  -.34000000E+00  .17615010E+01
  -.28000000E+00  .17459454E+01
  -.22000000E+00  .17302828E+01
  -.16000000E+00  .17145117E+01
  -.10000000E+00  .16986296E+01
  -.40000000E-01  .16826350E+01
   .20000000E-01  .16665256E+01
   .80000000E-01  .16502993E+01
   .14000000E+00  .16339538E+01
   .20000000E+00  .16174869E+01
   .26000000E+00  .16008963E+01
   .32000000E+00  .15841796E+01
   .38000000E+00  .15673343E+01
   .44000000E+00  .15503579E+01
   .50000000E+00  .15332478E+01
   .56000000E+00  .15160013E+01
   .62000000E+00  .14986156E+01
   .68000000E+00  .14810879E+01
   .74000000E+00  .14634151E+01
   .80000000E+00  .14455944E+01
   .86000000E+00  .14276225E+01
   .92000000E+00  .14094963E+01
   .98000000E+00  .13912123E+01
   .10400000E+01  .13727673E+01
   .11000000E+01  .13541575E+01
   .11600000E+01  .13353793E+01
   .12200000E+01  .13164290E+01
   .12800000E+01  .12973025E+01
   .13400000E+01  .12779960E+01
   .14000000E+01  .12585051E+01
   .14600000E+01  .12388256E+01
   .15200000E+01  .12189529E+01
   .15800000E+01  .11988824E+01
   .16400000E+01  .11786092E+01
   .17000000E+01  .11581285E+01
   .17600000E+01  .11374350E+01
   .18200000E+01  .11165234E+01
   .18800000E+01  .10953881E+01
   .19400000E+01  .10740233E+01
   .20000000E+01  .10524231E+01
Potential  L  =        4.00000    .00000
  -.40000000E+01  .25622600E+01
  -.39400000E+01  .25509264E+01
  -.38800000E+01  .25395482E+01
  -.38200000E+01  .25281233E+01
  -.37600000E+01  .25166535E+01
  -.37000000E+01  .25051362E+01
  -.36400000E+01  .24935697E+01
  -.35800000E+01  .24819593E+01
  -.35200000E+01  .24702981E+01
  -.34600000E+01  .24585870E+01
  -.34000000E+01  .24468293E+01
  -.33400000E+01  .24350200E+01
  -.32800000E+01  .24231600E+01
  -.32200000E+01  .24112489E+01
  -.31600000E+01  .23992854E+01
  -.31000000E+01  .23872698E+01
  -.30400000E+01  .23752010E+01
  -.29800000E+01  .23630787E+01
  -.29200000E+01  .23509014E+01
  -.28600000E+01  .23386695E+01
  -.28000000E+01  .23263815E+01
  -.27400000E+01  .23140370E+01
  -.26800000E+01  .23016350E+01
  -.26200000E+01  .22891757E+01
  -.25600000E+01  .22766572E+01
  -.25000000E+01  .22640792E+01
  -.24400000E+01  .22514412E+01
  -.23800000E+01  .22387420E+01
  -.23200000E+01  .22259811E+01
  -.22600000E+01  .22131575E+01
  -.22000000E+01  .22002705E+01
  -.21400000E+01  .21873191E+01
  -.20800000E+01  .21743027E+01
  -.20200000E+01  .21612189E+01
  -.19600000E+01  .21480693E+01
  -.19000000E+01  .21348517E+01
  -.18400000E+01  .21215661E+01
  -.17800000E+01  .21082098E+01
  -.17200000E+01  .20947830E+01
  -.16600000E+01  .20812837E+01
  -.16000000E+01  .20677122E+01
  -.15400000E+01  .20540664E+01
  -.14800000E+01  .20403456E+01
  -.14200000E+01  .20265487E+01
  -.13600000E+01  .20126744E+01
  -.13000000E+01  .19987218E+01
  -.12400000E+01  .19846897E+01
  -.11800000E+01  .19705768E+01
  -.11200000E+01  .19563821E+01
  -.10600000E+01  .19421040E+01
  -.10000000E+01  .19277411E+01
  -.94000000E+00  .19132924E+01
  -.88000000E+00  .18987564E+01
  -.82000000E+00  .18841318E+01
  -.76000000E+00  .18694168E+01
  -.70000000E+00  .18546107E+01
  -.64000000E+00  .18397115E+01
  -.58000000E+00  .18247176E+01
  -.52000000E+00  .18096276E+01
  -.46000000E+00  .17944398E+01
  -.40000000E+00  .17791526E+01
  -.34000000E+00  .17637642E+01
  -.28000000E+00  .17482731E+01
  -.22000000E+00  .17326774E+01
  -.16000000E+00  .17169751E+01
  -.10000000E+00  .17011646E+01
  -.40000000E-01  .16852438E+01
   .20000000E-01  .16692107E+01
   .80000000E-01  .16530633E+01
   .14000000E+00  .16367996E+01
   .20000000E+00  .16204174E+01
   .26000000E+00  .16039143E+01
   .32000000E+00  .15872883E+01
   .38000000E+00  .15705369E+01
   .44000000E+00  .15536578E+01
   .50000000E+00  .15366485E+01
   .56000000E+00  .15195064E+01
   .62000000E+00  .15022290E+01
   .68000000E+00  .14848135E+01
   .74000000E+00  .14672572E+01
   .80000000E+00  .14495571E+01
   .86000000E+00  .14317105E+01
   .92000000E+00  .14137141E+01
   .98000000E+00  .13955649E+01
   .10400000E+01  .13772598E+01
   .11000000E+01  .13587952E+01
   .11600000E+01  .13401679E+01
   .12200000E+01  .13213742E+01
   .12800000E+01  .13024105E+01
   .13400000E+01  .12832731E+01
   .14000000E+01  .12639580E+01
   .14600000E+01  .12444612E+01
   .15200000E+01  .12247785E+01
   .15800000E+01  .12049057E+01
   .16400000E+01  .11848382E+01
   .17000000E+01  .11645716E+01
   .17600000E+01  .11441009E+01
   .18200000E+01  .11234212E+01
   .18800000E+01  .11025276E+01
   .19400000E+01  .10814146E+01
   .20000000E+01  .10600767E+01
KBPotential  L  =       .00000  -6.91303
  -.40000000E+01  .12940169E+01
  -.39400000E+01  .12283524E+01
  -.38800000E+01  .11510529E+01
  -.38200000E+01  .10575839E+01
  -.37600000E+01  .94067328E+00
  -.37000000E+01  .78787715E+00
  -.36400000E+01  .57598567E+00
  -.35800000E+01  .25616371E+00
  -.35200000E+01 -.29490418E+00
  -.34600000E+01 -.15045291E+01
  -.34000000E+01 -.65454971E+01
  -.33400000E+01  .15033923E+02
  -.32800000E+01  .52553231E+01
  -.32200000E+01  .36880442E+01
  -.31600000E+01  .30382641E+01
  -.31000000E+01  .26770825E+01
  -.30400000E+01  .24434029E+01
  -.29800000E+01  .22771681E+01
  -.29200000E+01  .21508813E+01
  -.28600000E+01  .20501728E+01
  -.28000000E+01  .19668002E+01
  -.27400000E+01  .18956967E+01
  -.26800000E+01  .18335742E+01
  -.26200000E+01  .17782078E+01
  -.25600000E+01  .17280343E+01
  -.25000000E+01  .16819244E+01
  -.24400000E+01  .16390416E+01
  -.23800000E+01  .15987509E+01
  -.23200000E+01  .15605631E+01
  -.22600000E+01  .15240938E+01
  -.22000000E+01  .14890364E+01
  -.21400000E+01  .14551428E+01
  -.20800000E+01  .14222102E+01
  -.20200000E+01  .13900704E+01
  -.19600000E+01  .13585823E+01
  -.19000000E+01  .13276266E+01
  -.18400000E+01  .12971013E+01
  -.17800000E+01  .12669182E+01
  -.17200000E+01  .12370006E+01
  -.16600000E+01  .12072804E+01
  -.16000000E+01  .11776975E+01
  -.15400000E+01  .11481980E+01
  -.14800000E+01  .11187331E+01
  -.14200000E+01  .10892579E+01
  -.13600000E+01  .10597313E+01
  -.13000000E+01  .10301148E+01
  -.12400000E+01  .10003723E+01
  -.11800000E+01  .97046968E+00
  -.11200000E+01  .94037404E+00
  -.10600000E+01  .91005377E+00
  -.10000000E+01  .87947805E+00
  -.94000000E+00  .84861652E+00
  -.88000000E+00  .81743936E+00
  -.82000000E+00  .78591663E+00
  -.76000000E+00  .75401845E+00
  -.70000000E+00  .72171420E+00
  -.64000000E+00  .68897318E+00
  -.58000000E+00  .65576371E+00
  -.52000000E+00  .62205329E+00
  -.46000000E+00  .58780832E+00
  -.40000000E+00  .55299383E+00
  -.34000000E+00  .51757336E+00
  -.28000000E+00  .48150865E+00
  -.22000000E+00  .44475959E+00
  -.16000000E+00  .40728378E+00
  -.10000000E+00  .36903646E+00
  -.40000000E-01  .32996935E+00
   .20000000E-01  .29003188E+00
   .80000000E-01  .24916967E+00
   .14000000E+00  .20732448E+00
   .20000000E+00  .16443368E+00
   .26000000E+00  .12042950E+00
   .32000000E+00  .75239826E-01
   .38000000E+00  .28785496E-01
   .44000000E+00 -.19019144E-01
   .50000000E+00 -.68267269E-01
   .56000000E+00 -.11906043E+00
   .62000000E+00 -.17150994E+00
   .68000000E+00 -.22573770E+00
   .74000000E+00 -.28187783E+00
   .80000000E+00 -.34007831E+00
   .86000000E+00 -.40050280E+00
   .92000000E+00 -.46333285E+00
   .98000000E+00 -.52877049E+00
   .10400000E+01 -.59704139E+00
   .11000000E+01 -.66839832E+00
   .11600000E+01 -.74312559E+00
   .12200000E+01 -.82154402E+00
   .12800000E+01 -.90401732E+00
   .13400000E+01 -.99095945E+00
   .14000000E+01 -.10828434E+01
   .14600000E+01 -.11802128E+01
   .15200000E+01 -.12836955E+01
   .15800000E+01 -.13940206E+01
   .16400000E+01 -.15120396E+01
   .17000000E+01 -.16387537E+01
   .17600000E+01 -.17753482E+01
   .18200000E+01 -.19232372E+01
   .18800000E+01 -.20841216E+01
   .19400000E+01 -.22600656E+01
   .20000000E+01 -.24536005E+01
KBPotential  L  =      1.00000  -4.11560
  -.40000000E+01  .17048673E+01
  -.39400000E+01  .16834633E+01
  -.38800000E+01  .16615715E+01
  -.38200000E+01  .16391540E+01
  -.37600000E+01  .16161687E+01
  -.37000000E+01  .15925679E+01
  -.36400000E+01  .15682972E+01
  -.35800000E+01  .15432953E+01
  -.35200000E+01  .15174921E+01
  -.34600000E+01  .14908069E+01
  -.34000000E+01  .14631468E+01
  -.33400000E+01  .14344037E+01
  -.32800000E+01  .14044514E+01
  -.32200000E+01  .13731416E+01
  -.31600000E+01  .13402986E+01
  -.31000000E+01  .13057125E+01
  -.30400000E+01  .12691306E+01
  -.29800000E+01  .12302457E+01
  -.29200000E+01  .11886806E+01
  -.28600000E+01  .11439663E+01
  -.28000000E+01  .10955128E+01
  -.27400000E+01  .10425667E+01
  -.26800000E+01  .98415035E+00
  -.26200000E+01  .91897142E+00
  -.25600000E+01  .84528477E+00
  -.25000000E+01  .76067462E+00
  -.24400000E+01  .66169768E+00
  -.23800000E+01  .54327091E+00
  -.23200000E+01  .39756258E+00
  -.22600000E+01  .21184230E+00
  -.22000000E+01 -.36061055E-01
  -.21400000E+01 -.38850649E+00
  -.20800000E+01 -.93779559E+00
  -.20200000E+01 -.19305554E+01
  -.19600000E+01 -.43219514E+01
  -.19000000E+01 -.18806453E+02
  -.18400000E+01  .14313518E+02
  -.17800000E+01  .62071835E+01
  -.17200000E+01  .43025019E+01
  -.16600000E+01  .34422954E+01
  -.16000000E+01  .29463813E+01
  -.15400000E+01  .26197492E+01
  -.14800000E+01  .23854373E+01
  -.14200000E+01  .22069443E+01
  -.13600000E+01  .20647283E+01
  -.13000000E+01  .19473808E+01
  -.12400000E+01  .18477927E+01
  -.11800000E+01  .17613019E+01
  -.11200000E+01  .16847233E+01
  -.10600000E+01  .16158054E+01
  -.10000000E+01  .15529116E+01
  -.94000000E+00  .14948213E+01
  -.88000000E+00  .14406066E+01
  -.82000000E+00  .13895479E+01
  -.76000000E+00  .13410781E+01
  -.70000000E+00  .12947437E+01
  -.64000000E+00  .12501766E+01
  -.58000000E+00  .12070752E+01
  -.52000000E+00  .11651886E+01
  -.46000000E+00  .11243063E+01
  -.40000000E+00  .10842498E+01
  -.34000000E+00  .10448660E+01
  -.28000000E+00  .10060226E+01
  -.22000000E+00  .96760407E+00
  -.16000000E+00  .92950841E+00
  -.10000000E+00  .89164500E+00
  -.40000000E-01  .85393249E+00
   .20000000E-01  .81629714E+00
   .80000000E-01  .77867154E+00
   .14000000E+00  .74099349E+00
   .20000000E+00  .70320508E+00
   .26000000E+00  .66525190E+00
   .32000000E+00  .62708238E+00
   .38000000E+00  .58864720E+00
   .44000000E+00  .54989884E+00
   .50000000E+00  .51079101E+00
   .56000000E+00  .47127844E+00
   .62000000E+00  .43131635E+00
   .68000000E+00  .39086024E+00
   .74000000E+00  .34986552E+00
   .80000000E+00  .30828725E+00
   .86000000E+00  .26607985E+00
   .92000000E+00  .22319686E+00
   .98000000E+00  .17959064E+00
   .10400000E+01  .13521213E+00
   .11000000E+01  .90010578E-01
   .11600000E+01  .43933288E-01
   .12200000E+01 -.30747559E-02
   .12800000E+01 -.51071056E-01
   .13400000E+01 -.10011603E+00
   .14000000E+01 -.15027329E+00
   .14600000E+01 -.20160999E+00
   .15200000E+01 -.25419724E+00
   .15800000E+01 -.30811055E+00
   .16400000E+01 -.36343040E+00
   .17000000E+01 -.42024246E+00
   .17600000E+01 -.47863844E+00
   .18200000E+01 -.53871657E+00
   .18800000E+01 -.60058235E+00
   .19400000E+01 -.66434936E+00
   .20000000E+01 -.73013998E+00
KBPotential  L  =      2.00000   -.60000
  -.40000000E+01  .19825267E+01
  -.39400000E+01  .19665476E+01
  -.38800000E+01  .19504296E+01
  -.38200000E+01  .19341690E+01
  -.37600000E+01  .19177618E+01
  -.37000000E+01  .19012039E+01
  -.36400000E+01  .18844908E+01
  -.35800000E+01  .18676182E+01
  -.35200000E+01  .18505810E+01
  -.34600000E+01  .18333743E+01
  -.34000000E+01  .18159926E+01
  -.33400000E+01  .17984305E+01
  -.32800000E+01  .17806819E+01
  -.32200000E+01  .17627405E+01
  -.31600000E+01  .17445996E+01
  -.31000000E+01  .17262523E+01
  -.30400000E+01  .17076910E+01
  -.29800000E+01  .16889077E+01
  -.29200000E+01  .16698940E+01
  -.28600000E+01  .16506408E+01
  -.28000000E+01  .16311385E+01
  -.27400000E+01  .16113768E+01
  -.26800000E+01  .15913446E+01
  -.26200000E+01  .15710303E+01
  -.25600000E+01  .15504210E+01
  -.25000000E+01  .15295030E+01
  -.24400000E+01  .15082619E+01
  -.23800000E+01  .14866815E+01
  -.23200000E+01  .14647448E+01
  -.22600000E+01  .14424368E+01
  -.22000000E+01  .14197299E+01
  -.21400000E+01  .13966057E+01
  -.20800000E+01  .13730404E+01
  -.20200000E+01  .13490077E+01
  -.19600000E+01  .13244789E+01
  -.19000000E+01  .12994196E+01
  -.18400000E+01  .12738006E+01
  -.17800000E+01  .12475804E+01
  -.17200000E+01  .12207165E+01
  -.16600000E+01  .11931614E+01
  -.16000000E+01  .11648622E+01
  -.15400000E+01  .11357597E+01
  -.14800000E+01  .11057873E+01
  -.14200000E+01  .10748699E+01
  -.13600000E+01  .10429227E+01
  -.13000000E+01  .10098459E+01
  -.12400000E+01  .97553569E+00
  -.11800000E+01  .93985118E+00
  -.11200000E+01  .90266717E+00
  -.10600000E+01  .86380278E+00
  -.10000000E+01  .82306031E+00
  -.94000000E+00  .78020403E+00
  -.88000000E+00  .73495825E+00
  -.82000000E+00  .68700994E+00
  -.76000000E+00  .63592485E+00
  -.70000000E+00  .58123608E+00
  -.64000000E+00  .52235505E+00
  -.58000000E+00  .45854196E+00
  -.52000000E+00  .38887030E+00
  -.46000000E+00  .31215730E+00
  -.40000000E+00  .22687008E+00
  -.34000000E+00  .13098489E+00
  -.28000000E+00  .21930982E-01
  -.22000000E+00 -.10452607E+00
  -.16000000E+00 -.25329746E+00
  -.10000000E+00 -.43241269E+00
  -.40000000E-01 -.65399835E+00
   .20000000E-01 -.93766676E+00
   .80000000E-01 -.13173837E+01
   .14000000E+00 -.18575280E+01
   .20000000E+00 -.26967474E+01
   .26000000E+00 -.41985512E+01
   .32000000E+00 -.77179235E+01
   .38000000E+00 -.26227835E+02
   .44000000E+00  .24565293E+02
   .50000000E+00  .90839484E+01
   .56000000E+00  .58048926E+01
   .62000000E+00  .43679744E+01
   .68000000E+00  .35542091E+01
   .74000000E+00  .30255234E+01
   .80000000E+00  .26508914E+01
   .86000000E+00  .23688530E+01
   .92000000E+00  .21467538E+01
   .98000000E+00  .19656367E+01
   .10400000E+01  .18137412E+01
   .11000000E+01  .16833826E+01
   .11600000E+01  .15693265E+01
   .12200000E+01  .14678831E+01
   .12800000E+01  .13763763E+01
   .13400000E+01  .12928158E+01
   .14000000E+01  .12156917E+01
   .14600000E+01  .11438359E+01
   .15200000E+01  .10763305E+01
   .15800000E+01  .10124434E+01
   .16400000E+01  .95158301E+00
   .17000000E+01  .89326543E+00
   .17600000E+01  .83709083E+00
   .18200000E+01  .78272553E+00
   .18800000E+01  .72988764E+00
   .19400000E+01  .67833756E+00
   .20000000E+01  .62786971E+00
KBPotential  L  =      3.00000    .00000
  -.40000000E+01  .22539375E+01
  -.39400000E+01  .22409093E+01
  -.38800000E+01  .22278114E+01
  -.38200000E+01  .22146428E+01
  -.37600000E+01  .22014022E+01
  -.37000000E+01  .21880888E+01
  -.36400000E+01  .21747012E+01
  -.35800000E+01  .21612385E+01
  -.35200000E+01  .21476994E+01
  -.34600000E+01  .21340826E+01
  -.34000000E+01  .21203870E+01
  -.33400000E+01  .21066113E+01
  -.32800000E+01  .20927542E+01
  -.32200000E+01  .20788143E+01
  -.31600000E+01  .20647902E+01
  -.31000000E+01  .20506807E+01
  -.30400000E+01  .20364842E+01
  -.29800000E+01  .20221992E+01
  -.29200000E+01  .20078243E+01
  -.28600000E+01  .19933578E+01
  -.28000000E+01  .19787982E+01
  -.27400000E+01  .19641438E+01
  -.26800000E+01  .19493930E+01
  -.26200000E+01  .19345439E+01
  -.25600000E+01  .19195948E+01
  -.25000000E+01  .19045440E+01
  -.24400000E+01  .18893894E+01
  -.23800000E+01  .18741291E+01
  -.23200000E+01  .18587612E+01
  -.22600000E+01  .18432835E+01
  -.22000000E+01  .18276940E+01
  -.21400000E+01  .18119905E+01
  -.20800000E+01  .17961707E+01
  -.20200000E+01  .17802324E+01
  -.19600000E+01  .17641731E+01
  -.19000000E+01  .17479903E+01
  -.18400000E+01  .17316816E+01
  -.17800000E+01  .17152443E+01
  -.17200000E+01  .16986757E+01
  -.16600000E+01  .16819730E+01
  -.16000000E+01  .16651334E+01
  -.15400000E+01  .16481539E+01
  -.14800000E+01  .16310314E+01
  -.14200000E+01  .16137627E+01
  -.13600000E+01  .15963446E+01
  -.13000000E+01  .15787737E+01
  -.12400000E+01  .15610464E+01
  -.11800000E+01  .15431592E+01
  -.11200000E+01  .15251082E+01
  -.10600000E+01  .15068896E+01
  -.10000000E+01  .14884993E+01
  -.94000000E+00  .14699333E+01
  -.88000000E+00  .14511870E+01
  -.82000000E+00  .14322561E+01
  -.76000000E+00  .14131359E+01
  -.70000000E+00  .13938215E+01
  -.64000000E+00  .13743080E+01
  -.58000000E+00  .13545901E+01
  -.52000000E+00  .13346623E+01
  -.46000000E+00  .13145191E+01
  -.40000000E+00  .12941545E+01
  -.34000000E+00  .12735626E+01
  -.28000000E+00  .12527368E+01
  -.22000000E+00  .12316706E+01
  -.16000000E+00  .12103572E+01
  -.10000000E+00  .11887892E+01
  -.40000000E-01  .11669593E+01
   .20000000E-01  .11448595E+01
   .80000000E-01  .11224818E+01
   .14000000E+00  .10998175E+01
   .20000000E+00  .10768577E+01
   .26000000E+00  .10535931E+01
   .32000000E+00  .10300139E+01
   .38000000E+00  .10061100E+01
   .44000000E+00  .98187042E+00
   .50000000E+00  .95728409E+00
   .56000000E+00  .93233917E+00
   .62000000E+00  .90702329E+00
   .68000000E+00  .88132343E+00
   .74000000E+00  .85522591E+00
   .80000000E+00  .82871636E+00
   .86000000E+00  .80177963E+00
   .92000000E+00  .77439977E+00
   .98000000E+00  .74655997E+00
   .10400000E+01  .71824249E+00
   .11000000E+01  .68942860E+00
   .11600000E+01  .66009851E+00
   .12200000E+01  .63023127E+00
   .12800000E+01  .59980474E+00
   .13400000E+01  .56879562E+00
   .14000000E+01  .53717866E+00
   .14600000E+01  .50492762E+00
   .15200000E+01  .47201442E+00
   .15800000E+01  .43840922E+00
   .16400000E+01  .40408024E+00
   .17000000E+01  .36899360E+00
   .17600000E+01  .33311318E+00
   .18200000E+01  .29640040E+00
   .18800000E+01  .25881397E+00
   .19400000E+01  .22030974E+00
   .20000000E+01  .18084034E+00
KBPotential  L  =      4.00000    .00000
  -.40000000E+01  .25622600E+01
  -.39400000E+01  .25509264E+01
  -.38800000E+01  .25395482E+01
  -.38200000E+01  .25281233E+01
  -.37600000E+01  .25166535E+01
  -.37000000E+01  .25051362E+01
  -.36400000E+01  .24935697E+01
  -.35800000E+01  .24819593E+01
  -.35200000E+01  .24702981E+01
  -.34600000E+01  .24585870E+01
  -.34000000E+01  .24468293E+01
  -.33400000E+01  .24350200E+01
  -.32800000E+01  .24231600E+01
  -.32200000E+01  .24112489E+01
  -.31600000E+01  .23992854E+01
  -.31000000E+01  .23872698E+01
  -.30400000E+01  .23752010E+01
  -.29800000E+01  .23630787E+01
  -.29200000E+01  .23509014E+01
  -.28600000E+01  .23386695E+01
  -.28000000E+01  .23263815E+01
  -.27400000E+01  .23140370E+01
  -.26800000E+01  .23016350E+01
  -.26200000E+01  .22891757E+01
  -.25600000E+01  .22766572E+01
  -.25000000E+01  .22640792E+01
  -.24400000E+01  .22514412E+01
  -.23800000E+01  .22387420E+01
  -.23200000E+01  .22259811E+01
  -.22600000E+01  .22131575E+01
  -.22000000E+01  .22002705E+01
  -.21400000E+01  .21873191E+01
  -.20800000E+01  .21743027E+01
  -.20200000E+01  .21612189E+01
  -.19600000E+01  .21480693E+01
  -.19000000E+01  .21348517E+01
  -.18400000E+01  .21215661E+01
  -.17800000E+01  .21082098E+01
  -.17200000E+01  .20947830E+01
  -.16600000E+01  .20812837E+01
  -.16000000E+01  .20677122E+01
  -.15400000E+01  .20540664E+01
  -.14800000E+01  .20403456E+01
  -.14200000E+01  .20265487E+01
  -.13600000E+01  .20126744E+01
  -.13000000E+01  .19987218E+01
  -.12400000E+01  .19846897E+01
  -.11800000E+01  .19705768E+01
  -.11200000E+01  .19563821E+01
  -.10600000E+01  .19421040E+01
  -.10000000E+01  .19277411E+01
  -.94000000E+00  .19132924E+01
  -.88000000E+00  .18987564E+01
  -.82000000E+00  .18841318E+01
  -.76000000E+00  .18694168E+01
  -.70000000E+00  .18546107E+01
  -.64000000E+00  .18397115E+01
  -.58000000E+00  .18247176E+01
  -.52000000E+00  .18096276E+01
  -.46000000E+00  .17944398E+01
  -.40000000E+00  .17791526E+01
  -.34000000E+00  .17637642E+01
  -.28000000E+00  .17482731E+01
  -.22000000E+00  .17326774E+01
  -.16000000E+00  .17169751E+01
  -.10000000E+00  .17011646E+01
  -.40000000E-01  .16852438E+01
   .20000000E-01  .16692107E+01
   .80000000E-01  .16530633E+01
   .14000000E+00  .16367996E+01
   .20000000E+00  .16204174E+01
   .26000000E+00  .16039143E+01
   .32000000E+00  .15872883E+01
   .38000000E+00  .15705369E+01
   .44000000E+00  .15536578E+01
   .50000000E+00  .15366485E+01
   .56000000E+00  .15195064E+01
   .62000000E+00  .15022290E+01
   .68000000E+00  .14848135E+01
   .74000000E+00  .14672572E+01
   .80000000E+00  .14495571E+01
   .86000000E+00  .14317105E+01
   .92000000E+00  .14137141E+01
   .98000000E+00  .13955649E+01
   .10400000E+01  .13772598E+01
   .11000000E+01  .13587952E+01
   .11600000E+01  .13401679E+01
   .12200000E+01  .13213742E+01
   .12800000E+01  .13024105E+01
   .13400000E+01  .12832731E+01
   .14000000E+01  .12639580E+01
   .14600000E+01  .12444612E+01
   .15200000E+01  .12247785E+01
   .15800000E+01  .12049057E+01
   .16400000E+01  .11848382E+01
   .17000000E+01  .11645716E+01
   .17600000E+01  .11441009E+01
   .18200000E+01  .11234212E+01
   .18800000E+01  .11025276E+01
   .19400000E+01  .10814146E+01
   .20000000E+01  .10600767E+01
