  Tm                                     
 100
Core Pot   L  =         .00000  -4.21609
  -.20000000E+01  .11034613E+01
  -.19600000E+01  .10856683E+01
  -.19200000E+01  .10676803E+01
  -.18800000E+01  .10494901E+01
  -.18400000E+01  .10310903E+01
  -.18000000E+01  .10124733E+01
  -.17600000E+01  .99363139E+00
  -.17200000E+01  .97455635E+00
  -.16800000E+01  .95523977E+00
  -.16400000E+01  .93567289E+00
  -.16000000E+01  .91584659E+00
  -.15600000E+01  .89575139E+00
  -.15200000E+01  .87537738E+00
  -.14800000E+01  .85471423E+00
  -.14400000E+01  .83375113E+00
  -.14000000E+01  .81247676E+00
  -.13600000E+01  .79087929E+00
  -.13200000E+01  .76894629E+00
  -.12800000E+01  .74666472E+00
  -.12400000E+01  .72402088E+00
  -.12000000E+01  .70100035E+00
  -.11600000E+01  .67758796E+00
  -.11200000E+01  .65376773E+00
  -.10800000E+01  .62952279E+00
  -.10400000E+01  .60483533E+00
  -.10000000E+01  .57968651E+00
  -.96000000E+00  .55405643E+00
  -.92000000E+00  .52792400E+00
  -.88000000E+00  .50126684E+00
  -.84000000E+00  .47406122E+00
  -.80000000E+00  .44628193E+00
  -.76000000E+00  .41790216E+00
  -.72000000E+00  .38889334E+00
  -.68000000E+00  .35922504E+00
  -.64000000E+00  .32886478E+00
  -.60000000E+00  .29777786E+00
  -.56000000E+00  .26592715E+00
  -.52000000E+00  .23327288E+00
  -.48000000E+00  .19977241E+00
  -.44000000E+00  .16537994E+00
  -.40000000E+00  .13004621E+00
  -.36000000E+00  .93718173E-01
  -.32000000E+00  .56338625E-01
  -.28000000E+00  .17845764E-01
  -.24000000E+00 -.21827272E-01
  -.20000000E+00 -.62752940E-01
  -.16000000E+00 -.10500990E+00
  -.12000000E+00 -.14868368E+00
  -.80000000E-01 -.19386749E+00
  -.40000000E-01 -.24066305E+00
   .12351231E-14 -.28918165E+00
   .40000000E-01 -.33954527E+00
   .80000000E-01 -.39188789E+00
   .12000000E+00 -.44635708E+00
   .16000000E+00 -.50311567E+00
   .20000000E+00 -.56234390E+00
   .24000000E+00 -.62424170E+00
   .28000000E+00 -.68903158E+00
   .32000000E+00 -.75696182E+00
   .36000000E+00 -.82831037E+00
   .40000000E+00 -.90338944E+00
   .44000000E+00 -.98255094E+00
   .48000000E+00 -.10661930E+01
   .52000000E+00 -.11547678E+01
   .56000000E+00 -.12487912E+01
   .60000000E+00 -.13488543E+01
   .64000000E+00 -.14556377E+01
   .68000000E+00 -.15699289E+01
   .72000000E+00 -.16926447E+01
   .76000000E+00 -.18248584E+01
   .80000000E+00 -.19678349E+01
   .84000000E+00 -.21230756E+01
   .88000000E+00 -.22923762E+01
   .92000000E+00 -.24779026E+01
   .96000000E+00 -.26822916E+01
   .10000000E+01 -.29087864E+01
   .10400000E+01 -.31614215E+01
   .10800000E+01 -.34452795E+01
   .11200000E+01 -.37668557E+01
   .11600000E+01 -.41345853E+01
   .12000000E+01 -.45596263E+01
   .12400000E+01 -.50570544E+01
   .12800000E+01 -.56477491E+01
   .13200000E+01 -.63614824E+01
   .13600000E+01 -.72422194E+01
   .14000000E+01 -.83577191E+01
   .14400000E+01 -.98181513E+01
   .14800000E+01 -.11815433E+02
   .15200000E+01 -.14716322E+02
   .15600000E+01 -.19320242E+02
   .16000000E+01 -.27764185E+02
   .16400000E+01 -.48331810E+02
   .16800000E+01 -.17412215E+03
   .17200000E+01  .11292023E+03
   .17600000E+01  .43222462E+02
   .18000000E+01  .26935522E+02
   .18400000E+01  .19665392E+02
   .18800000E+01  .15543387E+02
   .19200000E+01  .12885765E+02
   .19600000E+01  .11027793E+02
   .20000000E+01  .96541661E+01
Potential  L  =         .00000  -4.21609
  -.20000000E+01  .92329233E+00
  -.19600000E+01  .89668176E+00
  -.19200000E+01  .86939406E+00
  -.18800000E+01  .84138304E+00
  -.18400000E+01  .81259858E+00
  -.18000000E+01  .78298611E+00
  -.17600000E+01  .75248603E+00
  -.17200000E+01  .72103314E+00
  -.16800000E+01  .68855583E+00
  -.16400000E+01  .65497530E+00
  -.16000000E+01  .62020456E+00
  -.15600000E+01  .58414729E+00
  -.15200000E+01  .54669652E+00
  -.14800000E+01  .50773305E+00
  -.14400000E+01  .46712369E+00
  -.14000000E+01  .42471897E+00
  -.13600000E+01  .38035053E+00
  -.13200000E+01  .33382838E+00
  -.12800000E+01  .28493658E+00
  -.12400000E+01  .23342924E+00
  -.12000000E+01  .17902453E+00
  -.11600000E+01  .12139843E+00
  -.11200000E+01  .60176045E-01
  -.10800000E+01 -.50787407E-02
  -.10400000E+01 -.74876317E-01
  -.10000000E+01 -.14981795E+00
  -.96000000E+00 -.23061700E+00
  -.92000000E+00 -.31812643E+00
  -.88000000E+00 -.41337475E+00
  -.84000000E+00 -.51761374E+00
  -.80000000E+00 -.63238260E+00
  -.76000000E+00 -.75959560E+00
  -.72000000E+00 -.90166385E+00
  -.68000000E+00 -.10616678E+01
  -.64000000E+00 -.12436070E+01
  -.60000000E+00 -.14527709E+01
  -.56000000E+00 -.16963042E+01
  -.52000000E+00 -.19840996E+01
  -.48000000E+00 -.23302586E+01
  -.44000000E+00 -.27555983E+01
  -.40000000E+00 -.32921885E+01
  -.36000000E+00 -.39921446E+01
  -.32000000E+00 -.49461921E+01
  -.28000000E+00 -.63275512E+01
  -.24000000E+00 -.85132893E+01
  -.20000000E+00 -.12509181E+02
  -.16000000E+00 -.22196714E+02
  -.12000000E+00 -.80370701E+02
  -.80000000E-01  .54992352E+02
  -.40000000E-01  .21239680E+02
   .12351231E-14  .13428755E+02
   .40000000E-01  .99474328E+01
   .80000000E-01  .79726024E+01
   .12000000E+00  .66972947E+01
   .16000000E+00  .58035360E+01
   .20000000E+00  .51406836E+01
   .24000000E+00  .46281515E+01
   .28000000E+00  .42189266E+01
   .32000000E+00  .38837336E+01
   .36000000E+00  .36033904E+01
   .40000000E+00  .33648029E+01
   .44000000E+00  .31587279E+01
   .48000000E+00  .29784489E+01
   .52000000E+00  .28189776E+01
   .56000000E+00  .26765221E+01
   .60000000E+00  .25481526E+01
   .64000000E+00  .24315682E+01
   .68000000E+00  .23249370E+01
   .72000000E+00  .22267817E+01
   .76000000E+00  .21358980E+01
   .80000000E+00  .20512936E+01
   .84000000E+00  .19721439E+01
   .88000000E+00  .18977573E+01
   .92000000E+00  .18275495E+01
   .96000000E+00  .17610233E+01
   .10000000E+01  .16977526E+01
   .10400000E+01  .16373702E+01
   .10800000E+01  .15795575E+01
   .11200000E+01  .15240369E+01
   .11600000E+01  .14705649E+01
   .12000000E+01  .14189271E+01
   .12400000E+01  .13689338E+01
   .12800000E+01  .13204161E+01
   .13200000E+01  .12732233E+01
   .13600000E+01  .12272204E+01
   .14000000E+01  .11822854E+01
   .14400000E+01  .11383084E+01
   .14800000E+01  .10951894E+01
   .15200000E+01  .10528372E+01
   .15600000E+01  .10111683E+01
   .16000000E+01  .97010622E+00
   .16400000E+01  .92958010E+00
   .16800000E+01  .88952444E+00
   .17200000E+01  .84987831E+00
   .17600000E+01  .81058481E+00
   .18000000E+01  .77159057E+00
   .18400000E+01  .73284534E+00
   .18800000E+01  .69430160E+00
   .19200000E+01  .65591420E+00
   .19600000E+01  .61764037E+00
   .20000000E+01  .57943837E+00
Core Pot   L  =        1.00000  -2.22633
  -.20000000E+01  .25443926E+01
  -.19600000E+01  .22702172E+01
  -.19200000E+01  .20848140E+01
  -.18800000E+01  .19492431E+01
  -.18400000E+01  .18444083E+01
  -.18000000E+01  .17598444E+01
  -.17600000E+01  .16893353E+01
  -.17200000E+01  .16289557E+01
  -.16800000E+01  .15761045E+01
  -.16400000E+01  .15289892E+01
  -.16000000E+01  .14863341E+01
  -.15600000E+01  .14472062E+01
  -.15200000E+01  .14109070E+01
  -.14800000E+01  .13769029E+01
  -.14400000E+01  .13447792E+01
  -.14000000E+01  .13142079E+01
  -.13600000E+01  .12849266E+01
  -.13200000E+01  .12567222E+01
  -.12800000E+01  .12294197E+01
  -.12400000E+01  .12028739E+01
  -.12000000E+01  .11769631E+01
  -.11600000E+01  .11515843E+01
  -.11200000E+01  .11266495E+01
  -.10800000E+01  .11020829E+01
  -.10400000E+01  .10778188E+01
  -.10000000E+01  .10537995E+01
  -.96000000E+00  .10299743E+01
  -.92000000E+00  .10062980E+01
  -.88000000E+00  .98273011E+00
  -.84000000E+00  .95923417E+00
  -.80000000E+00  .93577694E+00
  -.76000000E+00  .91232803E+00
  -.72000000E+00  .88885934E+00
  -.68000000E+00  .86534479E+00
  -.64000000E+00  .84175992E+00
  -.60000000E+00  .81808167E+00
  -.56000000E+00  .79428813E+00
  -.52000000E+00  .77035830E+00
  -.48000000E+00  .74627200E+00
  -.44000000E+00  .72200961E+00
  -.40000000E+00  .69755198E+00
  -.36000000E+00  .67288032E+00
  -.32000000E+00  .64797603E+00
  -.28000000E+00  .62282063E+00
  -.24000000E+00  .59739567E+00
  -.20000000E+00  .57168258E+00
  -.16000000E+00  .54566264E+00
  -.12000000E+00  .51931688E+00
  -.80000000E-01  .49262595E+00
  -.40000000E-01  .46557010E+00
   .12351231E-14  .43812907E+00
   .40000000E-01  .41028197E+00
   .80000000E-01  .38200727E+00
   .12000000E+00  .35328265E+00
   .16000000E+00  .32408493E+00
   .20000000E+00  .29438994E+00
   .24000000E+00  .26417252E+00
   .28000000E+00  .23340629E+00
   .32000000E+00  .20206362E+00
   .36000000E+00  .17011547E+00
   .40000000E+00  .13753127E+00
   .44000000E+00  .10427879E+00
   .48000000E+00  .70323978E-01
   .52000000E+00  .35630786E-01
   .56000000E+00  .16101079E-03
   .60000000E+00 -.36125914E-01
   .64000000E+00 -.73273134E-01
   .68000000E+00 -.11132662E+00
   .72000000E+00 -.15033539E+00
   .76000000E+00 -.19035186E+00
   .80000000E+00 -.23143210E+00
   .84000000E+00 -.27363624E+00
   .88000000E+00 -.31702882E+00
   .92000000E+00 -.36167927E+00
   .96000000E+00 -.40766236E+00
   .10000000E+01 -.45505878E+00
   .10400000E+01 -.50395575E+00
   .10800000E+01 -.55444770E+00
   .11200000E+01 -.60663708E+00
   .11600000E+01 -.66063522E+00
   .12000000E+01 -.71656335E+00
   .12400000E+01 -.77455374E+00
   .12800000E+01 -.83475102E+00
   .13200000E+01 -.89731364E+00
   .13600000E+01 -.96241565E+00
   .14000000E+01 -.10302486E+01
   .14400000E+01 -.11010239E+01
   .14800000E+01 -.11749754E+01
   .15200000E+01 -.12523626E+01
   .15600000E+01 -.13334740E+01
   .16000000E+01 -.14186317E+01
   .16400000E+01 -.15081963E+01
   .16800000E+01 -.16025725E+01
   .17200000E+01 -.17022166E+01
   .17600000E+01 -.18076448E+01
   .18000000E+01 -.19194433E+01
   .18400000E+01 -.20382807E+01
   .18800000E+01 -.21649230E+01
   .19200000E+01 -.23002523E+01
   .19600000E+01 -.24452890E+01
   .20000000E+01 -.26012210E+01
Potential  L  =        1.00000  -2.22633
  -.20000000E+01  .53244634E+01
  -.19600000E+01  .40920854E+01
  -.19200000E+01  .34279548E+01
  -.18800000E+01  .30095547E+01
  -.18400000E+01  .27195679E+01
  -.18000000E+01  .25050715E+01
  -.17600000E+01  .23386868E+01
  -.17200000E+01  .22048259E+01
  -.16800000E+01  .20939610E+01
  -.16400000E+01  .19999393E+01
  -.16000000E+01  .19186102E+01
  -.15600000E+01  .18470711E+01
  -.15200000E+01  .17832310E+01
  -.14800000E+01  .17255451E+01
  -.14400000E+01  .16728467E+01
  -.14000000E+01  .16242381E+01
  -.13600000E+01  .15790167E+01
  -.13200000E+01  .15366246E+01
  -.12800000E+01  .14966130E+01
  -.12400000E+01  .14586163E+01
  -.12000000E+01  .14223332E+01
  -.11600000E+01  .13875133E+01
  -.11200000E+01  .13539464E+01
  -.10800000E+01  .13214543E+01
  -.10400000E+01  .12898849E+01
  -.10000000E+01  .12591071E+01
  -.96000000E+00  .12290073E+01
  -.92000000E+00  .11994863E+01
  -.88000000E+00  .11704567E+01
  -.84000000E+00  .11418411E+01
  -.80000000E+00  .11135704E+01
  -.76000000E+00  .10855825E+01
  -.72000000E+00  .10578212E+01
  -.68000000E+00  .10302354E+01
  -.64000000E+00  .10027780E+01
  -.60000000E+00  .97540586E+00
  -.56000000E+00  .94807849E+00
  -.52000000E+00  .92075813E+00
  -.48000000E+00  .89340913E+00
  -.44000000E+00  .86599758E+00
  -.40000000E+00  .83849105E+00
  -.36000000E+00  .81085828E+00
  -.32000000E+00  .78306891E+00
  -.28000000E+00  .75509330E+00
  -.24000000E+00  .72690228E+00
  -.20000000E+00  .69846695E+00
  -.16000000E+00  .66975853E+00
  -.12000000E+00  .64074817E+00
  -.80000000E-01  .61140677E+00
  -.40000000E-01  .58170484E+00
   .12351231E-14  .55161233E+00
   .40000000E-01  .52109845E+00
   .80000000E-01  .49013153E+00
   .12000000E+00  .45867886E+00
   .16000000E+00  .42670646E+00
   .20000000E+00  .39417907E+00
   .24000000E+00  .36105954E+00
   .28000000E+00  .32730919E+00
   .32000000E+00  .29288718E+00
   .36000000E+00  .25775046E+00
   .40000000E+00  .22185341E+00
   .44000000E+00  .18514750E+00
   .48000000E+00  .14758143E+00
   .52000000E+00  .10910009E+00
   .56000000E+00  .69644710E-01
   .60000000E+00  .29152159E-01
   .64000000E+00 -.12445342E-01
   .68000000E+00 -.55220822E-01
   .72000000E+00 -.99253186E-01
   .76000000E+00 -.14462780E+00
   .80000000E+00 -.19143729E+00
   .84000000E+00 -.23978240E+00
   .88000000E+00 -.28977290E+00
   .92000000E+00 -.34152878E+00
   .96000000E+00 -.39518144E+00
   .10000000E+01 -.45087519E+00
   .10400000E+01 -.50876891E+00
   .10800000E+01 -.56903801E+00
   .11200000E+01 -.63187669E+00
   .11600000E+01 -.69750055E+00
   .12000000E+01 -.76614975E+00
   .12400000E+01 -.83809258E+00
   .12800000E+01 -.91362983E+00
   .13200000E+01 -.99309990E+00
   .13600000E+01 -.10768849E+01
   .14000000E+01 -.11654180E+01
   .14400000E+01 -.12591925E+01
   .14800000E+01 -.13587723E+01
   .15200000E+01 -.14648054E+01
   .15600000E+01 -.15780403E+01
   .16000000E+01 -.16993460E+01
   .16400000E+01 -.18297377E+01
   .16800000E+01 -.19704085E+01
   .17200000E+01 -.21227710E+01
   .17600000E+01 -.22885095E+01
   .18000000E+01 -.24696493E+01
   .18400000E+01 -.26686472E+01
   .18800000E+01 -.28885136E+01
   .19200000E+01 -.31329774E+01
   .19600000E+01 -.34067140E+01
   .20000000E+01 -.37156667E+01
Core Pot   L  =        2.00000   -.14663
  -.20000000E+01  .13129316E+01
  -.19600000E+01  .12966918E+01
  -.19200000E+01  .12802188E+01
  -.18800000E+01  .12635026E+01
  -.18400000E+01  .12465329E+01
  -.18000000E+01  .12292982E+01
  -.17600000E+01  .12117866E+01
  -.17200000E+01  .11939852E+01
  -.16800000E+01  .11758801E+01
  -.16400000E+01  .11574565E+01
  -.16000000E+01  .11386985E+01
  -.15600000E+01  .11195889E+01
  -.15200000E+01  .11001091E+01
  -.14800000E+01  .10802392E+01
  -.14400000E+01  .10599574E+01
  -.14000000E+01  .10392403E+01
  -.13600000E+01  .10180624E+01
  -.13200000E+01  .99639591E+00
  -.12800000E+01  .97421051E+00
  -.12400000E+01  .95147313E+00
  -.12000000E+01  .92814751E+00
  -.11600000E+01  .90419384E+00
  -.11200000E+01  .87956834E+00
  -.10800000E+01  .85422265E+00
  -.10400000E+01  .82810331E+00
  -.10000000E+01  .80115099E+00
  -.96000000E+00  .77329969E+00
  -.92000000E+00  .74447572E+00
  -.88000000E+00  .71459658E+00
  -.84000000E+00  .68356953E+00
  -.80000000E+00  .65129000E+00
  -.76000000E+00  .61763955E+00
  -.72000000E+00  .58248353E+00
  -.68000000E+00  .54566814E+00
  -.64000000E+00  .50701689E+00
  -.60000000E+00  .46632621E+00
  -.56000000E+00  .42336008E+00
  -.52000000E+00  .37784314E+00
  -.48000000E+00  .32945216E+00
  -.44000000E+00  .27780518E+00
  -.40000000E+00  .22244729E+00
  -.36000000E+00  .16283247E+00
  -.32000000E+00  .98299405E-01
  -.28000000E+00  .28039250E-01
  -.24000000E+00 -.48948002E-01
  -.20000000E+00 -.13391364E+00
  -.16000000E+00 -.22844471E+00
  -.12000000E+00 -.33458477E+00
  -.80000000E-01 -.45501110E+00
  -.40000000E-01 -.59330115E+00
   .12351231E-14 -.75434597E+00
   .40000000E-01 -.94501448E+00
   .80000000E-01 -.11752662E+01
   .12000000E+00 -.14601107E+01
   .16000000E+00 -.18232734E+01
   .20000000E+00 -.23045989E+01
   .24000000E+00 -.29765425E+01
   .28000000E+00 -.39861188E+01
   .32000000E+00 -.56840328E+01
   .36000000E+00 -.91644090E+01
   .40000000E+00 -.20455596E+02
   .44000000E+00  .16774144E+03
   .48000000E+00  .17738895E+02
   .52000000E+00  .96984450E+01
   .56000000E+00  .68124925E+01
   .60000000E+00  .53212793E+01
   .64000000E+00  .44063569E+01
   .68000000E+00  .37848172E+01
   .72000000E+00  .33328423E+01
   .76000000E+00  .29876585E+01
   .80000000E+00  .27140435E+01
   .84000000E+00  .24907042E+01
   .88000000E+00  .23040101E+01
   .92000000E+00  .21448298E+01
   .96000000E+00  .20068157E+01
   .10000000E+01  .18854177E+01
   .10400000E+01  .17772880E+01
   .10800000E+01  .16799085E+01
   .11200000E+01  .15913482E+01
   .11600000E+01  .15101008E+01
   .12000000E+01  .14349736E+01
   .12400000E+01  .13650096E+01
   .12800000E+01  .12994316E+01
   .13200000E+01  .12376015E+01
   .13600000E+01  .11789898E+01
   .14000000E+01  .11231535E+01
   .14400000E+01  .10697184E+01
   .14800000E+01  .10183661E+01
   .15200000E+01  .96882346E+00
   .15600000E+01  .92085464E+00
   .16000000E+01  .87425442E+00
   .16400000E+01  .82884314E+00
   .16800000E+01  .78446246E+00
   .17200000E+01  .74097198E+00
   .17600000E+01  .69824640E+00
   .18000000E+01  .65617321E+00
   .18400000E+01  .61465077E+00
   .18800000E+01  .57358670E+00
   .19200000E+01  .53289650E+00
   .19600000E+01  .49250240E+00
   .20000000E+01  .45233240E+00
Potential  L  =        2.00000   -.14663
  -.20000000E+01  .12812747E+01
  -.19600000E+01  .12643173E+01
  -.19200000E+01  .12471076E+01
  -.18800000E+01  .12296352E+01
  -.18400000E+01  .12118892E+01
  -.18000000E+01  .11938581E+01
  -.17600000E+01  .11755293E+01
  -.17200000E+01  .11568898E+01
  -.16800000E+01  .11379254E+01
  -.16400000E+01  .11186212E+01
  -.16000000E+01  .10989610E+01
  -.15600000E+01  .10789278E+01
  -.15200000E+01  .10585031E+01
  -.14800000E+01  .10376671E+01
  -.14400000E+01  .10163987E+01
  -.14000000E+01  .99467486E+00
  -.13600000E+01  .97247103E+00
  -.13200000E+01  .94976061E+00
  -.12800000E+01  .92651482E+00
  -.12400000E+01  .90270250E+00
  -.12000000E+01  .87828984E+00
  -.11600000E+01  .85324008E+00
  -.11200000E+01  .82751319E+00
  -.10800000E+01  .80106549E+00
  -.10400000E+01  .77384921E+00
  -.10000000E+01  .74581198E+00
  -.96000000E+00  .71689632E+00
  -.92000000E+00  .68703889E+00
  -.88000000E+00  .65616981E+00
  -.84000000E+00  .62421173E+00
  -.80000000E+00  .59107886E+00
  -.76000000E+00  .55667567E+00
  -.72000000E+00  .52089555E+00
  -.68000000E+00  .48361912E+00
  -.64000000E+00  .44471220E+00
  -.60000000E+00  .40402350E+00
  -.56000000E+00  .36138169E+00
  -.52000000E+00  .31659216E+00
  -.48000000E+00  .26943265E+00
  -.44000000E+00  .21964811E+00
  -.40000000E+00  .16694477E+00
  -.36000000E+00  .11098212E+00
  -.32000000E+00  .51363324E-01
  -.28000000E+00 -.12376945E-01
  -.24000000E+00 -.80788057E-01
  -.20000000E+00 -.15452329E+00
  -.16000000E+00 -.23436567E+00
  -.12000000E+00 -.32126195E+00
  -.80000000E-01 -.41636781E+00
  -.40000000E-01 -.52110896E+00
   .12351231E-14 -.63726493E+00
   .40000000E-01 -.76708631E+00
   .80000000E-01 -.91346170E+00
   .12000000E+00 -.10801612E+01
   .16000000E+00 -.12722009E+01
   .20000000E+00 -.14964034E+01
   .24000000E+00 -.17622932E+01
   .28000000E+00 -.20835801E+01
   .32000000E+00 -.24807435E+01
   .36000000E+00 -.29857991E+01
   .40000000E+00 -.36517549E+01
   .44000000E+00 -.45731913E+01
   .48000000E+00 -.59369579E+01
   .52000000E+00 -.81709895E+01
   .56000000E+00 -.12518289E+02
   .60000000E+00 -.24741424E+02
   .64000000E+00 -.28086026E+03
   .68000000E+00  .32206693E+02
   .72000000E+00  .15694428E+02
   .76000000E+00  .10559349E+02
   .80000000E+00  .80494291E+01
   .84000000E+00  .65573050E+01
   .88000000E+00  .55653695E+01
   .92000000E+00  .48560822E+01
   .96000000E+00  .43220432E+01
   .10000000E+01  .39041297E+01
   .10400000E+01  .35671006E+01
   .10800000E+01  .32886475E+01
   .11200000E+01  .30539592E+01
   .11600000E+01  .28528161E+01
   .12000000E+01  .26779382E+01
   .12400000E+01  .25239988E+01
   .12800000E+01  .23870103E+01
   .13200000E+01  .22639275E+01
   .13600000E+01  .21523849E+01
   .14000000E+01  .20505165E+01
   .14400000E+01  .19568304E+01
   .14800000E+01  .18701189E+01
   .15200000E+01  .17893942E+01
   .15600000E+01  .17138398E+01
   .16000000E+01  .16427749E+01
   .16400000E+01  .15756269E+01
   .16800000E+01  .15119108E+01
   .17200000E+01  .14512125E+01
   .17600000E+01  .13931762E+01
   .18000000E+01  .13374943E+01
   .18400000E+01  .12838994E+01
   .18800000E+01  .12321573E+01
   .19200000E+01  .11820622E+01
   .19600000E+01  .11334324E+01
   .20000000E+01  .10861060E+01
Core Pot   L  =        3.00000   -.71661
  -.20000000E+01  .16160223E+01
  -.19600000E+01  .16035965E+01
  -.19200000E+01  .15910561E+01
  -.18800000E+01  .15783960E+01
  -.18400000E+01  .15656105E+01
  -.18000000E+01  .15526933E+01
  -.17600000E+01  .15396371E+01
  -.17200000E+01  .15264339E+01
  -.16800000E+01  .15130744E+01
  -.16400000E+01  .14995482E+01
  -.16000000E+01  .14858429E+01
  -.15600000E+01  .14719444E+01
  -.15200000E+01  .14578360E+01
  -.14800000E+01  .14434978E+01
  -.14400000E+01  .14289061E+01
  -.14000000E+01  .14140320E+01
  -.13600000E+01  .13988398E+01
  -.13200000E+01  .13832853E+01
  -.12800000E+01  .13673123E+01
  -.12400000E+01  .13508485E+01
  -.12000000E+01  .13337984E+01
  -.11600000E+01  .13160342E+01
  -.11200000E+01  .12973790E+01
  -.10800000E+01  .12775813E+01
  -.10400000E+01  .12562701E+01
  -.10000000E+01  .12328731E+01
  -.96000000E+00  .12064586E+01
  -.92000000E+00  .11753981E+01
  -.88000000E+00  .11365620E+01
  -.84000000E+00  .10830680E+01
  -.80000000E+00  .99623685E+00
  -.76000000E+00  .80132553E+00
  -.72000000E+00 -.47561412E+00
  -.68000000E+00  .20275746E+01
  -.64000000E+00  .15099075E+01
  -.60000000E+00  .13685672E+01
  -.56000000E+00  .12955871E+01
  -.52000000E+00  .12469193E+01
  -.48000000E+00  .12096003E+01
  -.44000000E+00  .11784409E+01
  -.40000000E+00  .11509560E+01
  -.36000000E+00  .11258051E+01
  -.32000000E+00  .11021996E+01
  -.28000000E+00  .10796446E+01
  -.24000000E+00  .10578124E+01
  -.20000000E+00  .10364768E+01
  -.16000000E+00  .10154755E+01
  -.12000000E+00  .99468838E+00
  -.80000000E-01  .97402405E+00
  -.40000000E-01  .95341087E+00
   .12351231E-14  .93279137E+00
   .40000000E-01  .91211831E+00
   .80000000E-01  .89135197E+00
   .12000000E+00  .87045818E+00
   .16000000E+00  .84940694E+00
   .20000000E+00  .82817133E+00
   .24000000E+00  .80672676E+00
   .28000000E+00  .78505032E+00
   .32000000E+00  .76312033E+00
   .36000000E+00  .74091592E+00
   .40000000E+00  .71841676E+00
   .44000000E+00  .69560277E+00
   .48000000E+00  .67245389E+00
   .52000000E+00  .64894991E+00
   .56000000E+00  .62507027E+00
   .60000000E+00  .60079392E+00
   .64000000E+00  .57609916E+00
   .68000000E+00  .55096347E+00
   .72000000E+00  .52536341E+00
   .76000000E+00  .49927444E+00
   .80000000E+00  .47267079E+00
   .84000000E+00  .44552528E+00
   .88000000E+00  .41780918E+00
   .92000000E+00  .38949204E+00
   .96000000E+00  .36054147E+00
   .10000000E+01  .33092295E+00
   .10400000E+01  .30059964E+00
   .10800000E+01  .26953207E+00
   .11200000E+01  .23767793E+00
   .11600000E+01  .20499172E+00
   .12000000E+01  .17142447E+00
   .12400000E+01  .13692329E+00
   .12800000E+01  .10143102E+00
   .13200000E+01  .64885722E-01
   .13600000E+01  .27220153E-01
   .14000000E+01 -.11638849E-01
   .14400000E+01 -.51771042E-01
   .14800000E+01 -.93263579E-01
   .15200000E+01 -.13621189E+00
   .15600000E+01 -.18072073E+00
   .16000000E+01 -.22690535E+00
   .16400000E+01 -.27489290E+00
   .16800000E+01 -.32482397E+00
   .17200000E+01 -.37685452E+00
   .17600000E+01 -.43115797E+00
   .18000000E+01 -.48792780E+00
   .18400000E+01 -.54738058E+00
   .18800000E+01 -.60975942E+00
   .19200000E+01 -.67533838E+00
   .19600000E+01 -.74442744E+00
   .20000000E+01 -.81737866E+00
Potential  L  =        3.00000   -.71661
  -.20000000E+01  .12651701E+01
  -.19600000E+01  .12408947E+01
  -.19200000E+01  .12158520E+01
  -.18800000E+01  .11899852E+01
  -.18400000E+01  .11632313E+01
  -.18000000E+01  .11355207E+01
  -.17600000E+01  .11067757E+01
  -.17200000E+01  .10769099E+01
  -.16800000E+01  .10458265E+01
  -.16400000E+01  .10134169E+01
  -.16000000E+01  .97955886E+00
  -.15600000E+01  .94411398E+00
  -.15200000E+01  .90692527E+00
  -.14800000E+01  .86781379E+00
  -.14400000E+01  .82657462E+00
  -.14000000E+01  .78297201E+00
  -.13600000E+01  .73673330E+00
  -.13200000E+01  .68754140E+00
  -.12800000E+01  .63502537E+00
  -.12400000E+01  .57874842E+00
  -.12000000E+01  .51819236E+00
  -.11600000E+01  .45273874E+00
  -.11200000E+01  .38164154E+00
  -.10800000E+01  .30399394E+00
  -.10400000E+01  .21868190E+00
  -.10000000E+01  .12432168E+00
  -.96000000E+00  .19171878E-01
  -.92000000E+00 -.98988414E-01
  -.88000000E+00 -.23303837E+00
  -.84000000E+00 -.38677844E+00
  -.80000000E+00 -.56533102E+00
  -.76000000E+00 -.77577008E+00
  -.72000000E+00 -.10281486E+01
  -.68000000E+00 -.13372518E+01
  -.64000000E+00 -.17257523E+01
  -.60000000E+00 -.22302814E+01
  -.56000000E+00 -.29141237E+01
  -.52000000E+00 -.38968523E+01
  -.48000000E+00 -.54348050E+01
  -.44000000E+00 -.81949279E+01
  -.40000000E+00 -.14626077E+02
  -.36000000E+00 -.46880419E+02
  -.32000000E+00  .49101339E+02
  -.28000000E+00  .17333923E+02
  -.24000000E+00  .10941433E+02
  -.20000000E+00  .81915863E+01
  -.16000000E+00  .66574386E+01
  -.12000000E+00  .56761800E+01
  -.80000000E-01  .49927037E+01
  -.40000000E-01  .44879090E+01
   .12351231E-14  .40987169E+01
   .40000000E-01  .37886079E+01
   .80000000E-01  .35349650E+01
   .12000000E+00  .33230369E+01
   .16000000E+00  .31427908E+01
   .20000000E+00  .29871658E+01
   .24000000E+00  .28510477E+01
   .28000000E+00  .27306416E+01
   .32000000E+00  .26230717E+01
   .36000000E+00  .25261192E+01
   .40000000E+00  .24380445E+01
   .44000000E+00  .23574643E+01
   .48000000E+00  .22832647E+01
   .52000000E+00  .22145388E+01
   .56000000E+00  .21505404E+01
   .60000000E+00  .20906497E+01
   .64000000E+00  .20343481E+01
   .68000000E+00  .19811976E+01
   .72000000E+00  .19308260E+01
   .76000000E+00  .18829149E+01
   .80000000E+00  .18371901E+01
   .84000000E+00  .17934142E+01
   .88000000E+00  .17513807E+01
   .92000000E+00  .17109087E+01
   .96000000E+00  .16718392E+01
   .10000000E+01  .16340320E+01
   .10400000E+01  .15973624E+01
   .10800000E+01  .15617195E+01
   .11200000E+01  .15270044E+01
   .11600000E+01  .14931278E+01
   .12000000E+01  .14600097E+01
   .12400000E+01  .14275776E+01
   .12800000E+01  .13957658E+01
   .13200000E+01  .13645143E+01
   .13600000E+01  .13337685E+01
   .14000000E+01  .13034783E+01
   .14400000E+01  .12735975E+01
   .14800000E+01  .12440838E+01
   .15200000E+01  .12148978E+01
   .15600000E+01  .11860030E+01
   .16000000E+01  .11573654E+01
   .16400000E+01  .11289532E+01
   .16800000E+01  .11007367E+01
   .17200000E+01  .10726878E+01
   .17600000E+01  .10447802E+01
   .18000000E+01  .10169888E+01
   .18400000E+01  .98928980E+00
   .18800000E+01  .96166062E+00
   .19200000E+01  .93407958E+00
   .19600000E+01  .90652589E+00
   .20000000E+01  .87897954E+00
Core Pot   L  =        4.00000    .00000
  -.20000000E+01  .19187005E+01
  -.19600000E+01  .19086833E+01
  -.19200000E+01  .18986197E+01
  -.18800000E+01  .18885090E+01
  -.18400000E+01  .18783506E+01
  -.18000000E+01  .18681440E+01
  -.17600000E+01  .18578884E+01
  -.17200000E+01  .18475832E+01
  -.16800000E+01  .18372278E+01
  -.16400000E+01  .18268215E+01
  -.16000000E+01  .18163635E+01
  -.15600000E+01  .18058533E+01
  -.15200000E+01  .17952900E+01
  -.14800000E+01  .17846729E+01
  -.14400000E+01  .17740013E+01
  -.14000000E+01  .17632744E+01
  -.13600000E+01  .17524915E+01
  -.13200000E+01  .17416516E+01
  -.12800000E+01  .17307540E+01
  -.12400000E+01  .17197979E+01
  -.12000000E+01  .17087824E+01
  -.11600000E+01  .16977066E+01
  -.11200000E+01  .16865696E+01
  -.10800000E+01  .16753704E+01
  -.10400000E+01  .16641083E+01
  -.10000000E+01  .16527821E+01
  -.96000000E+00  .16413909E+01
  -.92000000E+00  .16299337E+01
  -.88000000E+00  .16184094E+01
  -.84000000E+00  .16068171E+01
  -.80000000E+00  .15951555E+01
  -.76000000E+00  .15834236E+01
  -.72000000E+00  .15716203E+01
  -.68000000E+00  .15597444E+01
  -.64000000E+00  .15477946E+01
  -.60000000E+00  .15357698E+01
  -.56000000E+00  .15236686E+01
  -.52000000E+00  .15114899E+01
  -.48000000E+00  .14992322E+01
  -.44000000E+00  .14868942E+01
  -.40000000E+00  .14744746E+01
  -.36000000E+00  .14619718E+01
  -.32000000E+00  .14493843E+01
  -.28000000E+00  .14367108E+01
  -.24000000E+00  .14239495E+01
  -.20000000E+00  .14110990E+01
  -.16000000E+00  .13981575E+01
  -.12000000E+00  .13851234E+01
  -.80000000E-01  .13719949E+01
  -.40000000E-01  .13587703E+01
   .12351231E-14  .13454477E+01
   .40000000E-01  .13320252E+01
   .80000000E-01  .13185008E+01
   .12000000E+00  .13048725E+01
   .16000000E+00  .12911384E+01
   .20000000E+00  .12772961E+01
   .24000000E+00  .12633436E+01
   .28000000E+00  .12492786E+01
   .32000000E+00  .12350986E+01
   .36000000E+00  .12208014E+01
   .40000000E+00  .12063845E+01
   .44000000E+00  .11918452E+01
   .48000000E+00  .11771809E+01
   .52000000E+00  .11623889E+01
   .56000000E+00  .11474663E+01
   .60000000E+00  .11324102E+01
   .64000000E+00  .11172177E+01
   .68000000E+00  .11018855E+01
   .72000000E+00  .10864105E+01
   .76000000E+00  .10707892E+01
   .80000000E+00  .10550183E+01
   .84000000E+00  .10390942E+01
   .88000000E+00  .10230131E+01
   .92000000E+00  .10067713E+01
   .96000000E+00  .99036460E+00
   .10000000E+01  .97378902E+00
   .10400000E+01  .95704023E+00
   .10800000E+01  .94011379E+00
   .11200000E+01  .92300506E+00
   .11600000E+01  .90570926E+00
   .12000000E+01  .88822139E+00
   .12400000E+01  .87053627E+00
   .12800000E+01  .85264852E+00
   .13200000E+01  .83455251E+00
   .13600000E+01  .81624242E+00
   .14000000E+01  .79771216E+00
   .14400000E+01  .77895540E+00
   .14800000E+01  .75996554E+00
   .15200000E+01  .74073569E+00
   .15600000E+01  .72125867E+00
   .16000000E+01  .70152697E+00
   .16400000E+01  .68153276E+00
   .16800000E+01  .66126787E+00
   .17200000E+01  .64072371E+00
   .17600000E+01  .61989135E+00
   .18000000E+01  .59876141E+00
   .18400000E+01  .57732406E+00
   .18800000E+01  .55556902E+00
   .19200000E+01  .53348549E+00
   .19600000E+01  .51106215E+00
   .20000000E+01  .48828711E+00
Potential  L  =        4.00000    .00000
  -.20000000E+01  .19205146E+01
  -.19600000E+01  .19105386E+01
  -.19200000E+01  .19005154E+01
  -.18800000E+01  .18904472E+01
  -.18400000E+01  .18803333E+01
  -.18000000E+01  .18701717E+01
  -.17600000E+01  .18599612E+01
  -.17200000E+01  .18497034E+01
  -.16800000E+01  .18393964E+01
  -.16400000E+01  .18290403E+01
  -.16000000E+01  .18186335E+01
  -.15600000E+01  .18081761E+01
  -.15200000E+01  .17976673E+01
  -.14800000E+01  .17871058E+01
  -.14400000E+01  .17764929E+01
  -.14000000E+01  .17658250E+01
  -.13600000E+01  .17551029E+01
  -.13200000E+01  .17443246E+01
  -.12800000E+01  .17334923E+01
  -.12400000E+01  .17226023E+01
  -.12000000E+01  .17116541E+01
  -.11600000E+01  .17006492E+01
  -.11200000E+01  .16895843E+01
  -.10800000E+01  .16784595E+01
  -.10400000E+01  .16672739E+01
  -.10000000E+01  .16560263E+01
  -.96000000E+00  .16447163E+01
  -.92000000E+00  .16333426E+01
  -.88000000E+00  .16219044E+01
  -.84000000E+00  .16104008E+01
  -.80000000E+00  .15988306E+01
  -.76000000E+00  .15871929E+01
  -.72000000E+00  .15754867E+01
  -.68000000E+00  .15637108E+01
  -.64000000E+00  .15518643E+01
  -.60000000E+00  .15399450E+01
  -.56000000E+00  .15279545E+01
  -.52000000E+00  .15158882E+01
  -.48000000E+00  .15037473E+01
  -.44000000E+00  .14915300E+01
  -.40000000E+00  .14792348E+01
  -.36000000E+00  .14668604E+01
  -.32000000E+00  .14544063E+01
  -.28000000E+00  .14418689E+01
  -.24000000E+00  .14292498E+01
  -.20000000E+00  .14165453E+01
  -.16000000E+00  .14037540E+01
  -.12000000E+00  .13908758E+01
  -.80000000E-01  .13779085E+01
  -.40000000E-01  .13648505E+01
   .12351231E-14  .13517000E+01
   .40000000E-01  .13384556E+01
   .80000000E-01  .13251154E+01
   .12000000E+00  .13116777E+01
   .16000000E+00  .12981407E+01
   .20000000E+00  .12845025E+01
   .24000000E+00  .12707612E+01
   .28000000E+00  .12569147E+01
   .32000000E+00  .12429612E+01
   .36000000E+00  .12288984E+01
   .40000000E+00  .12147244E+01
   .44000000E+00  .12004368E+01
   .48000000E+00  .11860333E+01
   .52000000E+00  .11715117E+01
   .56000000E+00  .11568695E+01
   .60000000E+00  .11421042E+01
   .64000000E+00  .11272132E+01
   .68000000E+00  .11121940E+01
   .72000000E+00  .10970438E+01
   .76000000E+00  .10817598E+01
   .80000000E+00  .10663390E+01
   .84000000E+00  .10507786E+01
   .88000000E+00  .10350753E+01
   .92000000E+00  .10192260E+01
   .96000000E+00  .10032274E+01
   .10000000E+01  .98707618E+00
   .10400000E+01  .97076870E+00
   .10800000E+01  .95430135E+00
   .11200000E+01  .93767037E+00
   .11600000E+01  .92087186E+00
   .12000000E+01  .90390179E+00
   .12400000E+01  .88675598E+00
   .12800000E+01  .86943012E+00
   .13200000E+01  .85191971E+00
   .13600000E+01  .83422010E+00
   .14000000E+01  .81632652E+00
   .14400000E+01  .79823395E+00
   .14800000E+01  .77993721E+00
   .15200000E+01  .76143093E+00
   .15600000E+01  .74270952E+00
   .16000000E+01  .72376719E+00
   .16400000E+01  .70459791E+00
   .16800000E+01  .68519542E+00
   .17200000E+01  .66555321E+00
   .17600000E+01  .64566449E+00
   .18000000E+01  .62552220E+00
   .18400000E+01  .60511903E+00
   .18800000E+01  .58444730E+00
   .19200000E+01  .56349904E+00
   .19600000E+01  .54226592E+00
   .20000000E+01  .52073927E+00
KBPotential  L  =      3.00000  -1.43322
  -.20000000E+01  .16162527E+01
  -.19600000E+01  .16038021E+01
  -.19200000E+01  .15912375E+01
  -.18800000E+01  .15785535E+01
  -.18400000E+01  .15657447E+01
  -.18000000E+01  .15528046E+01
  -.17600000E+01  .15397261E+01
  -.17200000E+01  .15265012E+01
  -.16800000E+01  .15131206E+01
  -.16400000E+01  .14995739E+01
  -.16000000E+01  .14858488E+01
  -.15600000E+01  .14719314E+01
  -.15200000E+01  .14578048E+01
  -.14800000E+01  .14434493E+01
  -.14400000E+01  .14288411E+01
  -.14000000E+01  .14139515E+01
  -.13600000E+01  .13987449E+01
  -.13200000E+01  .13831771E+01
  -.12800000E+01  .13671919E+01
  -.12400000E+01  .13507170E+01
  -.12000000E+01  .13336573E+01
  -.11600000E+01  .13158848E+01
  -.11200000E+01  .12972227E+01
  -.10800000E+01  .12774196E+01
  -.10400000E+01  .12561046E+01
  -.10000000E+01  .12327055E+01
  -.96000000E+00  .12062907E+01
  -.92000000E+00  .11752317E+01
  -.88000000E+00  .11363987E+01
  -.84000000E+00  .10829095E+01
  -.80000000E+00  .99608428E+00
  -.76000000E+00  .80117785E+00
  -.72000000E+00 -.47574806E+00
  -.68000000E+00  .20275379E+01
  -.64000000E+00  .15098494E+01
  -.60000000E+00  .13685239E+01
  -.56000000E+00  .12955669E+01
  -.52000000E+00  .12469274E+01
  -.48000000E+00  .12096412E+01
  -.44000000E+00  .11785191E+01
  -.40000000E+00  .11510762E+01
  -.36000000E+00  .11259719E+01
  -.32000000E+00  .11024183E+01
  -.28000000E+00  .10799203E+01
  -.24000000E+00  .10581509E+01
  -.20000000E+00  .10368840E+01
  -.16000000E+00  .10159579E+01
  -.12000000E+00  .99525279E+00
  -.80000000E-01  .97467779E+00
  -.40000000E-01  .95416172E+00
   .12351231E-14  .93364765E+00
   .40000000E-01  .91308894E+00
   .80000000E-01  .89244647E+00
   .12000000E+00  .87168677E+00
   .16000000E+00  .85078055E+00
   .20000000E+00  .82970170E+00
   .24000000E+00  .80842648E+00
   .28000000E+00  .78693292E+00
   .32000000E+00  .76520034E+00
   .36000000E+00  .74320898E+00
   .40000000E+00  .72093970E+00
   .44000000E+00  .69837372E+00
   .48000000E+00  .67549240E+00
   .52000000E+00  .65227707E+00
   .56000000E+00  .62870887E+00
   .60000000E+00  .60476859E+00
   .64000000E+00  .58043654E+00
   .68000000E+00  .55569411E+00
   .72000000E+00  .53053065E+00
   .76000000E+00  .50489440E+00
   .80000000E+00  .47878626E+00
   .84000000E+00  .45217632E+00
   .88000000E+00  .42503485E+00
   .92000000E+00  .39734452E+00
   .96000000E+00  .36907268E+00
   .10000000E+01  .34018994E+00
   .10400000E+01  .31066073E+00
   .10800000E+01  .28045602E+00
   .11200000E+01  .24954643E+00
   .11600000E+01  .21789429E+00
   .12000000E+01  .18543853E+00
   .12400000E+01  .15213387E+00
   .12800000E+01  .11796021E+00
   .13200000E+01  .82853501E-01
   .13600000E+01  .46762082E-01
   .14000000E+01  .96213232E-02
   .14400000E+01 -.28631116E-01
   .14800000E+01 -.68060992E-01
   .15200000E+01 -.10878422E+00
   .15600000E+01 -.15078249E+00
   .16000000E+01 -.19424580E+00
   .16400000E+01 -.23920695E+00
   .16800000E+01 -.28579345E+00
   .17200000E+01 -.33412114E+00
   .17600000E+01 -.38431727E+00
   .18000000E+01 -.43652197E+00
   .18400000E+01 -.49088999E+00
   .18800000E+01 -.54759258E+00
   .19200000E+01 -.60681981E+00
   .19600000E+01 -.66878329E+00
   .20000000E+01 -.73371922E+00
KBPotential  L  =       .00000  -8.43218
  -.20000000E+01  .11049247E+01
  -.19600000E+01  .10870851E+01
  -.19200000E+01  .10690495E+01
  -.18800000E+01  .10508107E+01
  -.18400000E+01  .10323612E+01
  -.18000000E+01  .10136936E+01
  -.17600000E+01  .99480020E+00
  -.17200000E+01  .97567257E+00
  -.16800000E+01  .95630241E+00
  -.16400000E+01  .93668096E+00
  -.16000000E+01  .91679911E+00
  -.15600000E+01  .89664738E+00
  -.15200000E+01  .87621587E+00
  -.14800000E+01  .85549426E+00
  -.14400000E+01  .83447168E+00
  -.14000000E+01  .81313701E+00
  -.13600000E+01  .79147828E+00
  -.13200000E+01  .76948319E+00
  -.12800000E+01  .74713866E+00
  -.12400000E+01  .72443148E+00
  -.12000000E+01  .70134648E+00
  -.11600000E+01  .67786892E+00
  -.11200000E+01  .65398287E+00
  -.10800000E+01  .62967153E+00
  -.10400000E+01  .60491715E+00
  -.10000000E+01  .57970100E+00
  -.96000000E+00  .55400326E+00
  -.92000000E+00  .52780295E+00
  -.88000000E+00  .50107781E+00
  -.84000000E+00  .47380425E+00
  -.80000000E+00  .44595722E+00
  -.76000000E+00  .41751006E+00
  -.72000000E+00  .38843442E+00
  -.68000000E+00  .35870008E+00
  -.64000000E+00  .32827480E+00
  -.60000000E+00  .29712415E+00
  -.56000000E+00  .26521130E+00
  -.52000000E+00  .23249684E+00
  -.48000000E+00  .19893850E+00
  -.44000000E+00  .16449090E+00
  -.40000000E+00  .12910530E+00
  -.36000000E+00  .92729161E-01
  -.32000000E+00  .55305903E-01
  -.28000000E+00  .16774409E-01
  -.24000000E+00 -.22931410E-01
  -.20000000E+00 -.63883141E-01
  -.16000000E+00 -.10615846E+00
  -.12000000E+00 -.14984178E+00
  -.80000000E-01 -.19502506E+00
  -.40000000E-01 -.24180858E+00
   .12351231E-14 -.29030202E+00
   .40000000E-01 -.34062549E+00
   .80000000E-01 -.39291088E+00
   .12000000E+00 -.44730334E+00
   .16000000E+00 -.50396294E+00
   .20000000E+00 -.56306672E+00
   .24000000E+00 -.62481099E+00
   .28000000E+00 -.68941396E+00
   .32000000E+00 -.75711902E+00
   .36000000E+00 -.82819822E+00
   .40000000E+00 -.90295742E+00
   .44000000E+00 -.98174051E+00
   .48000000E+00 -.10649364E+01
   .52000000E+00 -.11529863E+01
   .56000000E+00 -.12463931E+01
   .60000000E+00 -.13457323E+01
   .64000000E+00 -.14516657E+01
   .68000000E+00 -.15649583E+01
   .72000000E+00 -.16864993E+01
   .76000000E+00 -.18173281E+01
   .80000000E+00 -.19586679E+01
   .84000000E+00 -.21119677E+01
   .88000000E+00 -.22789577E+01
   .92000000E+00 -.24617201E+01
   .96000000E+00 -.26627844E+01
   .10000000E+01 -.28852537E+01
   .10400000E+01 -.31329775E+01
   .10800000E+01 -.34107906E+01
   .11200000E+01 -.37248497E+01
   .11600000E+01 -.40831183E+01
   .12000000E+01 -.44960830E+01
   .12400000E+01 -.49778380E+01
   .12800000E+01 -.55477830E+01
   .13200000E+01 -.62333790E+01
   .13600000E+01 -.70748221E+01
   .14000000E+01 -.81333931E+01
   .14400000E+01 -.95073707E+01
   .14800000E+01 -.11364918E+02
   .15200000E+01 -.14019628E+02
   .15600000E+01 -.18131114E+02
   .16000000E+01 -.25364035E+02
   .16400000E+01 -.41480243E+02
   .16800000E+01 -.10910717E+03
   .17200000E+01  .18403118E+03
   .17600000E+01  .50710804E+02
   .18000000E+01  .29655705E+02
   .18400000E+01  .21069283E+02
   .18800000E+01  .16401168E+02
   .19200000E+01  .13464262E+02
   .19600000E+01  .11443798E+02
   .20000000E+01  .99669261E+01
KBPotential  L  =      1.00000  -4.45266
  -.20000000E+01  .25444356E+01
  -.19600000E+01  .22702522E+01
  -.19200000E+01  .20848456E+01
  -.18800000E+01  .19492734E+01
  -.18400000E+01  .18444390E+01
  -.18000000E+01  .17598764E+01
  -.17600000E+01  .16893703E+01
  -.17200000E+01  .16289947E+01
  -.16800000E+01  .15761484E+01
  -.16400000E+01  .15290389E+01
  -.16000000E+01  .14863905E+01
  -.15600000E+01  .14472702E+01
  -.15200000E+01  .14109795E+01
  -.14800000E+01  .13769848E+01
  -.14400000E+01  .13448715E+01
  -.14000000E+01  .13143118E+01
  -.13600000E+01  .12850430E+01
  -.13200000E+01  .12568523E+01
  -.12800000E+01  .12295642E+01
  -.12400000E+01  .12030345E+01
  -.12000000E+01  .11771412E+01
  -.11600000E+01  .11517813E+01
  -.11200000E+01  .11268668E+01
  -.10800000E+01  .11023222E+01
  -.10400000E+01  .10780818E+01
  -.10000000E+01  .10540879E+01
  -.96000000E+00  .10302899E+01
  -.92000000E+00  .10066428E+01
  -.88000000E+00  .98310631E+00
  -.84000000E+00  .95964397E+00
  -.80000000E+00  .93622305E+00
  -.76000000E+00  .91281263E+00
  -.72000000E+00  .88938513E+00
  -.68000000E+00  .86591463E+00
  -.64000000E+00  .84237686E+00
  -.60000000E+00  .81874895E+00
  -.56000000E+00  .79500920E+00
  -.52000000E+00  .77113684E+00
  -.48000000E+00  .74711192E+00
  -.44000000E+00  .72291508E+00
  -.40000000E+00  .69852746E+00
  -.36000000E+00  .67393054E+00
  -.32000000E+00  .64910606E+00
  -.28000000E+00  .62403592E+00
  -.24000000E+00  .59870194E+00
  -.20000000E+00  .57308600E+00
  -.16000000E+00  .54716980E+00
  -.12000000E+00  .52093476E+00
  -.80000000E-01  .49436215E+00
  -.40000000E-01  .46743268E+00
   .12351231E-14  .44012666E+00
   .40000000E-01  .41242385E+00
   .80000000E-01  .38430336E+00
   .12000000E+00  .35574358E+00
   .16000000E+00  .32672212E+00
   .20000000E+00  .29721567E+00
   .24000000E+00  .26720000E+00
   .28000000E+00  .23664971E+00
   .32000000E+00  .20553826E+00
   .36000000E+00  .17383778E+00
   .40000000E+00  .14151899E+00
   .44000000E+00  .10855114E+00
   .48000000E+00  .74901542E-01
   .52000000E+00  .40535869E-01
   .56000000E+00  .54177739E-02
   .60000000E+00 -.30491346E-01
   .64000000E+00 -.67232393E-01
   .68000000E+00 -.10484900E+00
   .72000000E+00 -.14338753E+00
   .76000000E+00 -.18289747E+00
   .80000000E+00 -.22343170E+00
   .84000000E+00 -.26504692E+00
   .88000000E+00 -.30780362E+00
   .92000000E+00 -.35176697E+00
   .96000000E+00 -.39700652E+00
   .10000000E+01 -.44359854E+00
   .10400000E+01 -.49162377E+00
   .10800000E+01 -.54117013E+00
   .11200000E+01 -.59233261E+00
   .11600000E+01 -.64521432E+00
   .12000000E+01 -.69992725E+00
   .12400000E+01 -.75659310E+00
   .12800000E+01 -.81534480E+00
   .13200000E+01 -.87632751E+00
   .13600000E+01 -.93970019E+00
   .14000000E+01 -.10056372E+01
   .14400000E+01 -.10743305E+01
   .14800000E+01 -.11459916E+01
   .15200000E+01 -.12208545E+01
   .15600000E+01 -.12991785E+01
   .16000000E+01 -.13812516E+01
   .16400000E+01 -.14673950E+01
   .16800000E+01 -.15579681E+01
   .17200000E+01 -.16533733E+01
   .17600000E+01 -.17540644E+01
   .18000000E+01 -.18605538E+01
   .18400000E+01 -.19734227E+01
   .18800000E+01 -.20933332E+01
   .19200000E+01 -.22210425E+01
   .19600000E+01 -.23574211E+01
   .20000000E+01 -.25034747E+01
KBPotential  L  =      2.00000   -.29325
  -.20000000E+01  .13153315E+01
  -.19600000E+01  .12990032E+01
  -.19200000E+01  .12824423E+01
  -.18800000E+01  .12656470E+01
  -.18400000E+01  .12485900E+01
  -.18000000E+01  .12312692E+01
  -.17600000E+01  .12136721E+01
  -.17200000E+01  .11957860E+01
  -.16800000E+01  .11776016E+01
  -.16400000E+01  .11590949E+01
  -.16000000E+01  .11402696E+01
  -.15600000E+01  .11210790E+01
  -.15200000E+01  .11015194E+01
  -.14800000E+01  .10815708E+01
  -.14400000E+01  .10612116E+01
  -.14000000E+01  .10404185E+01
  -.13600000E+01  .10191660E+01
  -.13200000E+01  .99742646E+00
  -.12800000E+01  .97516960E+00
  -.12400000E+01  .95236246E+00
  -.12000000E+01  .92896887E+00
  -.11600000E+01  .90494911E+00
  -.11200000E+01  .88025949E+00
  -.10800000E+01  .85485175E+00
  -.10400000E+01  .82867318E+00
  -.10000000E+01  .80166323E+00
  -.96000000E+00  .77375665E+00
  -.92000000E+00  .74487986E+00
  -.88000000E+00  .71495045E+00
  -.84000000E+00  .68387699E+00
  -.80000000E+00  .65155255E+00
  -.76000000E+00  .61786002E+00
  -.72000000E+00  .58266480E+00
  -.68000000E+00  .54581319E+00
  -.64000000E+00  .50712874E+00
  -.60000000E+00  .46640797E+00
  -.56000000E+00  .42341483E+00
  -.52000000E+00  .37787408E+00
  -.48000000E+00  .32946231E+00
  -.44000000E+00  .27779791E+00
  -.40000000E+00  .22242418E+00
  -.36000000E+00  .16279722E+00
  -.32000000E+00  .98255649E-01
  -.28000000E+00  .27988562E-01
  -.24000000E+00 -.49003950E-01
  -.20000000E+00 -.13397169E+00
  -.16000000E+00 -.22850325E+00
  -.12000000E+00 -.33464456E+00
  -.80000000E-01 -.45507191E+00
  -.40000000E-01 -.59336745E+00
   .12351231E-14 -.75441561E+00
   .40000000E-01 -.94508675E+00
   .80000000E-01 -.11753419E+01
   .12000000E+00 -.14601859E+01
   .16000000E+00 -.18233272E+01
   .20000000E+00 -.23045598E+01
   .24000000E+00 -.29762633E+01
   .28000000E+00 -.39851610E+01
   .32000000E+00 -.56809360E+01
   .36000000E+00 -.91526798E+01
   .40000000E+00 -.20375029E+02
   .44000000E+00  .17534735E+03
   .48000000E+00  .17845590E+02
   .52000000E+00  .97391139E+01
   .56000000E+00  .68377048E+01
   .60000000E+00  .53403601E+01
   .64000000E+00  .44224099E+01
   .68000000E+00  .37992149E+01
   .72000000E+00  .33463069E+01
   .76000000E+00  .30006190E+01
   .80000000E+00  .27267791E+01
   .84000000E+00  .25034111E+01
   .88000000E+00  .23168349E+01
   .92000000E+00  .21578883E+01
   .96000000E+00  .20202039E+01
   .10000000E+01  .18992183E+01
   .10400000E+01  .17915752E+01
   .10800000E+01  .16947506E+01
   .11200000E+01  .16068096E+01
   .11600000E+01  .15262437E+01
   .12000000E+01  .14518591E+01
   .12400000E+01  .13826972E+01
   .12800000E+01  .13179803E+01
   .13200000E+01  .12570659E+01
   .13600000E+01  .11994439E+01
   .14000000E+01  .11446627E+01
   .14400000E+01  .10923493E+01
   .14800000E+01  .10421877E+01
   .15200000E+01  .99390750E+00
   .15600000E+01  .94727577E+00
   .16000000E+01  .90209049E+00
   .16400000E+01  .85817549E+00
   .16800000E+01  .81537647E+00
   .17200000E+01  .77355659E+00
   .17600000E+01  .73259524E+00
   .18000000E+01  .69238442E+00
   .18400000E+01  .65282807E+00
   .18800000E+01  .61383858E+00
   .19200000E+01  .57533769E+00
   .19600000E+01  .53725310E+00
   .20000000E+01  .49952361E+00
KBPotential  L  =      4.00000    .00000
  -.20000000E+01  .19205146E+01
  -.19600000E+01  .19105386E+01
  -.19200000E+01  .19005154E+01
  -.18800000E+01  .18904472E+01
  -.18400000E+01  .18803333E+01
  -.18000000E+01  .18701717E+01
  -.17600000E+01  .18599612E+01
  -.17200000E+01  .18497034E+01
  -.16800000E+01  .18393964E+01
  -.16400000E+01  .18290403E+01
  -.16000000E+01  .18186335E+01
  -.15600000E+01  .18081761E+01
  -.15200000E+01  .17976673E+01
  -.14800000E+01  .17871058E+01
  -.14400000E+01  .17764929E+01
  -.14000000E+01  .17658250E+01
  -.13600000E+01  .17551029E+01
  -.13200000E+01  .17443246E+01
  -.12800000E+01  .17334923E+01
  -.12400000E+01  .17226023E+01
  -.12000000E+01  .17116541E+01
  -.11600000E+01  .17006492E+01
  -.11200000E+01  .16895843E+01
  -.10800000E+01  .16784595E+01
  -.10400000E+01  .16672739E+01
  -.10000000E+01  .16560263E+01
  -.96000000E+00  .16447163E+01
  -.92000000E+00  .16333426E+01
  -.88000000E+00  .16219044E+01
  -.84000000E+00  .16104008E+01
  -.80000000E+00  .15988306E+01
  -.76000000E+00  .15871929E+01
  -.72000000E+00  .15754867E+01
  -.68000000E+00  .15637108E+01
  -.64000000E+00  .15518643E+01
  -.60000000E+00  .15399450E+01
  -.56000000E+00  .15279545E+01
  -.52000000E+00  .15158882E+01
  -.48000000E+00  .15037473E+01
  -.44000000E+00  .14915300E+01
  -.40000000E+00  .14792348E+01
  -.36000000E+00  .14668604E+01
  -.32000000E+00  .14544063E+01
  -.28000000E+00  .14418689E+01
  -.24000000E+00  .14292498E+01
  -.20000000E+00  .14165453E+01
  -.16000000E+00  .14037540E+01
  -.12000000E+00  .13908758E+01
  -.80000000E-01  .13779085E+01
  -.40000000E-01  .13648505E+01
   .12351231E-14  .13517000E+01
   .40000000E-01  .13384556E+01
   .80000000E-01  .13251154E+01
   .12000000E+00  .13116777E+01
   .16000000E+00  .12981407E+01
   .20000000E+00  .12845025E+01
   .24000000E+00  .12707612E+01
   .28000000E+00  .12569147E+01
   .32000000E+00  .12429612E+01
   .36000000E+00  .12288984E+01
   .40000000E+00  .12147244E+01
   .44000000E+00  .12004368E+01
   .48000000E+00  .11860333E+01
   .52000000E+00  .11715117E+01
   .56000000E+00  .11568695E+01
   .60000000E+00  .11421042E+01
   .64000000E+00  .11272132E+01
   .68000000E+00  .11121940E+01
   .72000000E+00  .10970438E+01
   .76000000E+00  .10817598E+01
   .80000000E+00  .10663390E+01
   .84000000E+00  .10507786E+01
   .88000000E+00  .10350753E+01
   .92000000E+00  .10192260E+01
   .96000000E+00  .10032274E+01
   .10000000E+01  .98707618E+00
   .10400000E+01  .97076870E+00
   .10800000E+01  .95430135E+00
   .11200000E+01  .93767037E+00
   .11600000E+01  .92087186E+00
   .12000000E+01  .90390179E+00
   .12400000E+01  .88675598E+00
   .12800000E+01  .86943012E+00
   .13200000E+01  .85191971E+00
   .13600000E+01  .83422010E+00
   .14000000E+01  .81632652E+00
   .14400000E+01  .79823395E+00
   .14800000E+01  .77993721E+00
   .15200000E+01  .76143093E+00
   .15600000E+01  .74270952E+00
   .16000000E+01  .72376719E+00
   .16400000E+01  .70459791E+00
   .16800000E+01  .68519542E+00
   .17200000E+01  .66555321E+00
   .17600000E+01  .64566449E+00
   .18000000E+01  .62552220E+00
   .18400000E+01  .60511903E+00
   .18800000E+01  .58444730E+00
   .19200000E+01  .56349904E+00
   .19600000E+01  .54226592E+00
   .20000000E+01  .52073927E+00
