  Pm_s (soft)                            
 100
Core Pot   L  =         .00000  -3.31001
  -.20000000E+01  .12441231E+01
  -.19600000E+01  .12241608E+01
  -.19200000E+01  .12042677E+01
  -.18800000E+01  .11844194E+01
  -.18400000E+01  .11645938E+01
  -.18000000E+01  .11447704E+01
  -.17600000E+01  .11249306E+01
  -.17200000E+01  .11050566E+01
  -.16800000E+01  .10851322E+01
  -.16400000E+01  .10651419E+01
  -.16000000E+01  .10450711E+01
  -.15600000E+01  .10249057E+01
  -.15200000E+01  .10046324E+01
  -.14800000E+01  .98423826E+00
  -.14400000E+01  .96371062E+00
  -.14000000E+01  .94303724E+00
  -.13600000E+01  .92220607E+00
  -.13200000E+01  .90120522E+00
  -.12800000E+01  .88002290E+00
  -.12400000E+01  .85864735E+00
  -.12000000E+01  .83706681E+00
  -.11600000E+01  .81526947E+00
  -.11200000E+01  .79324341E+00
  -.10800000E+01  .77097656E+00
  -.10400000E+01  .74845665E+00
  -.10000000E+01  .72567118E+00
  -.96000000E+00  .70260735E+00
  -.92000000E+00  .67925207E+00
  -.88000000E+00  .65559183E+00
  -.84000000E+00  .63161276E+00
  -.80000000E+00  .60730049E+00
  -.76000000E+00  .58264015E+00
  -.72000000E+00  .55761632E+00
  -.68000000E+00  .53221298E+00
  -.64000000E+00  .50641341E+00
  -.60000000E+00  .48020020E+00
  -.56000000E+00  .45355514E+00
  -.52000000E+00  .42645919E+00
  -.48000000E+00  .39889237E+00
  -.44000000E+00  .37083372E+00
  -.40000000E+00  .34226121E+00
  -.36000000E+00  .31315163E+00
  -.32000000E+00  .28348055E+00
  -.28000000E+00  .25322215E+00
  -.24000000E+00  .22234916E+00
  -.20000000E+00  .19083275E+00
  -.16000000E+00  .15864233E+00
  -.12000000E+00  .12574549E+00
  -.80000000E-01  .92107790E-01
  -.40000000E-01  .57692600E-01
   .12351231E-14  .22460928E-01
   .40000000E-01 -.13628801E-01
   .80000000E-01 -.50620973E-01
   .12000000E+00 -.88563034E-01
   .16000000E+00 -.12750577E+00
   .20000000E+00 -.16750361E+00
   .24000000E+00 -.20861500E+00
   .28000000E+00 -.25090274E+00
   .32000000E+00 -.29443445E+00
   .36000000E+00 -.33928304E+00
   .40000000E+00 -.38552722E+00
   .44000000E+00 -.43325215E+00
   .48000000E+00 -.48255009E+00
   .52000000E+00 -.53352118E+00
   .56000000E+00 -.58627426E+00
   .60000000E+00 -.64092795E+00
   .64000000E+00 -.69761169E+00
   .68000000E+00 -.75646706E+00
   .72000000E+00 -.81764920E+00
   .76000000E+00 -.88132857E+00
   .80000000E+00 -.94769281E+00
   .84000000E+00 -.10169490E+01
   .88000000E+00 -.10893264E+01
   .92000000E+00 -.11650791E+01
   .96000000E+00 -.12444900E+01
   .10000000E+01 -.13278748E+01
   .10400000E+01 -.14155867E+01
   .10800000E+01 -.15080226E+01
   .11200000E+01 -.16056298E+01
   .11600000E+01 -.17089140E+01
   .12000000E+01 -.18184499E+01
   .12400000E+01 -.19348929E+01
   .12800000E+01 -.20589938E+01
   .13200000E+01 -.21916169E+01
   .13600000E+01 -.23337624E+01
   .14000000E+01 -.24865943E+01
   .14400000E+01 -.26514750E+01
   .14800000E+01 -.28300101E+01
   .15200000E+01 -.30241043E+01
   .15600000E+01 -.32360358E+01
   .16000000E+01 -.34685513E+01
   .16400000E+01 -.37249939E+01
   .16800000E+01 -.40094738E+01
   .17200000E+01 -.43271021E+01
   .17600000E+01 -.46843150E+01
   .18000000E+01 -.50893334E+01
   .18400000E+01 -.55528275E+01
   .18800000E+01 -.60889022E+01
   .19200000E+01 -.67166007E+01
   .19600000E+01 -.74622733E+01
   .20000000E+01 -.83634532E+01
Potential  L  =         .00000  -3.31001
  -.20000000E+01  .10986781E+01
  -.19600000E+01  .10739532E+01
  -.19200000E+01  .10490840E+01
  -.18800000E+01  .10240332E+01
  -.18400000E+01  .99876454E+00
  -.18000000E+01  .97324291E+00
  -.17600000E+01  .94743341E+00
  -.17200000E+01  .92130128E+00
  -.16800000E+01  .89481155E+00
  -.16400000E+01  .86792871E+00
  -.16000000E+01  .84061645E+00
  -.15600000E+01  .81283735E+00
  -.15200000E+01  .78455258E+00
  -.14800000E+01  .75572164E+00
  -.14400000E+01  .72630197E+00
  -.14000000E+01  .69624868E+00
  -.13600000E+01  .66551417E+00
  -.13200000E+01  .63404771E+00
  -.12800000E+01  .60179505E+00
  -.12400000E+01  .56869792E+00
  -.12000000E+01  .53469349E+00
  -.11600000E+01  .49971378E+00
  -.11200000E+01  .46368502E+00
  -.10800000E+01  .42652680E+00
  -.10400000E+01  .38815127E+00
  -.10000000E+01  .34846208E+00
  -.96000000E+00  .30735332E+00
  -.92000000E+00  .26470797E+00
  -.88000000E+00  .22039654E+00
  -.84000000E+00  .17427515E+00
  -.80000000E+00  .12618336E+00
  -.76000000E+00  .75941662E-01
  -.72000000E+00  .23348455E-01
  -.68000000E+00 -.31823580E-01
  -.64000000E+00 -.89831787E-01
  -.60000000E+00 -.15096876E+00
  -.56000000E+00 -.21556870E+00
  -.52000000E+00 -.28401516E+00
  -.48000000E+00 -.35675060E+00
  -.44000000E+00 -.43428826E+00
  -.40000000E+00 -.51722703E+00
  -.36000000E+00 -.60627012E+00
  -.32000000E+00 -.70224902E+00
  -.28000000E+00 -.80615419E+00
  -.24000000E+00 -.91917511E+00
  -.20000000E+00 -.10427531E+01
  -.16000000E+00 -.11786516E+01
  -.12000000E+00 -.13290522E+01
  -.80000000E-01 -.14966859E+01
  -.40000000E-01 -.16850181E+01
   .12351231E-14 -.18985140E+01
   .40000000E-01 -.21430267E+01
   .80000000E-01 -.24263823E+01
   .12000000E+00 -.27592888E+01
   .16000000E+00 -.31567969E+01
   .20000000E+00 -.36407504E+01
   .24000000E+00 -.42441077E+01
   .28000000E+00 -.50190413E+01
   .32000000E+00 -.60533301E+01
   .36000000E+00 -.75069864E+01
   .40000000E+00 -.97058031E+01
   .44000000E+00 -.13431106E+02
   .48000000E+00 -.21143810E+02
   .52000000E+00 -.46741002E+02
   .56000000E+00  .29507029E+03
   .60000000E+00  .36791197E+02
   .64000000E+00  .19963584E+02
   .68000000E+00  .13846299E+02
   .72000000E+00  .10676742E+02
   .76000000E+00  .87341216E+01
   .80000000E+00  .74188193E+01
   .84000000E+00  .64671697E+01
   .88000000E+00  .57450834E+01
   .92000000E+00  .51771566E+01
   .96000000E+00  .47177336E+01
   .10000000E+01  .43375442E+01
   .10400000E+01  .40169726E+01
   .10800000E+01  .37423668E+01
   .11200000E+01  .35039374E+01
   .11600000E+01  .32944804E+01
   .12000000E+01  .31085763E+01
   .12400000E+01  .29420692E+01
   .12800000E+01  .27917189E+01
   .13200000E+01  .26549613E+01
   .13600000E+01  .25297404E+01
   .14000000E+01  .24143886E+01
   .14400000E+01  .23075384E+01
   .14800000E+01  .22080578E+01
   .15200000E+01  .21150014E+01
   .15600000E+01  .20275734E+01
   .16000000E+01  .19450988E+01
   .16400000E+01  .18670008E+01
   .16800000E+01  .17927842E+01
   .17200000E+01  .17220202E+01
   .17600000E+01  .16543364E+01
   .18000000E+01  .15894069E+01
   .18400000E+01  .15269456E+01
   .18800000E+01  .14666998E+01
   .19200000E+01  .14084453E+01
   .19600000E+01  .13519825E+01
   .20000000E+01  .12971327E+01
Core Pot   L  =        1.00000  -1.85909
  -.20000000E+01  .68205839E-01
  -.19600000E+01 -.14454717E+00
  -.19200000E+01 -.43279871E+00
  -.18800000E+01 -.84933622E+00
  -.18400000E+01 -.15112187E+01
  -.18000000E+01 -.27404042E+01
  -.17600000E+01 -.58609221E+01
  -.17200000E+01 -.30769007E+02
  -.16800000E+01  .13972108E+02
  -.16400000E+01  .65152967E+01
  -.16000000E+01  .45411630E+01
  -.15600000E+01  .36219507E+01
  -.15200000E+01  .30863464E+01
  -.14800000E+01  .27329089E+01
  -.14400000E+01  .24801931E+01
  -.14000000E+01  .22889805E+01
  -.13600000E+01  .21380517E+01
  -.13200000E+01  .20149234E+01
  -.12800000E+01  .19117711E+01
  -.12400000E+01  .18234409E+01
  -.12000000E+01  .17463993E+01
  -.11600000E+01  .16781424E+01
  -.11200000E+01  .16168458E+01
  -.10800000E+01  .15611487E+01
  -.10400000E+01  .15100149E+01
  -.10000000E+01  .14626414E+01
  -.96000000E+00  .14183958E+01
  -.92000000E+00  .13767731E+01
  -.88000000E+00  .13373651E+01
  -.84000000E+00  .12998378E+01
  -.80000000E+00  .12639150E+01
  -.76000000E+00  .12293664E+01
  -.72000000E+00  .11959981E+01
  -.68000000E+00  .11636454E+01
  -.64000000E+00  .11321672E+01
  -.60000000E+00  .11014422E+01
  -.56000000E+00  .10713649E+01
  -.52000000E+00  .10418430E+01
  -.48000000E+00  .10127955E+01
  -.44000000E+00  .98415050E+00
  -.40000000E+00  .95584395E+00
  -.36000000E+00  .92781845E+00
  -.32000000E+00  .90002222E+00
  -.28000000E+00  .87240822E+00
  -.24000000E+00  .84493351E+00
  -.20000000E+00  .81755863E+00
  -.16000000E+00  .79024710E+00
  -.12000000E+00  .76296498E+00
  -.80000000E-01  .73568051E+00
  -.40000000E-01  .70836378E+00
   .12351231E-14  .68098646E+00
   .40000000E-01  .65352154E+00
   .80000000E-01  .62594313E+00
   .12000000E+00  .59822624E+00
   .16000000E+00  .57034663E+00
   .20000000E+00  .54228065E+00
   .24000000E+00  .51400508E+00
   .28000000E+00  .48549702E+00
   .32000000E+00  .45673374E+00
   .36000000E+00  .42769259E+00
   .40000000E+00  .39835090E+00
   .44000000E+00  .36868583E+00
   .48000000E+00  .33867431E+00
   .52000000E+00  .30829293E+00
   .56000000E+00  .27751783E+00
   .60000000E+00  .24632463E+00
   .64000000E+00  .21468828E+00
   .68000000E+00  .18258304E+00
   .72000000E+00  .14998229E+00
   .76000000E+00  .11685847E+00
   .80000000E+00  .83182987E-01
   .84000000E+00  .48926047E-01
   .88000000E+00  .14056570E-01
   .92000000E+00 -.21457954E-01
   .96000000E+00 -.57651603E-01
   .10000000E+01 -.94560173E-01
   .10400000E+01 -.13222134E+00
   .10800000E+01 -.17067482E+00
   .11200000E+01 -.20996259E+00
   .11600000E+01 -.25012907E+00
   .12000000E+01 -.29122133E+00
   .12400000E+01 -.33328938E+00
   .12800000E+01 -.37638640E+00
   .13200000E+01 -.42056906E+00
   .13600000E+01 -.46589784E+00
   .14000000E+01 -.51243736E+00
   .14400000E+01 -.56025685E+00
   .14800000E+01 -.60943053E+00
   .15200000E+01 -.66003812E+00
   .15600000E+01 -.71216540E+00
   .16000000E+01 -.76590484E+00
   .16400000E+01 -.82135626E+00
   .16800000E+01 -.87862765E+00
   .17200000E+01 -.93783598E+00
   .17600000E+01 -.99910828E+00
   .18000000E+01 -.10625827E+01
   .18400000E+01 -.11284097E+01
   .18800000E+01 -.11967539E+01
   .19200000E+01 -.12677950E+01
   .19600000E+01 -.13417305E+01
   .20000000E+01 -.14187774E+01
Potential  L  =        1.00000  -1.85909
  -.20000000E+01 -.89472305E-01
  -.19600000E+01 -.29351001E+00
  -.19200000E+01 -.55672344E+00
  -.18800000E+01 -.91167292E+00
  -.18400000E+01 -.14202348E+01
  -.18000000E+01 -.22161829E+01
  -.17600000E+01 -.36523770E+01
  -.17200000E+01 -.70602373E+01
  -.16800000E+01 -.25810619E+02
  -.16400000E+01  .22634561E+02
  -.16000000E+01  .88576783E+01
  -.15600000E+01  .58421128E+01
  -.15200000E+01  .45132252E+01
  -.14800000E+01  .37606915E+01
  -.14400000E+01  .32733176E+01
  -.14000000E+01  .29297277E+01
  -.13600000E+01  .26727840E+01
  -.13200000E+01  .24720542E+01
  -.12800000E+01  .23098406E+01
  -.12400000E+01  .21751490E+01
  -.12000000E+01  .20607886E+01
  -.11600000E+01  .19618577E+01
  -.11200000E+01  .18748994E+01
  -.10800000E+01  .17974049E+01
  -.10400000E+01  .17275094E+01
  -.10000000E+01  .16637971E+01
  -.96000000E+00  .16051734E+01
  -.92000000E+00  .15507782E+01
  -.88000000E+00  .14999260E+01
  -.84000000E+00  .14520635E+01
  -.80000000E+00  .14067385E+01
  -.76000000E+00  .13635778E+01
  -.72000000E+00  .13222699E+01
  -.68000000E+00  .12825531E+01
  -.64000000E+00  .12442048E+01
  -.60000000E+00  .12070348E+01
  -.56000000E+00  .11708789E+01
  -.52000000E+00  .11355945E+01
  -.48000000E+00  .11010567E+01
  -.44000000E+00  .10671554E+01
  -.40000000E+00  .10337930E+01
  -.36000000E+00  .10008820E+01
  -.32000000E+00  .96834384E+00
  -.28000000E+00  .93610725E+00
  -.24000000E+00  .90410716E+00
  -.20000000E+00  .87228377E+00
  -.16000000E+00  .84058173E+00
  -.12000000E+00  .80894942E+00
  -.80000000E-01  .77733836E+00
  -.40000000E-01  .74570268E+00
   .12351231E-14  .71399867E+00
   .40000000E-01  .68218437E+00
   .80000000E-01  .65021921E+00
   .12000000E+00  .61806367E+00
   .16000000E+00  .58567899E+00
   .20000000E+00  .55302690E+00
   .24000000E+00  .52006934E+00
   .28000000E+00  .48676823E+00
   .32000000E+00  .45308538E+00
   .36000000E+00  .41898171E+00
   .40000000E+00  .38441780E+00
   .44000000E+00  .34935315E+00
   .48000000E+00  .31374609E+00
   .52000000E+00  .27755352E+00
   .56000000E+00  .24073070E+00
   .60000000E+00  .20323094E+00
   .64000000E+00  .16500536E+00
   .68000000E+00  .12600257E+00
   .72000000E+00  .86168179E-01
   .76000000E+00  .45445174E-01
   .80000000E+00  .37724814E-02
   .84000000E+00 -.38914753E-01
   .88000000E+00 -.82685778E-01
   .92000000E+00 -.12761482E+00
   .96000000E+00 -.17378153E+00
   .10000000E+01 -.22127169E+00
   .10400000E+01 -.27017793E+00
   .10800000E+01 -.32060048E+00
   .11200000E+01 -.37264813E+00
   .11600000E+01 -.42643922E+00
   .12000000E+01 -.48210282E+00
   .12400000E+01 -.53978010E+00
   .12800000E+01 -.59962584E+00
   .13200000E+01 -.66181021E+00
   .13600000E+01 -.72652082E+00
   .14000000E+01 -.79396512E+00
   .14400000E+01 -.86437315E+00
   .14800000E+01 -.93800082E+00
   .15200000E+01 -.10151337E+01
   .15600000E+01 -.10960916E+01
   .16000000E+01 -.11812338E+01
   .16400000E+01 -.12709655E+01
   .16800000E+01 -.13657458E+01
   .17200000E+01 -.14660963E+01
   .17600000E+01 -.15726129E+01
   .18000000E+01 -.16859794E+01
   .18400000E+01 -.18069844E+01
   .18800000E+01 -.19365420E+01
   .19200000E+01 -.20757185E+01
   .19600000E+01 -.22257649E+01
   .20000000E+01 -.23881593E+01
Core Pot   L  =        2.00000   -.21013
  -.20000000E+01  .12545914E+01
  -.19600000E+01  .12374242E+01
  -.19200000E+01  .12199925E+01
  -.18800000E+01  .12022850E+01
  -.18400000E+01  .11842894E+01
  -.18000000E+01  .11659928E+01
  -.17600000E+01  .11473813E+01
  -.17200000E+01  .11284401E+01
  -.16800000E+01  .11091534E+01
  -.16400000E+01  .10895041E+01
  -.16000000E+01  .10694740E+01
  -.15600000E+01  .10490432E+01
  -.15200000E+01  .10281908E+01
  -.14800000E+01  .10068937E+01
  -.14400000E+01  .98512731E+00
  -.14000000E+01  .96286485E+00
  -.13600000E+01  .94007729E+00
  -.13200000E+01  .91673312E+00
  -.12800000E+01  .89279802E+00
  -.12400000E+01  .86823457E+00
  -.12000000E+01  .84300186E+00
  -.11600000E+01  .81705510E+00
  -.11200000E+01  .79034508E+00
  -.10800000E+01  .76281771E+00
  -.10400000E+01  .73441325E+00
  -.10000000E+01  .70506570E+00
  -.96000000E+00  .67470179E+00
  -.92000000E+00  .64324007E+00
  -.88000000E+00  .61058966E+00
  -.84000000E+00  .57664885E+00
  -.80000000E+00  .54130338E+00
  -.76000000E+00  .50442453E+00
  -.72000000E+00  .46586660E+00
  -.68000000E+00  .42546414E+00
  -.64000000E+00  .38302834E+00
  -.60000000E+00  .33834282E+00
  -.56000000E+00  .29115830E+00
  -.52000000E+00  .24118620E+00
  -.48000000E+00  .18809041E+00
  -.44000000E+00  .13147708E+00
  -.40000000E+00  .70881676E-01
  -.36000000E+00  .57522851E-02
  -.32000000E+00 -.64571984E-01
  -.28000000E+00 -.14088939E+00
  -.24000000E+00 -.22417323E+00
  -.20000000E+00 -.31562272E+00
  -.16000000E+00 -.41673265E+00
  -.12000000E+00 -.52939062E+00
  -.80000000E-01 -.65601517E+00
  -.40000000E-01 -.79975685E+00
   .12351231E-14 -.96479799E+00
   .40000000E-01 -.11568130E+01
   .80000000E-01 -.13836993E+01
   .12000000E+00 -.16567842E+01
   .16000000E+00 -.19929150E+01
   .20000000E+00 -.24182879E+01
   .24000000E+00 -.29759787E+01
   .28000000E+00 -.37421504E+01
   .32000000E+00 -.48653749E+01
   .36000000E+00 -.66795154E+01
   .40000000E+00 -.10123456E+02
   .44000000E+00 -.19246846E+02
   .48000000E+00 -.11625255E+03
   .52000000E+00  .31438705E+02
   .56000000E+00  .14345227E+02
   .60000000E+00  .94813527E+01
   .64000000E+00  .71735157E+01
   .68000000E+00  .58216744E+01
   .72000000E+00  .49306464E+01
   .76000000E+00  .42968428E+01
   .80000000E+00  .38211747E+01
   .84000000E+00  .34496293E+01
   .88000000E+00  .31502546E+01
   .92000000E+00  .29029391E+01
   .96000000E+00  .26943917E+01
   .10000000E+01  .25154758E+01
   .10400000E+01  .23597030E+01
   .10800000E+01  .22223382E+01
   .11200000E+01  .20998446E+01
   .11600000E+01  .19895265E+01
   .12000000E+01  .18892929E+01
   .12400000E+01  .17974969E+01
   .12800000E+01  .17128232E+01
   .13200000E+01  .16342085E+01
   .13600000E+01  .15607832E+01
   .14000000E+01  .14918296E+01
   .14400000E+01  .14267492E+01
   .14800000E+01  .13650390E+01
   .15200000E+01  .13062728E+01
   .15600000E+01  .12500870E+01
   .16000000E+01  .11961690E+01
   .16400000E+01  .11442486E+01
   .16800000E+01  .10940905E+01
   .17200000E+01  .10454888E+01
   .17600000E+01  .99826235E+00
   .18000000E+01  .95225074E+00
   .18400000E+01  .90731128E+00
   .18800000E+01  .86331636E+00
   .19200000E+01  .82015129E+00
   .19600000E+01  .77771249E+00
   .20000000E+01  .73590590E+00
Potential  L  =        2.00000   -.21013
  -.20000000E+01  .12417413E+01
  -.19600000E+01  .12242542E+01
  -.19200000E+01  .12064947E+01
  -.18800000E+01  .11884513E+01
  -.18400000E+01  .11701117E+01
  -.18000000E+01  .11514629E+01
  -.17600000E+01  .11324910E+01
  -.17200000E+01  .11131811E+01
  -.16800000E+01  .10935175E+01
  -.16400000E+01  .10734832E+01
  -.16000000E+01  .10530600E+01
  -.15600000E+01  .10322285E+01
  -.15200000E+01  .10109676E+01
  -.14800000E+01  .98925503E+00
  -.14400000E+01  .96706638E+00
  -.14000000E+01  .94437554E+00
  -.13600000E+01  .92115424E+00
  -.13200000E+01  .89737185E+00
  -.12800000E+01  .87299520E+00
  -.12400000E+01  .84798823E+00
  -.12000000E+01  .82231171E+00
  -.11600000E+01  .79592282E+00
  -.11200000E+01  .76877482E+00
  -.10800000E+01  .74081649E+00
  -.10400000E+01  .71199166E+00
  -.10000000E+01  .68223849E+00
  -.96000000E+00  .65148884E+00
  -.92000000E+00  .61966732E+00
  -.88000000E+00  .58669040E+00
  -.84000000E+00  .55246521E+00
  -.80000000E+00  .51688820E+00
  -.76000000E+00  .47984352E+00
  -.72000000E+00  .44120121E+00
  -.68000000E+00  .40081476E+00
  -.64000000E+00  .35851887E+00
  -.60000000E+00  .31412557E+00
  -.56000000E+00  .26742080E+00
  -.52000000E+00  .21815951E+00
  -.48000000E+00  .16605956E+00
  -.44000000E+00  .11079487E+00
  -.40000000E+00  .51986188E-01
  -.36000000E+00 -.10810220E-01
  -.32000000E+00 -.78116858E-01
  -.28000000E+00 -.15055338E+00
  -.24000000E+00 -.22886028E+00
  -.20000000E+00 -.31392996E+00
  -.16000000E+00 -.40684782E+00
  -.12000000E+00 -.50894750E+00
  -.80000000E-01 -.62188626E+00
  -.40000000E-01 -.74774957E+00
   .12351231E-14 -.88919908E+00
   .40000000E-01 -.10496865E+01
   .80000000E-01 -.12337707E+01
   .12000000E+00 -.14475997E+01
   .16000000E+00 -.16996710E+01
   .20000000E+00 -.20020710E+01
   .24000000E+00 -.23725955E+01
   .28000000E+00 -.28385716E+01
   .32000000E+00 -.34442277E+01
   .36000000E+00 -.42661493E+01
   .40000000E+00 -.54494962E+01
   .44000000E+00 -.73068921E+01
   .48000000E+00 -.10657805E+02
   .52000000E+00 -.18555803E+02
   .56000000E+00 -.60198116E+02
   .60000000E+00  .54415460E+02
   .64000000E+00  .19460724E+02
   .68000000E+00  .12095015E+02
   .72000000E+00  .88900482E+01
   .76000000E+00  .70919742E+01
   .80000000E+00  .59378669E+01
   .84000000E+00  .51319340E+01
   .88000000E+00  .45354518E+01
   .92000000E+00  .40747191E+01
   .96000000E+00  .37069685E+01
   .10000000E+01  .34056666E+01
   .10400000E+01  .31534827E+01
   .10800000E+01  .29386164E+01
   .11200000E+01  .27527538E+01
   .11600000E+01  .25898685E+01
   .12000000E+01  .24454844E+01
   .12400000E+01  .23162077E+01
   .12800000E+01  .21994174E+01
   .13200000E+01  .20930574E+01
   .13600000E+01  .19954915E+01
   .14000000E+01  .19054010E+01
   .14400000E+01  .18217113E+01
   .14800000E+01  .17435375E+01
   .15200000E+01  .16701440E+01
   .15600000E+01  .16009141E+01
   .16000000E+01  .15353265E+01
   .16400000E+01  .14729377E+01
   .16800000E+01  .14133673E+01
   .17200000E+01  .13562873E+01
   .17600000E+01  .13014128E+01
   .18000000E+01  .12484952E+01
   .18400000E+01  .11973165E+01
   .18800000E+01  .11476841E+01
   .19200000E+01  .10994271E+01
   .19600000E+01  .10523935E+01
   .20000000E+01  .10064469E+01
Core Pot   L  =        3.00000    .00000
  -.20000000E+01  .15685972E+01
  -.19600000E+01  .15554800E+01
  -.19200000E+01  .15422208E+01
  -.18800000E+01  .15288127E+01
  -.18400000E+01  .15152479E+01
  -.18000000E+01  .15015181E+01
  -.17600000E+01  .14876139E+01
  -.17200000E+01  .14735249E+01
  -.16800000E+01  .14592394E+01
  -.16400000E+01  .14447441E+01
  -.16000000E+01  .14300240E+01
  -.15600000E+01  .14150622E+01
  -.15200000E+01  .13998389E+01
  -.14800000E+01  .13843315E+01
  -.14400000E+01  .13685137E+01
  -.14000000E+01  .13523546E+01
  -.13600000E+01  .13358175E+01
  -.13200000E+01  .13188590E+01
  -.12800000E+01  .13014264E+01
  -.12400000E+01  .12834557E+01
  -.12000000E+01  .12648681E+01
  -.11600000E+01  .12455651E+01
  -.11200000E+01  .12254216E+01
  -.10800000E+01  .12042771E+01
  -.10400000E+01  .11819205E+01
  -.10000000E+01  .11580690E+01
  -.96000000E+00  .11323347E+01
  -.92000000E+00  .11041692E+01
  -.88000000E+00  .10727710E+01
  -.84000000E+00  .10369195E+01
  -.80000000E+00  .99465815E+00
  -.76000000E+00  .94263977E+00
  -.72000000E+00  .87462022E+00
  -.68000000E+00  .77745421E+00
  -.64000000E+00  .61790965E+00
  -.60000000E+00  .28055201E+00
  -.56000000E+00 -.10985331E+01
  -.52000000E+00  .46364092E+01
  -.48000000E+00  .20546185E+01
  -.44000000E+00  .16253968E+01
  -.40000000E+00  .14397682E+01
  -.36000000E+00  .13308664E+01
  -.32000000E+00  .12558127E+01
  -.28000000E+00  .11985946E+01
  -.24000000E+00  .11518706E+01
  -.20000000E+00  .11117992E+01
  -.16000000E+00  .10761729E+01
  -.12000000E+00  .10436316E+01
  -.80000000E-01  .10132900E+01
  -.40000000E-01  .98454585E+00
   .12351231E-14  .95697402E+00
   .40000000E-01  .93026466E+00
   .80000000E-01  .90418562E+00
   .12000000E+00  .87855857E+00
   .16000000E+00  .85324333E+00
   .20000000E+00  .82812730E+00
   .24000000E+00  .80311818E+00
   .28000000E+00  .77813878E+00
   .32000000E+00  .75312330E+00
   .36000000E+00  .72801458E+00
   .40000000E+00  .70276202E+00
   .44000000E+00  .67732002E+00
   .48000000E+00  .65164679E+00
   .52000000E+00  .62570331E+00
   .56000000E+00  .59945263E+00
   .60000000E+00  .57285922E+00
   .64000000E+00  .54588839E+00
   .68000000E+00  .51850591E+00
   .72000000E+00  .49067753E+00
   .76000000E+00  .46236872E+00
   .80000000E+00  .43354426E+00
   .84000000E+00  .40416797E+00
   .88000000E+00  .37420240E+00
   .92000000E+00  .34360856E+00
   .96000000E+00  .31234559E+00
   .10000000E+01  .28037046E+00
   .10400000E+01  .24763764E+00
   .10800000E+01  .21409881E+00
   .11200000E+01  .17970239E+00
   .11600000E+01  .14439323E+00
   .12000000E+01  .10811214E+00
   .12400000E+01  .70795348E-01
   .12800000E+01  .32374036E-01
   .13200000E+01 -.72263336E-02
   .13600000E+01 -.48086683E-01
   .14000000E+01 -.90295109E-01
   .14400000E+01 -.13394777E+00
   .14800000E+01 -.17914991E+00
   .15200000E+01 -.22601701E+00
   .15600000E+01 -.27467614E+00
   .16000000E+01 -.32526752E+00
   .16400000E+01 -.37794632E+00
   .16800000E+01 -.43288477E+00
   .17200000E+01 -.49027460E+00
   .17600000E+01 -.55032997E+00
   .18000000E+01 -.61329090E+00
   .18400000E+01 -.67942734E+00
   .18800000E+01 -.74904400E+00
   .19200000E+01 -.82248629E+00
   .19600000E+01 -.90014731E+00
   .20000000E+01 -.98247645E+00
Potential  L  =        3.00000    .00000
  -.20000000E+01  .15872630E+01
  -.19600000E+01  .15750051E+01
  -.19200000E+01  .15626625E+01
  -.18800000E+01  .15502334E+01
  -.18400000E+01  .15377163E+01
  -.18000000E+01  .15251094E+01
  -.17600000E+01  .15124110E+01
  -.17200000E+01  .14996194E+01
  -.16800000E+01  .14867325E+01
  -.16400000E+01  .14737487E+01
  -.16000000E+01  .14606659E+01
  -.15600000E+01  .14474820E+01
  -.15200000E+01  .14341950E+01
  -.14800000E+01  .14208027E+01
  -.14400000E+01  .14073030E+01
  -.14000000E+01  .13936934E+01
  -.13600000E+01  .13799717E+01
  -.13200000E+01  .13661354E+01
  -.12800000E+01  .13521820E+01
  -.12400000E+01  .13381089E+01
  -.12000000E+01  .13239133E+01
  -.11600000E+01  .13095925E+01
  -.11200000E+01  .12951435E+01
  -.10800000E+01  .12805635E+01
  -.10400000E+01  .12658493E+01
  -.10000000E+01  .12509976E+01
  -.96000000E+00  .12360052E+01
  -.92000000E+00  .12208687E+01
  -.88000000E+00  .12055844E+01
  -.84000000E+00  .11901486E+01
  -.80000000E+00  .11745576E+01
  -.76000000E+00  .11588073E+01
  -.72000000E+00  .11428935E+01
  -.68000000E+00  .11268121E+01
  -.64000000E+00  .11105585E+01
  -.60000000E+00  .10941280E+01
  -.56000000E+00  .10775159E+01
  -.52000000E+00  .10607171E+01
  -.48000000E+00  .10437263E+01
  -.44000000E+00  .10265381E+01
  -.40000000E+00  .10091468E+01
  -.36000000E+00  .99154653E+00
  -.32000000E+00  .97373102E+00
  -.28000000E+00  .95569383E+00
  -.24000000E+00  .93742822E+00
  -.20000000E+00  .91892715E+00
  -.16000000E+00  .90018324E+00
  -.12000000E+00  .88118878E+00
  -.80000000E-01  .86193572E+00
  -.40000000E-01  .84241560E+00
   .12351231E-14  .82261957E+00
   .40000000E-01  .80253834E+00
   .80000000E-01  .78216219E+00
   .12000000E+00  .76148089E+00
   .16000000E+00  .74048369E+00
   .20000000E+00  .71915931E+00
   .24000000E+00  .69749587E+00
   .28000000E+00  .67548087E+00
   .32000000E+00  .65310114E+00
   .36000000E+00  .63034279E+00
   .40000000E+00  .60719117E+00
   .44000000E+00  .58363082E+00
   .48000000E+00  .55964542E+00
   .52000000E+00  .53521766E+00
   .56000000E+00  .51032922E+00
   .60000000E+00  .48496066E+00
   .64000000E+00  .45909146E+00
   .68000000E+00  .43269981E+00
   .72000000E+00  .40576252E+00
   .76000000E+00  .37825492E+00
   .80000000E+00  .35015076E+00
   .84000000E+00  .32142206E+00
   .88000000E+00  .29203897E+00
   .92000000E+00  .26196961E+00
   .96000000E+00  .23117990E+00
   .10000000E+01  .19963333E+00
   .10400000E+01  .16729078E+00
   .10800000E+01  .13411026E+00
   .11200000E+01  .10004666E+00
   .11600000E+01  .65051405E-01
   .12000000E+01  .29072131E-01
   .12400000E+01 -.79475947E-02
   .12800000E+01 -.46068854E-01
   .13200000E+01 -.85357805E-01
   .13600000E+01 -.12588610E+00
   .14000000E+01 -.16773169E+00
   .14400000E+01 -.21097930E+00
   .14800000E+01 -.25572141E+00
   .15200000E+01 -.30205900E+00
   .15600000E+01 -.35010268E+00
   .16000000E+01 -.39997376E+00
   .16400000E+01 -.45180563E+00
   .16800000E+01 -.50574537E+00
   .17200000E+01 -.56195545E+00
   .17600000E+01 -.62061583E+00
   .18000000E+01 -.68192652E+00
   .18400000E+01 -.74611023E+00
   .18800000E+01 -.81341592E+00
   .19200000E+01 -.88412263E+00
   .19600000E+01 -.95854429E+00
   .20000000E+01 -.10370353E+01
Core Pot   L  =        4.00000    .00000
  -.20000000E+01  .18853500E+01
  -.19600000E+01  .18751083E+01
  -.19200000E+01  .18648165E+01
  -.18800000E+01  .18544739E+01
  -.18400000E+01  .18440800E+01
  -.18000000E+01  .18336340E+01
  -.17600000E+01  .18231351E+01
  -.17200000E+01  .18125826E+01
  -.16800000E+01  .18019757E+01
  -.16400000E+01  .17913138E+01
  -.16000000E+01  .17805959E+01
  -.15600000E+01  .17698212E+01
  -.15200000E+01  .17589890E+01
  -.14800000E+01  .17480983E+01
  -.14400000E+01  .17371484E+01
  -.14000000E+01  .17261382E+01
  -.13600000E+01  .17150670E+01
  -.13200000E+01  .17039337E+01
  -.12800000E+01  .16927374E+01
  -.12400000E+01  .16814772E+01
  -.12000000E+01  .16701520E+01
  -.11600000E+01  .16587607E+01
  -.11200000E+01  .16473024E+01
  -.10800000E+01  .16357760E+01
  -.10400000E+01  .16241803E+01
  -.10000000E+01  .16125143E+01
  -.96000000E+00  .16007767E+01
  -.92000000E+00  .15889663E+01
  -.88000000E+00  .15770820E+01
  -.84000000E+00  .15651224E+01
  -.80000000E+00  .15530864E+01
  -.76000000E+00  .15409725E+01
  -.72000000E+00  .15287794E+01
  -.68000000E+00  .15165057E+01
  -.64000000E+00  .15041499E+01
  -.60000000E+00  .14917107E+01
  -.56000000E+00  .14791864E+01
  -.52000000E+00  .14665756E+01
  -.48000000E+00  .14538765E+01
  -.44000000E+00  .14410876E+01
  -.40000000E+00  .14282072E+01
  -.36000000E+00  .14152335E+01
  -.32000000E+00  .14021648E+01
  -.28000000E+00  .13889991E+01
  -.24000000E+00  .13757345E+01
  -.20000000E+00  .13623692E+01
  -.16000000E+00  .13489011E+01
  -.12000000E+00  .13353281E+01
  -.80000000E-01  .13216480E+01
  -.40000000E-01  .13078586E+01
   .12351231E-14  .12939577E+01
   .40000000E-01  .12799429E+01
   .80000000E-01  .12658117E+01
   .12000000E+00  .12515617E+01
   .16000000E+00  .12371902E+01
   .20000000E+00  .12226945E+01
   .24000000E+00  .12080719E+01
   .28000000E+00  .11933196E+01
   .32000000E+00  .11784344E+01
   .36000000E+00  .11634135E+01
   .40000000E+00  .11482535E+01
   .44000000E+00  .11329513E+01
   .48000000E+00  .11175033E+01
   .52000000E+00  .11019061E+01
   .56000000E+00  .10861560E+01
   .60000000E+00  .10702493E+01
   .64000000E+00  .10541819E+01
   .68000000E+00  .10379498E+01
   .72000000E+00  .10215488E+01
   .76000000E+00  .10049744E+01
   .80000000E+00  .98822209E+00
   .84000000E+00  .97128712E+00
   .88000000E+00  .95416453E+00
   .92000000E+00  .93684918E+00
   .96000000E+00  .91933571E+00
   .10000000E+01  .90161855E+00
   .10400000E+01  .88369188E+00
   .10800000E+01  .86554966E+00
   .11200000E+01  .84718556E+00
   .11600000E+01  .82859300E+00
   .12000000E+01  .80976510E+00
   .12400000E+01  .79069467E+00
   .12800000E+01  .77137421E+00
   .13200000E+01  .75179587E+00
   .13600000E+01  .73195143E+00
   .14000000E+01  .71183230E+00
   .14400000E+01  .69142946E+00
   .14800000E+01  .67073348E+00
   .15200000E+01  .64973446E+00
   .15600000E+01  .62842200E+00
   .16000000E+01  .60678520E+00
   .16400000E+01  .58481259E+00
   .16800000E+01  .56249211E+00
   .17200000E+01  .53981108E+00
   .17600000E+01  .51675614E+00
   .18000000E+01  .49331321E+00
   .18400000E+01  .46946743E+00
   .18800000E+01  .44520314E+00
   .19200000E+01  .42050378E+00
   .19600000E+01  .39535185E+00
   .20000000E+01  .36972883E+00
Potential  L  =        4.00000    .00000
  -.20000000E+01  .18886032E+01
  -.19600000E+01  .18784330E+01
  -.19200000E+01  .18682144E+01
  -.18800000E+01  .18579477E+01
  -.18400000E+01  .18476313E+01
  -.18000000E+01  .18372648E+01
  -.17600000E+01  .18268477E+01
  -.17200000E+01  .18163792E+01
  -.16800000E+01  .18058586E+01
  -.16400000E+01  .17952854E+01
  -.16000000E+01  .17846587E+01
  -.15600000E+01  .17739779E+01
  -.15200000E+01  .17632421E+01
  -.14800000E+01  .17524507E+01
  -.14400000E+01  .17416027E+01
  -.14000000E+01  .17306975E+01
  -.13600000E+01  .17197343E+01
  -.13200000E+01  .17087120E+01
  -.12800000E+01  .16976301E+01
  -.12400000E+01  .16864874E+01
  -.12000000E+01  .16752833E+01
  -.11600000E+01  .16640167E+01
  -.11200000E+01  .16526867E+01
  -.10800000E+01  .16412924E+01
  -.10400000E+01  .16298328E+01
  -.10000000E+01  .16183070E+01
  -.96000000E+00  .16067139E+01
  -.92000000E+00  .15950523E+01
  -.88000000E+00  .15833215E+01
  -.84000000E+00  .15715201E+01
  -.80000000E+00  .15596470E+01
  -.76000000E+00  .15477013E+01
  -.72000000E+00  .15356814E+01
  -.68000000E+00  .15235865E+01
  -.64000000E+00  .15114152E+01
  -.60000000E+00  .14991663E+01
  -.56000000E+00  .14868383E+01
  -.52000000E+00  .14744302E+01
  -.48000000E+00  .14619404E+01
  -.44000000E+00  .14493675E+01
  -.40000000E+00  .14367102E+01
  -.36000000E+00  .14239670E+01
  -.32000000E+00  .14111364E+01
  -.28000000E+00  .13982166E+01
  -.24000000E+00  .13852063E+01
  -.20000000E+00  .13721038E+01
  -.16000000E+00  .13589074E+01
  -.12000000E+00  .13456154E+01
  -.80000000E-01  .13322259E+01
  -.40000000E-01  .13187373E+01
   .12351231E-14  .13051475E+01
   .40000000E-01  .12914548E+01
   .80000000E-01  .12776570E+01
   .12000000E+00  .12637522E+01
   .16000000E+00  .12497383E+01
   .20000000E+00  .12356131E+01
   .24000000E+00  .12213743E+01
   .28000000E+00  .12070198E+01
   .32000000E+00  .11925470E+01
   .36000000E+00  .11779537E+01
   .40000000E+00  .11632372E+01
   .44000000E+00  .11483951E+01
   .48000000E+00  .11334246E+01
   .52000000E+00  .11183230E+01
   .56000000E+00  .11030875E+01
   .60000000E+00  .10877152E+01
   .64000000E+00  .10722029E+01
   .68000000E+00  .10565477E+01
   .72000000E+00  .10407462E+01
   .76000000E+00  .10247952E+01
   .80000000E+00  .10086913E+01
   .84000000E+00  .99243081E+00
   .88000000E+00  .97601012E+00
   .92000000E+00  .95942542E+00
   .96000000E+00  .94267276E+00
   .10000000E+01  .92574808E+00
   .10400000E+01  .90864715E+00
   .10800000E+01  .89136558E+00
   .11200000E+01  .87389889E+00
   .11600000E+01  .85624234E+00
   .12000000E+01  .83839108E+00
   .12400000E+01  .82034004E+00
   .12800000E+01  .80208398E+00
   .13200000E+01  .78361745E+00
   .13600000E+01  .76493480E+00
   .14000000E+01  .74603014E+00
   .14400000E+01  .72689737E+00
   .14800000E+01  .70753013E+00
   .15200000E+01  .68792182E+00
   .15600000E+01  .66806552E+00
   .16000000E+01  .64795412E+00
   .16400000E+01  .62758013E+00
   .16800000E+01  .60693577E+00
   .17200000E+01  .58601292E+00
   .17600000E+01  .56480315E+00
   .18000000E+01  .54329757E+00
   .18400000E+01  .52148698E+00
   .18800000E+01  .49936175E+00
   .19200000E+01  .47691181E+00
   .19600000E+01  .45412661E+00
   .20000000E+01  .43099512E+00
KBPotential  L  =       .00000  -6.62003
  -.20000000E+01  .12399605E+01
  -.19600000E+01  .12200690E+01
  -.19200000E+01  .12002485E+01
  -.18800000E+01  .11804748E+01
  -.18400000E+01  .11607259E+01
  -.18000000E+01  .11409814E+01
  -.17600000E+01  .11212227E+01
  -.17200000E+01  .11014321E+01
  -.16800000E+01  .10815935E+01
  -.16400000E+01  .10616914E+01
  -.16000000E+01  .10417112E+01
  -.15600000E+01  .10216389E+01
  -.15200000E+01  .10014612E+01
  -.14800000E+01  .98116512E+00
  -.14400000E+01  .96073807E+00
  -.14000000E+01  .94016777E+00
  -.13600000E+01  .91944214E+00
  -.13200000E+01  .89854916E+00
  -.12800000E+01  .87747702E+00
  -.12400000E+01  .85621385E+00
  -.12000000E+01  .83474779E+00
  -.11600000E+01  .81306688E+00
  -.11200000E+01  .79115902E+00
  -.10800000E+01  .76901190E+00
  -.10400000E+01  .74661309E+00
  -.10000000E+01  .72394977E+00
  -.96000000E+00  .70100882E+00
  -.92000000E+00  .67777677E+00
  -.88000000E+00  .65423971E+00
  -.84000000E+00  .63038326E+00
  -.80000000E+00  .60619251E+00
  -.76000000E+00  .58165196E+00
  -.72000000E+00  .55674549E+00
  -.68000000E+00  .53145625E+00
  -.64000000E+00  .50576663E+00
  -.60000000E+00  .47965820E+00
  -.56000000E+00  .45311163E+00
  -.52000000E+00  .42610651E+00
  -.48000000E+00  .39862149E+00
  -.44000000E+00  .37063386E+00
  -.40000000E+00  .34211974E+00
  -.36000000E+00  .31305393E+00
  -.32000000E+00  .28340952E+00
  -.28000000E+00  .25315817E+00
  -.24000000E+00  .22226957E+00
  -.20000000E+00  .19071161E+00
  -.16000000E+00  .15844988E+00
  -.12000000E+00  .12544780E+00
  -.80000000E-01  .91666155E-01
  -.40000000E-01  .57062913E-01
   .12351231E-14  .21593177E-01
   .40000000E-01 -.14791572E-01
   .80000000E-01 -.52143383E-01
   .12000000E+00 -.90518471E-01
   .16000000E+00 -.12997740E+00
   .20000000E+00 -.17058583E+00
   .24000000E+00 -.21241482E+00
   .28000000E+00 -.25554169E+00
   .32000000E+00 -.30005040E+00
   .36000000E+00 -.34603253E+00
   .40000000E+00 -.39358820E+00
   .44000000E+00 -.44282673E+00
   .48000000E+00 -.49386878E+00
   .52000000E+00 -.54684633E+00
   .56000000E+00 -.60190521E+00
   .60000000E+00 -.65920662E+00
   .64000000E+00 -.71892929E+00
   .68000000E+00 -.78127190E+00
   .72000000E+00 -.84645597E+00
   .76000000E+00 -.91472934E+00
   .80000000E+00 -.98637015E+00
   .84000000E+00 -.10616917E+01
   .88000000E+00 -.11410482E+01
   .92000000E+00 -.12248418E+01
   .96000000E+00 -.13135308E+01
   .10000000E+01 -.14076401E+01
   .10400000E+01 -.15077738E+01
   .10800000E+01 -.16146306E+01
   .11200000E+01 -.17290229E+01
   .11600000E+01 -.18519025E+01
   .12000000E+01 -.19843898E+01
   .12400000E+01 -.21278133E+01
   .12800000E+01 -.22837622E+01
   .13200000E+01 -.24541520E+01
   .13600000E+01 -.26413136E+01
   .14000000E+01 -.28481125E+01
   .14400000E+01 -.30781113E+01
   .14800000E+01 -.33357956E+01
   .15200000E+01 -.36268948E+01
   .15600000E+01 -.39588450E+01
   .16000000E+01 -.43414743E+01
   .16400000E+01 -.47880530E+01
   .16800000E+01 -.53169429E+01
   .17200000E+01 -.59543001E+01
   .17600000E+01 -.67387019E+01
   .18000000E+01 -.77295163E+01
   .18400000E+01 -.90230879E+01
   .18800000E+01 -.10786847E+02
   .19200000E+01 -.13339688E+02
   .19600000E+01 -.17373323E+02
   .20000000E+01 -.24722098E+02
KBPotential  L  =      1.00000  -3.71819
  -.20000000E+01  .68135511E-01
  -.19600000E+01 -.14462336E+00
  -.19200000E+01 -.43288246E+00
  -.18800000E+01 -.84943011E+00
  -.18400000E+01 -.15113272E+01
  -.18000000E+01 -.27405310E+01
  -.17600000E+01 -.58610281E+01
  -.17200000E+01 -.30764753E+02
  -.16800000E+01  .13973973E+02
  -.16400000E+01  .65158906E+01
  -.16000000E+01  .45415451E+01
  -.15600000E+01  .36222635E+01
  -.15200000E+01  .30866338E+01
  -.14800000E+01  .27331916E+01
  -.14400000E+01  .24804831E+01
  -.14000000E+01  .22892857E+01
  -.13600000E+01  .21383784E+01
  -.13200000E+01  .20152769E+01
  -.12800000E+01  .19121559E+01
  -.12400000E+01  .18238615E+01
  -.12000000E+01  .17468600E+01
  -.11600000E+01  .16786474E+01
  -.11200000E+01  .16173995E+01
  -.10800000E+01  .15617555E+01
  -.10400000E+01  .15106796E+01
  -.10000000E+01  .14633685E+01
  -.96000000E+00  .14191902E+01
  -.92000000E+00  .13776401E+01
  -.88000000E+00  .13383101E+01
  -.84000000E+00  .13008665E+01
  -.80000000E+00  .12650335E+01
  -.76000000E+00  .12305811E+01
  -.72000000E+00  .11973157E+01
  -.68000000E+00  .11650728E+01
  -.64000000E+00  .11337120E+01
  -.60000000E+00  .11031122E+01
  -.56000000E+00  .10731684E+01
  -.52000000E+00  .10437888E+01
  -.48000000E+00  .10148929E+01
  -.44000000E+00  .98640917E+00
  -.40000000E+00  .95827431E+00
  -.36000000E+00  .93043147E+00
  -.32000000E+00  .90282947E+00
  -.28000000E+00  .87542199E+00
  -.24000000E+00  .84816670E+00
  -.20000000E+00  .82102502E+00
  -.16000000E+00  .79396126E+00
  -.12000000E+00  .76694235E+00
  -.80000000E-01  .73993740E+00
  -.40000000E-01  .71291754E+00
   .12351231E-14  .68585542E+00
   .40000000E-01  .65872519E+00
   .80000000E-01  .63150214E+00
   .12000000E+00  .60416254E+00
   .16000000E+00  .57668343E+00
   .20000000E+00  .54904275E+00
   .24000000E+00  .52121878E+00
   .28000000E+00  .49319025E+00
   .32000000E+00  .46493623E+00
   .36000000E+00  .43643609E+00
   .40000000E+00  .40766886E+00
   .44000000E+00  .37861407E+00
   .48000000E+00  .34925099E+00
   .52000000E+00  .31955867E+00
   .56000000E+00  .28951601E+00
   .60000000E+00  .25910146E+00
   .64000000E+00  .22829318E+00
   .68000000E+00  .19706868E+00
   .72000000E+00  .16540497E+00
   .76000000E+00  .13327843E+00
   .80000000E+00  .10066464E+00
   .84000000E+00  .67538381E-01
   .88000000E+00  .33873435E-01
   .92000000E+00 -.35744464E-03
   .96000000E+00 -.35182459E-01
   .10000000E+01 -.70631233E-01
   .10400000E+01 -.10673468E+00
   .10800000E+01 -.14352517E+00
   .11200000E+01 -.18103670E+00
   .11600000E+01 -.21930491E+00
   .12000000E+01 -.25836753E+00
   .12400000E+01 -.29826423E+00
   .12800000E+01 -.33903681E+00
   .13200000E+01 -.38072962E+00
   .13600000E+01 -.42338958E+00
   .14000000E+01 -.46706657E+00
   .14400000E+01 -.51181349E+00
   .14800000E+01 -.55768666E+00
   .15200000E+01 -.60474610E+00
   .15600000E+01 -.65305584E+00
   .16000000E+01 -.70268433E+00
   .16400000E+01 -.75370484E+00
   .16800000E+01 -.80619588E+00
   .17200000E+01 -.86024172E+00
   .17600000E+01 -.91593299E+00
   .18000000E+01 -.97336723E+00
   .18400000E+01 -.10326497E+01
   .18800000E+01 -.10938941E+01
   .19200000E+01 -.11572236E+01
   .19600000E+01 -.12227713E+01
   .20000000E+01 -.12906823E+01
KBPotential  L  =      2.00000   -.42025
  -.20000000E+01  .12550563E+01
  -.19600000E+01  .12378741E+01
  -.19200000E+01  .12204223E+01
  -.18800000E+01  .12026947E+01
  -.18400000E+01  .11846792E+01
  -.18000000E+01  .11663629E+01
  -.17600000E+01  .11477319E+01
  -.17200000E+01  .11287715E+01
  -.16800000E+01  .11094658E+01
  -.16400000E+01  .10897978E+01
  -.16000000E+01  .10697491E+01
  -.15600000E+01  .10493002E+01
  -.15200000E+01  .10284299E+01
  -.14800000E+01  .10071153E+01
  -.14400000E+01  .98533168E+00
  -.14000000E+01  .96305229E+00
  -.13600000E+01  .94024829E+00
  -.13200000E+01  .91688807E+00
  -.12800000E+01  .89293726E+00
  -.12400000E+01  .86835863E+00
  -.12000000E+01  .84311120E+00
  -.11600000E+01  .81715020E+00
  -.11200000E+01  .79042710E+00
  -.10800000E+01  .76288648E+00
  -.10400000E+01  .73446934E+00
  -.10000000E+01  .70510964E+00
  -.96000000E+00  .67473575E+00
  -.92000000E+00  .64326303E+00
  -.88000000E+00  .61060217E+00
  -.84000000E+00  .57665159E+00
  -.80000000E+00  .54129696E+00
  -.76000000E+00  .50440926E+00
  -.72000000E+00  .46584607E+00
  -.68000000E+00  .42543258E+00
  -.64000000E+00  .38299335E+00
  -.60000000E+00  .33829885E+00
  -.56000000E+00  .29110907E+00
  -.52000000E+00  .24113230E+00
  -.48000000E+00  .18803241E+00
  -.44000000E+00  .13141554E+00
  -.40000000E+00  .70817111E-01
  -.36000000E+00  .56852950E-02
  -.32000000E+00 -.64642822E-01
  -.28000000E+00 -.14096227E+00
  -.24000000E+00 -.22424619E+00
  -.20000000E+00 -.31569735E+00
  -.16000000E+00 -.41680900E+00
  -.12000000E+00 -.52946887E+00
  -.80000000E-01 -.65609564E+00
  -.40000000E-01 -.79983988E+00
   .12351231E-14 -.96488392E+00
   .40000000E-01 -.11568957E+01
   .80000000E-01 -.13837811E+01
   .12000000E+00 -.16568556E+01
   .16000000E+00 -.19929909E+01
   .20000000E+00 -.24183549E+01
   .24000000E+00 -.29759872E+01
   .28000000E+00 -.37420141E+01
   .32000000E+00 -.48648197E+01
   .36000000E+00 -.66779144E+01
   .40000000E+00 -.10118336E+02
   .44000000E+00 -.19222381E+02
   .48000000E+00 -.11511867E+03
   .52000000E+00  .31544010E+02
   .56000000E+00  .14372222E+02
   .60000000E+00  .94957074E+01
   .64000000E+00  .71834210E+01
   .68000000E+00  .58294735E+01
   .72000000E+00  .49372880E+01
   .76000000E+00  .43027952E+01
   .80000000E+00  .38267015E+01
   .84000000E+00  .34548937E+01
   .88000000E+00  .31553654E+01
   .92000000E+00  .29079612E+01
   .96000000E+00  .26994159E+01
   .10000000E+01  .25205267E+01
   .10400000E+01  .23648180E+01
   .10800000E+01  .22275480E+01
   .11200000E+01  .21051764E+01
   .11600000E+01  .19950045E+01
   .12000000E+01  .18949398E+01
   .12400000E+01  .18033338E+01
   .12800000E+01  .17188709E+01
   .13200000E+01  .16404861E+01
   .13600000E+01  .15673105E+01
   .14000000E+01  .14986255E+01
   .14400000E+01  .14338335E+01
   .14800000E+01  .13724317E+01
   .15200000E+01  .13139939E+01
   .15600000E+01  .12581575E+01
   .16000000E+01  .12046103E+01
   .16400000E+01  .11530821E+01
   .16800000E+01  .11033407E+01
   .17200000E+01  .10551784E+01
   .17600000E+01  .10084174E+01
   .18000000E+01  .96289547E+00
   .18400000E+01  .91847103E+00
   .18800000E+01  .87502210E+00
   .19200000E+01  .83243143E+00
   .19600000E+01  .79060185E+00
   .20000000E+01  .74943206E+00
KBPotential  L  =      3.00000    .00000
  -.20000000E+01  .15872630E+01
  -.19600000E+01  .15750051E+01
  -.19200000E+01  .15626625E+01
  -.18800000E+01  .15502334E+01
  -.18400000E+01  .15377163E+01
  -.18000000E+01  .15251094E+01
  -.17600000E+01  .15124110E+01
  -.17200000E+01  .14996194E+01
  -.16800000E+01  .14867325E+01
  -.16400000E+01  .14737487E+01
  -.16000000E+01  .14606659E+01
  -.15600000E+01  .14474820E+01
  -.15200000E+01  .14341950E+01
  -.14800000E+01  .14208027E+01
  -.14400000E+01  .14073030E+01
  -.14000000E+01  .13936934E+01
  -.13600000E+01  .13799717E+01
  -.13200000E+01  .13661354E+01
  -.12800000E+01  .13521820E+01
  -.12400000E+01  .13381089E+01
  -.12000000E+01  .13239133E+01
  -.11600000E+01  .13095925E+01
  -.11200000E+01  .12951435E+01
  -.10800000E+01  .12805635E+01
  -.10400000E+01  .12658493E+01
  -.10000000E+01  .12509976E+01
  -.96000000E+00  .12360052E+01
  -.92000000E+00  .12208687E+01
  -.88000000E+00  .12055844E+01
  -.84000000E+00  .11901486E+01
  -.80000000E+00  .11745576E+01
  -.76000000E+00  .11588073E+01
  -.72000000E+00  .11428935E+01
  -.68000000E+00  .11268121E+01
  -.64000000E+00  .11105585E+01
  -.60000000E+00  .10941280E+01
  -.56000000E+00  .10775159E+01
  -.52000000E+00  .10607171E+01
  -.48000000E+00  .10437263E+01
  -.44000000E+00  .10265381E+01
  -.40000000E+00  .10091468E+01
  -.36000000E+00  .99154653E+00
  -.32000000E+00  .97373102E+00
  -.28000000E+00  .95569383E+00
  -.24000000E+00  .93742822E+00
  -.20000000E+00  .91892715E+00
  -.16000000E+00  .90018324E+00
  -.12000000E+00  .88118878E+00
  -.80000000E-01  .86193572E+00
  -.40000000E-01  .84241560E+00
   .12351231E-14  .82261957E+00
   .40000000E-01  .80253834E+00
   .80000000E-01  .78216219E+00
   .12000000E+00  .76148089E+00
   .16000000E+00  .74048369E+00
   .20000000E+00  .71915931E+00
   .24000000E+00  .69749587E+00
   .28000000E+00  .67548087E+00
   .32000000E+00  .65310114E+00
   .36000000E+00  .63034279E+00
   .40000000E+00  .60719117E+00
   .44000000E+00  .58363082E+00
   .48000000E+00  .55964542E+00
   .52000000E+00  .53521766E+00
   .56000000E+00  .51032922E+00
   .60000000E+00  .48496066E+00
   .64000000E+00  .45909146E+00
   .68000000E+00  .43269981E+00
   .72000000E+00  .40576252E+00
   .76000000E+00  .37825492E+00
   .80000000E+00  .35015076E+00
   .84000000E+00  .32142206E+00
   .88000000E+00  .29203897E+00
   .92000000E+00  .26196961E+00
   .96000000E+00  .23117990E+00
   .10000000E+01  .19963333E+00
   .10400000E+01  .16729078E+00
   .10800000E+01  .13411026E+00
   .11200000E+01  .10004666E+00
   .11600000E+01  .65051405E-01
   .12000000E+01  .29072131E-01
   .12400000E+01 -.79475947E-02
   .12800000E+01 -.46068854E-01
   .13200000E+01 -.85357805E-01
   .13600000E+01 -.12588610E+00
   .14000000E+01 -.16773169E+00
   .14400000E+01 -.21097930E+00
   .14800000E+01 -.25572141E+00
   .15200000E+01 -.30205900E+00
   .15600000E+01 -.35010268E+00
   .16000000E+01 -.39997376E+00
   .16400000E+01 -.45180563E+00
   .16800000E+01 -.50574537E+00
   .17200000E+01 -.56195545E+00
   .17600000E+01 -.62061583E+00
   .18000000E+01 -.68192652E+00
   .18400000E+01 -.74611023E+00
   .18800000E+01 -.81341592E+00
   .19200000E+01 -.88412263E+00
   .19600000E+01 -.95854429E+00
   .20000000E+01 -.10370353E+01
KBPotential  L  =      4.00000    .00000
  -.20000000E+01  .18886032E+01
  -.19600000E+01  .18784330E+01
  -.19200000E+01  .18682144E+01
  -.18800000E+01  .18579477E+01
  -.18400000E+01  .18476313E+01
  -.18000000E+01  .18372648E+01
  -.17600000E+01  .18268477E+01
  -.17200000E+01  .18163792E+01
  -.16800000E+01  .18058586E+01
  -.16400000E+01  .17952854E+01
  -.16000000E+01  .17846587E+01
  -.15600000E+01  .17739779E+01
  -.15200000E+01  .17632421E+01
  -.14800000E+01  .17524507E+01
  -.14400000E+01  .17416027E+01
  -.14000000E+01  .17306975E+01
  -.13600000E+01  .17197343E+01
  -.13200000E+01  .17087120E+01
  -.12800000E+01  .16976301E+01
  -.12400000E+01  .16864874E+01
  -.12000000E+01  .16752833E+01
  -.11600000E+01  .16640167E+01
  -.11200000E+01  .16526867E+01
  -.10800000E+01  .16412924E+01
  -.10400000E+01  .16298328E+01
  -.10000000E+01  .16183070E+01
  -.96000000E+00  .16067139E+01
  -.92000000E+00  .15950523E+01
  -.88000000E+00  .15833215E+01
  -.84000000E+00  .15715201E+01
  -.80000000E+00  .15596470E+01
  -.76000000E+00  .15477013E+01
  -.72000000E+00  .15356814E+01
  -.68000000E+00  .15235865E+01
  -.64000000E+00  .15114152E+01
  -.60000000E+00  .14991663E+01
  -.56000000E+00  .14868383E+01
  -.52000000E+00  .14744302E+01
  -.48000000E+00  .14619404E+01
  -.44000000E+00  .14493675E+01
  -.40000000E+00  .14367102E+01
  -.36000000E+00  .14239670E+01
  -.32000000E+00  .14111364E+01
  -.28000000E+00  .13982166E+01
  -.24000000E+00  .13852063E+01
  -.20000000E+00  .13721038E+01
  -.16000000E+00  .13589074E+01
  -.12000000E+00  .13456154E+01
  -.80000000E-01  .13322259E+01
  -.40000000E-01  .13187373E+01
   .12351231E-14  .13051475E+01
   .40000000E-01  .12914548E+01
   .80000000E-01  .12776570E+01
   .12000000E+00  .12637522E+01
   .16000000E+00  .12497383E+01
   .20000000E+00  .12356131E+01
   .24000000E+00  .12213743E+01
   .28000000E+00  .12070198E+01
   .32000000E+00  .11925470E+01
   .36000000E+00  .11779537E+01
   .40000000E+00  .11632372E+01
   .44000000E+00  .11483951E+01
   .48000000E+00  .11334246E+01
   .52000000E+00  .11183230E+01
   .56000000E+00  .11030875E+01
   .60000000E+00  .10877152E+01
   .64000000E+00  .10722029E+01
   .68000000E+00  .10565477E+01
   .72000000E+00  .10407462E+01
   .76000000E+00  .10247952E+01
   .80000000E+00  .10086913E+01
   .84000000E+00  .99243081E+00
   .88000000E+00  .97601012E+00
   .92000000E+00  .95942542E+00
   .96000000E+00  .94267276E+00
   .10000000E+01  .92574808E+00
   .10400000E+01  .90864715E+00
   .10800000E+01  .89136558E+00
   .11200000E+01  .87389889E+00
   .11600000E+01  .85624234E+00
   .12000000E+01  .83839108E+00
   .12400000E+01  .82034004E+00
   .12800000E+01  .80208398E+00
   .13200000E+01  .78361745E+00
   .13600000E+01  .76493480E+00
   .14000000E+01  .74603014E+00
   .14400000E+01  .72689737E+00
   .14800000E+01  .70753013E+00
   .15200000E+01  .68792182E+00
   .15600000E+01  .66806552E+00
   .16000000E+01  .64795412E+00
   .16400000E+01  .62758013E+00
   .16800000E+01  .60693577E+00
   .17200000E+01  .58601292E+00
   .17600000E+01  .56480315E+00
   .18000000E+01  .54329757E+00
   .18400000E+01  .52148698E+00
   .18800000E+01  .49936175E+00
   .19200000E+01  .47691181E+00
   .19600000E+01  .45412661E+00
   .20000000E+01  .43099512E+00
