Pm : [core=Xe4]                         
  .797115208E-01  .808526979E-01  .820101338E-01  .831840584E-01  .843747048E-01
  .855823093E-01  .868071118E-01  .880493552E-01  .893092860E-01  .905871540E-01
  .918832126E-01  .931977188E-01  .945309329E-01  .958831192E-01  .972545453E-01
  .986454828E-01  .100056207E+00  .101486997E+00  .102938136E+00  .104409911E+00
  .105902612E+00  .107416536E+00  .108951980E+00  .110509248E+00  .112088648E+00
  .113690491E+00  .115315093E+00  .116962776E+00  .118633863E+00  .120328684E+00
  .122047573E+00  .123790869E+00  .125558915E+00  .127352059E+00  .129170654E+00
  .131015057E+00  .132885632E+00  .134782746E+00  .136706772E+00  .138658087E+00
  .140637076E+00  .142644126E+00  .144679632E+00  .146743992E+00  .148837612E+00
  .150960901E+00  .153114276E+00  .155298159E+00  .157512977E+00  .159759163E+00
  .162037158E+00  .164347406E+00  .166690359E+00  .169066475E+00  .171476219E+00
  .173920059E+00  .176398474E+00  .178911948E+00  .181460969E+00  .184046035E+00
  .186667650E+00  .189326324E+00  .192022574E+00  .194756927E+00  .197529912E+00
  .200342069E+00  .203193946E+00  .206086095E+00  .209019078E+00  .211993465E+00
  .215009833E+00  .218068765E+00  .221170856E+00  .224316705E+00  .227506922E+00
  .230742125E+00  .234022939E+00  .237349998E+00  .240723946E+00  .244145433E+00
  .247615121E+00  .251133678E+00  .254701784E+00  .258320127E+00  .261989402E+00
  .265710317E+00  .269483588E+00  .273309940E+00  .277190110E+00  .281124842E+00
  .285114893E+00  .289161027E+00  .293264022E+00  .297424664E+00  .301643750E+00
  .305922087E+00  .310260496E+00  .314659805E+00  .319120856E+00  .323644501E+00
  .328231604E+00  .332883039E+00  .337599695E+00  .342382471E+00  .347232276E+00
  .352150035E+00  .357136683E+00  .362193169E+00  .367320452E+00  .372519507E+00
  .377791320E+00  .383136891E+00  .388557233E+00  .394053373E+00  .399626350E+00
  .405277220E+00  .411007049E+00  .416816921E+00  .422707931E+00  .428681192E+00
  .434737829E+00  .440878982E+00  .447105808E+00  .453419478E+00  .459821179E+00
  .466312112E+00  .472893496E+00  .479566566E+00  .486332571E+00  .493192779E+00
  .500148474E+00  .507200955E+00  .514351541E+00  .521601566E+00  .528952383E+00
  .536405361E+00  .543961888E+00  .551623371E+00  .559391235E+00  .567266921E+00
  .575251892E+00  .583347630E+00  .591555633E+00  .599877422E+00  .608314536E+00
  .616868535E+00  .625540998E+00  .634333524E+00  .643247736E+00  .652285275E+00
  .661447803E+00  .670737005E+00  .680154586E+00  .689702276E+00  .699381824E+00
  .709195003E+00  .719143609E+00  .729229459E+00  .739454396E+00  .749820286E+00
  .760329016E+00  .770982502E+00  .781782679E+00  .792731511E+00  .803830985E+00
  .815083114E+00  .826489935E+00  .838053513E+00  .849775937E+00  .861659325E+00
  .873705819E+00  .885917590E+00  .898296835E+00  .910845780E+00  .923566678E+00
  .936461810E+00  .949533486E+00  .962784046E+00  .976215857E+00  .989831318E+00
  .100363286E+01  .101762293E+01  .103180403E+01  .104617867E+01  .106074940E+01
  .107551881E+01  .109048951E+01  .110566414E+01  .112104539E+01  .113663597E+01
  .115243862E+01  .116845612E+01  .118469129E+01  .120114697E+01  .121782604E+01
  .123473142E+01  .125186607E+01  .126923297E+01  .128683515E+01  .130467566E+01
  .132275762E+01  .134108415E+01  .135965842E+01  .137848366E+01  .139756310E+01
  .141690005E+01  .143649782E+01  .145635979E+01  .147648937E+01  .149689000E+01
  .151756517E+01  .153851842E+01  .155975333E+01  .158127349E+01  .160308258E+01
  .162518429E+01  .164758238E+01  .167028062E+01  .169328284E+01  .171659294E+01
  .174021482E+01  .176415246E+01  .178840988E+01  .181299112E+01  .183790030E+01
  .186314157E+01  .188871914E+01  .191463725E+01  .194090020E+01  .196751234E+01
  .199447807E+01  .202180183E+01  .204948813E+01  .207754150E+01  .210596654E+01
  .213476792E+01  .216395032E+01  .219351851E+01  .222347730E+01  .225383154E+01
  .228458614E+01  .231574609E+01  .234731640E+01  .237930215E+01  .241170847E+01
  .244454057E+01  .247780368E+01  .251150311E+01  .254564421E+01  .258023242E+01
  .261527320E+01  .265077210E+01  .268673471E+01  .272316667E+01  .276007372E+01
  .279746161E+01  .283533620E+01  .287370336E+01  .291256907E+01  .295193934E+01
  .299182026E+01  .303221797E+01  .307313867E+01  .311458865E+01  .315657424E+01
  .319910184E+01  .324217792E+01  .328580900E+01  .333000169E+01  .337476264E+01
  .342009859E+01  .346601633E+01  .351252272E+01  .355962469E+01  .360732925E+01
  .365564346E+01  .370457445E+01  .375412942E+01  .380431565E+01  .385514048E+01
  .390661132E+01  .395873565E+01  .401152103E+01  .406497507E+01  .411910547E+01
  .417391999E+01  .422942647E+01  .428563282E+01  .434254700E+01  .440017708E+01
  .445853118E+01  .451761748E+01  .457744427E+01  .463801987E+01  .469935271E+01
  .476145126E+01  .482432409E+01  .488797982E+01  .495242717E+01  .501767492E+01
  .508373191E+01  .515060707E+01  .521830940E+01  .528684798E+01  .535623194E+01
  .542647052E+01  .549757300E+01  .556954875E+01  .564240720E+01  .571615788E+01
  .579081037E+01  .586637432E+01  .594285947E+01  .602027562E+01  .609863265E+01
  .617794051E+01  .625820921E+01  .633944885E+01  .642166958E+01  .650488165E+01
  .658909536E+01  .667432107E+01  .676056924E+01  .684785037E+01  .693617505E+01
  .702555392E+01  .711599770E+01  .720751717E+01  .730012318E+01  .739382665E+01
  .748863856E+01  .758456994E+01  .768163192E+01  .777983565E+01  .787919236E+01
  .797971336E+01  .808140999E+01  .818429366E+01  .828837585E+01  .839366807E+01
  .850018192E+01  .860792902E+01  .871692106E+01  .882716980E+01  .893868701E+01
  .905148455E+01  .916557430E+01  .928096820E+01  .939767824E+01  .951571644E+01
  .963509487E+01  .975582564E+01  .987792090E+01  .100013928E+02  .101262537E+02
  .102525156E+02  .103801910E+02  .105092922E+02  .106398314E+02  .107718211E+02
  .109052737E+02  .110402015E+02  .111766170E+02  .113145327E+02  .114539610E+02
  .115949143E+02  .117374052E+02  .118814462E+02  .120270497E+02  .121742282E+02
  .123229942E+02  .124733603E+02  .126253388E+02  .127789422E+02  .129341831E+02
  .130910738E+02  .132496267E+02  .134098543E+02  .135717688E+02  .137353827E+02
  .139007081E+02  .140677574E+02  .142365428E+02  .144070764E+02  .145793704E+02
  .147534367E+02  .149292875E+02  .151069346E+02  .152863899E+02  .154676652E+02
  .156507722E+02  .158357226E+02  .160225279E+02  .162111995E+02  .164017489E+02
  .165941872E+02  .167885257E+02  .169847754E+02  .171829472E+02  .173830519E+02
  .175851002E+02  .177891026E+02  .179950695E+02  .182030112E+02  .184129378E+02
  .186248592E+02  .188387852E+02  .190547255E+02  .192726894E+02  .194926861E+02
  .197147249E+02  .199388144E+02  .201649634E+02  .203931804E+02  .206234735E+02
  .208558507E+02  .210903198E+02  .213268884E+02  .215655638E+02  .218063528E+02
  .220492624E+02  .222942990E+02  .225414688E+02  .227907777E+02  .230422314E+02
  .232958351E+02  .235515939E+02  .238095126E+02  .240695953E+02  .243318462E+02
  .245962689E+02  .248628668E+02  .251316427E+02  .254025993E+02  .256757387E+02
  .259510628E+02  .262285729E+02  .265082699E+02  .267901545E+02  .270742268E+02
  .273604864E+02  .276489325E+02  .279395640E+02  .282323791E+02  .285273755E+02
  .288245507E+02  .291239014E+02  .294254239E+02  .297291140E+02  .300349668E+02
  .303429771E+02  .306531390E+02  .309654460E+02  .312798912E+02  .315964668E+02
  .319151647E+02  .322359761E+02  .325588914E+02  .328839006E+02  .332109930E+02
  .335401571E+02  .338713809E+02  .342046517E+02  .345399560E+02  .348772796E+02
  .352166078E+02  .355579250E+02  .359012148E+02  .362464601E+02  .365936433E+02
  .369427457E+02  .372937479E+02  .376466298E+02  .380013704E+02  .383579479E+02
  .387163399E+02  .390765228E+02  .394384723E+02  .398021634E+02  .401675701E+02
  .405346655E+02  .409034219E+02  .412738105E+02  .416458019E+02  .420193657E+02
  .423944703E+02  .427710835E+02  .431491721E+02  .435287017E+02  .439096373E+02
  .442919428E+02  .446755808E+02  .450605135E+02  .454467017E+02  .458341053E+02
  .462226832E+02  .466123933E+02  .470031925E+02  .473950366E+02  .477878805E+02
  .481816779E+02  .485763817E+02  .489719434E+02  .493683138E+02  .497654424E+02
  .501632779E+02  .505617677E+02  .509608582E+02  .513604948E+02  .517606219E+02
  .521611827E+02  .525621194E+02  .529633731E+02  .533648839E+02  .537665908E+02
  .541684318E+02  .545703437E+02  .549722625E+02  .553741228E+02  .557758586E+02
  .561774026E+02  .565786864E+02  .569796408E+02  .573801954E+02  .577802790E+02
  .581798192E+02  .585787427E+02  .589769754E+02  .593744419E+02  .597710661E+02
  .601667710E+02  .605614785E+02  .609551097E+02  .613475849E+02  .617388234E+02
  .621287438E+02  .625172636E+02  .629042999E+02  .632897688E+02  .636735855E+02
  .640556647E+02  .644359204E+02  .648142657E+02  .651906133E+02  .655648750E+02
  .659369624E+02  .663067862E+02  .666742567E+02  .670392836E+02  .674017764E+02
  .677616438E+02  .681187945E+02  .684731366E+02  .688245780E+02  .691730263E+02
  .695183888E+02  .698605728E+02  .701994853E+02  .705350334E+02  .708671239E+02
  .711956639E+02  .715205604E+02  .718417204E+02  .721590514E+02  .724724609E+02
  .727818566E+02  .730871467E+02  .733882398E+02  .736850448E+02  .739774713E+02
  .742654294E+02  .745488297E+02  .748275838E+02  .751016039E+02  .753708031E+02
  .756350952E+02  .758943954E+02  .761486195E+02  .763976848E+02  .766415096E+02
  .768800135E+02  .771131175E+02  .773407440E+02  .775628169E+02  .777792616E+02
  .779900054E+02  .781949772E+02  .783941076E+02  .785873294E+02  .787745772E+02
  .789557876E+02  .791308996E+02  .792998544E+02  .794625953E+02  .796190684E+02
  .797692219E+02  .799130069E+02  .800503770E+02  .801812888E+02  .803057015E+02
  .804235774E+02  .805348818E+02  .806395831E+02  .807376530E+02  .808290663E+02
  .809138015E+02  .809918404E+02  .810631682E+02  .811277740E+02  .811856505E+02
  .812367943E+02  .812812059E+02  .813188896E+02  .813498541E+02  .813741119E+02
  .813916799E+02  .814025793E+02  .814068356E+02  .814044788E+02  .813955434E+02
  .813800685E+02  .813580979E+02  .813296801E+02  .812948682E+02  .812537204E+02
  .812062998E+02  .811526743E+02  .810929168E+02  .810271054E+02  .809553233E+02
  .808776587E+02  .807942051E+02  .807050612E+02  .806103309E+02  .805101235E+02
  .804045534E+02  .802937406E+02  .801778102E+02  .800568926E+02  .799311239E+02
  .798006451E+02  .796656028E+02  .795261490E+02  .793824407E+02  .792346406E+02
  .790829164E+02  .789274410E+02  .787683928E+02  .786059549E+02  .784403160E+02
  .782716694E+02  .781002137E+02  .779261523E+02  .777496934E+02  .775710499E+02
  .773904396E+02  .772080847E+02  .770242117E+02  .768390518E+02  .766528402E+02
  .764658162E+02  .762782232E+02  .760903085E+02  .759023227E+02  .757145203E+02
  .755271591E+02  .753405000E+02  .751548069E+02  .749703466E+02  .747873886E+02
  .746062047E+02  .744270690E+02  .742502576E+02  .740760484E+02  .739047207E+02
  .737365554E+02  .735718342E+02  .734108398E+02  .732538554E+02  .731011643E+02
  .729530501E+02  .728097959E+02  .726716844E+02  .725389974E+02  .724120154E+02
  .722910177E+02  .721762815E+02  .720680822E+02  .719666926E+02  .718723828E+02
  .717854198E+02  .717060671E+02  .716345846E+02  .715712280E+02  .715162485E+02
  .714698925E+02  .714324011E+02  .714040100E+02  .713849491E+02  .713754417E+02
  .713757048E+02  .713859481E+02  .714063742E+02  .714371777E+02  .714785453E+02
  .715306553E+02  .715936768E+02  .716677700E+02  .717530855E+02  .718497639E+02
  .719579357E+02  .720777206E+02  .722092274E+02  .723525536E+02  .725077853E+02
  .726749962E+02  .728542480E+02  .730455900E+02  .732490582E+02  .734646757E+02
  .736924522E+02  .739323835E+02  .741844514E+02  .744486237E+02  .747248536E+02
  .750130796E+02  .753132253E+02  .756251993E+02  .759488949E+02  .762841900E+02
  .766309469E+02  .769890124E+02  .773582171E+02  .777383763E+02  .781292889E+02
  .785307379E+02  .789424905E+02  .793642976E+02  .797958943E+02  .802369997E+02
  .806873168E+02  .811465330E+02  .816143198E+02  .820903334E+02  .825742143E+02
  .830655879E+02  .835640644E+02  .840692396E+02  .845806943E+02  .850979953E+02
  .856206956E+02  .861483342E+02  .866804374E+02  .872165183E+02  .877560777E+02
  .882986045E+02  .888435761E+02  .893904591E+02  .899387094E+02  .904877732E+02
  .910370874E+02  .915860804E+02  .921341721E+02  .926807757E+02  .932252972E+02
  .937671370E+02  .943056900E+02  .948403469E+02  .953704947E+02  .958955175E+02
  .964147975E+02  .969277156E+02  .974336525E+02  .979319895E+02  .984221095E+02
  .989033978E+02  .993752430E+02  .998370381E+02  .100288182E+03  .100728078E+03
  .101156140E+03  .101571786E+03  .101974448E+03  .102363564E+03  .102738586E+03
  .103098978E+03  .103444216E+03  .103773792E+03  .104087212E+03  .104384001E+03
  .104663698E+03  .104925864E+03  .105170075E+03  .105395932E+03  .105603055E+03
  .105791086E+03  .105959692E+03  .106108561E+03  .106237411E+03  .106345981E+03
  .106434038E+03  .106501379E+03  .106547827E+03  .106573233E+03  .106577481E+03
  .106560481E+03  .106522179E+03  .106462547E+03  .106381594E+03  .106279359E+03
  .106155913E+03  .106011363E+03  .105845848E+03  .105659540E+03  .105452647E+03
  .105225410E+03  .104978105E+03  .104711043E+03  .104424566E+03  .104119055E+03
  .103794921E+03  .103452611E+03  .103092605E+03  .102715416E+03  .102321589E+03
  .101911702E+03  .101486364E+03  .101046215E+03  .100591926E+03  .100124195E+03
  .996437514E+02  .991513495E+02  .986477711E+02  .981338231E+02  .976103367E+02
  .970781658E+02  .965381858E+02  .959912922E+02  .954383994E+02  .948804388E+02
  .943183575E+02  .937531164E+02  .931856888E+02  .926170584E+02  .920482174E+02
  .914801650E+02  .909139053E+02  .903504451E+02  .897907924E+02  .892359538E+02
  .886869328E+02  .881447276E+02  .876103291E+02  .870847184E+02  .865688650E+02
  .860637242E+02  .855702355E+02  .850893200E+02  .846218780E+02  .841687873E+02
  .837309010E+02  .833090448E+02  .829040154E+02  .825165781E+02  .821474651E+02
  .817973728E+02  .814669605E+02  .811568481E+02  .808676142E+02  .805997943E+02
  .803538793E+02  .801303134E+02  .799294927E+02  .797517637E+02  .795974219E+02
  .794667102E+02  .793598179E+02  .792768796E+02  .792179738E+02  .791831225E+02
  .791722900E+02  .791853823E+02  .792222468E+02  .792826715E+02  .793663850E+02
  .794730563E+02  .796022947E+02  .797536501E+02  .799266130E+02  .801206155E+02
  .803350312E+02  .805691765E+02  .808223111E+02  .810936395E+02  .813823117E+02
  .816874250E+02  .820080252E+02  .823431084E+02  .826916227E+02  .830524705E+02
  .834245099E+02  .838065579E+02  .841973918E+02  .845957522E+02  .850003456E+02
  .854098472E+02  .858229031E+02  .862381345E+02  .866541393E+02  .870694966E+02
  .874827688E+02  .878925058E+02  .882972480E+02  .886955296E+02  .890858824E+02
  .894668395E+02  .898369385E+02  .901947255E+02  .905387585E+02  .908676113E+02
  .911798770E+02  .914741720E+02  .917491391E+02  .920034518E+02  .922358174E+02
  .924449807E+02  .926297275E+02  .927888882E+02  .929213408E+02  .930260143E+02
  .931018918E+02  .931480139E+02  .931634810E+02  .931474564E+02  .930991692E+02
  .930179164E+02  .929030652E+02  .927540557E+02  .925704024E+02  .923516961E+02
  .920976058E+02  .918078798E+02  .914823472E+02  .911209188E+02  .907235881E+02
  .902904314E+02  .898216091E+02  .893173647E+02  .887780259E+02  .882040034E+02
  .875957911E+02  .869539646E+02  .862791811E+02  .855721774E+02  .848337691E+02
  .840648482E+02  .832663824E+02  .824394116E+02  .815850469E+02  .807044668E+02
  .797989159E+02  .788697006E+02  .779181871E+02  .769457972E+02  .759540058E+02
  .749443362E+02  .739183573E+02  .728776787E+02  .718239478E+02  .707588443E+02
  .696840770E+02  .686013786E+02  .675125019E+02  .664192143E+02  .653232945E+02
  .642265261E+02  .631306949E+02  .620375820E+02  .609489612E+02  .598665924E+02
  .587922186E+02  .577275594E+02  .566743084E+02  .556341268E+02  .546086407E+02
  .535994349E+02  .526080506E+02  .516359796E+02  .506846617E+02  .497554797E+02
  .488497571E+02  .479687530E+02  .471136605E+02  .462856022E+02  .454856287E+02
  .447147143E+02  .439737565E+02  .432635720E+02  .425848961E+02  .419383799E+02
  .413245898E+02  .407440055E+02  .401970194E+02  .396839357E+02  .392049699E+02
  .387602485E+02  .383498092E+02  .379736007E+02  .376314835E+02  .373232304E+02
  .370485275E+02  .368069754E+02  .365980905E+02  .364213067E+02  .362759773E+02
  .361613773E+02  .360767054E+02  .360210872E+02  .359935780E+02  .359931658E+02
  .360187751E+02  .360692705E+02  .361434608E+02  .362401033E+02  .363579080E+02
  .364955426E+02  .366516363E+02  .368247856E+02  .370135582E+02  .372164981E+02
  .374321299E+02  .376589643E+02  .378955013E+02  .381402363E+02  .383916629E+02
  .386482788E+02  .389085887E+02  .391711097E+02  .394343746E+02  .396969365E+02
  .399573722E+02  .402142866E+02  .404663158E+02  .407121317E+02  .409504440E+02
  .411800052E+02  .413996118E+02  .416081095E+02  .418043939E+02  .419874149E+02
  .421561774E+02  .423097452E+02  .424472415E+02  .425678519E+02  .426708248E+02
  .427554740E+02  .428211782E+02  .428673835E+02  .428936027E+02  .428994165E+02
  .428844728E+02  .428484879E+02  .427912444E+02  .427125926E+02  .426124480E+02
  .424907915E+02  .423476677E+02  .421831836E+02  .419975071E+02  .417908655E+02
  .415635429E+02  .413158791E+02  .410482668E+02  .407611492E+02  .404550182E+02
  .401304111E+02  .397879084E+02  .394281311E+02  .390517377E+02  .386594213E+02
  .382519070E+02  .378299485E+02  .373943258E+02  .369458413E+02  .364853177E+02
  .360135943E+02  .355315246E+02  .350399727E+02  .345398115E+02  .340319181E+02
  .335171732E+02  .329964560E+02  .324706438E+02  .319406074E+02  .314072101E+02
  .308713043E+02  .303337301E+02  .297953118E+02  .292568573E+02  .287191548E+02
  .281829721E+02  .276490535E+02  .271181196E+02  .265908646E+02  .260679558E+02
  .255500316E+02  .250377014E+02  .245315430E+02  .240321037E+02  .235398978E+02
  .230554076E+02  .225790810E+02  .221113333E+02  .216525451E+02  .212030636E+02
  .207632013E+02  .203332376E+02  .199134173E+02  .195039525E+02  .191050220E+02
  .187167722E+02  .183393175E+02  .179727414E+02  .176170965E+02  .172724064E+02
  .169386652E+02  .166158400E+02  .163038705E+02  .160026713E+02  .157121319E+02
  .154321188E+02  .151624759E+02  .149030262E+02  .146535729E+02  .144139008E+02
  .141837772E+02  .139629534E+02  .137511663E+02  .135481392E+02  .133535832E+02
  .131671990E+02  .129886774E+02  .128177011E+02  .126539459E+02  .124970819E+02
  .123467745E+02  .122026862E+02  .120644771E+02  .119318064E+02  .118043335E+02
  .116817189E+02  .115636258E+02  .114497201E+02  .113396723E+02  .112331578E+02
  .111298583E+02  .110294619E+02  .109316645E+02  .108361702E+02  .107426920E+02
  .106509522E+02  .105606835E+02  .104716286E+02  .103835417E+02  .102961878E+02
  .102093440E+02  .101227990E+02  .100363540E+02  .994982202E+01  .986302909E+01
  .977581342E+01  .968802605E+01  .959953038E+01  .951020262E+01  .941993115E+01
  .932861697E+01  .923617302E+01  .914252444E+01  .904760792E+01  .895137189E+01
  .885377575E+01  .875479007E+01  .865439574E+01  .855258413E+01  .844935617E+01
  .834472248E+01  .823870249E+01  .813132441E+01  .802262440E+01  .791264652E+01
  .780144184E+01  .768906841E+01  .757559034E+01  .746107768E+01  .734560545E+01
  .722925423E+01  .711210758E+01  .699425485E+01  .687578681E+01  .675679900E+01
  .663738787E+01  .651765331E+01  .639769556E+01  .627761724E+01  .615752053E+01
  .603750924E+01  .591768588E+01  .579815373E+01  .567901428E+01  .556036891E+01
  .544231661E+01  .532495562E+01  .520838113E+01  .509268713E+01  .497796398E+01
  .486430031E+01  .475178072E+01  .464048767E+01  .453049918E+01  .442189079E+01
  .431473332E+01  .420909486E+01  .410503847E+01  .400262434E+01  .390190747E+01
  .380293986E+01  .370576822E+01  .361043616E+01  .351698202E+01  .342544104E+01
  .333584317E+01  .324821533E+01  .316257927E+01  .307895379E+01  .299735263E+01
  .291778662E+01  .284026220E+01  .276478233E+01  .269134632E+01  .261995008E+01
  .255058607E+01  .248324367E+01  .241790901E+01  .235456544E+01  .229319333E+01
  .223377056E+01  .217627232E+01  .212067160E+01  .206693900E+01  .201504321E+01
  .196495082E+01  .191662683E+01  .187003441E+01  .182513545E+01  .178189027E+01
  .174025819E+01  .170019726E+01  .166166478E+01  .162461703E+01  .158900979E+01
  .155479807E+01  .152193662E+01  .149037963E+01  .146008126E+01  .143099531E+01
  .140307574E+01  .137627635E+01  .135055130E+01  .132585476E+01  .130214142E+01
  .127936613E+01  .125748445E+01  .123645223E+01  .121622619E+01  .119676347E+01
  .117802220E+01  .115996107E+01  .114253990E+01  .112571916E+01  .110946054E+01
  .109372653E+01  .107848090E+01  .106368828E+01  .104931471E+01  .103532713E+01
  .102169394E+01  .100838450E+01  .995369692E+00  .982621369E+00  .970112927E+00
  .957818771E+00  .945714849E+00  .933778125E+00  .921987106E+00  .910321302E+00
  .898761750E+00  .887290473E+00  .875890996E+00  .864547794E+00  .853246814E+00
  .841974913E+00  .830720380E+00  .819472345E+00  .808221302E+00  .796958720E+00
  .785677108E+00  .774370063E+00  .763032112E+00  .751658756E+00  .740246510E+00
  .728792613E+00  .717295409E+00  .705753813E+00  .694167773E+00  .682537824E+00
  .670865313E+00  .659152270E+00  .647401330E+00  .635615798E+00  .623799529E+00
  .611956874E+00  .600092811E+00  .588212572E+00  .576322059E+00  .564427309E+00
  .552534900E+00  .540651591E+00  .528784444E+00  .516940761E+00  .505127999E+00
  .493353761E+00  .481625812E+00  .469951873E+00  .458339855E+00  .446797492E+00
  .435332642E+00  .423952956E+00  .412666084E+00  .401479461E+00  .390400425E+00
  .379436042E+00  .368593272E+00  .357878692E+00  .347298763E+00  .336859518E+00
  .326566835E+00  .316426126E+00  .306442626E+00  .296621081E+00  .286966037E+00
  .277481538E+00  .268171415E+00  .259038993E+00  .250087380E+00  .241319178E+00
  .232736776E+00  .224342082E+00  .216136732E+00  .208122001E+00  .200298835E+00
  .192667854E+00  .185229367E+00  .177983384E+00  .170929623E+00  .164067525E+00
  .157396269E+00  .150914781E+00  .144621749E+00  .138515637E+00  .132594699E+00
  .126856991E+00  .121300383E+00  .115922576E+00  .110721113E+00  .105693391E+00
  .100836675E+00  .961481077E-01  .916247239E-01  .872634596E-01  .830611639E-01
  .790146088E-01  .751204995E-01  .713754835E-01  .677761597E-01  .643190871E-01
  .610007926E-01  .578177788E-01  .547665312E-01  .518435252E-01  .490452320E-01
  .463681252E-01  .438086862E-01  .413634094E-01  .390288075E-01  .368014161E-01
  .346777980E-01  .326545474E-01  .307282939E-01  .288957058E-01  .271534938E-01
  .254984141E-01  .239272714E-01  .224369214E-01  .210242739E-01  .196862947E-01
  .184200079E-01  .172224982E-01  .160909126E-01  .150224620E-01  .140144229E-01
  .130641385E-01  .121690203E-01  .113265487E-01  .105342741E-01  .978981774E-02
  .909087185E-02  .843520038E-02  .782063906E-02  .724509554E-02  .670654928E-02
  .620305132E-02  .573272396E-02  .529376018E-02  .488442304E-02  .450304488E-02
  .414802646E-02  .381783591E-02  .351100764E-02  .322614109E-02  .296189945E-02
  .271700823E-02  .249025379E-02  .228048181E-02  .208659568E-02  .190755482E-02
  .174237299E-02  .159011656E-02  .144990273E-02  .132089773E-02  .120231506E-02
  .109341363E-02  .993495985E-03  .901906483E-03  .818029524E-03  .741287765E-03
  .671140375E-03  .607081312E-03  .548637639E-03  .495367861E-03  .446860319E-03
  .402731611E-03  .362625068E-03  .326209269E-03  .293176609E-03  .263241915E-03
  .236141115E-03  .211629957E-03  .189482778E-03  .169491329E-03  .151463655E-03
  .135223018E-03  .120606877E-03  .107465925E-03  .956631583E-04  .850730165E-04
  .755805522E-04  .670806572E-04  .594773297E-04  .526829862E-04  .466178152E-04
  .412091709E-04  .363910062E-04  .321033426E-04  .282917752E-04  .249070121E-04
  .219044454E-04  .192437533E-04  .168885303E-04  .148059452E-04  .129664250E-04
  .113433625E-04  .991284691E-05  .865341616E-05  .754582857E-05  .657285371E-05
  .571908040E-05  .497074106E-05  .431555111E-05  .374256232E-05  .324202920E-05
  .280528729E-05  .242464259E-05  .209327115E-05  .180512806E-05  .155486504E-05
  .133775599E-05  .114962977E-05  .986809535E-06  .846058232E-06  .724529527E-06
  .619723785E-06  .529448594E-06  .451783437E-06  .385048103E-06  .327774487E-06
  .278681461E-06  .236652488E-06  .200715736E-06  .170026420E-06  .143851144E-06
  .121554049E-06  .102584567E-06  .864666019E-07  .727890080E-07  .611971978E-07
  .513857714E-07  .430920461E-07  .360903858E-07  .301872391E-07  .252168021E-07
  .210372352E-07  .175273653E-07  .145838179E-07  .121185242E-07  .100565597E-07
  .833427134E-08  .689765747E-08  .570096918E-08  .470550388E-08  .387856647E-08
  .319257631E-08  .262430049E-08  .215419659E-08  .176585026E-08  .144549446E-08
  .118159939E-08  .964522993E-09  .786213737E-09  .639958167E-09  .520166811E-09
  .422192917E-09  .342179218E-09  .276928594E-09  .223795075E-09  .180592139E-09
  .145515664E-09  .117079319E-09  .940604566E-10  .754548717E-10  .604390459E-10
  .483386786E-10  .386025053E-10  .307805496E-10  .245060863E-10  .194807068E-10
  .154619790E-10  .122532491E-10  .969526264E-11  .765924553E-11  .604124582E-11
  .475748062E-11  .374053171E-11  .293623709E-11  .230115525E-11  .180050018E-11
  .140646253E-11  .109684707E-11  .853968657E-12  .663759290E-12  .515047003E-12
  .398974627E-12  .308532057E-12  .238180498E-12  .183551155E-12  .141204011E-12
  .108435062E-12  .831225528E-13  .636045122E-13  .485814203E-13  .370389667E-13
  .281868710E-13  .214105113E-13  .162327469E-13  .122838437E-13  .927782442E-14
  .699390559E-14  .526195486E-14  .395111831E-14  .296094391E-14  .221446627E-14
  .165282952E-14  .123111426E-14  .915105214E-15  .678792420E-15  .502443230E-15
  .371117738E-15  .273527899E-15  .201162546E-15  .147617703E-15  .108085072E-15
  .789621469E-16  .575556597E-16  .418564857E-16  .303691618E-16  .219830394E-16
  .158751209E-16  .114369465E-16  .821970405E-17  .589310953E-17  .421467610E-17
  .300679828E-17  .213970419E-17  .151880291E-17  .107531612E-17  .759358205E-18
  .534837305E-18  .375707423E-18  .263220367E-18  .183915920E-18  .128155635E-18
  .890559645E-19  .617139798E-19  .426469128E-19  .293875481E-19  .201929131E-19
  .138351087E-19  .945153184E-20  .643792427E-20  .437221504E-20  .296044541E-20
  .199848250E-20  .134499043E-20  .902404691E-21  .603579533E-21  .402444807E-21
  .267488068E-21  .177221460E-21  .117038706E-21  .770426937E-22  .505486472E-22
  .330560591E-22  .215448436E-22  .139950212E-22  .906001411E-23  .584515964E-23
  .375805471E-23  .240777558E-23  .153724114E-23  .977975347E-24  .619955475E-24
  .391585381E-24  .246440704E-24  .154527209E-24  .965362683E-25  .600835350E-25
  .372551391E-25  .230127695E-25  .141608632E-25  .868030104E-26  .530017313E-26
  .322360217E-26  .195287638E-26  .117835384E-26  .708157699E-27  .423860623E-27
  .252662298E-27  .149991773E-27  .886725738E-28  .522024903E-28  .306025918E-28
  .178638567E-28  .103831018E-28  .600895024E-29  .346237687E-29  .198627246E-29
  .113442678E-29  .645017614E-30  .365097047E-30  .205717280E-30  .115383280E-30
  .644181840E-31  .357973824E-31  .197995288E-31  .108994025E-31  .597142703E-32
  .325584996E-32  .176662570E-32  .953897196E-33  .512528834E-33  .274016956E-33
  .145767782E-33  .771530430E-34  .406288269E-34  .212856726E-34  .110941587E-34
  .575224206E-35  .296686282E-35  .152214813E-35  .776778098E-36  .394274731E-36
  .199041671E-36  .999339825E-37  .498984870E-37  .247769182E-37  .122341416E-37
  .600684534E-38  .293255662E-38  .142348695E-38  .686985651E-39  .329616348E-39
  .157223106E-39  .745504111E-40  .351389748E-40  .164631401E-40  .766654719E-41
  .354837364E-41  .163222470E-41  .746156852E-42  .338967643E-42  .153017977E-42
  .686373925E-43  .305908143E-43  .135459947E-43  .595933577E-44  .260452910E-44
  .113079040E-44  .487678396E-45  .208910469E-45  .888871079E-46  .375617360E-46
  .157636609E-46  .656975415E-47  .271892751E-47  .111732188E-47  .455896906E-48
  .184687696E-48  .742792284E-49  .296571792E-49  .117543895E-49  .462437076E-50
  .180576780E-50  .699845243E-51  .269182584E-51  .102747332E-51  .389175996E-52
  .146267294E-52  .545440138E-53  .201798806E-53  .740686563E-54  .269691523E-54
  .974068148E-55  .348957840E-55  .123991568E-55  .436938490E-56  .152700296E-56
  .529272197E-57  .181967007E-57  .620965431E-58  .211117744E-58  .718112659E-59
  .251223153E-59  .948585560E-60  .448398376E-60  .338551774E-60  .000000000E+00
  .000000000E+00  .000000000E+00  .000000000E+00  .000000000E+00  .000000000E+00
  .000000000E+00  .000000000E+00  .000000000E+00  .000000000E+00  .000000000E+00
  .000000000E+00  .000000000E+00  .000000000E+00  .000000000E+00  .000000000E+00
  .000000000E+00  .000000000E+00  .000000000E+00  .000000000E+00  .000000000E+00
  .000000000E+00  .000000000E+00  .000000000E+00  .000000000E+00  .000000000E+00
  .000000000E+00  .000000000E+00  .000000000E+00  .000000000E+00  .000000000E+00
  .000000000E+00  .000000000E+00  .000000000E+00  .000000000E+00  .000000000E+00
  .000000000E+00  .000000000E+00  .000000000E+00  .000000000E+00  .000000000E+00
  .000000000E+00  .000000000E+00  .000000000E+00  .000000000E+00  .000000000E+00
  .000000000E+00  .000000000E+00  .000000000E+00  .000000000E+00  .000000000E+00
  .000000000E+00  .000000000E+00  .000000000E+00  .000000000E+00  .000000000E+00
  .000000000E+00  .000000000E+00  .000000000E+00  .000000000E+00  .000000000E+00
  .000000000E+00  .000000000E+00  .000000000E+00  .000000000E+00  .000000000E+00
  .000000000E+00  .000000000E+00  .000000000E+00  .000000000E+00  .000000000E+00
  .000000000E+00  .000000000E+00  .000000000E+00  .000000000E+00  .000000000E+00
  .000000000E+00  .000000000E+00  .000000000E+00  .000000000E+00  .000000000E+00
  .000000000E+00  .000000000E+00  .000000000E+00  .000000000E+00  .000000000E+00
  .000000000E+00  .000000000E+00  .000000000E+00  .000000000E+00  .000000000E+00
  .000000000E+00  .000000000E+00  .000000000E+00  .000000000E+00  .000000000E+00
  .000000000E+00  .000000000E+00  .000000000E+00  .000000000E+00  .000000000E+00
  .000000000E+00  .000000000E+00  .000000000E+00  .000000000E+00  .000000000E+00
  .000000000E+00  .000000000E+00  .000000000E+00  .000000000E+00  .000000000E+00
  .000000000E+00  .000000000E+00  .000000000E+00  .000000000E+00  .000000000E+00
  .000000000E+00  .000000000E+00  .000000000E+00  .000000000E+00  .000000000E+00
  .000000000E+00  .000000000E+00  .000000000E+00  .000000000E+00  .000000000E+00
  .000000000E+00  .000000000E+00  .000000000E+00  .000000000E+00  .000000000E+00
  .000000000E+00  .000000000E+00  .000000000E+00  .000000000E+00  .000000000E+00
  .000000000E+00  .000000000E+00  .000000000E+00  .000000000E+00  .000000000E+00
  .000000000E+00  .000000000E+00  .000000000E+00  .000000000E+00  .000000000E+00
  .000000000E+00  .000000000E+00  .000000000E+00  .000000000E+00  .000000000E+00
  .000000000E+00  .000000000E+00  .000000000E+00  .000000000E+00  .000000000E+00
  .000000000E+00  .000000000E+00  .000000000E+00  .000000000E+00  .000000000E+00
  .000000000E+00  .000000000E+00  .000000000E+00  .000000000E+00  .000000000E+00
  .000000000E+00  .000000000E+00  .000000000E+00  .000000000E+00  .000000000E+00
  .000000000E+00  .000000000E+00  .000000000E+00  .000000000E+00  .000000000E+00
  .000000000E+00  .000000000E+00  .000000000E+00  .000000000E+00  .000000000E+00
  .000000000E+00  .000000000E+00  .000000000E+00  .000000000E+00  .000000000E+00
  .000000000E+00  .000000000E+00  .000000000E+00  .000000000E+00  .000000000E+00
  .000000000E+00  .000000000E+00  .000000000E+00  .000000000E+00  .000000000E+00
  .000000000E+00  .000000000E+00  .000000000E+00  .000000000E+00  .000000000E+00
  .000000000E+00  .000000000E+00  .000000000E+00  .000000000E+00  .000000000E+00
  .000000000E+00  .000000000E+00  .000000000E+00  .000000000E+00  .000000000E+00
  .000000000E+00  .000000000E+00  .000000000E+00  .000000000E+00  .000000000E+00
  .000000000E+00  .000000000E+00  .000000000E+00  .000000000E+00  .000000000E+00
  .000000000E+00  .000000000E+00  .000000000E+00  .000000000E+00  .000000000E+00
  .000000000E+00  .000000000E+00  .000000000E+00  .000000000E+00  .000000000E+00
  .000000000E+00  .000000000E+00  .000000000E+00  .000000000E+00  .000000000E+00
