  PAW_PBE Cs_sv 07Sep2000                
 100
Core Pot   L  =         .00000  -1.96451
  -.20000000E+01 -.86819046E+00
  -.19700000E+01 -.97955155E+00
  -.19400000E+01 -.11005036E+01
  -.19100000E+01 -.12324423E+01
  -.18800000E+01 -.13770491E+01
  -.18500000E+01 -.15363676E+01
  -.18200000E+01 -.17129071E+01
  -.17900000E+01 -.19097831E+01
  -.17600000E+01 -.21309121E+01
  -.17300000E+01 -.23812870E+01
  -.17000000E+01 -.26673739E+01
  -.16700000E+01 -.29976988E+01
  -.16400000E+01 -.33837390E+01
  -.16100000E+01 -.38413211E+01
  -.15800000E+01 -.43928968E+01
  -.15500000E+01 -.50714149E+01
  -.15200000E+01 -.59272681E+01
  -.14900000E+01 -.70415979E+01
  -.14600000E+01 -.85539698E+01
  -.14300000E+01 -.10726501E+02
  -.14000000E+01 -.14116207E+02
  -.13700000E+01 -.20152033E+02
  -.13400000E+01 -.33937877E+02
  -.13100000E+01 -.97340496E+02
  -.12800000E+01  .12438476E+03
  -.12500000E+01  .39140779E+02
  -.12200000E+01  .23628045E+02
  -.11900000E+01  .17116800E+02
  -.11600000E+01  .13531321E+02
  -.11300000E+01  .11259496E+02
  -.11000000E+01  .96898013E+01
  -.10700000E+01  .85392818E+01
  -.10400000E+01  .76590104E+01
  -.10100000E+01  .69631334E+01
  -.98000000E+00  .63986763E+01
  -.95000000E+00  .59311795E+01
  -.92000000E+00  .55372594E+01
  -.89000000E+00  .52004892E+01
  -.86000000E+00  .49089910E+01
  -.83000000E+00  .46539630E+01
  -.80000000E+00  .44287441E+01
  -.77000000E+00  .42282007E+01
  -.74000000E+00  .40483122E+01
  -.71000000E+00  .38858852E+01
  -.68000000E+00  .37383509E+01
  -.65000000E+00  .36036194E+01
  -.62000000E+00  .34799735E+01
  -.59000000E+00  .33659887E+01
  -.56000000E+00  .32604734E+01
  -.53000000E+00  .31624236E+01
  -.50000000E+00  .30709868E+01
  -.47000000E+00  .29854348E+01
  -.44000000E+00  .29051416E+01
  -.41000000E+00  .28295664E+01
  -.38000000E+00  .27582391E+01
  -.35000000E+00  .26907496E+01
  -.32000000E+00  .26267382E+01
  -.29000000E+00  .25658880E+01
  -.26000000E+00  .25079190E+01
  -.23000000E+00  .24525827E+01
  -.20000000E+00  .23996578E+01
  -.17000000E+00  .23489465E+01
  -.14000000E+00  .23002718E+01
  -.11000000E+00  .22534741E+01
  -.80000000E-01  .22084100E+01
  -.50000000E-01  .21649497E+01
  -.20000000E-01  .21229753E+01
   .10000000E-01  .20823802E+01
   .40000000E-01  .20430668E+01
   .70000000E-01  .20049466E+01
   .10000000E+00  .19679381E+01
   .13000000E+00  .19319669E+01
   .16000000E+00  .18969647E+01
   .19000000E+00  .18628687E+01
   .22000000E+00  .18296207E+01
   .25000000E+00  .17971673E+01
   .28000000E+00  .17654590E+01
   .31000000E+00  .17344500E+01
   .34000000E+00  .17040975E+01
   .37000000E+00  .16743622E+01
   .40000000E+00  .16452072E+01
   .43000000E+00  .16165982E+01
   .46000000E+00  .15885032E+01
   .49000000E+00  .15608921E+01
   .52000000E+00  .15337371E+01
   .55000000E+00  .15070118E+01
   .58000000E+00  .14806916E+01
   .61000000E+00  .14547534E+01
   .64000000E+00  .14291753E+01
   .67000000E+00  .14039369E+01
   .70000000E+00  .13790187E+01
   .73000000E+00  .13544026E+01
   .76000000E+00  .13300713E+01
   .79000000E+00  .13060083E+01
   .82000000E+00  .12821983E+01
   .85000000E+00  .12586265E+01
   .88000000E+00  .12352790E+01
   .91000000E+00  .12121425E+01
   .94000000E+00  .11892045E+01
   .97000000E+00  .11664528E+01
   .10000000E+01  .11438761E+01
Potential  L  =         .00000  -1.96451
  -.20000000E+01 -.80954168E+00
  -.19700000E+01 -.96928814E+00
  -.19400000E+01 -.11537809E+01
  -.19100000E+01 -.13697222E+01
  -.18800000E+01 -.16264823E+01
  -.18500000E+01 -.19375738E+01
  -.18200000E+01 -.23232252E+01
  -.17900000E+01 -.28151465E+01
  -.17600000E+01 -.34660219E+01
  -.17300000E+01 -.43702877E+01
  -.17000000E+01 -.57157144E+01
  -.16700000E+01 -.79365540E+01
  -.16400000E+01 -.12315542E+02
  -.16100000E+01 -.25035129E+02
  -.15800000E+01 -.57632574E+03
  -.15500000E+01  .29547070E+02
  -.15200000E+01  .14893490E+02
  -.14900000E+01  .10156683E+02
  -.14600000E+01  .78102081E+01
  -.14300000E+01  .64061444E+01
  -.14000000E+01  .54695033E+01
  -.13700000E+01  .47985593E+01
  -.13400000E+01  .42930471E+01
  -.13100000E+01  .38974981E+01
  -.12800000E+01  .35787354E+01
  -.12500000E+01  .33156979E+01
  -.12200000E+01  .30943718E+01
  -.11900000E+01  .29050703E+01
  -.11600000E+01  .27408831E+01
  -.11300000E+01  .25967479E+01
  -.11000000E+01  .24688711E+01
  -.10700000E+01  .23543536E+01
  -.10400000E+01  .22509419E+01
  -.10100000E+01  .21568573E+01
  -.98000000E+00  .20706775E+01
  -.95000000E+00  .19912509E+01
  -.92000000E+00  .19176355E+01
  -.89000000E+00  .18490527E+01
  -.86000000E+00  .17848537E+01
  -.83000000E+00  .17244931E+01
  -.80000000E+00  .16675089E+01
  -.77000000E+00  .16135076E+01
  -.74000000E+00  .15621511E+01
  -.71000000E+00  .15131478E+01
  -.68000000E+00  .14662430E+01
  -.65000000E+00  .14212185E+01
  -.62000000E+00  .13778799E+01
  -.59000000E+00  .13360545E+01
  -.56000000E+00  .12955922E+01
  -.53000000E+00  .12563586E+01
  -.50000000E+00  .12182336E+01
  -.47000000E+00  .11811099E+01
  -.44000000E+00  .11448907E+01
  -.41000000E+00  .11094888E+01
  -.38000000E+00  .10748250E+01
  -.35000000E+00  .10408275E+01
  -.32000000E+00  .10074307E+01
  -.29000000E+00  .97457446E+00
  -.26000000E+00  .94220361E+00
  -.23000000E+00  .91026729E+00
  -.20000000E+00  .87871846E+00
  -.17000000E+00  .84751348E+00
  -.14000000E+00  .81661171E+00
  -.11000000E+00  .78597518E+00
  -.80000000E-01  .75556832E+00
  -.50000000E-01  .72535764E+00
  -.20000000E-01  .69531158E+00
   .10000000E-01  .66540022E+00
   .40000000E-01  .63559513E+00
   .70000000E-01  .60586920E+00
   .10000000E+00  .57619648E+00
   .13000000E+00  .54655195E+00
   .16000000E+00  .51691178E+00
   .19000000E+00  .48725261E+00
   .22000000E+00  .45755186E+00
   .25000000E+00  .42778757E+00
   .28000000E+00  .39793818E+00
   .31000000E+00  .36798259E+00
   .34000000E+00  .33790000E+00
   .37000000E+00  .30766987E+00
   .40000000E+00  .27727178E+00
   .43000000E+00  .24668542E+00
   .46000000E+00  .21589057E+00
   .49000000E+00  .18486691E+00
   .52000000E+00  .15359405E+00
   .55000000E+00  .12205159E+00
   .58000000E+00  .90218406E-01
   .61000000E+00  .58073607E-01
   .64000000E+00  .25595785E-01
   .67000000E+00 -.72368833E-02
   .70000000E+00 -.40446788E-01
   .73000000E+00 -.74056662E-01
   .76000000E+00 -.10809001E+00
   .79000000E+00 -.14257097E+00
   .82000000E+00 -.17752446E+00
   .85000000E+00 -.21297618E+00
   .88000000E+00 -.24895280E+00
   .91000000E+00 -.28548193E+00
   .94000000E+00 -.32259229E+00
   .97000000E+00 -.36031377E+00
   .10000000E+01 -.39867758E+00
Core Pot   L  =        1.00000   -.99339
  -.20000000E+01  .60128158E+00
  -.19700000E+01  .57868220E+00
  -.19400000E+01  .55562656E+00
  -.19100000E+01  .53209561E+00
  -.18800000E+01  .50806915E+00
  -.18500000E+01  .48352581E+00
  -.18200000E+01  .45844292E+00
  -.17900000E+01  .43279643E+00
  -.17600000E+01  .40656079E+00
  -.17300000E+01  .37970886E+00
  -.17000000E+01  .35221172E+00
  -.16700000E+01  .32403859E+00
  -.16400000E+01  .29515666E+00
  -.16100000E+01  .26553089E+00
  -.15800000E+01  .23512383E+00
  -.15500000E+01  .20389542E+00
  -.15200000E+01  .17180278E+00
  -.14900000E+01  .13879988E+00
  -.14600000E+01  .10483734E+00
  -.14300000E+01  .69862031E-01
  -.14000000E+01  .33816781E-01
  -.13700000E+01 -.33600570E-02
  -.13400000E+01 -.41735041E-01
  -.13100000E+01 -.81380141E-01
  -.12800000E+01 -.12237330E+00
  -.12500000E+01 -.16479907E+00
  -.12200000E+01 -.20874934E+00
  -.11900000E+01 -.25432412E+00
  -.11600000E+01 -.30163248E+00
  -.11300000E+01 -.35079363E+00
  -.11000000E+01 -.40193806E+00
  -.10700000E+01 -.45520897E+00
  -.10400000E+01 -.51076382E+00
  -.10100000E+01 -.56877620E+00
  -.98000000E+00 -.62943788E+00
  -.95000000E+00 -.69296131E+00
  -.92000000E+00 -.75958246E+00
  -.89000000E+00 -.82956422E+00
  -.86000000E+00 -.90320028E+00
  -.83000000E+00 -.98081983E+00
  -.80000000E+00 -.10627931E+01
  -.77000000E+00 -.11495378E+01
  -.74000000E+00 -.12415275E+01
  -.71000000E+00 -.13393005E+01
  -.68000000E+00 -.14434719E+01
  -.65000000E+00 -.15547477E+01
  -.62000000E+00 -.16739421E+01
  -.59000000E+00 -.18019990E+01
  -.56000000E+00 -.19400192E+01
  -.53000000E+00 -.20892942E+01
  -.50000000E+00 -.22513494E+01
  -.47000000E+00 -.24279994E+01
  -.44000000E+00 -.26214207E+01
  -.41000000E+00 -.28342455E+01
  -.38000000E+00 -.30696884E+01
  -.35000000E+00 -.33317170E+01
  -.32000000E+00 -.36252855E+01
  -.29000000E+00 -.39566619E+01
  -.26000000E+00 -.43338950E+01
  -.23000000E+00 -.47674945E+01
  -.20000000E+00 -.52714498E+01
  -.17000000E+00 -.58648001E+01
  -.14000000E+00 -.65741387E+01
  -.11000000E+00 -.74377726E+01
  -.80000000E-01 -.85129699E+01
  -.50000000E-01 -.98893483E+01
  -.20000000E-01 -.11715474E+02
   .10000000E-01 -.14256866E+02
   .40000000E-01 -.18039291E+02
   .70000000E-01 -.24271074E+02
   .10000000E+00 -.36483007E+02
   .13000000E+00 -.71269421E+02
   .16000000E+00 -.96355737E+03
   .19000000E+00  .86240206E+02
   .22000000E+00  .41854726E+02
   .25000000E+00  .27875432E+02
   .28000000E+00  .21025647E+02
   .31000000E+00  .16957104E+02
   .34000000E+00  .14260105E+02
   .37000000E+00  .12339937E+02
   .40000000E+00  .10902292E+02
   .43000000E+00  .97848507E+01
   .46000000E+00  .88907556E+01
   .49000000E+00  .81586303E+01
   .52000000E+00  .75476965E+01
   .55000000E+00  .70298018E+01
   .58000000E+00  .65848840E+01
   .61000000E+00  .61982599E+01
   .64000000E+00  .58589356E+01
   .67000000E+00  .55585164E+01
   .70000000E+00  .52904813E+01
   .73000000E+00  .50496881E+01
   .76000000E+00  .48320271E+01
   .79000000E+00  .46341742E+01
   .82000000E+00  .44534121E+01
   .85000000E+00  .42874974E+01
   .88000000E+00  .41345619E+01
   .91000000E+00  .39930373E+01
   .94000000E+00  .38615972E+01
   .97000000E+00  .37391120E+01
   .10000000E+01  .36246143E+01
Potential  L  =        1.00000   -.99339
  -.20000000E+01  .70011447E+00
  -.19700000E+01  .67804747E+00
  -.19400000E+01  .65548479E+00
  -.19100000E+01  .63240221E+00
  -.18800000E+01  .60877380E+00
  -.18500000E+01  .58457182E+00
  -.18200000E+01  .55976655E+00
  -.17900000E+01  .53432609E+00
  -.17600000E+01  .50821615E+00
  -.17300000E+01  .48139986E+00
  -.17000000E+01  .45383747E+00
  -.16700000E+01  .42548612E+00
  -.16400000E+01  .39629945E+00
  -.16100000E+01  .36622732E+00
  -.15800000E+01  .33521535E+00
  -.15500000E+01  .30320449E+00
  -.15200000E+01  .27013050E+00
  -.14900000E+01  .23592336E+00
  -.14600000E+01  .20050662E+00
  -.14300000E+01  .16379661E+00
  -.14000000E+01  .12570160E+00
  -.13700000E+01  .86120752E-01
  -.13400000E+01  .44943031E-01
  -.13100000E+01  .20458125E-02
  -.12800000E+01 -.42706639E-01
  -.12500000E+01 -.89464988E-01
  -.12200000E+01 -.13839694E+00
  -.11900000E+01 -.18968971E+00
  -.11600000E+01 -.24355299E+00
  -.11300000E+01 -.30022239E+00
  -.11000000E+01 -.35996360E+00
  -.10700000E+01 -.42307734E+00
  -.10400000E+01 -.48990535E+00
  -.10100000E+01 -.56083766E+00
  -.98000000E+00 -.63632137E+00
  -.95000000E+00 -.71687158E+00
  -.92000000E+00 -.80308479E+00
  -.89000000E+00 -.89565566E+00
  -.86000000E+00 -.99539810E+00
  -.83000000E+00 -.11032720E+01
  -.80000000E+00 -.12204175E+01
  -.77000000E+00 -.13481994E+01
  -.74000000E+00 -.14882656E+01
  -.71000000E+00 -.16426240E+01
  -.68000000E+00 -.18137473E+01
  -.65000000E+00 -.20047149E+01
  -.62000000E+00 -.22194121E+01
  -.59000000E+00 -.24628113E+01
  -.56000000E+00 -.27413816E+01
  -.53000000E+00 -.30636976E+01
  -.50000000E+00 -.34413718E+01
  -.47000000E+00 -.38905309E+01
  -.44000000E+00 -.44342455E+01
  -.41000000E+00 -.51067191E+01
  -.38000000E+00 -.59609238E+01
  -.35000000E+00 -.70835224E+01
  -.32000000E+00 -.86267161E+01
  -.29000000E+00 -.10884644E+02
  -.26000000E+00 -.14509146E+02
  -.23000000E+00 -.21291031E+02
  -.20000000E+00 -.38577365E+02
  -.17000000E+00 -.17532729E+03
  -.14000000E+00  .72680855E+02
  -.11000000E+00  .30740516E+02
  -.80000000E-01  .19735467E+02
  -.50000000E-01  .14655859E+02
  -.20000000E-01  .11728110E+02
   .10000000E-01  .98217691E+01
   .40000000E-01  .84801952E+01
   .70000000E-01  .74836318E+01
   .10000000E+00  .67132346E+01
   .13000000E+00  .60991123E+01
   .16000000E+00  .55974746E+01
   .19000000E+00  .51794881E+01
   .22000000E+00  .48253929E+01
   .25000000E+00  .45211935E+01
   .28000000E+00  .42566997E+01
   .31000000E+00  .40243154E+01
   .34000000E+00  .38182627E+01
   .37000000E+00  .36340681E+01
   .40000000E+00  .34682146E+01
   .43000000E+00  .33178983E+01
   .46000000E+00  .31808570E+01
   .49000000E+00  .30552446E+01
   .52000000E+00  .29395405E+01
   .55000000E+00  .28324799E+01
   .58000000E+00  .27330028E+01
   .61000000E+00  .26402140E+01
   .64000000E+00  .25533518E+01
   .67000000E+00  .24717647E+01
   .70000000E+00  .23948913E+01
   .73000000E+00  .23222461E+01
   .76000000E+00  .22534061E+01
   .79000000E+00  .21880020E+01
   .82000000E+00  .21257090E+01
   .85000000E+00  .20662409E+01
   .88000000E+00  .20093443E+01
   .91000000E+00  .19547939E+01
   .94000000E+00  .19023887E+01
   .97000000E+00  .18519491E+01
   .10000000E+01  .18033135E+01
Core Pot   L  =        2.00000   -.03040
  -.20000000E+01  .12432294E+01
  -.19700000E+01  .12316118E+01
  -.19400000E+01  .12199126E+01
  -.19100000E+01  .12081301E+01
  -.18800000E+01  .11962629E+01
  -.18500000E+01  .11843093E+01
  -.18200000E+01  .11722678E+01
  -.17900000E+01  .11601365E+01
  -.17600000E+01  .11479139E+01
  -.17300000E+01  .11355981E+01
  -.17000000E+01  .11231873E+01
  -.16700000E+01  .11106796E+01
  -.16400000E+01  .10980731E+01
  -.16100000E+01  .10853659E+01
  -.15800000E+01  .10725560E+01
  -.15500000E+01  .10596412E+01
  -.15200000E+01  .10466194E+01
  -.14900000E+01  .10334885E+01
  -.14600000E+01  .10202462E+01
  -.14300000E+01  .10068902E+01
  -.14000000E+01  .99341800E+00
  -.13700000E+01  .97982729E+00
  -.13400000E+01  .96611549E+00
  -.13100000E+01  .95228001E+00
  -.12800000E+01  .93831816E+00
  -.12500000E+01  .92422719E+00
  -.12200000E+01  .91000426E+00
  -.11900000E+01  .89564645E+00
  -.11600000E+01  .88115072E+00
  -.11300000E+01  .86651398E+00
  -.11000000E+01  .85173300E+00
  -.10700000E+01  .83680447E+00
  -.10400000E+01  .82172498E+00
  -.10100000E+01  .80649098E+00
  -.98000000E+00  .79109884E+00
  -.95000000E+00  .77554478E+00
  -.92000000E+00  .75982491E+00
  -.89000000E+00  .74393520E+00
  -.86000000E+00  .72787149E+00
  -.83000000E+00  .71162948E+00
  -.80000000E+00  .69520471E+00
  -.77000000E+00  .67859256E+00
  -.74000000E+00  .66178827E+00
  -.71000000E+00  .64478688E+00
  -.68000000E+00  .62758328E+00
  -.65000000E+00  .61017215E+00
  -.62000000E+00  .59254799E+00
  -.59000000E+00  .57470508E+00
  -.56000000E+00  .55663750E+00
  -.53000000E+00  .53833910E+00
  -.50000000E+00  .51980349E+00
  -.47000000E+00  .50102404E+00
  -.44000000E+00  .48199385E+00
  -.41000000E+00  .46270576E+00
  -.38000000E+00  .44315230E+00
  -.35000000E+00  .42332574E+00
  -.32000000E+00  .40321800E+00
  -.29000000E+00  .38282066E+00
  -.26000000E+00  .36212498E+00
  -.23000000E+00  .34112183E+00
  -.20000000E+00  .31980170E+00
  -.17000000E+00  .29815465E+00
  -.14000000E+00  .27617034E+00
  -.11000000E+00  .25383794E+00
  -.80000000E-01  .23114615E+00
  -.50000000E-01  .20808316E+00
  -.20000000E-01  .18463662E+00
   .10000000E-01  .16079361E+00
   .40000000E-01  .13654059E+00
   .70000000E-01  .11186340E+00
   .10000000E+00  .86747182E-01
   .13000000E+00  .61176365E-01
   .16000000E+00  .35134607E-01
   .19000000E+00  .86047518E-02
   .22000000E+00 -.18431222E-01
   .25000000E+00 -.45992260E-01
   .28000000E+00 -.74098291E-01
   .31000000E+00 -.10277029E+00
   .34000000E+00 -.13203035E+00
   .37000000E+00 -.16190176E+00
   .40000000E+00 -.19240908E+00
   .43000000E+00 -.22357824E+00
   .46000000E+00 -.25543663E+00
   .49000000E+00 -.28801319E+00
   .52000000E+00 -.32133857E+00
   .55000000E+00 -.35544521E+00
   .58000000E+00 -.39036747E+00
   .61000000E+00 -.42614184E+00
   .64000000E+00 -.46280701E+00
   .67000000E+00 -.50040412E+00
   .70000000E+00 -.53897695E+00
   .73000000E+00 -.57857206E+00
   .76000000E+00 -.61923911E+00
   .79000000E+00 -.66103107E+00
   .82000000E+00 -.70400452E+00
   .85000000E+00 -.74821995E+00
   .88000000E+00 -.79374211E+00
   .91000000E+00 -.84064040E+00
   .94000000E+00 -.88898928E+00
   .97000000E+00 -.93886877E+00
   .10000000E+01 -.99036494E+00
Potential  L  =        2.00000   -.03040
  -.20000000E+01  .12682817E+01
  -.19700000E+01  .12568098E+01
  -.19400000E+01  .12452506E+01
  -.19100000E+01  .12336027E+01
  -.18800000E+01  .12218642E+01
  -.18500000E+01  .12100334E+01
  -.18200000E+01  .11981085E+01
  -.17900000E+01  .11860875E+01
  -.17600000E+01  .11739686E+01
  -.17300000E+01  .11617497E+01
  -.17000000E+01  .11494288E+01
  -.16700000E+01  .11370038E+01
  -.16400000E+01  .11244725E+01
  -.16100000E+01  .11118326E+01
  -.15800000E+01  .10990819E+01
  -.15500000E+01  .10862179E+01
  -.15200000E+01  .10732382E+01
  -.14900000E+01  .10601402E+01
  -.14600000E+01  .10469214E+01
  -.14300000E+01  .10335789E+01
  -.14000000E+01  .10201101E+01
  -.13700000E+01  .10065120E+01
  -.13400000E+01  .99278161E+00
  -.13100000E+01  .97891588E+00
  -.12800000E+01  .96491161E+00
  -.12500000E+01  .95076549E+00
  -.12200000E+01  .93647411E+00
  -.11900000E+01  .92203393E+00
  -.11600000E+01  .90744130E+00
  -.11300000E+01  .89269243E+00
  -.11000000E+01  .87778339E+00
  -.10700000E+01  .86271012E+00
  -.10400000E+01  .84746840E+00
  -.10100000E+01  .83205386E+00
  -.98000000E+00  .81646196E+00
  -.95000000E+00  .80068800E+00
  -.92000000E+00  .78472708E+00
  -.89000000E+00  .76857415E+00
  -.86000000E+00  .75222391E+00
  -.83000000E+00  .73567090E+00
  -.80000000E+00  .71890942E+00
  -.77000000E+00  .70193354E+00
  -.74000000E+00  .68473709E+00
  -.71000000E+00  .66731366E+00
  -.68000000E+00  .64965656E+00
  -.65000000E+00  .63175881E+00
  -.62000000E+00  .61361316E+00
  -.59000000E+00  .59521203E+00
  -.56000000E+00  .57654752E+00
  -.53000000E+00  .55761138E+00
  -.50000000E+00  .53839498E+00
  -.47000000E+00  .51888933E+00
  -.44000000E+00  .49908500E+00
  -.41000000E+00  .47897216E+00
  -.38000000E+00  .45854048E+00
  -.35000000E+00  .43777918E+00
  -.32000000E+00  .41667695E+00
  -.29000000E+00  .39522192E+00
  -.26000000E+00  .37340166E+00
  -.23000000E+00  .35120312E+00
  -.20000000E+00  .32861258E+00
  -.17000000E+00  .30561563E+00
  -.14000000E+00  .28219711E+00
  -.11000000E+00  .25834108E+00
  -.80000000E-01  .23403074E+00
  -.50000000E-01  .20924840E+00
  -.20000000E-01  .18397539E+00
   .10000000E-01  .15819201E+00
   .40000000E-01  .13187748E+00
   .70000000E-01  .10500979E+00
   .10000000E+00  .77565699E-01
   .13000000E+00  .49520587E-01
   .16000000E+00  .20848367E-01
   .19000000E+00 -.84786243E-02
   .22000000E+00 -.38489748E-01
   .25000000E+00 -.69216197E-01
   .28000000E+00 -.10069115E+00
   .31000000E+00 -.13294990E+00
   .34000000E+00 -.16603009E+00
   .37000000E+00 -.19997185E+00
   .40000000E+00 -.23481802E+00
   .43000000E+00 -.27061441E+00
   .46000000E+00 -.30741006E+00
   .49000000E+00 -.34525748E+00
   .52000000E+00 -.38421304E+00
   .55000000E+00 -.42433726E+00
   .58000000E+00 -.46569526E+00
   .61000000E+00 -.50835716E+00
   .64000000E+00 -.55239861E+00
   .67000000E+00 -.59790132E+00
   .70000000E+00 -.64495366E+00
   .73000000E+00 -.69365144E+00
   .76000000E+00 -.74409861E+00
   .79000000E+00 -.79640821E+00
   .82000000E+00 -.85070335E+00
   .85000000E+00 -.90711838E+00
   .88000000E+00 -.96580023E+00
   .91000000E+00 -.10269099E+01
   .94000000E+00 -.10906240E+01
   .97000000E+00 -.11571372E+01
   .10000000E+01 -.12266639E+01
Core Pot   L  =        3.00000    .00000
  -.20000000E+01  .15969476E+01
  -.19700000E+01  .15873942E+01
  -.19400000E+01  .15777785E+01
  -.19100000E+01  .15680993E+01
  -.18800000E+01  .15583551E+01
  -.18500000E+01  .15485447E+01
  -.18200000E+01  .15386666E+01
  -.17900000E+01  .15287192E+01
  -.17600000E+01  .15187011E+01
  -.17300000E+01  .15086106E+01
  -.17000000E+01  .14984460E+01
  -.16700000E+01  .14882058E+01
  -.16400000E+01  .14778879E+01
  -.16100000E+01  .14674907E+01
  -.15800000E+01  .14570121E+01
  -.15500000E+01  .14464502E+01
  -.15200000E+01  .14358028E+01
  -.14900000E+01  .14250677E+01
  -.14600000E+01  .14142427E+01
  -.14300000E+01  .14033255E+01
  -.14000000E+01  .13923134E+01
  -.13700000E+01  .13812040E+01
  -.13400000E+01  .13699945E+01
  -.13100000E+01  .13586822E+01
  -.12800000E+01  .13472640E+01
  -.12500000E+01  .13357368E+01
  -.12200000E+01  .13240976E+01
  -.11900000E+01  .13123427E+01
  -.11600000E+01  .13004688E+01
  -.11300000E+01  .12884720E+01
  -.11000000E+01  .12763484E+01
  -.10700000E+01  .12640940E+01
  -.10400000E+01  .12517044E+01
  -.10100000E+01  .12391750E+01
  -.98000000E+00  .12265010E+01
  -.95000000E+00  .12136774E+01
  -.92000000E+00  .12006988E+01
  -.89000000E+00  .11875596E+01
  -.86000000E+00  .11742537E+01
  -.83000000E+00  .11607749E+01
  -.80000000E+00  .11471166E+01
  -.77000000E+00  .11332715E+01
  -.74000000E+00  .11192321E+01
  -.71000000E+00  .11049905E+01
  -.68000000E+00  .10905381E+01
  -.65000000E+00  .10758660E+01
  -.62000000E+00  .10609643E+01
  -.59000000E+00  .10458228E+01
  -.56000000E+00  .10304304E+01
  -.53000000E+00  .10147755E+01
  -.50000000E+00  .99884523E+00
  -.47000000E+00  .98262615E+00
  -.44000000E+00  .96610366E+00
  -.41000000E+00  .94926208E+00
  -.38000000E+00  .93208451E+00
  -.35000000E+00  .91455270E+00
  -.32000000E+00  .89664695E+00
  -.29000000E+00  .87834589E+00
  -.26000000E+00  .85962636E+00
  -.23000000E+00  .84046318E+00
  -.20000000E+00  .82082892E+00
  -.17000000E+00  .80069367E+00
  -.14000000E+00  .78002472E+00
  -.11000000E+00  .75878623E+00
  -.80000000E-01  .73693882E+00
  -.50000000E-01  .71443915E+00
  -.20000000E-01  .69123941E+00
   .10000000E-01  .66728666E+00
   .40000000E-01  .64252219E+00
   .70000000E-01  .61688065E+00
   .10000000E+00  .59028909E+00
   .13000000E+00  .56266585E+00
   .16000000E+00  .53391915E+00
   .19000000E+00  .50394550E+00
   .22000000E+00  .47262773E+00
   .25000000E+00  .43983270E+00
   .28000000E+00  .40540838E+00
   .31000000E+00  .36918042E+00
   .34000000E+00  .33094787E+00
   .37000000E+00  .29047787E+00
   .40000000E+00  .24749904E+00
   .43000000E+00  .20169315E+00
   .46000000E+00  .15268451E+00
   .49000000E+00  .10002637E+00
   .52000000E+00  .43183262E-01
   .55000000E+00 -.18492279E-01
   .58000000E+00 -.85790595E-01
   .61000000E+00 -.15968670E+00
   .64000000E+00 -.24139764E+00
   .67000000E+00 -.33246263E+00
   .70000000E+00 -.43485730E+00
   .73000000E+00 -.55116031E+00
   .76000000E+00 -.68480255E+00
   .79000000E+00 -.84045106E+00
   .82000000E+00 -.10246212E+01
   .85000000E+00 -.12466921E+01
   .88000000E+00 -.15206756E+01
   .91000000E+00 -.18684785E+01
   .94000000E+00 -.23263772E+01
   .97000000E+00 -.29591100E+01
   .10000000E+01 -.38946049E+01
Potential  L  =        3.00000    .00000
  -.20000000E+01  .16435136E+01
  -.19700000E+01  .16348891E+01
  -.19400000E+01  .16262275E+01
  -.19100000E+01  .16175285E+01
  -.18800000E+01  .16087916E+01
  -.18500000E+01  .16000164E+01
  -.18200000E+01  .15912025E+01
  -.17900000E+01  .15823494E+01
  -.17600000E+01  .15734567E+01
  -.17300000E+01  .15645239E+01
  -.17000000E+01  .15555505E+01
  -.16700000E+01  .15465361E+01
  -.16400000E+01  .15374802E+01
  -.16100000E+01  .15283823E+01
  -.15800000E+01  .15192419E+01
  -.15500000E+01  .15100585E+01
  -.15200000E+01  .15008316E+01
  -.14900000E+01  .14915607E+01
  -.14600000E+01  .14822451E+01
  -.14300000E+01  .14728845E+01
  -.14000000E+01  .14634781E+01
  -.13700000E+01  .14540255E+01
  -.13400000E+01  .14445261E+01
  -.13100000E+01  .14349793E+01
  -.12800000E+01  .14253845E+01
  -.12500000E+01  .14157411E+01
  -.12200000E+01  .14060484E+01
  -.11900000E+01  .13963059E+01
  -.11600000E+01  .13865129E+01
  -.11300000E+01  .13766687E+01
  -.11000000E+01  .13667726E+01
  -.10700000E+01  .13568241E+01
  -.10400000E+01  .13468223E+01
  -.10100000E+01  .13367667E+01
  -.98000000E+00  .13266564E+01
  -.95000000E+00  .13164907E+01
  -.92000000E+00  .13062689E+01
  -.89000000E+00  .12959902E+01
  -.86000000E+00  .12856538E+01
  -.83000000E+00  .12752589E+01
  -.80000000E+00  .12648047E+01
  -.77000000E+00  .12542905E+01
  -.74000000E+00  .12437152E+01
  -.71000000E+00  .12330781E+01
  -.68000000E+00  .12223783E+01
  -.65000000E+00  .12116149E+01
  -.62000000E+00  .12007870E+01
  -.59000000E+00  .11898935E+01
  -.56000000E+00  .11789336E+01
  -.53000000E+00  .11679063E+01
  -.50000000E+00  .11568106E+01
  -.47000000E+00  .11456453E+01
  -.44000000E+00  .11344096E+01
  -.41000000E+00  .11231024E+01
  -.38000000E+00  .11117224E+01
  -.35000000E+00  .11002687E+01
  -.32000000E+00  .10887400E+01
  -.29000000E+00  .10771352E+01
  -.26000000E+00  .10654531E+01
  -.23000000E+00  .10536925E+01
  -.20000000E+00  .10418522E+01
  -.17000000E+00  .10299307E+01
  -.14000000E+00  .10179269E+01
  -.11000000E+00  .10058394E+01
  -.80000000E-01  .99366685E+00
  -.50000000E-01  .98140777E+00
  -.20000000E-01  .96906075E+00
   .10000000E-01  .95662433E+00
   .40000000E-01  .94409699E+00
   .70000000E-01  .93147719E+00
   .10000000E+00  .91876333E+00
   .13000000E+00  .90595380E+00
   .16000000E+00  .89304692E+00
   .19000000E+00  .88004099E+00
   .22000000E+00  .86693426E+00
   .25000000E+00  .85372493E+00
   .28000000E+00  .84041115E+00
   .31000000E+00  .82699105E+00
   .34000000E+00  .81346267E+00
   .37000000E+00  .79982404E+00
   .40000000E+00  .78607310E+00
   .43000000E+00  .77220777E+00
   .46000000E+00  .75822588E+00
   .49000000E+00  .74412523E+00
   .52000000E+00  .72990355E+00
   .55000000E+00  .71555850E+00
   .58000000E+00  .70108768E+00
   .61000000E+00  .68648866E+00
   .64000000E+00  .67175889E+00
   .67000000E+00  .65689575E+00
   .70000000E+00  .64189653E+00
   .73000000E+00  .62675850E+00
   .76000000E+00  .61147884E+00
   .79000000E+00  .59605463E+00
   .82000000E+00  .58048285E+00
   .85000000E+00  .56476043E+00
   .88000000E+00  .54888417E+00
   .91000000E+00  .53285079E+00
   .94000000E+00  .51665691E+00
   .97000000E+00  .50029906E+00
   .10000000E+01  .48377364E+00
Core Pot   L  =        4.00000    .00000
  -.20000000E+01  .20427851E+01
  -.19700000E+01  .20357777E+01
  -.19400000E+01  .20287495E+01
  -.19100000E+01  .20217004E+01
  -.18800000E+01  .20146300E+01
  -.18500000E+01  .20075383E+01
  -.18200000E+01  .20004250E+01
  -.17900000E+01  .19932900E+01
  -.17600000E+01  .19861332E+01
  -.17300000E+01  .19789542E+01
  -.17000000E+01  .19717531E+01
  -.16700000E+01  .19645294E+01
  -.16400000E+01  .19572831E+01
  -.16100000E+01  .19500140E+01
  -.15800000E+01  .19427219E+01
  -.15500000E+01  .19354066E+01
  -.15200000E+01  .19280678E+01
  -.14900000E+01  .19207054E+01
  -.14600000E+01  .19133192E+01
  -.14300000E+01  .19059089E+01
  -.14000000E+01  .18984744E+01
  -.13700000E+01  .18910155E+01
  -.13400000E+01  .18835318E+01
  -.13100000E+01  .18760233E+01
  -.12800000E+01  .18684896E+01
  -.12500000E+01  .18609306E+01
  -.12200000E+01  .18533460E+01
  -.11900000E+01  .18457356E+01
  -.11600000E+01  .18380991E+01
  -.11300000E+01  .18304364E+01
  -.11000000E+01  .18227471E+01
  -.10700000E+01  .18150311E+01
  -.10400000E+01  .18072880E+01
  -.10100000E+01  .17995177E+01
  -.98000000E+00  .17917198E+01
  -.95000000E+00  .17838942E+01
  -.92000000E+00  .17760405E+01
  -.89000000E+00  .17681584E+01
  -.86000000E+00  .17602478E+01
  -.83000000E+00  .17523083E+01
  -.80000000E+00  .17443397E+01
  -.77000000E+00  .17363416E+01
  -.74000000E+00  .17283138E+01
  -.71000000E+00  .17202560E+01
  -.68000000E+00  .17121679E+01
  -.65000000E+00  .17040491E+01
  -.62000000E+00  .16958995E+01
  -.59000000E+00  .16877186E+01
  -.56000000E+00  .16795062E+01
  -.53000000E+00  .16712619E+01
  -.50000000E+00  .16629854E+01
  -.47000000E+00  .16546764E+01
  -.44000000E+00  .16463346E+01
  -.41000000E+00  .16379595E+01
  -.38000000E+00  .16295509E+01
  -.35000000E+00  .16211085E+01
  -.32000000E+00  .16126317E+01
  -.29000000E+00  .16041204E+01
  -.26000000E+00  .15955741E+01
  -.23000000E+00  .15869924E+01
  -.20000000E+00  .15783750E+01
  -.17000000E+00  .15697214E+01
  -.14000000E+00  .15610314E+01
  -.11000000E+00  .15523044E+01
  -.80000000E-01  .15435401E+01
  -.50000000E-01  .15347380E+01
  -.20000000E-01  .15258979E+01
   .10000000E-01  .15170191E+01
   .40000000E-01  .15081013E+01
   .70000000E-01  .14991440E+01
   .10000000E+00  .14901469E+01
   .13000000E+00  .14811093E+01
   .16000000E+00  .14720310E+01
   .19000000E+00  .14629113E+01
   .22000000E+00  .14537498E+01
   .25000000E+00  .14445461E+01
   .28000000E+00  .14352996E+01
   .31000000E+00  .14260098E+01
   .34000000E+00  .14166762E+01
   .37000000E+00  .14072983E+01
   .40000000E+00  .13978755E+01
   .43000000E+00  .13884074E+01
   .46000000E+00  .13788932E+01
   .49000000E+00  .13693326E+01
   .52000000E+00  .13597248E+01
   .55000000E+00  .13500694E+01
   .58000000E+00  .13403656E+01
   .61000000E+00  .13306130E+01
   .64000000E+00  .13208109E+01
   .67000000E+00  .13109586E+01
   .70000000E+00  .13010556E+01
   .73000000E+00  .12911011E+01
   .76000000E+00  .12810945E+01
   .79000000E+00  .12710351E+01
   .82000000E+00  .12609222E+01
   .85000000E+00  .12507552E+01
   .88000000E+00  .12405332E+01
   .91000000E+00  .12302555E+01
   .94000000E+00  .12199215E+01
   .97000000E+00  .12095303E+01
   .10000000E+01  .11990812E+01
Potential  L  =        4.00000    .00000
  -.20000000E+01  .20535776E+01
  -.19700000E+01  .20466856E+01
  -.19400000E+01  .20397741E+01
  -.19100000E+01  .20328437E+01
  -.18800000E+01  .20258940E+01
  -.18500000E+01  .20189252E+01
  -.18200000E+01  .20119360E+01
  -.17900000E+01  .20049257E+01
  -.17600000E+01  .19978975E+01
  -.17300000E+01  .19908477E+01
  -.17000000E+01  .19837772E+01
  -.16700000E+01  .19766865E+01
  -.16400000E+01  .19695751E+01
  -.16100000E+01  .19624427E+01
  -.15800000E+01  .19552892E+01
  -.15500000E+01  .19481140E+01
  -.15200000E+01  .19409182E+01
  -.14900000E+01  .19337003E+01
  -.14600000E+01  .19264609E+01
  -.14300000E+01  .19191994E+01
  -.14000000E+01  .19119156E+01
  -.13700000E+01  .19046099E+01
  -.13400000E+01  .18972819E+01
  -.13100000E+01  .18899310E+01
  -.12800000E+01  .18825573E+01
  -.12500000E+01  .18751604E+01
  -.12200000E+01  .18677408E+01
  -.11900000E+01  .18602975E+01
  -.11600000E+01  .18528308E+01
  -.11300000E+01  .18453404E+01
  -.11000000E+01  .18378257E+01
  -.10700000E+01  .18302871E+01
  -.10400000E+01  .18227240E+01
  -.10100000E+01  .18151366E+01
  -.98000000E+00  .18075243E+01
  -.95000000E+00  .17998868E+01
  -.92000000E+00  .17922243E+01
  -.89000000E+00  .17845366E+01
  -.86000000E+00  .17768230E+01
  -.83000000E+00  .17690836E+01
  -.80000000E+00  .17613183E+01
  -.77000000E+00  .17535264E+01
  -.74000000E+00  .17457082E+01
  -.71000000E+00  .17378633E+01
  -.68000000E+00  .17299914E+01
  -.65000000E+00  .17220922E+01
  -.62000000E+00  .17141655E+01
  -.59000000E+00  .17062113E+01
  -.56000000E+00  .16982289E+01
  -.53000000E+00  .16902183E+01
  -.50000000E+00  .16821793E+01
  -.47000000E+00  .16741116E+01
  -.44000000E+00  .16660150E+01
  -.41000000E+00  .16578891E+01
  -.38000000E+00  .16497336E+01
  -.35000000E+00  .16415485E+01
  -.32000000E+00  .16333332E+01
  -.29000000E+00  .16250875E+01
  -.26000000E+00  .16168112E+01
  -.23000000E+00  .16085040E+01
  -.20000000E+00  .16001656E+01
  -.17000000E+00  .15917957E+01
  -.14000000E+00  .15833941E+01
  -.11000000E+00  .15749603E+01
  -.80000000E-01  .15664941E+01
  -.50000000E-01  .15579951E+01
  -.20000000E-01  .15494632E+01
   .10000000E-01  .15408978E+01
   .40000000E-01  .15322987E+01
   .70000000E-01  .15236657E+01
   .10000000E+00  .15149982E+01
   .13000000E+00  .15062961E+01
   .16000000E+00  .14975589E+01
   .19000000E+00  .14887863E+01
   .22000000E+00  .14799780E+01
   .25000000E+00  .14711335E+01
   .28000000E+00  .14622525E+01
   .31000000E+00  .14533347E+01
   .34000000E+00  .14443796E+01
   .37000000E+00  .14353869E+01
   .40000000E+00  .14263562E+01
   .43000000E+00  .14172870E+01
   .46000000E+00  .14081791E+01
   .49000000E+00  .13990319E+01
   .52000000E+00  .13898450E+01
   .55000000E+00  .13806181E+01
   .58000000E+00  .13713508E+01
   .61000000E+00  .13620424E+01
   .64000000E+00  .13526928E+01
   .67000000E+00  .13433013E+01
   .70000000E+00  .13338675E+01
   .73000000E+00  .13243910E+01
   .76000000E+00  .13148713E+01
   .79000000E+00  .13053079E+01
   .82000000E+00  .12957003E+01
   .85000000E+00  .12860480E+01
   .88000000E+00  .12763506E+01
   .91000000E+00  .12666074E+01
   .94000000E+00  .12568181E+01
   .97000000E+00  .12469820E+01
   .10000000E+01  .12370987E+01
KBPotential  L  =       .00000  -3.92901
  -.20000000E+01 -.86828008E+00
  -.19700000E+01 -.97965978E+00
  -.19400000E+01 -.11006320E+01
  -.19100000E+01 -.12325925E+01
  -.18800000E+01 -.13772237E+01
  -.18500000E+01 -.15365693E+01
  -.18200000E+01 -.17131392E+01
  -.17900000E+01 -.19100499E+01
  -.17600000E+01 -.21312187E+01
  -.17300000E+01 -.23816406E+01
  -.17000000E+01 -.26677829E+01
  -.16700000E+01 -.29981747E+01
  -.16400000E+01 -.33842973E+01
  -.16100000E+01 -.38419834E+01
  -.15800000E+01 -.43936941E+01
  -.15500000E+01 -.50723930E+01
  -.15200000E+01 -.59284992E+01
  -.14900000E+01 -.70431966E+01
  -.14600000E+01 -.85561437E+01
  -.14300000E+01 -.10729653E+02
  -.14000000E+01 -.14121248E+02
  -.13700000E+01 -.20161534E+02
  -.13400000E+01 -.33962846E+02
  -.13100000E+01 -.97531476E+02
  -.12800000E+01  .12409559E+03
  -.12500000E+01  .39113976E+02
  -.12200000E+01  .23618878E+02
  -.11900000E+01  .17112265E+02
  -.11600000E+01  .13528635E+02
  -.11300000E+01  .11257725E+02
  -.11000000E+01  .96885440E+01
  -.10700000E+01  .85383396E+01
  -.10400000E+01  .76582741E+01
  -.10100000E+01  .69625381E+01
  -.98000000E+00  .63981812E+01
  -.95000000E+00  .59307577E+01
  -.92000000E+00  .55368927E+01
  -.89000000E+00  .52001646E+01
  -.86000000E+00  .49086990E+01
  -.83000000E+00  .46536968E+01
  -.80000000E+00  .44284987E+01
  -.77000000E+00  .42279722E+01
  -.74000000E+00  .40480976E+01
  -.71000000E+00  .38856823E+01
  -.68000000E+00  .37381579E+01
  -.65000000E+00  .36034351E+01
  -.62000000E+00  .34797968E+01
  -.59000000E+00  .33658188E+01
  -.56000000E+00  .32603098E+01
  -.53000000E+00  .31622658E+01
  -.50000000E+00  .30708345E+01
  -.47000000E+00  .29852878E+01
  -.44000000E+00  .29049999E+01
  -.41000000E+00  .28294300E+01
  -.38000000E+00  .27581080E+01
  -.35000000E+00  .26906240E+01
  -.32000000E+00  .26266182E+01
  -.29000000E+00  .25657739E+01
  -.26000000E+00  .25078116E+01
  -.23000000E+00  .24524818E+01
  -.20000000E+00  .23995638E+01
  -.17000000E+00  .23488599E+01
  -.14000000E+00  .23001929E+01
  -.11000000E+00  .22534035E+01
  -.80000000E-01  .22083481E+01
  -.50000000E-01  .21648969E+01
  -.20000000E-01  .21229324E+01
   .10000000E-01  .20823477E+01
   .40000000E-01  .20430455E+01
   .70000000E-01  .20049369E+01
   .10000000E+00  .19679408E+01
   .13000000E+00  .19319828E+01
   .16000000E+00  .18969945E+01
   .19000000E+00  .18629131E+01
   .22000000E+00  .18296806E+01
   .25000000E+00  .17972436E+01
   .28000000E+00  .17655525E+01
   .31000000E+00  .17345616E+01
   .34000000E+00  .17042282E+01
   .37000000E+00  .16745130E+01
   .40000000E+00  .16453791E+01
   .43000000E+00  .16167922E+01
   .46000000E+00  .15887204E+01
   .49000000E+00  .15611337E+01
   .52000000E+00  .15340042E+01
   .55000000E+00  .15073057E+01
   .58000000E+00  .14810136E+01
   .61000000E+00  .14551047E+01
   .64000000E+00  .14295573E+01
   .67000000E+00  .14043509E+01
   .70000000E+00  .13794662E+01
   .73000000E+00  .13548851E+01
   .76000000E+00  .13305903E+01
   .79000000E+00  .13065654E+01
   .82000000E+00  .12827951E+01
   .85000000E+00  .12592648E+01
   .88000000E+00  .12359605E+01
   .91000000E+00  .12128691E+01
   .94000000E+00  .11899778E+01
   .97000000E+00  .11672750E+01
   .10000000E+01  .11447490E+01
KBPotential  L  =      1.00000  -1.98678
  -.20000000E+01  .60019424E+00
  -.19700000E+01  .57765682E+00
  -.19400000E+01  .55466155E+00
  -.19100000E+01  .53118934E+00
  -.18800000E+01  .50721998E+00
  -.18500000E+01  .48273205E+00
  -.18200000E+01  .45770287E+00
  -.17900000E+01  .43210835E+00
  -.17600000E+01  .40592291E+00
  -.17300000E+01  .37911938E+00
  -.17000000E+01  .35166883E+00
  -.16700000E+01  .32354044E+00
  -.16400000E+01  .29470138E+00
  -.16100000E+01  .26511658E+00
  -.15800000E+01  .23474856E+00
  -.15500000E+01  .20355727E+00
  -.15200000E+01  .17149976E+00
  -.14900000E+01  .13853002E+00
  -.14600000E+01  .10459858E+00
  -.14300000E+01  .69652352E-01
  -.14000000E+01  .33634171E-01
  -.13700000E+01 -.35176186E-02
  -.13400000E+01 -.41869609E-01
  -.13100000E+01 -.81493777E-01
  -.12800000E+01 -.12246807E+00
  -.12500000E+01 -.16487703E+00
  -.12200000E+01 -.20881254E+00
  -.11900000E+01 -.25437461E+00
  -.11600000E+01 -.30167230E+00
  -.11300000E+01 -.35082476E+00
  -.11000000E+01 -.40196249E+00
  -.10700000E+01 -.45522864E+00
  -.10400000E+01 -.51078062E+00
  -.10100000E+01 -.56879196E+00
  -.98000000E+00 -.62945437E+00
  -.95000000E+00 -.69298022E+00
  -.92000000E+00 -.75960540E+00
  -.89000000E+00 -.82959267E+00
  -.86000000E+00 -.90323561E+00
  -.83000000E+00 -.98086326E+00
  -.80000000E+00 -.10628457E+01
  -.77000000E+00 -.11496005E+01
  -.74000000E+00 -.12416008E+01
  -.71000000E+00 -.13393849E+01
  -.68000000E+00 -.14435677E+01
  -.65000000E+00 -.15548546E+01
  -.62000000E+00 -.16740596E+01
  -.59000000E+00 -.18021263E+01
  -.56000000E+00 -.19401550E+01
  -.53000000E+00 -.20894367E+01
  -.50000000E+00 -.22514964E+01
  -.47000000E+00 -.24281482E+01
  -.44000000E+00 -.26215680E+01
  -.41000000E+00 -.28343875E+01
  -.38000000E+00 -.30698206E+01
  -.35000000E+00 -.33318353E+01
  -.32000000E+00 -.36253854E+01
  -.29000000E+00 -.39567404E+01
  -.26000000E+00 -.43339491E+01
  -.23000000E+00 -.47675253E+01
  -.20000000E+00 -.52714645E+01
  -.17000000E+00 -.58648175E+01
  -.14000000E+00 -.65741980E+01
  -.11000000E+00 -.74379523E+01
  -.80000000E-01 -.85134215E+01
  -.50000000E-01 -.98903677E+01
  -.20000000E-01 -.11717664E+02
   .10000000E-01 -.14261532E+02
   .40000000E-01 -.18049552E+02
   .70000000E-01 -.24295709E+02
   .10000000E+00 -.36554851E+02
   .13000000E+00 -.71616180E+02
   .16000000E+00 -.10485485E+04
   .19000000E+00  .85483971E+02
   .22000000E+00  .41639562E+02
   .25000000E+00  .27761729E+02
   .28000000E+00  .20949372E+02
   .31000000E+00  .16899118E+02
   .34000000E+00  .14212540E+02
   .37000000E+00  .12298907E+02
   .40000000E+00  .10865618E+02
   .43000000E+00  .97512068E+01
   .46000000E+00  .88592768E+01
   .49000000E+00  .81287226E+01
   .52000000E+00  .75189344E+01
   .55000000E+00  .70018693E+01
   .58000000E+00  .65575394E+01
   .61000000E+00  .61713132E+01
   .64000000E+00  .58322340E+01
   .67000000E+00  .55319342E+01
   .70000000E+00  .52639134E+01
   .73000000E+00  .50230446E+01
   .76000000E+00  .48052302E+01
   .79000000E+00  .46071555E+01
   .82000000E+00  .44261102E+01
   .85000000E+00  .42598570E+01
   .88000000E+00  .41065324E+01
   .91000000E+00  .39645716E+01
   .94000000E+00  .38326514E+01
   .97000000E+00  .37096446E+01
   .10000000E+01  .35945856E+01
KBPotential  L  =      2.00000   -.06080
  -.20000000E+01  .12021789E+01
  -.19700000E+01  .11912784E+01
  -.19400000E+01  .11802983E+01
  -.19100000E+01  .11692371E+01
  -.18800000E+01  .11580930E+01
  -.18500000E+01  .11468646E+01
  -.18200000E+01  .11355501E+01
  -.17900000E+01  .11241478E+01
  -.17600000E+01  .11126560E+01
  -.17300000E+01  .11010729E+01
  -.17000000E+01  .10893965E+01
  -.16700000E+01  .10776250E+01
  -.16400000E+01  .10657563E+01
  -.16100000E+01  .10537884E+01
  -.15800000E+01  .10417193E+01
  -.15500000E+01  .10295466E+01
  -.15200000E+01  .10172683E+01
  -.14900000E+01  .10048819E+01
  -.14600000E+01  .99238505E+00
  -.14300000E+01  .97977533E+00
  -.14000000E+01  .96705017E+00
  -.13700000E+01  .95420693E+00
  -.13400000E+01  .94124290E+00
  -.13100000E+01  .92815528E+00
  -.12800000E+01  .91494117E+00
  -.12500000E+01  .90159755E+00
  -.12200000E+01  .88812133E+00
  -.11900000E+01  .87450931E+00
  -.11600000E+01  .86075815E+00
  -.11300000E+01  .84686442E+00
  -.11000000E+01  .83282456E+00
  -.10700000E+01  .81863448E+00
  -.10400000E+01  .80429156E+00
  -.10100000E+01  .78979008E+00
  -.98000000E+00  .77512800E+00
  -.95000000E+00  .76029943E+00
  -.92000000E+00  .74530038E+00
  -.89000000E+00  .73012685E+00
  -.86000000E+00  .71477311E+00
  -.83000000E+00  .69923466E+00
  -.80000000E+00  .68350636E+00
  -.77000000E+00  .66758286E+00
  -.74000000E+00  .65145860E+00
  -.71000000E+00  .63512779E+00
  -.68000000E+00  .61858440E+00
  -.65000000E+00  .60182216E+00
  -.62000000E+00  .58483453E+00
  -.59000000E+00  .56761464E+00
  -.56000000E+00  .55015556E+00
  -.53000000E+00  .53244972E+00
  -.50000000E+00  .51448942E+00
  -.47000000E+00  .49626659E+00
  -.44000000E+00  .47777268E+00
  -.41000000E+00  .45899924E+00
  -.38000000E+00  .43993668E+00
  -.35000000E+00  .42057546E+00
  -.32000000E+00  .40090549E+00
  -.29000000E+00  .38091618E+00
  -.26000000E+00  .36059646E+00
  -.23000000E+00  .33993469E+00
  -.20000000E+00  .31891867E+00
  -.17000000E+00  .29753559E+00
  -.14000000E+00  .27577201E+00
  -.11000000E+00  .25361376E+00
  -.80000000E-01  .23104599E+00
  -.50000000E-01  .20805302E+00
  -.20000000E-01  .18461837E+00
   .10000000E-01  .16072417E+00
   .40000000E-01  .13635287E+00
   .70000000E-01  .11148451E+00
   .10000000E+00  .86099478E-01
   .13000000E+00  .60175986E-01
   .16000000E+00  .33690401E-01
   .19000000E+00  .66189212E-02
   .22000000E+00 -.21064112E-01
   .25000000E+00 -.49385914E-01
   .28000000E+00 -.78375378E-01
   .31000000E+00 -.10806321E+00
   .34000000E+00 -.13848206E+00
   .37000000E+00 -.16966669E+00
   .40000000E+00 -.20165416E+00
   .43000000E+00 -.23448400E+00
   .46000000E+00 -.26819842E+00
   .49000000E+00 -.30284257E+00
   .52000000E+00 -.33846474E+00
   .55000000E+00 -.37511673E+00
   .58000000E+00 -.41285408E+00
   .61000000E+00 -.45173650E+00
   .64000000E+00 -.49182819E+00
   .67000000E+00 -.53319832E+00
   .70000000E+00 -.57592154E+00
   .73000000E+00 -.62007846E+00
   .76000000E+00 -.66575633E+00
   .79000000E+00 -.71304970E+00
   .82000000E+00 -.76206122E+00
   .85000000E+00 -.81290250E+00
   .88000000E+00 -.86569517E+00
   .91000000E+00 -.92057195E+00
   .94000000E+00 -.97767800E+00
   .97000000E+00 -.10371724E+01
   .10000000E+01 -.10992299E+01
KBPotential  L  =      3.00000    .00000
  -.20000000E+01  .16435136E+01
  -.19700000E+01  .16348891E+01
  -.19400000E+01  .16262275E+01
  -.19100000E+01  .16175285E+01
  -.18800000E+01  .16087916E+01
  -.18500000E+01  .16000164E+01
  -.18200000E+01  .15912025E+01
  -.17900000E+01  .15823494E+01
  -.17600000E+01  .15734567E+01
  -.17300000E+01  .15645239E+01
  -.17000000E+01  .15555505E+01
  -.16700000E+01  .15465361E+01
  -.16400000E+01  .15374802E+01
  -.16100000E+01  .15283823E+01
  -.15800000E+01  .15192419E+01
  -.15500000E+01  .15100585E+01
  -.15200000E+01  .15008316E+01
  -.14900000E+01  .14915607E+01
  -.14600000E+01  .14822451E+01
  -.14300000E+01  .14728845E+01
  -.14000000E+01  .14634781E+01
  -.13700000E+01  .14540255E+01
  -.13400000E+01  .14445261E+01
  -.13100000E+01  .14349793E+01
  -.12800000E+01  .14253845E+01
  -.12500000E+01  .14157411E+01
  -.12200000E+01  .14060484E+01
  -.11900000E+01  .13963059E+01
  -.11600000E+01  .13865129E+01
  -.11300000E+01  .13766687E+01
  -.11000000E+01  .13667726E+01
  -.10700000E+01  .13568241E+01
  -.10400000E+01  .13468223E+01
  -.10100000E+01  .13367667E+01
  -.98000000E+00  .13266564E+01
  -.95000000E+00  .13164907E+01
  -.92000000E+00  .13062689E+01
  -.89000000E+00  .12959902E+01
  -.86000000E+00  .12856538E+01
  -.83000000E+00  .12752589E+01
  -.80000000E+00  .12648047E+01
  -.77000000E+00  .12542905E+01
  -.74000000E+00  .12437152E+01
  -.71000000E+00  .12330781E+01
  -.68000000E+00  .12223783E+01
  -.65000000E+00  .12116149E+01
  -.62000000E+00  .12007870E+01
  -.59000000E+00  .11898935E+01
  -.56000000E+00  .11789336E+01
  -.53000000E+00  .11679063E+01
  -.50000000E+00  .11568106E+01
  -.47000000E+00  .11456453E+01
  -.44000000E+00  .11344096E+01
  -.41000000E+00  .11231024E+01
  -.38000000E+00  .11117224E+01
  -.35000000E+00  .11002687E+01
  -.32000000E+00  .10887400E+01
  -.29000000E+00  .10771352E+01
  -.26000000E+00  .10654531E+01
  -.23000000E+00  .10536925E+01
  -.20000000E+00  .10418522E+01
  -.17000000E+00  .10299307E+01
  -.14000000E+00  .10179269E+01
  -.11000000E+00  .10058394E+01
  -.80000000E-01  .99366685E+00
  -.50000000E-01  .98140777E+00
  -.20000000E-01  .96906075E+00
   .10000000E-01  .95662433E+00
   .40000000E-01  .94409699E+00
   .70000000E-01  .93147719E+00
   .10000000E+00  .91876333E+00
   .13000000E+00  .90595380E+00
   .16000000E+00  .89304692E+00
   .19000000E+00  .88004099E+00
   .22000000E+00  .86693426E+00
   .25000000E+00  .85372493E+00
   .28000000E+00  .84041115E+00
   .31000000E+00  .82699105E+00
   .34000000E+00  .81346267E+00
   .37000000E+00  .79982404E+00
   .40000000E+00  .78607310E+00
   .43000000E+00  .77220777E+00
   .46000000E+00  .75822588E+00
   .49000000E+00  .74412523E+00
   .52000000E+00  .72990355E+00
   .55000000E+00  .71555850E+00
   .58000000E+00  .70108768E+00
   .61000000E+00  .68648866E+00
   .64000000E+00  .67175889E+00
   .67000000E+00  .65689575E+00
   .70000000E+00  .64189653E+00
   .73000000E+00  .62675850E+00
   .76000000E+00  .61147884E+00
   .79000000E+00  .59605463E+00
   .82000000E+00  .58048285E+00
   .85000000E+00  .56476043E+00
   .88000000E+00  .54888417E+00
   .91000000E+00  .53285079E+00
   .94000000E+00  .51665691E+00
   .97000000E+00  .50029906E+00
   .10000000E+01  .48377364E+00
KBPotential  L  =      4.00000    .00000
  -.20000000E+01  .20535776E+01
  -.19700000E+01  .20466856E+01
  -.19400000E+01  .20397741E+01
  -.19100000E+01  .20328437E+01
  -.18800000E+01  .20258940E+01
  -.18500000E+01  .20189252E+01
  -.18200000E+01  .20119360E+01
  -.17900000E+01  .20049257E+01
  -.17600000E+01  .19978975E+01
  -.17300000E+01  .19908477E+01
  -.17000000E+01  .19837772E+01
  -.16700000E+01  .19766865E+01
  -.16400000E+01  .19695751E+01
  -.16100000E+01  .19624427E+01
  -.15800000E+01  .19552892E+01
  -.15500000E+01  .19481140E+01
  -.15200000E+01  .19409182E+01
  -.14900000E+01  .19337003E+01
  -.14600000E+01  .19264609E+01
  -.14300000E+01  .19191994E+01
  -.14000000E+01  .19119156E+01
  -.13700000E+01  .19046099E+01
  -.13400000E+01  .18972819E+01
  -.13100000E+01  .18899310E+01
  -.12800000E+01  .18825573E+01
  -.12500000E+01  .18751604E+01
  -.12200000E+01  .18677408E+01
  -.11900000E+01  .18602975E+01
  -.11600000E+01  .18528308E+01
  -.11300000E+01  .18453404E+01
  -.11000000E+01  .18378257E+01
  -.10700000E+01  .18302871E+01
  -.10400000E+01  .18227240E+01
  -.10100000E+01  .18151366E+01
  -.98000000E+00  .18075243E+01
  -.95000000E+00  .17998868E+01
  -.92000000E+00  .17922243E+01
  -.89000000E+00  .17845366E+01
  -.86000000E+00  .17768230E+01
  -.83000000E+00  .17690836E+01
  -.80000000E+00  .17613183E+01
  -.77000000E+00  .17535264E+01
  -.74000000E+00  .17457082E+01
  -.71000000E+00  .17378633E+01
  -.68000000E+00  .17299914E+01
  -.65000000E+00  .17220922E+01
  -.62000000E+00  .17141655E+01
  -.59000000E+00  .17062113E+01
  -.56000000E+00  .16982289E+01
  -.53000000E+00  .16902183E+01
  -.50000000E+00  .16821793E+01
  -.47000000E+00  .16741116E+01
  -.44000000E+00  .16660150E+01
  -.41000000E+00  .16578891E+01
  -.38000000E+00  .16497336E+01
  -.35000000E+00  .16415485E+01
  -.32000000E+00  .16333332E+01
  -.29000000E+00  .16250875E+01
  -.26000000E+00  .16168112E+01
  -.23000000E+00  .16085040E+01
  -.20000000E+00  .16001656E+01
  -.17000000E+00  .15917957E+01
  -.14000000E+00  .15833941E+01
  -.11000000E+00  .15749603E+01
  -.80000000E-01  .15664941E+01
  -.50000000E-01  .15579951E+01
  -.20000000E-01  .15494632E+01
   .10000000E-01  .15408978E+01
   .40000000E-01  .15322987E+01
   .70000000E-01  .15236657E+01
   .10000000E+00  .15149982E+01
   .13000000E+00  .15062961E+01
   .16000000E+00  .14975589E+01
   .19000000E+00  .14887863E+01
   .22000000E+00  .14799780E+01
   .25000000E+00  .14711335E+01
   .28000000E+00  .14622525E+01
   .31000000E+00  .14533347E+01
   .34000000E+00  .14443796E+01
   .37000000E+00  .14353869E+01
   .40000000E+00  .14263562E+01
   .43000000E+00  .14172870E+01
   .46000000E+00  .14081791E+01
   .49000000E+00  .13990319E+01
   .52000000E+00  .13898450E+01
   .55000000E+00  .13806181E+01
   .58000000E+00  .13713508E+01
   .61000000E+00  .13620424E+01
   .64000000E+00  .13526928E+01
   .67000000E+00  .13433013E+01
   .70000000E+00  .13338675E+01
   .73000000E+00  .13243910E+01
   .76000000E+00  .13148713E+01
   .79000000E+00  .13053079E+01
   .82000000E+00  .12957003E+01
   .85000000E+00  .12860480E+01
   .88000000E+00  .12763506E+01
   .91000000E+00  .12666074E+01
   .94000000E+00  .12568181E+01
   .97000000E+00  .12469820E+01
   .10000000E+01  .12370987E+01
