Li: 1s2s2p                              
  .312041335E-06  .317072230E-06  .322184231E-06  .327378644E-06  .332656798E-06
  .338020044E-06  .343469753E-06  .349007318E-06  .354634156E-06  .360351706E-06
  .366161430E-06  .372064814E-06  .378063367E-06  .384158625E-06  .390352145E-06
  .396645511E-06  .403040334E-06  .409538247E-06  .416140914E-06  .422850023E-06
  .429667289E-06  .436594456E-06  .443633296E-06  .450785608E-06  .458053221E-06
  .465437994E-06  .472941816E-06  .480566606E-06  .488314313E-06  .496186918E-06
  .504186435E-06  .512314910E-06  .520574421E-06  .528967080E-06  .537495034E-06
  .546160462E-06  .554965582E-06  .563912644E-06  .573003937E-06  .582241786E-06
  .591628551E-06  .601166635E-06  .610858475E-06  .620706551E-06  .630713380E-06
  .640881521E-06  .651213573E-06  .661712180E-06  .672380026E-06  .683219838E-06
  .694234387E-06  .705426492E-06  .716799012E-06  .728354856E-06  .740096979E-06
  .752028383E-06  .764152119E-06  .776471287E-06  .788989036E-06  .801708567E-06
  .814633133E-06  .827766038E-06  .841110639E-06  .854670349E-06  .868448634E-06
  .882449018E-06  .896675079E-06  .911130455E-06  .925818843E-06  .940743996E-06
  .955909732E-06  .971319926E-06  .986978520E-06  .100288952E-05  .101905698E-05
  .103548505E-05  .105217793E-05  .106913987E-05  .108637523E-05  .110388839E-05
  .112168385E-05  .113976615E-05  .115813991E-05  .117680983E-05  .119578068E-05
  .121505732E-05  .123464467E-05  .125454773E-05  .127477160E-05  .129532145E-05
  .131620253E-05  .133742017E-05  .135897980E-05  .138088693E-05  .140314717E-05
  .142576619E-05  .144874979E-05  .147210384E-05  .149583431E-05  .151994726E-05
  .154444885E-05  .156934536E-05  .159464314E-05  .162034866E-05  .164646849E-05
  .167300931E-05  .169997790E-05  .172738115E-05  .175522607E-05  .178351977E-05
  .181226949E-05  .184148257E-05  .187116649E-05  .190132881E-05  .193197727E-05
  .196311968E-05  .199476401E-05  .202691835E-05  .205959091E-05  .209279004E-05
  .212652423E-05  .216080209E-05  .219563240E-05  .223102404E-05  .226698607E-05
  .230352767E-05  .234065818E-05  .237838710E-05  .241672405E-05  .245567885E-05
  .249526144E-05  .253548193E-05  .257635061E-05  .261787792E-05  .266007447E-05
  .270295104E-05  .274651859E-05  .279078824E-05  .283577132E-05  .288147932E-05
  .292792391E-05  .297511696E-05  .302307052E-05  .307179686E-05  .312130842E-05
  .317161785E-05  .322273801E-05  .327468194E-05  .332746294E-05  .338109447E-05
  .343559024E-05  .349096418E-05  .354723043E-05  .360440336E-05  .366249759E-05
  .372152794E-05  .378150951E-05  .384245760E-05  .390438781E-05  .396731593E-05
  .403125805E-05  .409623050E-05  .416224988E-05  .422933305E-05  .429749715E-05
  .436675958E-05  .443713804E-05  .450865050E-05  .458131524E-05  .465515080E-05
  .473017605E-05  .480641015E-05  .488387257E-05  .496258309E-05  .504256182E-05
  .512382918E-05  .520640592E-05  .529031314E-05  .537557226E-05  .546220506E-05
  .555023365E-05  .563968052E-05  .573056851E-05  .582292083E-05  .591676106E-05
  .601211316E-05  .610900148E-05  .620745076E-05  .630748614E-05  .640913316E-05
  .651241777E-05  .661736634E-05  .672400567E-05  .683236299E-05  .694246596E-05
  .705434269E-05  .716802174E-05  .728353213E-05  .740090335E-05  .752016538E-05
  .764134864E-05  .776448408E-05  .788960313E-05  .801673772E-05  .814592032E-05
  .827718389E-05  .841056194E-05  .854608852E-05  .868379822E-05  .882372618E-05
  .896590812E-05  .911038033E-05  .925717967E-05  .940634363E-05  .955791026E-05
  .971191824E-05  .986840689E-05  .100274161E-04  .101889865E-04  .103531593E-04
  .105199764E-04  .106894804E-04  .108617145E-04  .110367226E-04  .112145494E-04
  .113952404E-04  .115788415E-04  .117653997E-04  .119549624E-04  .121475782E-04
  .123432961E-04  .125421661E-04  .127442388E-04  .129495659E-04  .131581998E-04
  .133701935E-04  .135856013E-04  .138044781E-04  .140268796E-04  .142528627E-04
  .144824849E-04  .147158048E-04  .149528820E-04  .151937768E-04  .154385508E-04
  .156872663E-04  .159399868E-04  .161967767E-04  .164577016E-04  .167228278E-04
  .169922231E-04  .172659562E-04  .175440967E-04  .178267158E-04  .181138853E-04
  .184056785E-04  .187021698E-04  .190034348E-04  .193095503E-04  .196205944E-04
  .199366462E-04  .202577865E-04  .205840970E-04  .209156609E-04  .212525627E-04
  .215948883E-04  .219427249E-04  .222961612E-04  .226552873E-04  .230201947E-04
  .233909763E-04  .237677267E-04  .241505418E-04  .245395193E-04  .249347581E-04
  .253363591E-04  .257444245E-04  .261590583E-04  .265803661E-04  .270084553E-04
  .274434349E-04  .278854158E-04  .283345104E-04  .287908333E-04  .292545006E-04
  .297256304E-04  .302043427E-04  .306907595E-04  .311850045E-04  .316872038E-04
  .321974851E-04  .327159785E-04  .332428158E-04  .337781313E-04  .343220614E-04
  .348747443E-04  .354363209E-04  .360069342E-04  .365867294E-04  .371758540E-04
  .377744581E-04  .383826940E-04  .390007165E-04  .396286830E-04  .402667532E-04
  .409150896E-04  .415738571E-04  .422432233E-04  .429233587E-04  .436144362E-04
  .443166316E-04  .450301238E-04  .457550941E-04  .464917270E-04  .472402099E-04
  .480007333E-04  .487734905E-04  .495586780E-04  .503564958E-04  .511671465E-04
  .519908364E-04  .528277750E-04  .536781751E-04  .545422530E-04  .554202282E-04
  .563123242E-04  .572187676E-04  .581397889E-04  .590756223E-04  .600265057E-04
  .609926807E-04  .619743930E-04  .629718920E-04  .639854312E-04  .650152684E-04
  .660616650E-04  .671248871E-04  .682052048E-04  .693028926E-04  .704182293E-04
  .715514984E-04  .727029876E-04  .738729896E-04  .750618014E-04  .762697251E-04
  .774970674E-04  .787441400E-04  .800112596E-04  .812987479E-04  .826069319E-04
  .839361437E-04  .852867208E-04  .866590060E-04  .880533477E-04  .894700998E-04
  .909096219E-04  .923722794E-04  .938584434E-04  .953684911E-04  .969028056E-04
  .984617764E-04  .100045799E-03  .101655275E-03  .103290613E-03  .104952227E-03
  .106640540E-03  .108355979E-03  .110098979E-03  .111869983E-03  .113669439E-03
  .115497804E-03  .117355541E-03  .119243122E-03  .121161024E-03  .123109734E-03
  .125089746E-03  .127101561E-03  .129145690E-03  .131222650E-03  .133332968E-03
  .135477178E-03  .137655824E-03  .139869458E-03  .142118639E-03  .144403938E-03
  .146725934E-03  .149085215E-03  .151482377E-03  .153918029E-03  .156392786E-03
  .158907275E-03  .161462132E-03  .164058005E-03  .166695550E-03  .169375435E-03
  .172098337E-03  .174864946E-03  .177675962E-03  .180532095E-03  .183434069E-03
  .186382616E-03  .189378484E-03  .192422429E-03  .195515221E-03  .198657642E-03
  .201850486E-03  .205094561E-03  .208390686E-03  .211739695E-03  .215142434E-03
  .218599762E-03  .222112553E-03  .225681694E-03  .229308088E-03  .232992649E-03
  .236736309E-03  .240540013E-03  .244404721E-03  .248331409E-03  .252321068E-03
  .256374706E-03  .260493344E-03  .264678023E-03  .268929799E-03  .273249744E-03
  .277638948E-03  .282098518E-03  .286629579E-03  .291233273E-03  .295910762E-03
  .300663225E-03  .305491859E-03  .310397882E-03  .315382530E-03  .320447060E-03
  .325592747E-03  .330820888E-03  .336132800E-03  .341529821E-03  .347013310E-03
  .352584647E-03  .358245237E-03  .363996502E-03  .369839892E-03  .375776877E-03
  .381808950E-03  .387937630E-03  .394164459E-03  .400491002E-03  .406918851E-03
  .413449622E-03  .420084957E-03  .426826525E-03  .433676020E-03  .440635163E-03
  .447705704E-03  .454889418E-03  .462188111E-03  .469603615E-03  .477137793E-03
  .484792537E-03  .492569769E-03  .500471441E-03  .508499536E-03  .516656069E-03
  .524943086E-03  .533362667E-03  .541916922E-03  .550607999E-03  .559438075E-03
  .568409364E-03  .577524116E-03  .586784614E-03  .596193180E-03  .605752170E-03
  .615463979E-03  .625331039E-03  .635355821E-03  .645540835E-03  .655888630E-03
  .666401797E-03  .677082965E-03  .687934808E-03  .698960039E-03  .710161416E-03
  .721541740E-03  .733103855E-03  .744850653E-03  .756785069E-03  .768910083E-03
  .781228726E-03  .793744075E-03  .806459253E-03  .819377437E-03  .832501850E-03
  .845835767E-03  .859382516E-03  .873145477E-03  .887128081E-03  .901333816E-03
  .915766222E-03  .930428898E-03  .945325497E-03  .960459731E-03  .975835369E-03
  .991456240E-03  .100732623E-02  .102344930E-02  .103982946E-02  .105647077E-02
  .107337739E-02  .109055351E-02  .110800341E-02  .112573142E-02  .114374196E-02
  .116203949E-02  .118062856E-02  .119951379E-02  .121869986E-02  .123819154E-02
  .125799367E-02  .127811116E-02  .129854900E-02  .131931225E-02  .134040607E-02
  .136183568E-02  .138360640E-02  .140572361E-02  .142819280E-02  .145101952E-02
  .147420943E-02  .149776826E-02  .152170185E-02  .154601611E-02  .157071706E-02
  .159581080E-02  .162130353E-02  .164720155E-02  .167351125E-02  .170023914E-02
  .172739180E-02  .175497595E-02  .178299838E-02  .181146600E-02  .184038584E-02
  .186976502E-02  .189961078E-02  .192993047E-02  .196073155E-02  .199202162E-02
  .202380836E-02  .205609960E-02  .208890328E-02  .212222747E-02  .215608035E-02
  .219047024E-02  .222540558E-02  .226089496E-02  .229694709E-02  .233357080E-02
  .237077509E-02  .240856907E-02  .244696201E-02  .248596332E-02  .252558254E-02
  .256582938E-02  .260671368E-02  .264824546E-02  .269043486E-02  .273329220E-02
  .277682796E-02  .282105277E-02  .286597743E-02  .291161291E-02  .295797034E-02
  .300506103E-02  .305289646E-02  .310148830E-02  .315084837E-02  .320098870E-02
  .325192150E-02  .330365915E-02  .335621425E-02  .340959957E-02  .346382809E-02
  .351891298E-02  .357486761E-02  .363170556E-02  .368944064E-02  .374808683E-02
  .380765835E-02  .386816963E-02  .392963534E-02  .399207035E-02  .405548977E-02
  .411990893E-02  .418534341E-02  .425180902E-02  .431932181E-02  .438789807E-02
  .445755437E-02  .452830748E-02  .460017447E-02  .467317266E-02  .474731962E-02
  .482263319E-02  .489913150E-02  .497683294E-02  .505575618E-02  .513592018E-02
  .521734419E-02  .530004773E-02  .538405066E-02  .546937309E-02  .555603547E-02
  .564405855E-02  .573346340E-02  .582427139E-02  .591650423E-02  .601018396E-02
  .610533294E-02  .620197388E-02  .630012982E-02  .639982416E-02  .650108065E-02
  .660392339E-02  .670837686E-02  .681446588E-02  .692221568E-02  .703165183E-02
  .714280032E-02  .725568750E-02  .737034014E-02  .748678539E-02  .760505083E-02
  .772516444E-02  .784715460E-02  .797105016E-02  .809688035E-02  .822467489E-02
  .835446388E-02  .848627794E-02  .862014808E-02  .875610583E-02  .889418313E-02
  .903441246E-02  .917682673E-02  .932145936E-02  .946834427E-02  .961751587E-02
  .976900910E-02  .992285940E-02  .100791027E-01  .102377756E-01  .103989151E-01
  .105625587E-01  .107287446E-01  .108975116E-01  .110688988E-01  .112429462E-01
  .114196942E-01  .115991838E-01  .117814566E-01  .119665550E-01  .121545217E-01
  .123454003E-01  .125392348E-01  .127360702E-01  .129359517E-01  .131389256E-01
  .133450385E-01  .135543379E-01  .137668719E-01  .139826894E-01  .142018400E-01
  .144243738E-01  .146503420E-01  .148797961E-01  .151127888E-01  .153493732E-01
  .155896034E-01  .158335341E-01  .160812210E-01  .163327204E-01  .165880895E-01
  .168473863E-01  .171106697E-01  .173779993E-01  .176494358E-01  .179250404E-01
  .182048756E-01  .184890045E-01  .187774912E-01  .190704006E-01  .193677987E-01
  .196697524E-01  .199763295E-01  .202875987E-01  .206036297E-01  .209244934E-01
  .212502614E-01  .215810064E-01  .219168024E-01  .222577239E-01  .226038470E-01
  .229552486E-01  .233120066E-01  .236742001E-01  .240419094E-01  .244152157E-01
  .247942016E-01  .251789506E-01  .255695475E-01  .259660783E-01  .263686301E-01
  .267772912E-01  .271921513E-01  .276133011E-01  .280408327E-01  .284748395E-01
  .289154160E-01  .293626582E-01  .298166633E-01  .302775298E-01  .307453577E-01
  .312202483E-01  .317023042E-01  .321916294E-01  .326883295E-01  .331925112E-01
  .337042831E-01  .342237548E-01  .347510377E-01  .352862445E-01  .358294896E-01
  .363808888E-01  .369405595E-01  .375086207E-01  .380851928E-01  .386703981E-01
  .392643604E-01  .398672050E-01  .404790592E-01  .411000515E-01  .417303125E-01
  .423699745E-01  .430191712E-01  .436780385E-01  .443467137E-01  .450253361E-01
  .457140468E-01  .464129887E-01  .471223066E-01  .478421470E-01  .485726586E-01
  .493139917E-01  .500662988E-01  .508297341E-01  .516044541E-01  .523906170E-01
  .531883831E-01  .539979149E-01  .548193767E-01  .556529351E-01  .564987587E-01
  .573570181E-01  .582278864E-01  .591115385E-01  .600081516E-01  .609179052E-01
  .618409810E-01  .627775629E-01  .637278371E-01  .646919920E-01  .656702185E-01
  .666627096E-01  .676696609E-01  .686912703E-01  .697277381E-01  .707792668E-01
  .718460618E-01  .729283305E-01  .740262832E-01  .751401323E-01  .762700931E-01
  .774163833E-01  .785792230E-01  .797588353E-01  .809554455E-01  .821692819E-01
  .834005751E-01  .846495587E-01  .859164688E-01  .872015444E-01  .885050270E-01
  .898271611E-01  .911681938E-01  .925283753E-01  .939079582E-01  .953071983E-01
  .967263540E-01  .981656869E-01  .996254613E-01  .101105944E+00  .102607406E+00
  .104130121E+00  .105674363E+00  .107240413E+00  .108828552E+00  .110439066E+00
  .112072243E+00  .113728375E+00  .115407755E+00  .117110682E+00  .118837456E+00
  .120588380E+00  .122363762E+00  .124163912E+00  .125989143E+00  .127839772E+00
  .129716118E+00  .131618504E+00  .133547256E+00  .135502705E+00  .137485181E+00
  .139495022E+00  .141532566E+00  .143598157E+00  .145692139E+00  .147814862E+00
  .149966678E+00  .152147944E+00  .154359017E+00  .156600261E+00  .158872041E+00
  .161174727E+00  .163508690E+00  .165874306E+00  .168271955E+00  .170702019E+00
  .173164883E+00  .175660938E+00  .178190575E+00  .180754190E+00  .183352182E+00
  .185984955E+00  .188652912E+00  .191356465E+00  .194096025E+00  .196872008E+00
  .199684832E+00  .202534921E+00  .205422699E+00  .208348596E+00  .211313044E+00
  .214316477E+00  .217359334E+00  .220442056E+00  .223565089E+00  .226728880E+00
  .229933879E+00  .233180541E+00  .236469324E+00  .239800685E+00  .243175090E+00
  .246593003E+00  .250054893E+00  .253561233E+00  .257112495E+00  .260709158E+00
  .264351702E+00  .268040609E+00  .271776364E+00  .275559455E+00  .279390373E+00
  .283269610E+00  .287197662E+00  .291175026E+00  .295202203E+00  .299279693E+00
  .303408003E+00  .307587637E+00  .311819104E+00  .316102916E+00  .320439583E+00
  .324829620E+00  .329273542E+00  .333771868E+00  .338325115E+00  .342933805E+00
  .347598457E+00  .352319597E+00  .357097747E+00  .361933432E+00  .366827178E+00
  .371779513E+00  .376790963E+00  .381862057E+00  .386993323E+00  .392185290E+00
  .397438486E+00  .402753442E+00  .408130686E+00  .413570746E+00  .419074152E+00
  .424641432E+00  .430273112E+00  .435969720E+00  .441731780E+00  .447559818E+00
  .453454356E+00  .459415917E+00  .465445021E+00  .471542185E+00  .477707926E+00
  .483942759E+00  .490247194E+00  .496621742E+00  .503066908E+00  .509583196E+00
  .516171106E+00  .522831136E+00  .529563777E+00  .536369520E+00  .543248850E+00
  .550202248E+00  .557230189E+00  .564333147E+00  .571511586E+00  .578765970E+00
  .586096752E+00  .593504383E+00  .600989307E+00  .608551962E+00  .616192777E+00
  .623912177E+00  .631710579E+00  .639588391E+00  .647546014E+00  .655583843E+00
  .663702261E+00  .671901644E+00  .680182360E+00  .688544766E+00  .696989210E+00
  .705516030E+00  .714125552E+00  .722818093E+00  .731593960E+00  .740453445E+00
  .749396832E+00  .758424390E+00  .767536376E+00  .776733036E+00  .786014600E+00
  .795381286E+00  .804833297E+00  .814370822E+00  .823994036E+00  .833703096E+00
  .843498146E+00  .853379312E+00  .863346705E+00  .873400419E+00  .883540528E+00
  .893767091E+00  .904080147E+00  .914479718E+00  .924965806E+00  .935538391E+00
  .946197437E+00  .956942884E+00  .967774654E+00  .978692644E+00  .989696733E+00
  .100078677E+01  .101196260E+01  .102322402E+01  .103457081E+01  .104600274E+01
  .105751955E+01  .106912093E+01  .108080658E+01  .109257616E+01  .110442928E+01
  .111636557E+01  .112838459E+01  .114048589E+01  .115266898E+01  .116493337E+01
  .117727850E+01  .118970382E+01  .120220870E+01  .121479253E+01  .122745463E+01
  .124019432E+01  .125301085E+01  .126590348E+01  .127887139E+01  .129191375E+01
  .130502972E+01  .131821837E+01  .133147877E+01  .134480995E+01  .135821091E+01
  .137168058E+01  .138521789E+01  .139882172E+01  .141249090E+01  .142622424E+01
  .144002048E+01  .145387836E+01  .146779655E+01  .148177370E+01  .149580839E+01
  .150989919E+01  .152404462E+01  .153824314E+01  .155249318E+01  .156679314E+01
  .158114136E+01  .159553613E+01  .160997571E+01  .162445832E+01  .163898212E+01
  .165354524E+01  .166814575E+01  .168278168E+01  .169745103E+01  .171215173E+01
  .172688167E+01  .174163871E+01  .175642065E+01  .177122525E+01  .178605021E+01
  .180089319E+01  .181575182E+01  .183062366E+01  .184550623E+01  .186039702E+01
  .187529344E+01  .189019288E+01  .190509268E+01  .191999012E+01  .193488245E+01
  .194976685E+01  .196464049E+01  .197950046E+01  .199434382E+01  .200916758E+01
  .202396871E+01  .203874412E+01  .205349070E+01  .206820528E+01  .208288465E+01
  .209752554E+01  .211212467E+01  .212667868E+01  .214118421E+01  .215563781E+01
  .217003604E+01  .218437538E+01  .219865228E+01  .221286317E+01  .222700442E+01
  .224107238E+01  .225506334E+01  .226897358E+01  .228279933E+01  .229653679E+01
  .231018214E+01  .232373149E+01  .233718097E+01  .235052664E+01  .236376456E+01
  .237689073E+01  .238990117E+01  .240279183E+01  .241555866E+01  .242819758E+01
  .244070451E+01  .245307531E+01  .246530585E+01  .247739199E+01  .248932956E+01
  .250111437E+01  .251274225E+01  .252420897E+01  .253551035E+01  .254664216E+01
  .255760018E+01  .256838018E+01  .257897795E+01  .258938926E+01  .259960990E+01
  .260963563E+01  .261946226E+01  .262908558E+01  .263850142E+01  .264770558E+01
  .265669391E+01  .266546227E+01  .267400653E+01  .268232260E+01  .269040639E+01
  .269825386E+01  .270586098E+01  .271322376E+01  .272033826E+01  .272720053E+01
  .273380672E+01  .274015297E+01  .274623548E+01  .275205052E+01  .275759437E+01
  .276286338E+01  .276785396E+01  .277256256E+01  .277698572E+01  .278111999E+01
  .278496204E+01  .278850856E+01  .279175634E+01  .279470224E+01  .279734317E+01
  .279967615E+01  .280169825E+01  .280340665E+01  .280479860E+01  .280587144E+01
  .280662259E+01  .280704958E+01  .280715004E+01  .280692167E+01  .280636230E+01
  .280546984E+01  .280424233E+01  .280267789E+01  .280077478E+01  .279853135E+01
  .279594608E+01  .279301755E+01  .278974447E+01  .278612569E+01  .278216015E+01
  .277784694E+01  .277318528E+01  .276817450E+01  .276281408E+01  .275710362E+01
  .275104288E+01  .274463174E+01  .273787022E+01  .273075849E+01  .272329684E+01
  .271548575E+01  .270732579E+01  .269881773E+01  .268996245E+01  .268076099E+01
  .267121455E+01  .266132448E+01  .265109227E+01  .264051957E+01  .262960820E+01
  .261836012E+01  .260677743E+01  .259486241E+01  .258261749E+01  .257004526E+01
  .255714845E+01  .254392996E+01  .253039285E+01  .251654032E+01  .250237573E+01
  .248790261E+01  .247312463E+01  .245804562E+01  .244266955E+01  .242700057E+01
  .241104294E+01  .239480110E+01  .237827964E+01  .236148328E+01  .234441688E+01
  .232708548E+01  .230949421E+01  .229164837E+01  .227355341E+01  .225521488E+01
  .223663848E+01  .221783005E+01  .219879554E+01  .217954103E+01  .216007272E+01
  .214039694E+01  .212052013E+01  .210044882E+01  .208018968E+01  .205974947E+01
  .203913506E+01  .201835339E+01  .199741154E+01  .197631665E+01  .195507593E+01
  .193369671E+01  .191218638E+01  .189055239E+01  .186880227E+01  .184694361E+01
  .182498408E+01  .180293136E+01  .178079321E+01  .175857743E+01  .173629185E+01
  .171394435E+01  .169154281E+01  .166909517E+01  .164660936E+01  .162409332E+01
  .160155502E+01  .157900241E+01  .155644345E+01  .153388607E+01  .151133820E+01
  .148880774E+01  .146630257E+01  .144383053E+01  .142139944E+01  .139901705E+01
  .137669108E+01  .135442920E+01  .133223900E+01  .131012802E+01  .128810372E+01
  .126617350E+01  .124434467E+01  .122262443E+01  .120101993E+01  .117953819E+01
  .115818614E+01  .113697060E+01  .111589829E+01  .109497579E+01  .107420958E+01
  .105360600E+01  .103317127E+01  .101291146E+01  .992832528E+00  .972940261E+00
  .953240316E+00  .933738194E+00  .914439245E+00  .895348661E+00  .876471474E+00
  .857812552E+00  .839376598E+00  .821168147E+00  .803191563E+00  .785451035E+00
  .767950578E+00  .750694031E+00  .733685052E+00  .716927119E+00  .700423530E+00
  .684177398E+00  .668191654E+00  .652469043E+00  .637012126E+00  .621823279E+00
  .606904690E+00  .592258364E+00  .577886119E+00  .563789589E+00  .549970221E+00
  .536429281E+00  .523167850E+00  .510186827E+00  .497486930E+00  .485068698E+00
  .472932491E+00  .461078492E+00  .449506710E+00  .438216980E+00  .427208966E+00
  .416482164E+00  .406035901E+00  .395869343E+00  .385981490E+00  .376371186E+00
  .367037116E+00  .357977814E+00  .349191659E+00  .340676887E+00  .332431584E+00
  .324453700E+00  .316741041E+00  .309291285E+00  .302101972E+00  .295170522E+00
  .288494227E+00  .282070261E+00  .275895683E+00  .269967443E+00  .264282384E+00
  .258837250E+00  .253628687E+00  .248653256E+00  .243907429E+00  .239387606E+00
  .235090114E+00  .231011220E+00  .227147133E+00  .223494022E+00  .220048013E+00
  .216805213E+00  .213761707E+00  .210913581E+00  .208256925E+00  .205787849E+00
  .203502492E+00  .201397036E+00  .199467712E+00  .197710814E+00  .196122693E+00
  .194699776E+00  .193438546E+00  .192335547E+00  .191387363E+00  .190590601E+00
  .189941861E+00  .189437709E+00  .189074634E+00  .188849018E+00  .188757093E+00
  .188794927E+00  .188958392E+00  .189243176E+00  .189644773E+00  .190158530E+00
  .190779654E+00  .191503270E+00  .192324440E+00  .193238222E+00  .194239680E+00
  .195323928E+00  .196486135E+00  .197721552E+00  .199025505E+00  .200393421E+00
  .201820802E+00  .203303251E+00  .204836449E+00  .206416168E+00  .208038251E+00
  .209698628E+00  .211393292E+00  .213118319E+00  .214869840E+00  .216644064E+00
  .218437251E+00  .220245737E+00  .222065906E+00  .223894214E+00  .225727164E+00
  .227561329E+00  .229393328E+00  .231219850E+00  .233037631E+00  .234843475E+00
  .236634231E+00  .238406820E+00  .240158209E+00  .241885435E+00  .243585581E+00
  .245255806E+00  .246893312E+00  .248495378E+00  .250059330E+00  .251582571E+00
  .253062553E+00  .254496806E+00  .255882912E+00  .257218531E+00  .258501377E+00
  .259729248E+00  .260899994E+00  .262011551E+00  .263061911E+00  .264049155E+00
  .264971419E+00  .265826932E+00  .266613982E+00  .267330950E+00  .267976279E+00
  .268548508E+00  .269046239E+00  .269468174E+00  .269813080E+00  .270079825E+00
  .270267344E+00  .270374679E+00  .270400937E+00  .270345335E+00  .270207159E+00
  .269985806E+00  .269680742E+00  .269291548E+00  .268817877E+00  .268259493E+00
  .267616240E+00  .266888072E+00  .266075022E+00  .265177235E+00  .264194938E+00
  .263128470E+00  .261978248E+00  .260744809E+00  .259428762E+00  .258030834E+00
  .256551834E+00  .254992675E+00  .253354359E+00  .251637990E+00  .249844752E+00
  .247975942E+00  .246032922E+00  .244017170E+00  .241930226E+00  .239773736E+00
  .237549415E+00  .235259070E+00  .232904575E+00  .230487894E+00  .228011043E+00
  .225476132E+00  .222885312E+00  .220240817E+00  .217544923E+00  .214799973E+00
  .212008348E+00  .209172488E+00  .206294858E+00  .203377979E+00  .200424381E+00
  .197436643E+00  .194417348E+00  .191369109E+00  .188294542E+00  .185196277E+00
  .182076936E+00  .178939153E+00  .175785536E+00  .172618699E+00  .169441220E+00
  .166255672E+00  .163064585E+00  .159870474E+00  .156675802E+00  .153483010E+00
  .150294478E+00  .147112558E+00  .143939532E+00  .140777644E+00  .137629075E+00
  .134495947E+00  .131380322E+00  .128284196E+00  .125209500E+00  .122158096E+00
  .119131777E+00  .116132264E+00  .113161207E+00  .110220182E+00  .107310693E+00
  .104434167E+00  .101591958E+00  .987853453E-01  .960155324E-01  .932836495E-01
  .905907522E-01  .879378229E-01  .853257712E-01  .827554348E-01  .802275806E-01
  .777429056E-01  .753020383E-01  .729055399E-01  .705539059E-01  .682475673E-01
  .659868921E-01  .637721874E-01  .616037004E-01  .594816207E-01  .574060816E-01
  .553771619E-01  .533948882E-01  .514592361E-01  .495701320E-01  .477274555E-01
  .459310407E-01  .441806782E-01  .424761167E-01  .408170651E-01  .392031940E-01
  .376341374E-01  .361094949E-01  .346288326E-01  .331916855E-01  .317975586E-01
  .304459290E-01  .291362470E-01  .278679379E-01  .266404036E-01  .254530240E-01
  .243051584E-01  .231961471E-01  .221253125E-01  .210919610E-01  .200953840E-01
  .191348594E-01  .182096526E-01  .173190184E-01  .164622018E-01  .156384394E-01
  .148469607E-01  .140869891E-01  .133577436E-01  .126584393E-01  .119882891E-01
  .113465045E-01  .107322971E-01  .101448791E-01  .958346492E-02  .904727197E-02
  .853552166E-02  .804744045E-02  .758226076E-02  .713922188E-02  .671757089E-02
  .631656344E-02  .593546462E-02  .557354969E-02  .523010484E-02  .490442781E-02
  .459582863E-02  .430363013E-02  .402716853E-02  .376579398E-02  .351887096E-02
  .328577873E-02  .306591171E-02  .285867978E-02  .266350856E-02  .247983965E-02
  .230713083E-02  .214485614E-02  .199250608E-02  .184958755E-02  .171562397E-02
  .159015519E-02  .147273746E-02  .136294330E-02  .126036141E-02  .116459649E-02
  .107526904E-02  .992015125E-03  .914486165E-03  .842348628E-03  .775283749E-03
  .712987213E-03  .655168822E-03  .601552148E-03  .551874167E-03  .505884888E-03
  .463346965E-03  .424035306E-03  .387736677E-03  .354249293E-03  .323382413E-03
  .294955934E-03  .268799980E-03  .244754496E-03  .222668845E-03  .202401405E-03
  .183819176E-03  .166797389E-03  .151219120E-03  .136974921E-03  .123962450E-03
  .112086109E-03  .101256702E-03  .913910937E-04  .824118787E-04  .742470683E-04
  .668297816E-04  .600979508E-04  .539940371E-04  .484647576E-04  .434608247E-04
  .389366952E-04  .348503320E-04  .311629766E-04  .278389318E-04  .248453561E-04
  .221520684E-04  .197313629E-04  .175578338E-04  .156082101E-04  .138612001E-04
  .122973442E-04  .108988772E-04  .964959881E-05  .853475233E-05  .754091104E-05
  .665587209E-05  .586855747E-05  .516892172E-05  .454786601E-05  .399715839E-05
  .350935972E-05  .307775504E-05  .269629008E-05  .235951261E-05  .206251826E-05
  .180090068E-05  .157070560E-05  .136838865E-05  .119077663E-05  .103503207E-05
  .898620703E-06  .779281840E-06  .675001261E-06  .583986536E-06  .504644560E-06
  .435561130E-06  .375482415E-06  .323298151E-06  .278026437E-06  .238799991E-06
  .204853740E-06  .175513637E-06  .150186594E-06  .128351433E-06  .109550760E-06
  .933836870E-07  .794993132E-07  .675908980E-07  .573906623E-07  .486651532E-07
  .412111187E-07  .348518419E-07  .294338867E-07  .248242150E-07  .209076346E-07
  .175845453E-07  .147689491E-07  .123866984E-07  .103739539E-07  .867583039E-08
  .724520964E-08  .604169987E-08  .503072648E-08  .418273803E-08  .347251405E-08
  .287856267E-08  .238259701E-08  .196908095E-08  .162483560E-08  .133869891E-08
  .110123179E-08  .904464589E-09  .741679053E-09  .607220800E-09  .496338502E-09
  .405046106E-09  .330005021E-09  .268423539E-09  .217971110E-09  .176705407E-09
  .143010370E-09  .115543678E-09  .931922806E-10  .750348231E-10  .603099523E-10
  .483896281E-10  .387566909E-10  .309860404E-10  .247288698E-10  .196994955E-10
  .156643430E-10  .124328105E-10  .984963028E-11  .778856749E-11  .614717807E-11
  .484248180E-11  .380739200E-11  .298777522E-11  .234003454E-11  .182912701E-11
  .142694054E-11  .111096770E-11  .863224161E-12  .669368616E-12  .517987949E-12
  .400017881E-12  .308274374E-12  .237075397E-12  .181936276E-12  .139324832E-12
  .106464974E-12  .811795267E-13  .617646927E-13  .468900261E-13  .355188938E-13
  .268453733E-13  .202442990E-13  .152318090E-13  .114342522E-13  .856374302E-14
  .639898414E-14  .477025828E-14  .354770946E-14  .263221442E-14  .194828845E-14
  .143858545E-14  .105964418E-14  .778606358E-15  .570690656E-15  .417253392E-15
  .304303245E-15  .221366611E-15  .160622961E-15  .116247656E-15  .839136989E-16
  .604149676E-16  .433820550E-16  .310685069E-16  .221904471E-16  .158065751E-16
  .112286135E-16  .795465984E-17  .561971945E-17  .395909154E-17  .278134333E-17
  .194841740E-17  .136103045E-17  .947986508E-18  .658377369E-18  .455906643E-18
  .314771224E-18  .216681535E-18  .148712058E-18  .101755386E-18  .694136716E-19
  .472061291E-19  .320041877E-19  .216301469E-19  .145728832E-19  .978709665E-20
  .655199537E-20  .437213383E-20  .290805240E-20  .192791815E-20  .127391695E-20
  .838973574E-21  .550678959E-21  .360230115E-21  .234844876E-21  .152577259E-21
  .987857253E-22  .637356115E-22  .409771286E-22  .262518561E-22  .167581185E-22
  .106592041E-22  .675532116E-23  .426556194E-23  .268350714E-23  .168194826E-23
  .105025050E-23  .653326787E-24  .404866782E-24  .249933599E-24  .153693164E-24
  .941430704E-25  .574397376E-25  .349070452E-25  .211288784E-25  .127376280E-25
  .764777997E-26  .457301616E-26  .272317988E-26  .161488560E-26  .953640132E-27
  .560776706E-27  .328354786E-27  .191438732E-27  .111130776E-27  .642305832E-28
  .369604398E-28  .211740919E-28  .120761745E-28  .685638663E-29  .387513489E-29
  .218015872E-29  .122090870E-29  .680543595E-30  .377563647E-30  .208482445E-30
  .114571717E-30  .626610028E-31  .341045634E-31  .184716629E-31  .995544832E-32
  .533899872E-32  .284895563E-32  .151258921E-32  .799002575E-33  .419903526E-33
  .219536721E-33  .114183445E-33  .590771163E-34  .304044628E-34  .155646318E-34
  .792510951E-35  .401345015E-35  .202142572E-35  .101252557E-35  .504363136E-36
  .249833391E-36  .123057465E-36  .602693011E-37  .293491327E-37  .142097153E-37
  .683984678E-38  .327309046E-38  .155704035E-38  .736294194E-39  .346092189E-39
  .161696355E-39  .750854199E-40  .346526710E-40  .158935949E-40  .724419816E-41
  .328110048E-41  .147668499E-41  .660348568E-42  .293395482E-42  .129510799E-42
  .567947684E-43  .247421649E-43  .107070820E-43  .460241208E-44  .196497717E-44
  .833227636E-45  .350897524E-45  .146751845E-45  .609465930E-46  .251335404E-46
  .102913388E-46  .418388223E-47  .168869657E-47  .676648941E-48  .269147065E-48
  .106268607E-48  .416470148E-49  .161994613E-49  .625358613E-50  .239576067E-50
  .910787626E-51  .343576677E-51  .128598633E-51  .477560296E-52  .175943042E-52
  .643043921E-53  .233134369E-53  .838380627E-54  .299031987E-54  .105781417E-54
  .371098715E-55  .129104016E-55  .445438261E-56  .152434551E-56  .517734066E-57
  .175175744E-57  .592857856E-58  .206317767E-58  .774523013E-59  .364098346E-59
  .274212257E-59  .000000000E+00  .000000000E+00  .000000000E+00  .000000000E+00
  .000000000E+00  .000000000E+00  .000000000E+00  .000000000E+00  .000000000E+00
  .000000000E+00  .000000000E+00  .000000000E+00  .000000000E+00  .000000000E+00
  .000000000E+00  .000000000E+00  .000000000E+00  .000000000E+00  .000000000E+00
  .000000000E+00  .000000000E+00  .000000000E+00  .000000000E+00  .000000000E+00
  .000000000E+00  .000000000E+00  .000000000E+00  .000000000E+00  .000000000E+00
  .000000000E+00  .000000000E+00  .000000000E+00  .000000000E+00  .000000000E+00
  .000000000E+00  .000000000E+00  .000000000E+00  .000000000E+00  .000000000E+00
  .000000000E+00  .000000000E+00  .000000000E+00  .000000000E+00  .000000000E+00
  .000000000E+00  .000000000E+00  .000000000E+00  .000000000E+00  .000000000E+00
  .000000000E+00  .000000000E+00  .000000000E+00  .000000000E+00  .000000000E+00
  .000000000E+00  .000000000E+00  .000000000E+00  .000000000E+00  .000000000E+00
  .000000000E+00  .000000000E+00  .000000000E+00  .000000000E+00  .000000000E+00
  .000000000E+00  .000000000E+00  .000000000E+00  .000000000E+00  .000000000E+00
  .000000000E+00  .000000000E+00  .000000000E+00  .000000000E+00  .000000000E+00
  .000000000E+00  .000000000E+00  .000000000E+00  .000000000E+00  .000000000E+00
  .000000000E+00  .000000000E+00  .000000000E+00  .000000000E+00  .000000000E+00
  .000000000E+00  .000000000E+00  .000000000E+00  .000000000E+00  .000000000E+00
  .000000000E+00  .000000000E+00  .000000000E+00  .000000000E+00  .000000000E+00
  .000000000E+00  .000000000E+00  .000000000E+00  .000000000E+00  .000000000E+00
  .000000000E+00  .000000000E+00  .000000000E+00  .000000000E+00  .000000000E+00
  .000000000E+00  .000000000E+00  .000000000E+00  .000000000E+00  .000000000E+00
