Si: s2p2                                
  .106520076E-03  .108227338E-03  .109961949E-03  .111724349E-03  .113514981E-03
  .115334298E-03  .117182758E-03  .119060828E-03  .120968983E-03  .122907703E-03
  .124877478E-03  .126878805E-03  .128912188E-03  .130978142E-03  .133077187E-03
  .135209853E-03  .137376677E-03  .139578207E-03  .141814998E-03  .144087615E-03
  .146396629E-03  .148742625E-03  .151126194E-03  .153547936E-03  .156008463E-03
  .158508396E-03  .161048364E-03  .163629009E-03  .166250982E-03  .168914943E-03
  .171621564E-03  .174371528E-03  .177165528E-03  .180004269E-03  .182888467E-03
  .185818848E-03  .188796152E-03  .191821129E-03  .194894542E-03  .198017165E-03
  .201189786E-03  .204413205E-03  .207688233E-03  .211015697E-03  .214396435E-03
  .217831299E-03  .221321154E-03  .224866881E-03  .228469373E-03  .232129538E-03
  .235848297E-03  .239626588E-03  .243465363E-03  .247365589E-03  .251328249E-03
  .255354341E-03  .259444879E-03  .263600893E-03  .267823432E-03  .272113557E-03
  .276472350E-03  .280900908E-03  .285400347E-03  .289971800E-03  .294616418E-03
  .299335371E-03  .304129847E-03  .309001052E-03  .313950215E-03  .318978580E-03
  .324087413E-03  .329278001E-03  .334551650E-03  .339909688E-03  .345353463E-03
  .350884346E-03  .356503728E-03  .362213024E-03  .368013670E-03  .373907126E-03
  .379894875E-03  .385978423E-03  .392159302E-03  .398439066E-03  .404819294E-03
  .411301593E-03  .417887592E-03  .424578948E-03  .431377345E-03  .438284490E-03
  .445302123E-03  .452432008E-03  .459675936E-03  .467035731E-03  .474513242E-03
  .482110349E-03  .489828962E-03  .497671022E-03  .505638499E-03  .513733396E-03
  .521957748E-03  .530313622E-03  .538803117E-03  .547428367E-03  .556191539E-03
  .565094835E-03  .574140492E-03  .583330782E-03  .592668013E-03  .602154532E-03
  .611792721E-03  .621585000E-03  .631533829E-03  .641641707E-03  .651911170E-03
  .662344798E-03  .672945210E-03  .683715068E-03  .694657075E-03  .705773977E-03
  .717068565E-03  .728543674E-03  .740202183E-03  .752047018E-03  .764081150E-03
  .776307600E-03  .788729435E-03  .801349770E-03  .814171772E-03  .827198656E-03
  .840433690E-03  .853880192E-03  .867541535E-03  .881421145E-03  .895522500E-03
  .909849136E-03  .924404645E-03  .939192675E-03  .954216932E-03  .969481182E-03
  .984989250E-03  .100074502E-02  .101675245E-02  .103301553E-02  .104953835E-02
  .106632504E-02  .108337982E-02  .110070694E-02  .111831075E-02  .113619566E-02
  .115436615E-02  .117282675E-02  .119158210E-02  .121063689E-02  .122999589E-02
  .124966394E-02  .126964596E-02  .128994696E-02  .131057201E-02  .133152627E-02
  .135281498E-02  .137444347E-02  .139641715E-02  .141874150E-02  .144142212E-02
  .146446467E-02  .148787491E-02  .151165869E-02  .153582196E-02  .156037075E-02
  .158531120E-02  .161064955E-02  .163639211E-02  .166254531E-02  .168911570E-02
  .171610991E-02  .174353467E-02  .177139683E-02  .179970335E-02  .182846130E-02
  .185767784E-02  .188736028E-02  .191751601E-02  .194815256E-02  .197927758E-02
  .201089883E-02  .204302418E-02  .207566166E-02  .210881940E-02  .214250567E-02
  .217672885E-02  .221149750E-02  .224682025E-02  .228270593E-02  .231916347E-02
  .235620194E-02  .239383058E-02  .243205875E-02  .247089598E-02  .251035193E-02
  .255043643E-02  .259115944E-02  .263253112E-02  .267456174E-02  .271726176E-02
  .276064182E-02  .280471269E-02  .284948533E-02  .289497089E-02  .294118066E-02
  .298812613E-02  .303581897E-02  .308427103E-02  .313349434E-02  .318350114E-02
  .323430385E-02  .328591507E-02  .333834763E-02  .339161454E-02  .344572903E-02
  .350070451E-02  .355655464E-02  .361329326E-02  .367093446E-02  .372949253E-02
  .378898197E-02  .384941756E-02  .391081426E-02  .397318729E-02  .403655210E-02
  .410092440E-02  .416632013E-02  .423275548E-02  .430024690E-02  .436881110E-02
  .443846506E-02  .450922600E-02  .458111144E-02  .465413915E-02  .472832721E-02
  .480369395E-02  .488025801E-02  .495803831E-02  .503705407E-02  .511732482E-02
  .519887039E-02  .528171091E-02  .536586684E-02  .545135896E-02  .553820838E-02
  .562643651E-02  .571606513E-02  .580711635E-02  .589961263E-02  .599357676E-02
  .608903191E-02  .618600161E-02  .628450975E-02  .638458059E-02  .648623879E-02
  .658950937E-02  .669441776E-02  .680098977E-02  .690925163E-02  .701922997E-02
  .713095184E-02  .724444471E-02  .735973648E-02  .747685548E-02  .759583049E-02
  .771669074E-02  .783946590E-02  .796418612E-02  .809088201E-02  .821958466E-02
  .835032565E-02  .848313704E-02  .861805140E-02  .875510180E-02  .889432183E-02
  .903574559E-02  .917940773E-02  .932534342E-02  .947358840E-02  .962417893E-02
  .977715187E-02  .993254463E-02  .100903952E-01  .102507422E-01  .104136248E-01
  .105790827E-01  .107471565E-01  .109178871E-01  .110913162E-01  .112674861E-01
  .114464399E-01  .116282211E-01  .118128740E-01  .120004438E-01  .121909760E-01
  .123845170E-01  .125811141E-01  .127808150E-01  .129836684E-01  .131897236E-01
  .133990307E-01  .136116405E-01  .138276048E-01  .140469760E-01  .142698073E-01
  .144961530E-01  .147260678E-01  .149596076E-01  .151968290E-01  .154377895E-01
  .156825475E-01  .159311623E-01  .161836941E-01  .164402041E-01  .167007542E-01
  .169654075E-01  .172342280E-01  .175072806E-01  .177846314E-01  .180663474E-01
  .183524964E-01  .186431477E-01  .189383712E-01  .192382382E-01  .195428210E-01
  .198521929E-01  .201664285E-01  .204856033E-01  .208097943E-01  .211390793E-01
  .214735375E-01  .218132494E-01  .221582964E-01  .225087616E-01  .228647289E-01
  .232262838E-01  .235935130E-01  .239665045E-01  .243453476E-01  .247301331E-01
  .251209530E-01  .255179010E-01  .259210718E-01  .263305619E-01  .267464691E-01
  .271688927E-01  .275979335E-01  .280336939E-01  .284762778E-01  .289257906E-01
  .293823394E-01  .298460329E-01  .303169815E-01  .307952971E-01  .312810935E-01
  .317744860E-01  .322755919E-01  .327845300E-01  .333014211E-01  .338263876E-01
  .343595541E-01  .349010468E-01  .354509937E-01  .360095251E-01  .365767729E-01
  .371528711E-01  .377379559E-01  .383321653E-01  .389356394E-01  .395485205E-01
  .401709529E-01  .408030833E-01  .414450604E-01  .420970351E-01  .427591607E-01
  .434315925E-01  .441144886E-01  .448080091E-01  .455123165E-01  .462275758E-01
  .469539545E-01  .476916226E-01  .484407524E-01  .492015191E-01  .499741002E-01
  .507586761E-01  .515554296E-01  .523645465E-01  .531862151E-01  .540206266E-01
  .548679750E-01  .557284573E-01  .566022732E-01  .574896254E-01  .583907198E-01
  .593057650E-01  .602349728E-01  .611785583E-01  .621367396E-01  .631097379E-01
  .640977779E-01  .651010873E-01  .661198975E-01  .671544429E-01  .682049617E-01
  .692716952E-01  .703548885E-01  .714547903E-01  .725716527E-01  .737057317E-01
  .748572868E-01  .760265815E-01  .772138831E-01  .784194626E-01  .796435950E-01
  .808865595E-01  .821486391E-01  .834301209E-01  .847312963E-01  .860524608E-01
  .873939142E-01  .887559606E-01  .901389085E-01  .915430708E-01  .929687650E-01
  .944163131E-01  .958860416E-01  .973782819E-01  .988933699E-01  .100431646E+00
  .101993457E+00  .103579153E+00  .105189089E+00  .106823627E+00  .108483132E+00
  .110167974E+00  .111878531E+00  .113615185E+00  .115378321E+00  .117168332E+00
  .118985617E+00  .120830580E+00  .122703628E+00  .124605179E+00  .126535652E+00
  .128495475E+00  .130485079E+00  .132504905E+00  .134555398E+00  .136637007E+00
  .138750192E+00  .140895416E+00  .143073149E+00  .145283869E+00  .147528058E+00
  .149806207E+00  .152118814E+00  .154466382E+00  .156849421E+00  .159268450E+00
  .161723995E+00  .164216586E+00  .166746764E+00  .169315076E+00  .171922075E+00
  .174568325E+00  .177254394E+00  .179980861E+00  .182748310E+00  .185557334E+00
  .188408536E+00  .191302524E+00  .194239915E+00  .197221337E+00  .200247423E+00
  .203318817E+00  .206436169E+00  .209600140E+00  .212811400E+00  .216070626E+00
  .219378505E+00  .222735734E+00  .226143018E+00  .229601071E+00  .233110619E+00
  .236672395E+00  .240287142E+00  .243955614E+00  .247678574E+00  .251456795E+00
  .255291061E+00  .259182164E+00  .263130909E+00  .267138109E+00  .271204590E+00
  .275331188E+00  .279518748E+00  .283768127E+00  .288080194E+00  .292455828E+00
  .296895919E+00  .301401370E+00  .305973094E+00  .310612016E+00  .315319072E+00
  .320095211E+00  .324941394E+00  .329858593E+00  .334847793E+00  .339909991E+00
  .345046197E+00  .350257432E+00  .355544732E+00  .360909144E+00  .366351729E+00
  .371873559E+00  .377475723E+00  .383159320E+00  .388925464E+00  .394775281E+00
  .400709912E+00  .406730513E+00  .412838251E+00  .419034308E+00  .425319882E+00
  .431696184E+00  .438164438E+00  .444725885E+00  .451381779E+00  .458133390E+00
  .464982002E+00  .471928914E+00  .478975441E+00  .486122912E+00  .493372673E+00
  .500726084E+00  .508184522E+00  .515749378E+00  .523422060E+00  .531203993E+00
  .539096616E+00  .547101386E+00  .555219775E+00  .563453272E+00  .571803384E+00
  .580271631E+00  .588859553E+00  .597568707E+00  .606400665E+00  .615357017E+00
  .624439371E+00  .633649351E+00  .642988599E+00  .652458775E+00  .662061556E+00
  .671798636E+00  .681671730E+00  .691682566E+00  .701832894E+00  .712124481E+00
  .722559111E+00  .733138587E+00  .743864731E+00  .754739382E+00  .765764399E+00
  .776941658E+00  .788273056E+00  .799760505E+00  .811405938E+00  .823211308E+00
  .835178585E+00  .847309757E+00  .859606833E+00  .872071841E+00  .884706827E+00
  .897513855E+00  .910495010E+00  .923652396E+00  .936988135E+00  .950504368E+00
  .964203258E+00  .978086983E+00  .992157743E+00  .100641776E+01  .102086926E+01
  .103551451E+01  .105035578E+01  .106539537E+01  .108063560E+01  .109607878E+01
  .111172728E+01  .112758347E+01  .114364973E+01  .115992847E+01  .117642213E+01
  .119313314E+01  .121006396E+01  .122721709E+01  .124459502E+01  .126220027E+01
  .128003538E+01  .129810289E+01  .131640539E+01  .133494546E+01  .135372571E+01
  .137274877E+01  .139201726E+01  .141153387E+01  .143130125E+01  .145132210E+01
  .147159913E+01  .149213506E+01  .151293263E+01  .153399459E+01  .155532372E+01
  .157692280E+01  .159879463E+01  .162094201E+01  .164336779E+01  .166607480E+01
  .168906589E+01  .171234394E+01  .173591181E+01  .175977241E+01  .178392864E+01
  .180838340E+01  .183313964E+01  .185820027E+01  .188356826E+01  .190924654E+01
  .193523810E+01  .196154589E+01  .198817290E+01  .201512212E+01  .204239653E+01
  .206999915E+01  .209793297E+01  .212620101E+01  .215480628E+01  .218375179E+01
  .221304057E+01  .224267564E+01  .227266002E+01  .230299674E+01  .233368882E+01
  .236473928E+01  .239615115E+01  .242792745E+01  .246007118E+01  .249258536E+01
  .252547299E+01  .255873708E+01  .259238060E+01  .262640656E+01  .266081791E+01
  .269561762E+01  .273080865E+01  .276639394E+01  .280237640E+01  .283875895E+01
  .287554449E+01  .291273588E+01  .295033601E+01  .298834769E+01  .302677376E+01
  .306561700E+01  .310488020E+01  .314456609E+01  .318467741E+01  .322521684E+01
  .326618706E+01  .330759069E+01  .334943035E+01  .339170859E+01  .343442795E+01
  .347759093E+01  .352119999E+01  .356525754E+01  .360976597E+01  .365472760E+01
  .370014472E+01  .374601958E+01  .379235436E+01  .383915120E+01  .388641220E+01
  .393413938E+01  .398233472E+01  .403100015E+01  .408013752E+01  .412974862E+01
  .417983519E+01  .423039890E+01  .428144132E+01  .433296400E+01  .438496838E+01
  .443745583E+01  .449042766E+01  .454388509E+01  .459782924E+01  .465226117E+01
  .470718185E+01  .476259214E+01  .481849283E+01  .487488461E+01  .493176807E+01
  .498914370E+01  .504701190E+01  .510537294E+01  .516422700E+01  .522357415E+01
  .528341435E+01  .534374744E+01  .540457314E+01  .546589105E+01  .552770066E+01
  .559000130E+01  .565279221E+01  .571607247E+01  .577984105E+01  .584409676E+01
  .590883829E+01  .597406415E+01  .603977275E+01  .610596233E+01  .617263096E+01
  .623977659E+01  .630739699E+01  .637548976E+01  .644405237E+01  .651308209E+01
  .658257602E+01  .665253112E+01  .672294415E+01  .679381168E+01  .686513011E+01
  .693689568E+01  .700910439E+01  .708175209E+01  .715483443E+01  .722834684E+01
  .730228458E+01  .737664268E+01  .745141599E+01  .752659913E+01  .760218651E+01
  .767817234E+01  .775455061E+01  .783131507E+01  .790845927E+01  .798597653E+01
  .806385992E+01  .814210232E+01  .822069633E+01  .829963435E+01  .837890852E+01
  .845851075E+01  .853843270E+01  .861866579E+01  .869920119E+01  .878002981E+01
  .886114232E+01  .894252913E+01  .902418039E+01  .910608601E+01  .918823560E+01
  .927061855E+01  .935322397E+01  .943604069E+01  .951905729E+01  .960226209E+01
  .968564311E+01  .976918813E+01  .985288465E+01  .993671987E+01  .100206808E+02
  .101047540E+02  .101889260E+02  .102731828E+02  .103575104E+02  .104418943E+02
  .105263197E+02  .106107718E+02  .106952352E+02  .107796945E+02  .108641339E+02
  .109485372E+02  .110328882E+02  .111171702E+02  .112013664E+02  .112854595E+02
  .113694323E+02  .114532670E+02  .115369456E+02  .116204501E+02  .117037618E+02
  .117868622E+02  .118697323E+02  .119523529E+02  .120347045E+02  .121167674E+02
  .121985218E+02  .122799474E+02  .123610240E+02  .124417308E+02  .125220472E+02
  .126019520E+02  .126814240E+02  .127604419E+02  .128389839E+02  .129170284E+02
  .129945532E+02  .130715362E+02  .131479551E+02  .132237874E+02  .132990105E+02
  .133736016E+02  .134475377E+02  .135207959E+02  .135933529E+02  .136651856E+02
  .137362705E+02  .138065842E+02  .138761032E+02  .139448038E+02  .140126626E+02
  .140796557E+02  .141457594E+02  .142109501E+02  .142752039E+02  .143384971E+02
  .144008060E+02  .144621069E+02  .145223762E+02  .145815902E+02  .146397255E+02
  .146967586E+02  .147526661E+02  .148074249E+02  .148610119E+02  .149134041E+02
  .149645788E+02  .150145133E+02  .150631853E+02  .151105726E+02  .151566532E+02
  .152014054E+02  .152448077E+02  .152868390E+02  .153274784E+02  .153667053E+02
  .154044996E+02  .154408413E+02  .154757110E+02  .155090896E+02  .155409583E+02
  .155712990E+02  .156000937E+02  .156273251E+02  .156529765E+02  .156770314E+02
  .156994740E+02  .157202890E+02  .157394617E+02  .157569781E+02  .157728245E+02
  .157869881E+02  .157994566E+02  .158102185E+02  .158192629E+02  .158265795E+02
  .158321590E+02  .158359925E+02  .158380722E+02  .158383909E+02  .158369422E+02
  .158337206E+02  .158287214E+02  .158219407E+02  .158133755E+02  .158030239E+02
  .157908845E+02  .157769573E+02  .157612429E+02  .157437429E+02  .157244602E+02
  .157033982E+02  .156805617E+02  .156559564E+02  .156295889E+02  .156014671E+02
  .155715998E+02  .155399969E+02  .155066694E+02  .154716295E+02  .154348903E+02
  .153964661E+02  .153563725E+02  .153146261E+02  .152712445E+02  .152262467E+02
  .151796527E+02  .151314838E+02  .150817623E+02  .150305117E+02  .149777568E+02
  .149235235E+02  .148678387E+02  .148107307E+02  .147522290E+02  .146923640E+02
  .146311674E+02  .145686722E+02  .145049123E+02  .144399228E+02  .143737401E+02
  .143064016E+02  .142379457E+02  .141684120E+02  .140978413E+02  .140262753E+02
  .139537567E+02  .138803295E+02  .138060384E+02  .137309294E+02  .136550491E+02
  .135784455E+02  .135011671E+02  .134232636E+02  .133447854E+02  .132657838E+02
  .131863109E+02  .131064197E+02  .130261638E+02  .129455975E+02  .128647760E+02
  .127837549E+02  .127025906E+02  .126213399E+02  .125400603E+02  .124588097E+02
  .123776465E+02  .122966294E+02  .122158176E+02  .121352705E+02  .120550479E+02
  .119752097E+02  .118958161E+02  .118169273E+02  .117386037E+02  .116609055E+02
  .115838932E+02  .115076270E+02  .114321670E+02  .113575731E+02  .112839051E+02
  .112112223E+02  .111395838E+02  .110690481E+02  .109996736E+02  .109315177E+02
  .108646375E+02  .107990895E+02  .107349294E+02  .106722122E+02  .106109919E+02
  .105513218E+02  .104932543E+02  .104368408E+02  .103821315E+02  .103291756E+02
  .102780212E+02  .102287150E+02  .101813027E+02  .101358283E+02  .100923347E+02
  .100508632E+02  .100114538E+02  .997414460E+01  .993897243E+01  .990597228E+01
  .987517747E+01  .984661955E+01  .982032827E+01  .979633151E+01  .977465522E+01
  .975532344E+01  .973835816E+01  .972377936E+01  .971160492E+01  .970185059E+01
  .969452995E+01  .968965438E+01  .968723302E+01  .968727273E+01  .968977805E+01
  .969475120E+01  .970219203E+01  .971209799E+01  .972446410E+01  .973928297E+01
  .975654473E+01  .977623703E+01  .979834506E+01  .982285147E+01  .984973642E+01
  .987897757E+01  .991055004E+01  .994442643E+01  .998057685E+01  .100189689E+02
  .100595676E+02  .101023356E+02  .101472331E+02  .101942178E+02  .102432448E+02
  .102942671E+02  .103472352E+02  .104020972E+02  .104587991E+02  .105172843E+02
  .105774944E+02  .106393684E+02  .107028436E+02  .107678548E+02  .108343352E+02
  .109022157E+02  .109714254E+02  .110418916E+02  .111135398E+02  .111862938E+02
  .112600758E+02  .113348061E+02  .114104039E+02  .114867869E+02  .115638711E+02
  .116415716E+02  .117198022E+02  .117984755E+02  .118775031E+02  .119567957E+02
  .120362630E+02  .121158142E+02  .121953574E+02  .122748005E+02  .123540507E+02
  .124330148E+02  .125115992E+02  .125897104E+02  .126672544E+02  .127441373E+02
  .128202653E+02  .128955449E+02  .129698826E+02  .130431853E+02  .131153607E+02
  .131863166E+02  .132559618E+02  .133242057E+02  .133909586E+02  .134561318E+02
  .135196375E+02  .135813893E+02  .136413019E+02  .136992914E+02  .137552752E+02
  .138091724E+02  .138609036E+02  .139103914E+02  .139575598E+02  .140023349E+02
  .140446448E+02  .140844197E+02  .141215917E+02  .141560953E+02  .141878674E+02
  .142168471E+02  .142429759E+02  .142661980E+02  .142864601E+02  .143037114E+02
  .143179041E+02  .143289928E+02  .143369352E+02  .143416918E+02  .143432259E+02
  .143415039E+02  .143364951E+02  .143281720E+02  .143165099E+02  .143014874E+02
  .142830863E+02  .142612914E+02  .142360908E+02  .142074756E+02  .141754403E+02
  .141399826E+02  .141011033E+02  .140588066E+02  .140130998E+02  .139639934E+02
  .139115012E+02  .138556401E+02  .137964304E+02  .137338951E+02  .136680609E+02
  .135989571E+02  .135266164E+02  .134510744E+02  .133723698E+02  .132905441E+02
  .132056417E+02  .131177102E+02  .130267995E+02  .129329626E+02  .128362551E+02
  .127367352E+02  .126344636E+02  .125295037E+02  .124219211E+02  .123117839E+02
  .121991622E+02  .120841287E+02  .119667578E+02  .118471261E+02  .117253123E+02
  .116013966E+02  .114754611E+02  .113475896E+02  .112178674E+02  .110863813E+02
  .109532193E+02  .108184710E+02  .106822266E+02  .105445780E+02  .104056175E+02
  .102654386E+02  .101241352E+02  .998180216E+01  .983853462E+01  .969442825E+01
  .954957889E+01  .940408269E+01  .925803578E+01  .911153432E+01  .896467426E+01
  .881755138E+01  .867026099E+01  .852289805E+01  .837555683E+01  .822833103E+01
  .808131343E+01  .793459607E+01  .778826985E+01  .764242471E+01  .749714929E+01
  .735253104E+01  .720865592E+01  .706560853E+01  .692347181E+01  .678232713E+01
  .664225403E+01  .650333034E+01  .636563189E+01  .622923263E+01  .609420436E+01
  .596061688E+01  .582853769E+01  .569803215E+01  .556916322E+01  .544199159E+01
  .531657544E+01  .519297061E+01  .507123030E+01  .495140528E+01  .483354366E+01
  .471769102E+01  .460389019E+01  .449218147E+01  .438260235E+01  .427518773E+01
  .416996973E+01  .406697782E+01  .396623868E+01  .386777636E+01  .377161216E+01
  .367776469E+01  .358624990E+01  .349708107E+01  .341026883E+01  .332582123E+01
  .324374373E+01  .316403923E+01  .308670816E+01  .301174846E+01  .293915567E+01
  .286892296E+01  .280104118E+01  .273549890E+01  .267228252E+01  .261137626E+01
  .255276230E+01  .249642083E+01  .244233007E+01  .239046640E+01  .234080441E+01
  .229331698E+01  .224797534E+01  .220474917E+01  .216360667E+01  .212451463E+01
  .208743850E+01  .205234248E+01  .201918957E+01  .198794166E+01  .195855954E+01
  .193100304E+01  .190523097E+01  .188120128E+01  .185887099E+01  .183819629E+01
  .181913254E+01  .180163428E+01  .178565526E+01  .177114849E+01  .175806618E+01
  .174635986E+01  .173598033E+01  .172687775E+01  .171900169E+01  .171230115E+01
  .170672470E+01  .170222051E+01  .169873646E+01  .169622026E+01  .169461954E+01
  .169388197E+01  .169395534E+01  .169478774E+01  .169632754E+01  .169852364E+01
  .170132541E+01  .170468287E+01  .170854672E+01  .171286841E+01  .171760018E+01
  .172269518E+01  .172810741E+01  .173379183E+01  .173970437E+01  .174580199E+01
  .175204264E+01  .175838538E+01  .176479029E+01  .177121864E+01  .177763272E+01
  .178399606E+01  .179027327E+01  .179643020E+01  .180243383E+01  .180825241E+01
  .181385533E+01  .181921328E+01  .182429813E+01  .182908305E+01  .183354242E+01
  .183765191E+01  .184138842E+01  .184473018E+01  .184765662E+01  .185014850E+01
  .185218781E+01  .185375784E+01  .185484311E+01  .185542942E+01  .185550380E+01
  .185505455E+01  .185407115E+01  .185254437E+01  .185046610E+01  .184782947E+01
  .184462876E+01  .184085942E+01  .183651798E+01  .183160216E+01  .182611069E+01
  .182004341E+01  .181340116E+01  .180618584E+01  .179840027E+01  .179004829E+01
  .178113461E+01  .177166489E+01  .176164558E+01  .175108405E+01  .173998837E+01
  .172836748E+01  .171623097E+01  .170358918E+01  .169045307E+01  .167683428E+01
  .166274499E+01  .164819799E+01  .163320654E+01  .161778446E+01  .160194593E+01
  .158570565E+01  .156907860E+01  .155208022E+01  .153472615E+01  .151703243E+01
  .149901521E+01  .148069099E+01  .146207633E+01  .144318806E+01  .142404301E+01
  .140465819E+01  .138505058E+01  .136523728E+01  .134523530E+01  .132506170E+01
  .130473340E+01  .128426732E+01  .126368018E+01  .124298867E+01  .122220922E+01
  .120135815E+01  .118045155E+01  .115950529E+01  .113853498E+01  .111755601E+01
  .109658343E+01  .107563205E+01  .105471631E+01  .103385038E+01  .101304803E+01
  .992322713E+00  .971687478E+00  .951155034E+00  .930737653E+00  .910447253E+00
  .890295295E+00  .870292874E+00  .850450609E+00  .830778743E+00  .811287034E+00
  .791984854E+00  .772881082E+00  .753984208E+00  .735302227E+00  .716842740E+00
  .698612853E+00  .680619284E+00  .662868257E+00  .645365612E+00  .628116701E+00
  .611126501E+00  .594399513E+00  .577939870E+00  .561751239E+00  .545836937E+00
  .530199828E+00  .514842440E+00  .499766865E+00  .484974877E+00  .470467834E+00
  .456246795E+00  .442312419E+00  .428665089E+00  .415304816E+00  .402231350E+00
  .389444089E+00  .376942202E+00  .364724526E+00  .352789689E+00  .341136013E+00
  .329761631E+00  .318664419E+00  .307842049E+00  .297291988E+00  .287011510E+00
  .276997714E+00  .267247530E+00  .257757733E+00  .248524953E+00  .239545688E+00
  .230816314E+00  .222333094E+00  .214092193E+00  .206089684E+00  .198321559E+00
  .190783738E+00  .183472081E+00  .176382394E+00  .169510437E+00  .162851937E+00
  .156402588E+00  .150158067E+00  .144114035E+00  .138266147E+00  .132610055E+00
  .127141420E+00  .121855912E+00  .116749217E+00  .111817044E+00  .107055128E+00
  .102459234E+00  .980251624E-01  .937487522E-01  .896258839E-01  .856524837E-01
  .818245255E-01  .781380343E-01  .745890879E-01  .711738196E-01  .678884198E-01
  .647291379E-01  .616922834E-01  .587742276E-01  .559714046E-01  .532803120E-01
  .506975119E-01  .482196315E-01  .458433633E-01  .435654659E-01  .413827637E-01
  .392921474E-01  .372905740E-01  .353750665E-01  .335427136E-01  .317906701E-01
  .301161559E-01  .285164561E-01  .269889201E-01  .255309617E-01  .241400583E-01
  .228137500E-01  .215496398E-01  .203453922E-01  .191987331E-01  .181074488E-01
  .170693855E-01  .160824486E-01  .151446017E-01  .142538662E-01  .134083206E-01
  .126060992E-01  .118453920E-01  .111244433E-01  .104415516E-01  .979506792E-02
  .918339587E-02  .860499018E-02  .805835617E-02  .754204881E-02  .705467189E-02
  .659487712E-02  .616136332E-02  .575287545E-02  .536820378E-02  .500618295E-02
  .466569108E-02  .434564882E-02  .404501844E-02  .376280290E-02  .349804488E-02
  .324982583E-02  .301726504E-02  .279951867E-02  .259577876E-02  .240527229E-02
  .222726022E-02  .206103649E-02  .190592706E-02  .176128897E-02  .162650935E-02
  .150100446E-02  .138421878E-02  .127562398E-02  .117471808E-02  .108102444E-02
  .994090902E-03  .913488830E-03  .838812254E-03  .769676970E-03  .705719679E-03
  .646597131E-03  .591985295E-03  .541578535E-03  .495088816E-03  .452244915E-03
  .412791663E-03  .376489199E-03  .343112247E-03  .312449417E-03  .284302517E-03
  .258485895E-03  .234825801E-03  .213159763E-03  .193335998E-03  .175212829E-03
  .158658137E-03  .143548823E-03  .129770300E-03  .117215999E-03  .105786902E-03
  .953910905E-04  .859433153E-04  .773645866E-04  .695817831E-04  .625272798E-04
  .561385934E-04  .503580472E-04  .451324513E-04  .404128010E-04  .361539912E-04
  .323145461E-04  .288563643E-04  .257444786E-04  .229468300E-04  .204340545E-04
  .181792836E-04  .161579565E-04  .143476449E-04  .127278879E-04  .112800392E-04
  .998712279E-05  .883369950E-05  .780574240E-05  .689052082E-05  .607649257E-05
  .535320403E-05  .471119749E-05  .414192530E-05  .363767062E-05  .319147412E-05
  .279706642E-05  .244880581E-05  .214162101E-05  .187095844E-05  .163273399E-05
  .142328863E-05  .123934787E-05  .107798466E-05  .936585480E-06  .812819455E-06
  .704610142E-06  .610109924E-06  .527676701E-06  .455852743E-06  .393345519E-06
  .339010338E-06  .291834653E-06  .250923886E-06  .215488640E-06  .184833189E-06
  .158345111E-06  .135485988E-06  .115783046E-06  .988216823E-07  .842387601E-07
  .717166298E-07  .609777865E-07  .517801097E-07  .439126267E-07  .371917467E-07
  .314579179E-07  .265726643E-07  .224159631E-07  .188839258E-07  .158867519E-07
  .133469245E-07  .111976231E-07  .938132680E-08  .784859037E-08  .655696989E-08
  .547008345E-08  .455679000E-08  .379047294E-08  .314841581E-08  .261125931E-08
  .216252949E-08  .178822862E-08  .147648081E-08  .121722564E-08  .100195359E-08
  .823478011E-09  .675738894E-09  .553634194E-09  .452875157E-09  .369862390E-09
  .301579877E-09  .245504493E-09  .199528880E-09  .161895809E-09  .131142426E-09
  .106052956E-09  .856186633E-10  .690040064E-10  .555180768E-10  .445905432E-10
  .357514205E-10  .286140894E-10  .228610669E-10  .182321044E-10  .145142493E-10
  .115335653E-10  .914823619E-11  .724285218E-11  .572365913E-11  .451464151E-11
  .355427952E-11  .279287862E-11  .219037282E-11  .171452090E-11  .133942840E-11
  .104433866E-11  .812646070E-12  .631092189E-12  .489112135E-12  .378304294E-12
  .292000893E-12  .224920987E-12  .172890620E-12  .132617621E-12  .101510748E-12
  .775347506E-13  .590944723E-13  .449423607E-13  .341048279E-13  .258237401E-13
  .195100328E-13  .147070188E-13  .110614291E-13  .830060738E-14  .621459119E-14
  .464206569E-14  .345937723E-14  .257196064E-14  .190766554E-14  .141157311E-14
  .104197998E-14  .767293998E-15  .563640447E-15  .413020737E-15  .301899423E-15
  .220122644E-15  .160092282E-15  .116136962E-15  .840341858E-16  .606482140E-16
  .436563535E-16  .313426120E-16  .224425395E-16  .160268661E-16  .114144677E-16
  .810743989E-17  .574279507E-17  .405662468E-17  .285758139E-17  .200731219E-17
  .140606033E-17  .982100238E-18  .684006980E-18  .475015799E-18  .328918460E-18
  .227086283E-18  .156316823E-18  .107280879E-18  .734057793E-19  .500747703E-19
  .340547606E-19  .230885222E-19  .156049752E-19  .105139954E-19  .706153734E-20
  .472766242E-20  .315499173E-20  .209866599E-20  .139145903E-20  .919534659E-21
  .605654368E-21  .397584158E-21  .260117194E-21  .169602804E-21  .110206978E-21
  .713650010E-22  .460521064E-22  .296134900E-22  .189755025E-22  .121156916E-22
  .770800341E-23  .488609365E-23  .308599491E-23  .194191130E-23  .121745092E-23
  .760411115E-24  .473159202E-24  .293301837E-24  .181116345E-24  .111409567E-24
  .682646397E-25  .416642899E-25  .253287242E-25  .153366309E-25  .924911114E-26
  .555532361E-26  .332310373E-26  .197965416E-26  .117444115E-26  .693833387E-27
  .408175100E-27  .239105994E-27  .139467239E-27  .809984595E-28  .468369961E-28
  .269645895E-28  .154552403E-28  .881900164E-29  .500967111E-29  .283288817E-29
  .159464582E-29  .893506433E-30  .498326152E-30  .276627921E-30  .152836943E-30
  .840415775E-31  .459914358E-31  .250472426E-31  .135745735E-31  .732080385E-32
  .392862450E-32  .209775211E-32  .111450570E-32  .589124863E-33  .309821570E-33
  .162097888E-33  .843696986E-34  .436838551E-34  .224989618E-34  .115263725E-34
  .587344533E-35  .297676544E-35  .150047533E-35  .752188466E-36  .374989320E-36
  .185902937E-36  .916451057E-37  .449229607E-37  .218949409E-37  .106100048E-37
  .511168062E-38  .244831863E-38  .116575657E-38  .551776201E-39  .259604672E-39
  .121404733E-39  .564301580E-40  .260686323E-40  .119683751E-40  .546060248E-41
  .247578344E-41  .111539730E-41  .499308924E-42  .222080101E-42  .981359555E-43
  .430826380E-43  .187892439E-43  .814003519E-44  .350291928E-44  .149726120E-44
  .635631111E-45  .267996561E-45  .112213724E-45  .466585683E-46  .192646591E-46
  .789789511E-47  .321482211E-47  .129919199E-47  .521237414E-48  .207595799E-48
  .820723655E-49  .322066264E-49  .125440479E-49  .484895837E-50  .186016465E-50
  .708141745E-51  .267502835E-51  .100264977E-51  .372868678E-52  .137569196E-52
  .503521261E-53  .182817707E-53  .658407409E-54  .235190315E-54  .833232733E-55
  .292757831E-55  .102006562E-55  .352494750E-56  .120818709E-56  .411012060E-57
  .139293822E-57  .472229136E-58  .164631669E-58  .619250944E-59  .291653839E-59
  .219840379E-59  .000000000E+00  .000000000E+00  .000000000E+00  .000000000E+00
  .000000000E+00  .000000000E+00  .000000000E+00  .000000000E+00  .000000000E+00
  .000000000E+00  .000000000E+00  .000000000E+00  .000000000E+00  .000000000E+00
  .000000000E+00  .000000000E+00  .000000000E+00  .000000000E+00  .000000000E+00
  .000000000E+00  .000000000E+00  .000000000E+00  .000000000E+00  .000000000E+00
  .000000000E+00  .000000000E+00  .000000000E+00  .000000000E+00  .000000000E+00
  .000000000E+00  .000000000E+00  .000000000E+00  .000000000E+00  .000000000E+00
  .000000000E+00  .000000000E+00  .000000000E+00  .000000000E+00  .000000000E+00
  .000000000E+00  .000000000E+00  .000000000E+00  .000000000E+00  .000000000E+00
  .000000000E+00  .000000000E+00  .000000000E+00  .000000000E+00  .000000000E+00
  .000000000E+00  .000000000E+00  .000000000E+00  .000000000E+00  .000000000E+00
  .000000000E+00  .000000000E+00  .000000000E+00  .000000000E+00  .000000000E+00
  .000000000E+00  .000000000E+00  .000000000E+00  .000000000E+00  .000000000E+00
  .000000000E+00  .000000000E+00  .000000000E+00  .000000000E+00  .000000000E+00
  .000000000E+00  .000000000E+00  .000000000E+00  .000000000E+00  .000000000E+00
  .000000000E+00  .000000000E+00  .000000000E+00  .000000000E+00  .000000000E+00
  .000000000E+00  .000000000E+00  .000000000E+00  .000000000E+00  .000000000E+00
  .000000000E+00  .000000000E+00  .000000000E+00  .000000000E+00  .000000000E+00
  .000000000E+00  .000000000E+00  .000000000E+00  .000000000E+00  .000000000E+00
  .000000000E+00  .000000000E+00  .000000000E+00  .000000000E+00  .000000000E+00
  .000000000E+00  .000000000E+00  .000000000E+00  .000000000E+00  .000000000E+00
  .000000000E+00  .000000000E+00  .000000000E+00  .000000000E+00  .000000000E+00
  .000000000E+00  .000000000E+00  .000000000E+00  .000000000E+00  .000000000E+00
  .000000000E+00  .000000000E+00  .000000000E+00  .000000000E+00  .000000000E+00
  .000000000E+00  .000000000E+00  .000000000E+00  .000000000E+00  .000000000E+00
  .000000000E+00  .000000000E+00  .000000000E+00  .000000000E+00  .000000000E+00
  .000000000E+00  .000000000E+00  .000000000E+00  .000000000E+00  .000000000E+00
  .000000000E+00  .000000000E+00  .000000000E+00  .000000000E+00  .000000000E+00
  .000000000E+00  .000000000E+00  .000000000E+00  .000000000E+00  .000000000E+00
  .000000000E+00  .000000000E+00  .000000000E+00  .000000000E+00  .000000000E+00
  .000000000E+00  .000000000E+00  .000000000E+00  .000000000E+00  .000000000E+00
  .000000000E+00  .000000000E+00  .000000000E+00  .000000000E+00  .000000000E+00
  .000000000E+00  .000000000E+00  .000000000E+00  .000000000E+00  .000000000E+00
  .000000000E+00  .000000000E+00  .000000000E+00  .000000000E+00  .000000000E+00
  .000000000E+00  .000000000E+00  .000000000E+00  .000000000E+00  .000000000E+00
  .000000000E+00  .000000000E+00  .000000000E+00  .000000000E+00  .000000000E+00
  .000000000E+00  .000000000E+00  .000000000E+00  .000000000E+00  .000000000E+00
  .000000000E+00  .000000000E+00  .000000000E+00  .000000000E+00  .000000000E+00
