  PAW_PBE Li 05Jan2001                   
 100
Core Pot   L  =         .00000   -.21125
  -.20000000E+01  .12038780E+01
  -.19600000E+01  .11875189E+01
  -.19200000E+01  .11709865E+01
  -.18800000E+01  .11542750E+01
  -.18400000E+01  .11373781E+01
  -.18000000E+01  .11202895E+01
  -.17600000E+01  .11030026E+01
  -.17200000E+01  .10855106E+01
  -.16800000E+01  .10678065E+01
  -.16400000E+01  .10498829E+01
  -.16000000E+01  .10317321E+01
  -.15600000E+01  .10133462E+01
  -.15200000E+01  .99471674E+00
  -.14800000E+01  .97583509E+00
  -.14400000E+01  .95669212E+00
  -.14000000E+01  .93727828E+00
  -.13600000E+01  .91758356E+00
  -.13200000E+01  .89759745E+00
  -.12800000E+01  .87730891E+00
  -.12400000E+01  .85670634E+00
  -.12000000E+01  .83577752E+00
  -.11600000E+01  .81450957E+00
  -.11200000E+01  .79288891E+00
  -.10800000E+01  .77090120E+00
  -.10400000E+01  .74853128E+00
  -.10000000E+01  .72576312E+00
  -.96000000E+00  .70257975E+00
  -.92000000E+00  .67896316E+00
  -.88000000E+00  .65489425E+00
  -.84000000E+00  .63035275E+00
  -.80000000E+00  .60531707E+00
  -.76000000E+00  .57976424E+00
  -.72000000E+00  .55366980E+00
  -.68000000E+00  .52700760E+00
  -.64000000E+00  .49974975E+00
  -.60000000E+00  .47186639E+00
  -.56000000E+00  .44332555E+00
  -.52000000E+00  .41409295E+00
  -.48000000E+00  .38413176E+00
  -.44000000E+00  .35340241E+00
  -.40000000E+00  .32186225E+00
  -.36000000E+00  .28946529E+00
  -.32000000E+00  .25616189E+00
  -.28000000E+00  .22189829E+00
  -.24000000E+00  .18661627E+00
  -.20000000E+00  .15025262E+00
  -.16000000E+00  .11273859E+00
  -.12000000E+00  .73999300E-01
  -.80000000E-01  .33952966E-01
  -.40000000E-01 -.74898389E-02
   .12351231E-14 -.50427170E-01
   .40000000E-01 -.94966743E-01
   .80000000E-01 -.14122718E+00
   .12000000E+00 -.18933943E+00
   .16000000E+00 -.23944843E+00
   .20000000E+00 -.29171500E+00
   .24000000E+00 -.34631814E+00
   .28000000E+00 -.40345766E+00
   .32000000E+00 -.46335729E+00
   .36000000E+00 -.52626840E+00
   .40000000E+00 -.59247440E+00
   .44000000E+00 -.66229609E+00
   .48000000E+00 -.73609796E+00
   .52000000E+00 -.81429596E+00
   .56000000E+00 -.89736696E+00
   .60000000E+00 -.98586028E+00
   .64000000E+00 -.10804121E+01
   .68000000E+00 -.11817632E+01
   .72000000E+00 -.12907816E+01
   .76000000E+00 -.14084913E+01
   .80000000E+00 -.15361082E+01
   .84000000E+00 -.16750885E+01
   .88000000E+00 -.18271900E+01
   .92000000E+00 -.19945556E+01
   .96000000E+00 -.21798240E+01
   .10000000E+01 -.23862826E+01
   .10400000E+01 -.26180796E+01
   .10800000E+01 -.28805262E+01
   .11200000E+01 -.31805338E+01
   .11600000E+01 -.35272674E+01
   .12000000E+01 -.39331448E+01
   .12400000E+01 -.44154206E+01
   .12800000E+01 -.49987961E+01
   .13200000E+01 -.57199219E+01
   .13600000E+01 -.66356191E+01
   .14000000E+01 -.78389682E+01
   .14400000E+01 -.94937253E+01
   .14800000E+01 -.11917118E+02
   .15200000E+01 -.15814652E+02
   .15600000E+01 -.23136104E+02
   .16000000E+01 -.41981899E+02
   .16400000E+01 -.20134864E+03
   .16800000E+01  .74678612E+02
   .17200000E+01  .31947560E+02
   .17600000E+01  .20487107E+02
   .18000000E+01  .15159936E+02
   .18400000E+01  .12077574E+02
   .18800000E+01  .10065071E+02
   .19200000E+01  .86456074E+01
   .19600000E+01  .75890338E+01
   .20000000E+01  .67706291E+01
Potential  L  =         .00000   -.21125
  -.20000000E+01  .11894851E+01
  -.19600000E+01  .11734045E+01
  -.19200000E+01  .11571439E+01
  -.18800000E+01  .11406982E+01
  -.18400000E+01  .11240620E+01
  -.18000000E+01  .11072296E+01
  -.17600000E+01  .10901950E+01
  -.17200000E+01  .10729521E+01
  -.16800000E+01  .10554943E+01
  -.16400000E+01  .10378150E+01
  -.16000000E+01  .10199069E+01
  -.15600000E+01  .10017627E+01
  -.15200000E+01  .98337457E+00
  -.14800000E+01  .96473426E+00
  -.14400000E+01  .94583321E+00
  -.14000000E+01  .92666239E+00
  -.13600000E+01  .90721230E+00
  -.13200000E+01  .88747294E+00
  -.12800000E+01  .86743379E+00
  -.12400000E+01  .84708377E+00
  -.12000000E+01  .82641118E+00
  -.11600000E+01  .80540368E+00
  -.11200000E+01  .78404824E+00
  -.10800000E+01  .76233108E+00
  -.10400000E+01  .74023761E+00
  -.10000000E+01  .71775241E+00
  -.96000000E+00  .69485909E+00
  -.92000000E+00  .67154030E+00
  -.88000000E+00  .64777759E+00
  -.84000000E+00  .62355135E+00
  -.80000000E+00  .59884072E+00
  -.76000000E+00  .57362346E+00
  -.72000000E+00  .54787586E+00
  -.68000000E+00  .52157262E+00
  -.64000000E+00  .49468666E+00
  -.60000000E+00  .46718902E+00
  -.56000000E+00  .43904866E+00
  -.52000000E+00  .41023226E+00
  -.48000000E+00  .38070404E+00
  -.44000000E+00  .35042547E+00
  -.40000000E+00  .31935506E+00
  -.36000000E+00  .28744803E+00
  -.32000000E+00  .25465594E+00
  -.28000000E+00  .22092641E+00
  -.24000000E+00  .18620258E+00
  -.20000000E+00  .15042269E+00
  -.16000000E+00  .11351955E+00
  -.12000000E+00  .75419851E-01
  -.80000000E-01  .36043519E-01
  -.40000000E-01 -.46971347E-02
   .12351231E-14 -.46898331E-01
   .40000000E-01 -.90665895E-01
   .80000000E-01 -.13611650E+00
   .12000000E+00 -.18337909E+00
   .16000000E+00 -.23259657E+00
   .20000000E+00 -.28392775E+00
   .24000000E+00 -.33754961E+00
   .28000000E+00 -.39366004E+00
   .32000000E+00 -.45248096E+00
   .36000000E+00 -.51426217E+00
   .40000000E+00 -.57928588E+00
   .44000000E+00 -.64787211E+00
   .48000000E+00 -.72038533E+00
   .52000000E+00 -.79724241E+00
   .56000000E+00 -.87892249E+00
   .60000000E+00 -.96597905E+00
   .64000000E+00 -.10590549E+01
   .68000000E+00 -.11589012E+01
   .72000000E+00 -.12664009E+01
   .76000000E+00 -.13825996E+01
   .80000000E+00 -.15087444E+01
   .84000000E+00 -.16463351E+01
   .88000000E+00 -.17971920E+01
   .92000000E+00 -.19635458E+01
   .96000000E+00 -.21481610E+01
   .10000000E+01 -.23545050E+01
   .10400000E+01 -.25869878E+01
   .10800000E+01 -.28513051E+01
   .11200000E+01 -.31549441E+01
   .11600000E+01 -.35079480E+01
   .12000000E+01 -.39241098E+01
   .12400000E+01 -.44229011E+01
   .12800000E+01 -.50327326E+01
   .13200000E+01 -.57967471E+01
   .13600000E+01 -.67837941E+01
   .14000000E+01 -.81109275E+01
   .14400000E+01 -.99945470E+01
   .14800000E+01 -.12884182E+02
   .15200000E+01 -.17892165E+02
   .15600000E+01 -.28728371E+02
   .16000000E+01 -.69918548E+02
   .16400000E+01  .17570633E+03
   .16800000E+01  .39634957E+02
   .17200000E+01  .22538376E+02
   .17600000E+01  .15833309E+02
   .18000000E+01  .12247943E+02
   .18400000E+01  .10012005E+02
   .18800000E+01  .84815097E+01
   .19200000E+01  .73659605E+01
   .19600000E+01  .65150760E+01
   .20000000E+01  .58432996E+01
Core Pot   L  =        1.00000   -.10000
  -.20000000E+01  .13150847E+01
  -.19600000E+01  .13000253E+01
  -.19200000E+01  .12848031E+01
  -.18800000E+01  .12694134E+01
  -.18400000E+01  .12538509E+01
  -.18000000E+01  .12381104E+01
  -.17600000E+01  .12221862E+01
  -.17200000E+01  .12060724E+01
  -.16800000E+01  .11897629E+01
  -.16400000E+01  .11732512E+01
  -.16000000E+01  .11565305E+01
  -.15600000E+01  .11395935E+01
  -.15200000E+01  .11224328E+01
  -.14800000E+01  .11050404E+01
  -.14400000E+01  .10874080E+01
  -.14000000E+01  .10695266E+01
  -.13600000E+01  .10513870E+01
  -.13200000E+01  .10329793E+01
  -.12800000E+01  .10142930E+01
  -.12400000E+01  .99531716E+00
  -.12000000E+01  .97603999E+00
  -.11600000E+01  .95644908E+00
  -.11200000E+01  .93653125E+00
  -.10800000E+01  .91627244E+00
  -.10400000E+01  .89565775E+00
  -.10000000E+01  .87467124E+00
  -.96000000E+00  .85329596E+00
  -.92000000E+00  .83151377E+00
  -.88000000E+00  .80930531E+00
  -.84000000E+00  .78664980E+00
  -.80000000E+00  .76352502E+00
  -.76000000E+00  .73990708E+00
  -.72000000E+00  .71577030E+00
  -.68000000E+00  .69108705E+00
  -.64000000E+00  .66582753E+00
  -.60000000E+00  .63995955E+00
  -.56000000E+00  .61344830E+00
  -.52000000E+00  .58625606E+00
  -.48000000E+00  .55834188E+00
  -.44000000E+00  .52966123E+00
  -.40000000E+00  .50016560E+00
  -.36000000E+00  .46980201E+00
  -.32000000E+00  .43851254E+00
  -.28000000E+00  .40623362E+00
  -.24000000E+00  .37289546E+00
  -.20000000E+00  .33842112E+00
  -.16000000E+00  .30272567E+00
  -.12000000E+00  .26571505E+00
  -.80000000E-01  .22728485E+00
  -.40000000E-01  .18731873E+00
   .12351231E-14  .14568680E+00
   .40000000E-01  .10224345E+00
   .80000000E-01  .56824938E-01
   .12000000E+00  .92464571E-02
   .16000000E+00 -.40701415E-01
   .20000000E+00 -.93256954E-01
   .24000000E+00 -.14869247E+00
   .28000000E+00 -.20732063E+00
   .32000000E+00 -.26950229E+00
   .36000000E+00 -.33565611E+00
   .40000000E+00 -.40627075E+00
   .44000000E+00 -.48192012E+00
   .48000000E+00 -.56328286E+00
   .52000000E+00 -.65116752E+00
   .56000000E+00 -.74654518E+00
   .60000000E+00 -.85059255E+00
   .64000000E+00 -.96474962E+00
   .68000000E+00 -.10907976E+01
   .72000000E+00 -.12309667E+01
   .76000000E+00 -.13880871E+01
   .80000000E+00 -.15658054E+01
   .84000000E+00 -.17689024E+01
   .88000000E+00 -.20037710E+01
   .92000000E+00 -.22791593E+01
   .96000000E+00 -.26073651E+01
   .10000000E+01 -.30062400E+01
   .10400000E+01 -.35027250E+01
   .10800000E+01 -.41394800E+01
   .11200000E+01 -.49883067E+01
   .11600000E+01 -.61801605E+01
   .12000000E+01 -.79818711E+01
   .12400000E+01 -.11034094E+02
   .12800000E+01 -.17358877E+02
   .13200000E+01 -.38437073E+02
   .13600000E+01  .23117000E+03
   .14000000E+01  .29778300E+02
   .14400000E+01  .16156137E+02
   .14800000E+01  .11185532E+02
   .15200000E+01  .86045312E+01
   .15600000E+01  .70196462E+01
   .16000000E+01  .59444718E+01
   .16400000E+01  .51649091E+01
   .16800000E+01  .45720018E+01
   .17200000E+01  .41044494E+01
   .17600000E+01  .37251192E+01
   .18000000E+01  .34102041E+01
   .18400000E+01  .31437362E+01
   .18800000E+01  .29146049E+01
   .19200000E+01  .27148398E+01
   .19600000E+01  .25385741E+01
   .20000000E+01  .23813930E+01
Potential  L  =        1.00000   -.10000
  -.20000000E+01  .13122368E+01
  -.19600000E+01  .12971256E+01
  -.19200000E+01  .12818511E+01
  -.18800000E+01  .12664084E+01
  -.18400000E+01  .12507926E+01
  -.18000000E+01  .12349982E+01
  -.17600000E+01  .12190197E+01
  -.17200000E+01  .12028514E+01
  -.16800000E+01  .11864870E+01
  -.16400000E+01  .11699203E+01
  -.16000000E+01  .11531446E+01
  -.15600000E+01  .11361527E+01
  -.15200000E+01  .11189372E+01
  -.14800000E+01  .11014905E+01
  -.14400000E+01  .10838042E+01
  -.14000000E+01  .10658697E+01
  -.13600000E+01  .10476779E+01
  -.13200000E+01  .10292192E+01
  -.12800000E+01  .10104834E+01
  -.12400000E+01  .99145971E+00
  -.12000000E+01  .97213688E+00
  -.11600000E+01  .95250281E+00
  -.11200000E+01  .93254475E+00
  -.10800000E+01  .91224915E+00
  -.10400000E+01  .89160165E+00
  -.10000000E+01  .87058694E+00
  -.96000000E+00  .84918875E+00
  -.92000000E+00  .82738976E+00
  -.88000000E+00  .80517145E+00
  -.84000000E+00  .78251409E+00
  -.80000000E+00  .75939654E+00
  -.76000000E+00  .73579620E+00
  -.72000000E+00  .71168884E+00
  -.68000000E+00  .68704842E+00
  -.64000000E+00  .66184700E+00
  -.60000000E+00  .63605446E+00
  -.56000000E+00  .60963836E+00
  -.52000000E+00  .58256365E+00
  -.48000000E+00  .55479244E+00
  -.44000000E+00  .52628370E+00
  -.40000000E+00  .49699289E+00
  -.36000000E+00  .46687159E+00
  -.32000000E+00  .43586708E+00
  -.28000000E+00  .40392181E+00
  -.24000000E+00  .37097286E+00
  -.20000000E+00  .33695130E+00
  -.16000000E+00  .30178139E+00
  -.12000000E+00  .26537977E+00
  -.80000000E-01  .22765445E+00
  -.40000000E-01  .18850365E+00
   .12351231E-14  .14781443E+00
   .40000000E-01  .10546115E+00
   .80000000E-01  .61303615E-01
   .12000000E+00  .15184839E-01
   .16000000E+00 -.33071493E-01
   .20000000E+00 -.83664160E-01
   .24000000E+00 -.13681809E+00
   .28000000E+00 -.19278882E+00
   .32000000E+00 -.25186796E+00
   .36000000E+00 -.31438974E+00
   .40000000E+00 -.38073916E+00
   .44000000E+00 -.45136207E+00
   .48000000E+00 -.52677765E+00
   .52000000E+00 -.60759421E+00
   .56000000E+00 -.69452924E+00
   .60000000E+00 -.78843504E+00
   .64000000E+00 -.89033209E+00
   .68000000E+00 -.10014526E+01
   .72000000E+00 -.11232988E+01
   .76000000E+00 -.12577207E+01
   .80000000E+00 -.14070239E+01
   .84000000E+00 -.15741181E+01
   .88000000E+00 -.17627298E+01
   .92000000E+00 -.19777105E+01
   .96000000E+00 -.22254958E+01
   .10000000E+01 -.25148100E+01
   .10400000E+01 -.28577827E+01
   .10800000E+01 -.32717912E+01
   .11200000E+01 -.37826419E+01
   .11600000E+01 -.44303880E+01
   .12000000E+01 -.52807360E+01
   .12400000E+01 -.64495004E+01
   .12800000E+01 -.81616233E+01
   .13200000E+01 -.10919321E+02
   .13600000E+01 -.16119619E+02
   .14000000E+01 -.29647908E+02
   .14400000E+01 -.15347154E+03
   .14800000E+01  .50677512E+02
   .15200000E+01  .22157019E+02
   .15600000E+01  .14328905E+02
   .16000000E+01  .10661123E+02
   .16400000E+01  .85287506E+01
   .16800000E+01  .71313171E+01
   .17200000E+01  .61423518E+01
   .17600000E+01  .54037751E+01
   .18000000E+01  .48297295E+01
   .18400000E+01  .43695618E+01
   .18800000E+01  .39914563E+01
   .19200000E+01  .36744221E+01
   .19600000E+01  .34040501E+01
   .20000000E+01  .31701199E+01
Core Pot   L  =        2.00000   -.10000
  -.20000000E+01  .15855191E+01
  -.19600000E+01  .15735305E+01
  -.19200000E+01  .15614647E+01
  -.18800000E+01  .15493204E+01
  -.18400000E+01  .15370961E+01
  -.18000000E+01  .15247904E+01
  -.17600000E+01  .15124019E+01
  -.17200000E+01  .14999291E+01
  -.16800000E+01  .14873705E+01
  -.16400000E+01  .14747244E+01
  -.16000000E+01  .14619893E+01
  -.15600000E+01  .14491636E+01
  -.15200000E+01  .14362454E+01
  -.14800000E+01  .14232330E+01
  -.14400000E+01  .14101247E+01
  -.14000000E+01  .13969185E+01
  -.13600000E+01  .13836125E+01
  -.13200000E+01  .13702048E+01
  -.12800000E+01  .13566933E+01
  -.12400000E+01  .13430759E+01
  -.12000000E+01  .13293504E+01
  -.11600000E+01  .13155146E+01
  -.11200000E+01  .13015663E+01
  -.10800000E+01  .12875029E+01
  -.10400000E+01  .12733221E+01
  -.10000000E+01  .12590214E+01
  -.96000000E+00  .12445981E+01
  -.92000000E+00  .12300495E+01
  -.88000000E+00  .12153729E+01
  -.84000000E+00  .12005653E+01
  -.80000000E+00  .11856238E+01
  -.76000000E+00  .11705452E+01
  -.72000000E+00  .11553265E+01
  -.68000000E+00  .11399643E+01
  -.64000000E+00  .11244551E+01
  -.60000000E+00  .11087955E+01
  -.56000000E+00  .10929818E+01
  -.52000000E+00  .10770101E+01
  -.48000000E+00  .10608766E+01
  -.44000000E+00  .10445772E+01
  -.40000000E+00  .10281075E+01
  -.36000000E+00  .10114633E+01
  -.32000000E+00  .99463993E+00
  -.28000000E+00  .97763266E+00
  -.24000000E+00  .96043655E+00
  -.20000000E+00  .94304649E+00
  -.16000000E+00  .92545714E+00
  -.12000000E+00  .90766295E+00
  -.80000000E-01  .88965814E+00
  -.40000000E-01  .87143670E+00
   .12351231E-14  .85299235E+00
   .40000000E-01  .83431855E+00
   .80000000E-01  .81540849E+00
   .12000000E+00  .79625505E+00
   .16000000E+00  .77685080E+00
   .20000000E+00  .75718797E+00
   .24000000E+00  .73725847E+00
   .28000000E+00  .71705379E+00
   .32000000E+00  .69656508E+00
   .36000000E+00  .67578302E+00
   .40000000E+00  .65469788E+00
   .44000000E+00  .63329947E+00
   .48000000E+00  .61157707E+00
   .52000000E+00  .58951945E+00
   .56000000E+00  .56711481E+00
   .60000000E+00  .54435075E+00
   .64000000E+00  .52121424E+00
   .68000000E+00  .49769156E+00
   .72000000E+00  .47376825E+00
   .76000000E+00  .44942910E+00
   .80000000E+00  .42465803E+00
   .84000000E+00  .39943812E+00
   .88000000E+00  .37375145E+00
   .92000000E+00  .34757910E+00
   .96000000E+00  .32090104E+00
   .10000000E+01  .29369609E+00
   .10400000E+01  .26594176E+00
   .10800000E+01  .23761422E+00
   .11200000E+01  .20868816E+00
   .11600000E+01  .17913669E+00
   .12000000E+01  .14893117E+00
   .12400000E+01  .11804113E+00
   .12800000E+01  .86434085E-01
   .13200000E+01  .54075348E-01
   .13600000E+01  .20927867E-01
   .14000000E+01 -.13047993E-01
   .14400000E+01 -.47894683E-01
   .14800000E+01 -.83657726E-01
   .15200000E+01 -.12038600E+00
   .15600000E+01 -.15813204E+00
   .16000000E+01 -.19695245E+00
   .16400000E+01 -.23690821E+00
   .16800000E+01 -.27806519E+00
   .17200000E+01 -.32049464E+00
   .17600000E+01 -.36427371E+00
   .18000000E+01 -.40948612E+00
   .18400000E+01 -.45622288E+00
   .18800000E+01 -.50458307E+00
   .19200000E+01 -.55467479E+00
   .19600000E+01 -.60661622E+00
   .20000000E+01 -.66053679E+00
Potential  L  =        2.00000   -.10000
  -.20000000E+01  .15853945E+01
  -.19600000E+01  .15734052E+01
  -.19200000E+01  .15613387E+01
  -.18800000E+01  .15491937E+01
  -.18400000E+01  .15369688E+01
  -.18000000E+01  .15246626E+01
  -.17600000E+01  .15122737E+01
  -.17200000E+01  .14998005E+01
  -.16800000E+01  .14872416E+01
  -.16400000E+01  .14745953E+01
  -.16000000E+01  .14618600E+01
  -.15600000E+01  .14490342E+01
  -.15200000E+01  .14361160E+01
  -.14800000E+01  .14231038E+01
  -.14400000E+01  .14099957E+01
  -.14000000E+01  .13967898E+01
  -.13600000E+01  .13834843E+01
  -.13200000E+01  .13700771E+01
  -.12800000E+01  .13565663E+01
  -.12400000E+01  .13429497E+01
  -.12000000E+01  .13292252E+01
  -.11600000E+01  .13153905E+01
  -.11200000E+01  .13014434E+01
  -.10800000E+01  .12873815E+01
  -.10400000E+01  .12732024E+01
  -.10000000E+01  .12589034E+01
  -.96000000E+00  .12444821E+01
  -.92000000E+00  .12299357E+01
  -.88000000E+00  .12152615E+01
  -.84000000E+00  .12004566E+01
  -.80000000E+00  .11855180E+01
  -.76000000E+00  .11704426E+01
  -.72000000E+00  .11552273E+01
  -.68000000E+00  .11398688E+01
  -.64000000E+00  .11243637E+01
  -.60000000E+00  .11087085E+01
  -.56000000E+00  .10928995E+01
  -.52000000E+00  .10769329E+01
  -.48000000E+00  .10608049E+01
  -.44000000E+00  .10445114E+01
  -.40000000E+00  .10280481E+01
  -.36000000E+00  .10114107E+01
  -.32000000E+00  .99459459E+00
  -.28000000E+00  .97759515E+00
  -.24000000E+00  .96040743E+00
  -.20000000E+00  .94302635E+00
  -.16000000E+00  .92544661E+00
  -.12000000E+00  .90766269E+00
  -.80000000E-01  .88966886E+00
  -.40000000E-01  .87145915E+00
   .12351231E-14  .85302734E+00
   .40000000E-01  .83436693E+00
   .80000000E-01  .81547116E+00
   .12000000E+00  .79633298E+00
   .16000000E+00  .77694502E+00
   .20000000E+00  .75729958E+00
   .24000000E+00  .73738862E+00
   .28000000E+00  .71720374E+00
   .32000000E+00  .69673614E+00
   .36000000E+00  .67597662E+00
   .40000000E+00  .65491553E+00
   .44000000E+00  .63354277E+00
   .48000000E+00  .61184776E+00
   .52000000E+00  .58981937E+00
   .56000000E+00  .56744594E+00
   .60000000E+00  .54471520E+00
   .64000000E+00  .52161427E+00
   .68000000E+00  .49812959E+00
   .72000000E+00  .47424688E+00
   .76000000E+00  .44995112E+00
   .80000000E+00  .42522645E+00
   .84000000E+00  .40005614E+00
   .88000000E+00  .37442253E+00
   .92000000E+00  .34830697E+00
   .96000000E+00  .32168971E+00
   .10000000E+01  .29454986E+00
   .10400000E+01  .26686530E+00
   .10800000E+01  .23861255E+00
   .11200000E+01  .20976671E+00
   .11600000E+01  .18030131E+00
   .12000000E+01  .15018822E+00
   .12400000E+01  .11939749E+00
   .12800000E+01  .87897195E-01
   .13200000E+01  .55653294E-01
   .13600000E+01  .22629432E-01
   .14000000E+01 -.11213263E-01
   .14400000E+01 -.45916391E-01
   .14800000E+01 -.81524542E-01
   .15200000E+01 -.11808556E+00
   .15600000E+01 -.15565085E+00
   .16000000E+01 -.19427572E+00
   .16400000E+01 -.23401976E+00
   .16800000E+01 -.27494728E+00
   .17200000E+01 -.31712776E+00
   .17600000E+01 -.36063641E+00
   .18000000E+01 -.40555476E+00
   .18400000E+01 -.45197135E+00
   .18800000E+01 -.49998253E+00
   .19200000E+01 -.54969328E+00
   .19600000E+01 -.60121826E+00
   .20000000E+01 -.65468292E+00
Core Pot   L  =        3.00000    .00000
  -.20000000E+01  .18891826E+01
  -.19600000E+01  .18792087E+01
  -.19200000E+01  .18691908E+01
  -.18800000E+01  .18591282E+01
  -.18400000E+01  .18490205E+01
  -.18000000E+01  .18388670E+01
  -.17600000E+01  .18286674E+01
  -.17200000E+01  .18184208E+01
  -.16800000E+01  .18081269E+01
  -.16400000E+01  .17977851E+01
  -.16000000E+01  .17873946E+01
  -.15600000E+01  .17769550E+01
  -.15200000E+01  .17664655E+01
  -.14800000E+01  .17559256E+01
  -.14400000E+01  .17453347E+01
  -.14000000E+01  .17346920E+01
  -.13600000E+01  .17239969E+01
  -.13200000E+01  .17132487E+01
  -.12800000E+01  .17024467E+01
  -.12400000E+01  .16915903E+01
  -.12000000E+01  .16806786E+01
  -.11600000E+01  .16697110E+01
  -.11200000E+01  .16586866E+01
  -.10800000E+01  .16476048E+01
  -.10400000E+01  .16364647E+01
  -.10000000E+01  .16252655E+01
  -.96000000E+00  .16140065E+01
  -.92000000E+00  .16026867E+01
  -.88000000E+00  .15913054E+01
  -.84000000E+00  .15798616E+01
  -.80000000E+00  .15683544E+01
  -.76000000E+00  .15567830E+01
  -.72000000E+00  .15451465E+01
  -.68000000E+00  .15334437E+01
  -.64000000E+00  .15216739E+01
  -.60000000E+00  .15098360E+01
  -.56000000E+00  .14979290E+01
  -.52000000E+00  .14859518E+01
  -.48000000E+00  .14739034E+01
  -.44000000E+00  .14617827E+01
  -.40000000E+00  .14495886E+01
  -.36000000E+00  .14373200E+01
  -.32000000E+00  .14249756E+01
  -.28000000E+00  .14125544E+01
  -.24000000E+00  .14000550E+01
  -.20000000E+00  .13874762E+01
  -.16000000E+00  .13748169E+01
  -.12000000E+00  .13620755E+01
  -.80000000E-01  .13492509E+01
  -.40000000E-01  .13363415E+01
   .12351231E-14  .13233461E+01
   .40000000E-01  .13102632E+01
   .80000000E-01  .12970913E+01
   .12000000E+00  .12838289E+01
   .16000000E+00  .12704744E+01
   .20000000E+00  .12570262E+01
   .24000000E+00  .12434828E+01
   .28000000E+00  .12298423E+01
   .32000000E+00  .12161032E+01
   .36000000E+00  .12022636E+01
   .40000000E+00  .11883217E+01
   .44000000E+00  .11742757E+01
   .48000000E+00  .11601236E+01
   .52000000E+00  .11458635E+01
   .56000000E+00  .11314933E+01
   .60000000E+00  .11170110E+01
   .64000000E+00  .11024145E+01
   .68000000E+00  .10877015E+01
   .72000000E+00  .10728698E+01
   .76000000E+00  .10579171E+01
   .80000000E+00  .10428410E+01
   .84000000E+00  .10276390E+01
   .88000000E+00  .10123086E+01
   .92000000E+00  .99684718E+00
   .96000000E+00  .98125209E+00
   .10000000E+01  .96552056E+00
   .10400000E+01  .94964973E+00
   .10800000E+01  .93363668E+00
   .11200000E+01  .91747839E+00
   .11600000E+01  .90117172E+00
   .12000000E+01  .88471348E+00
   .12400000E+01  .86810035E+00
   .12800000E+01  .85132889E+00
   .13200000E+01  .83439558E+00
   .13600000E+01  .81729677E+00
   .14000000E+01  .80002870E+00
   .14400000E+01  .78258746E+00
   .14800000E+01  .76496904E+00
   .15200000E+01  .74716928E+00
   .15600000E+01  .72918387E+00
   .16000000E+01  .71100838E+00
   .16400000E+01  .69263819E+00
   .16800000E+01  .67406855E+00
   .17200000E+01  .65529452E+00
   .17600000E+01  .63631099E+00
   .18000000E+01  .61711268E+00
   .18400000E+01  .59769409E+00
   .18800000E+01  .57804953E+00
   .19200000E+01  .55817311E+00
   .19600000E+01  .53805871E+00
   .20000000E+01  .51769998E+00
Potential  L  =        3.00000    .00000
  -.20000000E+01  .18890651E+01
  -.19600000E+01  .18790895E+01
  -.19200000E+01  .18690698E+01
  -.18800000E+01  .18590054E+01
  -.18400000E+01  .18488961E+01
  -.18000000E+01  .18387409E+01
  -.17600000E+01  .18285394E+01
  -.17200000E+01  .18182911E+01
  -.16800000E+01  .18079953E+01
  -.16400000E+01  .17976513E+01
  -.16000000E+01  .17872590E+01
  -.15600000E+01  .17768175E+01
  -.15200000E+01  .17663261E+01
  -.14800000E+01  .17557844E+01
  -.14400000E+01  .17451915E+01
  -.14000000E+01  .17345469E+01
  -.13600000E+01  .17238499E+01
  -.13200000E+01  .17130999E+01
  -.12800000E+01  .17022959E+01
  -.12400000E+01  .16914375E+01
  -.12000000E+01  .16805238E+01
  -.11600000E+01  .16695542E+01
  -.11200000E+01  .16585273E+01
  -.10800000E+01  .16474435E+01
  -.10400000E+01  .16363013E+01
  -.10000000E+01  .16251001E+01
  -.96000000E+00  .16138390E+01
  -.92000000E+00  .16025171E+01
  -.88000000E+00  .15911340E+01
  -.84000000E+00  .15796881E+01
  -.80000000E+00  .15681788E+01
  -.76000000E+00  .15566053E+01
  -.72000000E+00  .15449665E+01
  -.68000000E+00  .15332616E+01
  -.64000000E+00  .15214895E+01
  -.60000000E+00  .15096494E+01
  -.56000000E+00  .14977401E+01
  -.52000000E+00  .14857607E+01
  -.48000000E+00  .14737100E+01
  -.44000000E+00  .14615870E+01
  -.40000000E+00  .14493906E+01
  -.36000000E+00  .14371196E+01
  -.32000000E+00  .14247728E+01
  -.28000000E+00  .14123492E+01
  -.24000000E+00  .13998474E+01
  -.20000000E+00  .13872662E+01
  -.16000000E+00  .13746043E+01
  -.12000000E+00  .13618605E+01
  -.80000000E-01  .13490333E+01
  -.40000000E-01  .13361214E+01
   .12351231E-14  .13231235E+01
   .40000000E-01  .13100380E+01
   .80000000E-01  .12968635E+01
   .12000000E+00  .12835984E+01
   .16000000E+00  .12702413E+01
   .20000000E+00  .12567904E+01
   .24000000E+00  .12432442E+01
   .28000000E+00  .12296011E+01
   .32000000E+00  .12158592E+01
   .36000000E+00  .12020168E+01
   .40000000E+00  .11880721E+01
   .44000000E+00  .11740232E+01
   .48000000E+00  .11598683E+01
   .52000000E+00  .11456052E+01
   .56000000E+00  .11312322E+01
   .60000000E+00  .11167469E+01
   .64000000E+00  .11021474E+01
   .68000000E+00  .10874314E+01
   .72000000E+00  .10725967E+01
   .76000000E+00  .10576409E+01
   .80000000E+00  .10425617E+01
   .84000000E+00  .10273566E+01
   .88000000E+00  .10120230E+01
   .92000000E+00  .99655845E+00
   .96000000E+00  .98096015E+00
   .10000000E+01  .96522539E+00
   .10400000E+01  .94935130E+00
   .10800000E+01  .93333496E+00
   .11200000E+01  .91717334E+00
   .11600000E+01  .90086334E+00
   .12000000E+01  .88440172E+00
   .12400000E+01  .86778518E+00
   .12800000E+01  .85101029E+00
   .13200000E+01  .83407353E+00
   .13600000E+01  .81697124E+00
   .14000000E+01  .79969965E+00
   .14400000E+01  .78225488E+00
   .14800000E+01  .76463290E+00
   .15200000E+01  .74682955E+00
   .15600000E+01  .72884054E+00
   .16000000E+01  .71066142E+00
   .16400000E+01  .69228758E+00
   .16800000E+01  .67371427E+00
   .17200000E+01  .65493655E+00
   .17600000E+01  .63594932E+00
   .18000000E+01  .61674729E+00
   .18400000E+01  .59732496E+00
   .18800000E+01  .57767666E+00
   .19200000E+01  .55779649E+00
   .19600000E+01  .53767833E+00
   .20000000E+01  .51731583E+00
Core Pot   L  =        4.00000    .00000
  -.20000000E+01  .22150087E+01
  -.19600000E+01  .22065012E+01
  -.19200000E+01  .21979668E+01
  -.18800000E+01  .21894024E+01
  -.18400000E+01  .21808110E+01
  -.18000000E+01  .21721909E+01
  -.17600000E+01  .21635432E+01
  -.17200000E+01  .21548681E+01
  -.16800000E+01  .21461621E+01
  -.16400000E+01  .21374262E+01
  -.16000000E+01  .21286618E+01
  -.15600000E+01  .21198676E+01
  -.15200000E+01  .21110447E+01
  -.14800000E+01  .21021888E+01
  -.14400000E+01  .20933038E+01
  -.14000000E+01  .20843881E+01
  -.13600000E+01  .20754413E+01
  -.13200000E+01  .20664637E+01
  -.12800000E+01  .20574521E+01
  -.12400000E+01  .20484113E+01
  -.12000000E+01  .20393356E+01
  -.11600000E+01  .20302284E+01
  -.11200000E+01  .20210881E+01
  -.10800000E+01  .20119144E+01
  -.10400000E+01  .20027086E+01
  -.10000000E+01  .19934665E+01
  -.96000000E+00  .19841912E+01
  -.92000000E+00  .19748815E+01
  -.88000000E+00  .19655362E+01
  -.84000000E+00  .19561565E+01
  -.80000000E+00  .19467406E+01
  -.76000000E+00  .19372890E+01
  -.72000000E+00  .19278009E+01
  -.68000000E+00  .19182765E+01
  -.64000000E+00  .19087145E+01
  -.60000000E+00  .18991151E+01
  -.56000000E+00  .18894781E+01
  -.52000000E+00  .18798024E+01
  -.48000000E+00  .18700882E+01
  -.44000000E+00  .18603352E+01
  -.40000000E+00  .18505427E+01
  -.36000000E+00  .18407111E+01
  -.32000000E+00  .18308373E+01
  -.28000000E+00  .18209237E+01
  -.24000000E+00  .18109690E+01
  -.20000000E+00  .18009729E+01
  -.16000000E+00  .17909344E+01
  -.12000000E+00  .17808533E+01
  -.80000000E-01  .17707295E+01
  -.40000000E-01  .17605622E+01
   .12351231E-14  .17503508E+01
   .40000000E-01  .17400952E+01
   .80000000E-01  .17297942E+01
   .12000000E+00  .17194482E+01
   .16000000E+00  .17090559E+01
   .20000000E+00  .16986173E+01
   .24000000E+00  .16881316E+01
   .28000000E+00  .16775982E+01
   .32000000E+00  .16670167E+01
   .36000000E+00  .16563867E+01
   .40000000E+00  .16457072E+01
   .44000000E+00  .16349781E+01
   .48000000E+00  .16241984E+01
   .52000000E+00  .16133677E+01
   .56000000E+00  .16024853E+01
   .60000000E+00  .15915506E+01
   .64000000E+00  .15805631E+01
   .68000000E+00  .15695219E+01
   .72000000E+00  .15584264E+01
   .76000000E+00  .15472761E+01
   .80000000E+00  .15360701E+01
   .84000000E+00  .15248078E+01
   .88000000E+00  .15134885E+01
   .92000000E+00  .15021115E+01
   .96000000E+00  .14906760E+01
   .10000000E+01  .14791813E+01
   .10400000E+01  .14676265E+01
   .10800000E+01  .14560110E+01
   .11200000E+01  .14443339E+01
   .11600000E+01  .14325943E+01
   .12000000E+01  .14207916E+01
   .12400000E+01  .14089247E+01
   .12800000E+01  .13969929E+01
   .13200000E+01  .13849953E+01
   .13600000E+01  .13729309E+01
   .14000000E+01  .13607989E+01
   .14400000E+01  .13485983E+01
   .14800000E+01  .13363282E+01
   .15200000E+01  .13239876E+01
   .15600000E+01  .13115754E+01
   .16000000E+01  .12990907E+01
   .16400000E+01  .12865325E+01
   .16800000E+01  .12738996E+01
   .17200000E+01  .12611910E+01
   .17600000E+01  .12484056E+01
   .18000000E+01  .12355423E+01
   .18400000E+01  .12225998E+01
   .18800000E+01  .12095771E+01
   .19200000E+01  .11964728E+01
   .19600000E+01  .11832859E+01
   .20000000E+01  .11700150E+01
Potential  L  =        4.00000    .00000
  -.20000000E+01  .22149412E+01
  -.19600000E+01  .22064319E+01
  -.19200000E+01  .21978951E+01
  -.18800000E+01  .21893306E+01
  -.18400000E+01  .21807382E+01
  -.18000000E+01  .21721176E+01
  -.17600000E+01  .21634685E+01
  -.17200000E+01  .21547907E+01
  -.16800000E+01  .21460839E+01
  -.16400000E+01  .21373479E+01
  -.16000000E+01  .21285824E+01
  -.15600000E+01  .21197871E+01
  -.15200000E+01  .21109618E+01
  -.14800000E+01  .21021062E+01
  -.14400000E+01  .20932200E+01
  -.14000000E+01  .20843029E+01
  -.13600000E+01  .20753547E+01
  -.13200000E+01  .20663751E+01
  -.12800000E+01  .20573637E+01
  -.12400000E+01  .20483202E+01
  -.12000000E+01  .20392444E+01
  -.11600000E+01  .20301360E+01
  -.11200000E+01  .20209946E+01
  -.10800000E+01  .20118199E+01
  -.10400000E+01  .20026116E+01
  -.10000000E+01  .19933694E+01
  -.96000000E+00  .19840928E+01
  -.92000000E+00  .19747817E+01
  -.88000000E+00  .19654357E+01
  -.84000000E+00  .19560544E+01
  -.80000000E+00  .19466375E+01
  -.76000000E+00  .19371846E+01
  -.72000000E+00  .19276953E+01
  -.68000000E+00  .19181693E+01
  -.64000000E+00  .19086062E+01
  -.60000000E+00  .18990056E+01
  -.56000000E+00  .18893671E+01
  -.52000000E+00  .18796904E+01
  -.48000000E+00  .18699751E+01
  -.44000000E+00  .18602206E+01
  -.40000000E+00  .18504267E+01
  -.36000000E+00  .18405930E+01
  -.32000000E+00  .18307189E+01
  -.28000000E+00  .18208041E+01
  -.24000000E+00  .18108480E+01
  -.20000000E+00  .18008503E+01
  -.16000000E+00  .17908107E+01
  -.12000000E+00  .17807283E+01
  -.80000000E-01  .17706031E+01
  -.40000000E-01  .17604343E+01
   .12351231E-14  .17502216E+01
   .40000000E-01  .17399644E+01
   .80000000E-01  .17296622E+01
   .12000000E+00  .17193146E+01
   .16000000E+00  .17089210E+01
   .20000000E+00  .16984809E+01
   .24000000E+00  .16879938E+01
   .28000000E+00  .16774590E+01
   .32000000E+00  .16668762E+01
   .36000000E+00  .16562446E+01
   .40000000E+00  .16455637E+01
   .44000000E+00  .16348330E+01
   .48000000E+00  .16240518E+01
   .52000000E+00  .16132195E+01
   .56000000E+00  .16023356E+01
   .60000000E+00  .15913994E+01
   .64000000E+00  .15804102E+01
   .68000000E+00  .15693674E+01
   .72000000E+00  .15582703E+01
   .76000000E+00  .15471184E+01
   .80000000E+00  .15359108E+01
   .84000000E+00  .15246469E+01
   .88000000E+00  .15133260E+01
   .92000000E+00  .15019473E+01
   .96000000E+00  .14905101E+01
   .10000000E+01  .14790136E+01
   .10400000E+01  .14674572E+01
   .10800000E+01  .14558399E+01
   .11200000E+01  .14441610E+01
   .11600000E+01  .14324198E+01
   .12000000E+01  .14206152E+01
   .12400000E+01  .14087466E+01
   .12800000E+01  .13968129E+01
   .13200000E+01  .13848135E+01
   .13600000E+01  .13727473E+01
   .14000000E+01  .13606134E+01
   .14400000E+01  .13484109E+01
   .14800000E+01  .13361389E+01
   .15200000E+01  .13237963E+01
   .15600000E+01  .13113822E+01
   .16000000E+01  .12988955E+01
   .16400000E+01  .12863353E+01
   .16800000E+01  .12737004E+01
   .17200000E+01  .12609898E+01
   .17600000E+01  .12482023E+01
   .18000000E+01  .12353369E+01
   .18400000E+01  .12223923E+01
   .18800000E+01  .12093675E+01
   .19200000E+01  .11962611E+01
   .19600000E+01  .11830720E+01
   .20000000E+01  .11697988E+01
KBPotential  L  =       .00000   -.42250
  -.20000000E+01  .11970920E+01
  -.19600000E+01  .11810216E+01
  -.19200000E+01  .11647683E+01
  -.18800000E+01  .11483267E+01
  -.18400000E+01  .11316913E+01
  -.18000000E+01  .11148562E+01
  -.17600000E+01  .10978152E+01
  -.17200000E+01  .10805619E+01
  -.16800000E+01  .10630895E+01
  -.16400000E+01  .10453911E+01
  -.16000000E+01  .10274593E+01
  -.15600000E+01  .10092863E+01
  -.15200000E+01  .99086409E+00
  -.14800000E+01  .97218411E+00
  -.14400000E+01  .95323745E+00
  -.14000000E+01  .93401471E+00
  -.13600000E+01  .91450604E+00
  -.13200000E+01  .89470104E+00
  -.12800000E+01  .87458878E+00
  -.12400000E+01  .85415772E+00
  -.12000000E+01  .83339570E+00
  -.11600000E+01  .81228990E+00
  -.11200000E+01  .79082673E+00
  -.10800000E+01  .76899188E+00
  -.10400000E+01  .74677017E+00
  -.10000000E+01  .72414553E+00
  -.96000000E+00  .70110092E+00
  -.92000000E+00  .67761828E+00
  -.88000000E+00  .65367840E+00
  -.84000000E+00  .62926088E+00
  -.80000000E+00  .60434401E+00
  -.76000000E+00  .57890464E+00
  -.72000000E+00  .55291812E+00
  -.68000000E+00  .52635809E+00
  -.64000000E+00  .49919641E+00
  -.60000000E+00  .47140295E+00
  -.56000000E+00  .44294543E+00
  -.52000000E+00  .41378922E+00
  -.48000000E+00  .38389713E+00
  -.44000000E+00  .35322914E+00
  -.40000000E+00  .32174215E+00
  -.36000000E+00  .28938967E+00
  -.32000000E+00  .25612146E+00
  -.28000000E+00  .22188316E+00
  -.24000000E+00  .18661586E+00
  -.20000000E+00  .15025554E+00
  -.16000000E+00  .11273270E+00
  -.12000000E+00  .73971496E-01
  -.80000000E-01  .33889107E-01
  -.40000000E-01 -.76050260E-02
   .12351231E-14 -.50610200E-01
   .40000000E-01 -.95235522E-01
   .80000000E-01 -.14160117E+00
   .12000000E+00 -.18983982E+00
   .16000000E+00 -.24009832E+00
   .20000000E+00 -.29253966E+00
   .24000000E+00 -.34734525E+00
   .28000000E+00 -.40471772E+00
   .32000000E+00 -.46488366E+00
   .36000000E+00 -.52809801E+00
   .40000000E+00 -.59464815E+00
   .44000000E+00 -.66485937E+00
   .48000000E+00 -.73910132E+00
   .52000000E+00 -.81779594E+00
   .56000000E+00 -.90142697E+00
   .60000000E+00 -.99055178E+00
   .64000000E+00 -.10858159E+01
   .68000000E+00 -.11879714E+01
   .72000000E+00 -.12978993E+01
   .76000000E+00 -.14166394E+01
   .80000000E+00 -.15454269E+01
   .84000000E+00 -.16857411E+01
   .88000000E+00 -.18393686E+01
   .92000000E+00 -.20084879E+01
   .96000000E+00 -.21957831E+01
   .10000000E+01 -.24045995E+01
   .10400000E+01 -.26391607E+01
   .10800000E+01 -.29048777E+01
   .11200000E+01 -.32087973E+01
   .11600000E+01 -.35602718E+01
   .12000000E+01 -.39719855E+01
   .12400000E+01 -.44615849E+01
   .12800000E+01 -.50543683E+01
   .13200000E+01 -.57879390E+01
   .13600000E+01 -.67207233E+01
   .14000000E+01 -.79487026E+01
   .14400000E+01 -.96413699E+01
   .14800000E+01 -.12128771E+02
   .15200000E+01 -.16150634E+02
   .15600000E+01 -.23778049E+02
   .16000000E+01 -.43859017E+02
   .16400000E+01 -.24435309E+03
   .16800000E+01  .70808277E+02
   .17200000E+01  .31352054E+02
   .17600000E+01  .20294270E+02
   .18000000E+01  .15081725E+02
   .18400000E+01  .12043788E+02
   .18800000E+01  .10051107E+02
   .19200000E+01  .86408344E+01
   .19600000E+01  .75881427E+01
   .20000000E+01  .67706371E+01
KBPotential  L  =      1.00000   -.20000
  -.20000000E+01  .13167872E+01
  -.19600000E+01  .13017213E+01
  -.19200000E+01  .12864918E+01
  -.18800000E+01  .12710937E+01
  -.18400000E+01  .12555218E+01
  -.18000000E+01  .12397708E+01
  -.17600000E+01  .12238349E+01
  -.17200000E+01  .12077083E+01
  -.16800000E+01  .11913848E+01
  -.16400000E+01  .11748577E+01
  -.16000000E+01  .11581202E+01
  -.15600000E+01  .11411652E+01
  -.15200000E+01  .11239849E+01
  -.14800000E+01  .11065715E+01
  -.14400000E+01  .10889164E+01
  -.14000000E+01  .10710108E+01
  -.13600000E+01  .10528453E+01
  -.13200000E+01  .10344099E+01
  -.12800000E+01  .10156942E+01
  -.12400000E+01  .99668713E+00
  -.12000000E+01  .97737683E+00
  -.11600000E+01  .95775087E+00
  -.11200000E+01  .93779600E+00
  -.10800000E+01  .91749816E+00
  -.10400000E+01  .89684239E+00
  -.10000000E+01  .87581276E+00
  -.96000000E+00  .85439228E+00
  -.92000000E+00  .83256283E+00
  -.88000000E+00  .81030505E+00
  -.84000000E+00  .78759822E+00
  -.80000000E+00  .76442016E+00
  -.76000000E+00  .74074707E+00
  -.72000000E+00  .71655339E+00
  -.68000000E+00  .69181163E+00
  -.64000000E+00  .66649219E+00
  -.60000000E+00  .64056313E+00
  -.56000000E+00  .61398995E+00
  -.52000000E+00  .58673531E+00
  -.48000000E+00  .55875874E+00
  -.44000000E+00  .53001628E+00
  -.40000000E+00  .50046014E+00
  -.36000000E+00  .47003819E+00
  -.32000000E+00  .43869351E+00
  -.28000000E+00  .40636381E+00
  -.24000000E+00  .37298077E+00
  -.20000000E+00  .33846927E+00
  -.16000000E+00  .30274654E+00
  -.12000000E+00  .26572113E+00
  -.80000000E-01  .22729176E+00
  -.40000000E-01  .18734591E+00
   .12351231E-14  .14575826E+00
   .40000000E-01  .10238874E+00
   .80000000E-01  .57080339E-01
   .12000000E+00  .96564269E-02
   .16000000E+00 -.40082438E-01
   .20000000E+00 -.92362312E-01
   .24000000E+00 -.14744049E+00
   .28000000E+00 -.20561112E+00
   .32000000E+00 -.26721207E+00
   .36000000E+00 -.33263334E+00
   .40000000E+00 -.40232767E+00
   .44000000E+00 -.47682358E+00
   .48000000E+00 -.55674207E+00
   .52000000E+00 -.64281773E+00
   .56000000E+00 -.73592608E+00
   .60000000E+00 -.83711906E+00
   .64000000E+00 -.94767196E+00
   .68000000E+00 -.10691460E+01
   .72000000E+00 -.12034734E+01
   .76000000E+00 -.13530747E+01
   .80000000E+00 -.15210233E+01
   .84000000E+00 -.17112818E+01
   .88000000E+00 -.19290490E+01
   .92000000E+00 -.21812826E+01
   .96000000E+00 -.24775124E+01
   .10000000E+01 -.28311499E+01
   .10400000E+01 -.32616895E+01
   .10800000E+01 -.37985984E+01
   .11200000E+01 -.44886301E+01
   .11600000E+01 -.54106805E+01
   .12000000E+01 -.67091422E+01
   .12400000E+01 -.86796763E+01
   .12800000E+01 -.12037595E+02
   .13200000E+01 -.19071933E+02
   .13600000E+01 -.43263160E+02
   .14000000E+01  .19840498E+03
   .14400000E+01  .31084130E+02
   .14800000E+01  .17122329E+02
   .15200000E+01  .11925819E+02
   .15600000E+01  .92064174E+01
   .16000000E+01  .75299351E+01
   .16400000E+01  .63901778E+01
   .16800000E+01  .55628789E+01
   .17200000E+01  .49334110E+01
   .17600000E+01  .44370817E+01
   .18000000E+01  .40346121E+01
   .18400000E+01  .37007727E+01
   .18800000E+01  .34186172E+01
   .19200000E+01  .31763404E+01
   .19600000E+01  .29654655E+01
   .20000000E+01  .27797481E+01
KBPotential  L  =      2.00000    .00000
  -.20000000E+01  .15853945E+01
  -.19600000E+01  .15734052E+01
  -.19200000E+01  .15613387E+01
  -.18800000E+01  .15491937E+01
  -.18400000E+01  .15369688E+01
  -.18000000E+01  .15246626E+01
  -.17600000E+01  .15122737E+01
  -.17200000E+01  .14998005E+01
  -.16800000E+01  .14872416E+01
  -.16400000E+01  .14745953E+01
  -.16000000E+01  .14618600E+01
  -.15600000E+01  .14490342E+01
  -.15200000E+01  .14361160E+01
  -.14800000E+01  .14231038E+01
  -.14400000E+01  .14099957E+01
  -.14000000E+01  .13967898E+01
  -.13600000E+01  .13834843E+01
  -.13200000E+01  .13700771E+01
  -.12800000E+01  .13565663E+01
  -.12400000E+01  .13429497E+01
  -.12000000E+01  .13292252E+01
  -.11600000E+01  .13153905E+01
  -.11200000E+01  .13014434E+01
  -.10800000E+01  .12873815E+01
  -.10400000E+01  .12732024E+01
  -.10000000E+01  .12589034E+01
  -.96000000E+00  .12444821E+01
  -.92000000E+00  .12299357E+01
  -.88000000E+00  .12152615E+01
  -.84000000E+00  .12004566E+01
  -.80000000E+00  .11855180E+01
  -.76000000E+00  .11704426E+01
  -.72000000E+00  .11552273E+01
  -.68000000E+00  .11398688E+01
  -.64000000E+00  .11243637E+01
  -.60000000E+00  .11087085E+01
  -.56000000E+00  .10928995E+01
  -.52000000E+00  .10769329E+01
  -.48000000E+00  .10608049E+01
  -.44000000E+00  .10445114E+01
  -.40000000E+00  .10280481E+01
  -.36000000E+00  .10114107E+01
  -.32000000E+00  .99459459E+00
  -.28000000E+00  .97759515E+00
  -.24000000E+00  .96040743E+00
  -.20000000E+00  .94302635E+00
  -.16000000E+00  .92544661E+00
  -.12000000E+00  .90766269E+00
  -.80000000E-01  .88966886E+00
  -.40000000E-01  .87145915E+00
   .12351231E-14  .85302734E+00
   .40000000E-01  .83436693E+00
   .80000000E-01  .81547116E+00
   .12000000E+00  .79633298E+00
   .16000000E+00  .77694502E+00
   .20000000E+00  .75729958E+00
   .24000000E+00  .73738862E+00
   .28000000E+00  .71720374E+00
   .32000000E+00  .69673614E+00
   .36000000E+00  .67597662E+00
   .40000000E+00  .65491553E+00
   .44000000E+00  .63354277E+00
   .48000000E+00  .61184776E+00
   .52000000E+00  .58981937E+00
   .56000000E+00  .56744594E+00
   .60000000E+00  .54471520E+00
   .64000000E+00  .52161427E+00
   .68000000E+00  .49812959E+00
   .72000000E+00  .47424688E+00
   .76000000E+00  .44995112E+00
   .80000000E+00  .42522645E+00
   .84000000E+00  .40005614E+00
   .88000000E+00  .37442253E+00
   .92000000E+00  .34830697E+00
   .96000000E+00  .32168971E+00
   .10000000E+01  .29454986E+00
   .10400000E+01  .26686530E+00
   .10800000E+01  .23861255E+00
   .11200000E+01  .20976671E+00
   .11600000E+01  .18030131E+00
   .12000000E+01  .15018822E+00
   .12400000E+01  .11939749E+00
   .12800000E+01  .87897195E-01
   .13200000E+01  .55653294E-01
   .13600000E+01  .22629432E-01
   .14000000E+01 -.11213263E-01
   .14400000E+01 -.45916391E-01
   .14800000E+01 -.81524542E-01
   .15200000E+01 -.11808556E+00
   .15600000E+01 -.15565085E+00
   .16000000E+01 -.19427572E+00
   .16400000E+01 -.23401976E+00
   .16800000E+01 -.27494728E+00
   .17200000E+01 -.31712776E+00
   .17600000E+01 -.36063641E+00
   .18000000E+01 -.40555476E+00
   .18400000E+01 -.45197135E+00
   .18800000E+01 -.49998253E+00
   .19200000E+01 -.54969328E+00
   .19600000E+01 -.60121826E+00
   .20000000E+01 -.65468292E+00
KBPotential  L  =      3.00000    .00000
  -.20000000E+01  .18890651E+01
  -.19600000E+01  .18790895E+01
  -.19200000E+01  .18690698E+01
  -.18800000E+01  .18590054E+01
  -.18400000E+01  .18488961E+01
  -.18000000E+01  .18387409E+01
  -.17600000E+01  .18285394E+01
  -.17200000E+01  .18182911E+01
  -.16800000E+01  .18079953E+01
  -.16400000E+01  .17976513E+01
  -.16000000E+01  .17872590E+01
  -.15600000E+01  .17768175E+01
  -.15200000E+01  .17663261E+01
  -.14800000E+01  .17557844E+01
  -.14400000E+01  .17451915E+01
  -.14000000E+01  .17345469E+01
  -.13600000E+01  .17238499E+01
  -.13200000E+01  .17130999E+01
  -.12800000E+01  .17022959E+01
  -.12400000E+01  .16914375E+01
  -.12000000E+01  .16805238E+01
  -.11600000E+01  .16695542E+01
  -.11200000E+01  .16585273E+01
  -.10800000E+01  .16474435E+01
  -.10400000E+01  .16363013E+01
  -.10000000E+01  .16251001E+01
  -.96000000E+00  .16138390E+01
  -.92000000E+00  .16025171E+01
  -.88000000E+00  .15911340E+01
  -.84000000E+00  .15796881E+01
  -.80000000E+00  .15681788E+01
  -.76000000E+00  .15566053E+01
  -.72000000E+00  .15449665E+01
  -.68000000E+00  .15332616E+01
  -.64000000E+00  .15214895E+01
  -.60000000E+00  .15096494E+01
  -.56000000E+00  .14977401E+01
  -.52000000E+00  .14857607E+01
  -.48000000E+00  .14737100E+01
  -.44000000E+00  .14615870E+01
  -.40000000E+00  .14493906E+01
  -.36000000E+00  .14371196E+01
  -.32000000E+00  .14247728E+01
  -.28000000E+00  .14123492E+01
  -.24000000E+00  .13998474E+01
  -.20000000E+00  .13872662E+01
  -.16000000E+00  .13746043E+01
  -.12000000E+00  .13618605E+01
  -.80000000E-01  .13490333E+01
  -.40000000E-01  .13361214E+01
   .12351231E-14  .13231235E+01
   .40000000E-01  .13100380E+01
   .80000000E-01  .12968635E+01
   .12000000E+00  .12835984E+01
   .16000000E+00  .12702413E+01
   .20000000E+00  .12567904E+01
   .24000000E+00  .12432442E+01
   .28000000E+00  .12296011E+01
   .32000000E+00  .12158592E+01
   .36000000E+00  .12020168E+01
   .40000000E+00  .11880721E+01
   .44000000E+00  .11740232E+01
   .48000000E+00  .11598683E+01
   .52000000E+00  .11456052E+01
   .56000000E+00  .11312322E+01
   .60000000E+00  .11167469E+01
   .64000000E+00  .11021474E+01
   .68000000E+00  .10874314E+01
   .72000000E+00  .10725967E+01
   .76000000E+00  .10576409E+01
   .80000000E+00  .10425617E+01
   .84000000E+00  .10273566E+01
   .88000000E+00  .10120230E+01
   .92000000E+00  .99655845E+00
   .96000000E+00  .98096015E+00
   .10000000E+01  .96522539E+00
   .10400000E+01  .94935130E+00
   .10800000E+01  .93333496E+00
   .11200000E+01  .91717334E+00
   .11600000E+01  .90086334E+00
   .12000000E+01  .88440172E+00
   .12400000E+01  .86778518E+00
   .12800000E+01  .85101029E+00
   .13200000E+01  .83407353E+00
   .13600000E+01  .81697124E+00
   .14000000E+01  .79969965E+00
   .14400000E+01  .78225488E+00
   .14800000E+01  .76463290E+00
   .15200000E+01  .74682955E+00
   .15600000E+01  .72884054E+00
   .16000000E+01  .71066142E+00
   .16400000E+01  .69228758E+00
   .16800000E+01  .67371427E+00
   .17200000E+01  .65493655E+00
   .17600000E+01  .63594932E+00
   .18000000E+01  .61674729E+00
   .18400000E+01  .59732496E+00
   .18800000E+01  .57767666E+00
   .19200000E+01  .55779649E+00
   .19600000E+01  .53767833E+00
   .20000000E+01  .51731583E+00
KBPotential  L  =      4.00000    .00000
  -.20000000E+01  .22149412E+01
  -.19600000E+01  .22064319E+01
  -.19200000E+01  .21978951E+01
  -.18800000E+01  .21893306E+01
  -.18400000E+01  .21807382E+01
  -.18000000E+01  .21721176E+01
  -.17600000E+01  .21634685E+01
  -.17200000E+01  .21547907E+01
  -.16800000E+01  .21460839E+01
  -.16400000E+01  .21373479E+01
  -.16000000E+01  .21285824E+01
  -.15600000E+01  .21197871E+01
  -.15200000E+01  .21109618E+01
  -.14800000E+01  .21021062E+01
  -.14400000E+01  .20932200E+01
  -.14000000E+01  .20843029E+01
  -.13600000E+01  .20753547E+01
  -.13200000E+01  .20663751E+01
  -.12800000E+01  .20573637E+01
  -.12400000E+01  .20483202E+01
  -.12000000E+01  .20392444E+01
  -.11600000E+01  .20301360E+01
  -.11200000E+01  .20209946E+01
  -.10800000E+01  .20118199E+01
  -.10400000E+01  .20026116E+01
  -.10000000E+01  .19933694E+01
  -.96000000E+00  .19840928E+01
  -.92000000E+00  .19747817E+01
  -.88000000E+00  .19654357E+01
  -.84000000E+00  .19560544E+01
  -.80000000E+00  .19466375E+01
  -.76000000E+00  .19371846E+01
  -.72000000E+00  .19276953E+01
  -.68000000E+00  .19181693E+01
  -.64000000E+00  .19086062E+01
  -.60000000E+00  .18990056E+01
  -.56000000E+00  .18893671E+01
  -.52000000E+00  .18796904E+01
  -.48000000E+00  .18699751E+01
  -.44000000E+00  .18602206E+01
  -.40000000E+00  .18504267E+01
  -.36000000E+00  .18405930E+01
  -.32000000E+00  .18307189E+01
  -.28000000E+00  .18208041E+01
  -.24000000E+00  .18108480E+01
  -.20000000E+00  .18008503E+01
  -.16000000E+00  .17908107E+01
  -.12000000E+00  .17807283E+01
  -.80000000E-01  .17706031E+01
  -.40000000E-01  .17604343E+01
   .12351231E-14  .17502216E+01
   .40000000E-01  .17399644E+01
   .80000000E-01  .17296622E+01
   .12000000E+00  .17193146E+01
   .16000000E+00  .17089210E+01
   .20000000E+00  .16984809E+01
   .24000000E+00  .16879938E+01
   .28000000E+00  .16774590E+01
   .32000000E+00  .16668762E+01
   .36000000E+00  .16562446E+01
   .40000000E+00  .16455637E+01
   .44000000E+00  .16348330E+01
   .48000000E+00  .16240518E+01
   .52000000E+00  .16132195E+01
   .56000000E+00  .16023356E+01
   .60000000E+00  .15913994E+01
   .64000000E+00  .15804102E+01
   .68000000E+00  .15693674E+01
   .72000000E+00  .15582703E+01
   .76000000E+00  .15471184E+01
   .80000000E+00  .15359108E+01
   .84000000E+00  .15246469E+01
   .88000000E+00  .15133260E+01
   .92000000E+00  .15019473E+01
   .96000000E+00  .14905101E+01
   .10000000E+01  .14790136E+01
   .10400000E+01  .14674572E+01
   .10800000E+01  .14558399E+01
   .11200000E+01  .14441610E+01
   .11600000E+01  .14324198E+01
   .12000000E+01  .14206152E+01
   .12400000E+01  .14087466E+01
   .12800000E+01  .13968129E+01
   .13200000E+01  .13848135E+01
   .13600000E+01  .13727473E+01
   .14000000E+01  .13606134E+01
   .14400000E+01  .13484109E+01
   .14800000E+01  .13361389E+01
   .15200000E+01  .13237963E+01
   .15600000E+01  .13113822E+01
   .16000000E+01  .12988955E+01
   .16400000E+01  .12863353E+01
   .16800000E+01  .12737004E+01
   .17200000E+01  .12609898E+01
   .17600000E+01  .12482023E+01
   .18000000E+01  .12353369E+01
   .18400000E+01  .12223923E+01
   .18800000E+01  .12093675E+01
   .19200000E+01  .11962611E+01
   .19600000E+01  .11830720E+01
   .20000000E+01  .11697988E+01
