Mg: p6s2                                
  .588833115E-04  .598285690E-04  .607889946E-04  .617648318E-04  .627563276E-04
  .637637332E-04  .647873036E-04  .658272982E-04  .668839802E-04  .679576173E-04
  .690484813E-04  .701568485E-04  .712829995E-04  .724272195E-04  .735897983E-04
  .747710301E-04  .759712140E-04  .771906540E-04  .784296588E-04  .796885420E-04
  .809676223E-04  .822672236E-04  .835876748E-04  .849293103E-04  .862924696E-04
  .876774978E-04  .890847455E-04  .905145688E-04  .919673297E-04  .934433959E-04
  .949431410E-04  .964669444E-04  .980151920E-04  .995882754E-04  .101186593E-03
  .102810549E-03  .104460554E-03  .106137026E-03  .107840389E-03  .109571074E-03
  .111329520E-03  .113116170E-03  .114931477E-03  .116775900E-03  .118649907E-03
  .120553970E-03  .122488571E-03  .124454201E-03  .126451355E-03  .128480540E-03
  .130542269E-03  .132637062E-03  .134765450E-03  .136927972E-03  .139125173E-03
  .141357610E-03  .143625848E-03  .145930459E-03  .148272027E-03  .150651143E-03
  .153068409E-03  .155524437E-03  .158019847E-03  .160555271E-03  .163131348E-03
  .165748731E-03  .168408081E-03  .171110070E-03  .173855381E-03  .176644709E-03
  .179478757E-03  .182358243E-03  .185283894E-03  .188256450E-03  .191276661E-03
  .194345291E-03  .197463116E-03  .200630922E-03  .203849511E-03  .207119696E-03
  .210442302E-03  .213818170E-03  .217248152E-03  .220733114E-03  .224273937E-03
  .227871515E-03  .231526757E-03  .235240586E-03  .239013941E-03  .242847773E-03
  .246743051E-03  .250700758E-03  .254721895E-03  .258807476E-03  .262958533E-03
  .267176114E-03  .271461284E-03  .275815123E-03  .280238733E-03  .284733228E-03
  .289299744E-03  .293939433E-03  .298653466E-03  .303443033E-03  .308309342E-03
  .313253621E-03  .318277118E-03  .323381101E-03  .328566857E-03  .333835694E-03
  .339188942E-03  .344627951E-03  .350154093E-03  .355768762E-03  .361473374E-03
  .367269367E-03  .373158204E-03  .379141369E-03  .385220371E-03  .391396743E-03
  .397672042E-03  .404047850E-03  .410525775E-03  .417107449E-03  .423794532E-03
  .430588708E-03  .437491691E-03  .444505220E-03  .451631063E-03  .458871014E-03
  .466226899E-03  .473700570E-03  .481293911E-03  .489008835E-03  .496847284E-03
  .504811234E-03  .512902690E-03  .521123690E-03  .529476305E-03  .537962637E-03
  .546584824E-03  .555345037E-03  .564245480E-03  .573288396E-03  .582476059E-03
  .591810783E-03  .601294918E-03  .610930849E-03  .620721003E-03  .630667842E-03
  .640773870E-03  .651041628E-03  .661473701E-03  .672072712E-03  .682841328E-03
  .693782257E-03  .704898250E-03  .716192104E-03  .727666657E-03  .739324796E-03
  .751169451E-03  .763203600E-03  .775430268E-03  .787852528E-03  .800473502E-03
  .813296363E-03  .826324332E-03  .839560683E-03  .853008741E-03  .866671885E-03
  .880553547E-03  .894657214E-03  .908986429E-03  .923544788E-03  .938335949E-03
  .953363626E-03  .968631590E-03  .984143675E-03  .999903775E-03  .101591585E-02
  .103218390E-02  .104871203E-02  .106550438E-02  .108256516E-02  .109989865E-02
  .111750920E-02  .113540123E-02  .115357922E-02  .117204773E-02  .119081140E-02
  .120987492E-02  .122924308E-02  .124892072E-02  .126891280E-02  .128922430E-02
  .130986032E-02  .133082604E-02  .135212670E-02  .137376765E-02  .139575429E-02
  .141809214E-02  .144078680E-02  .146384393E-02  .148726932E-02  .151106883E-02
  .153524842E-02  .155981413E-02  .158477212E-02  .161012862E-02  .163588999E-02
  .166206266E-02  .168865319E-02  .171566822E-02  .174311450E-02  .177099891E-02
  .179932840E-02  .182811006E-02  .185735109E-02  .188705878E-02  .191724057E-02
  .194790399E-02  .197905670E-02  .201070649E-02  .204286124E-02  .207552901E-02
  .210871793E-02  .214243629E-02  .217669251E-02  .221149514E-02  .224685286E-02
  .228277448E-02  .231926898E-02  .235634545E-02  .239401314E-02  .243228143E-02
  .247115987E-02  .251065815E-02  .255078611E-02  .259155375E-02  .263297123E-02
  .267504886E-02  .271779712E-02  .276122665E-02  .280534827E-02  .285017297E-02
  .289571189E-02  .294197637E-02  .298897793E-02  .303672824E-02  .308523920E-02
  .313452286E-02  .318459147E-02  .323545749E-02  .328713355E-02  .333963250E-02
  .339296738E-02  .344715144E-02  .350219814E-02  .355812114E-02  .361493434E-02
  .367265183E-02  .373128793E-02  .379085721E-02  .385137443E-02  .391285462E-02
  .397531300E-02  .403876508E-02  .410322658E-02  .416871347E-02  .423524200E-02
  .430282862E-02  .437149010E-02  .444124343E-02  .451210589E-02  .458409501E-02
  .465722861E-02  .473152479E-02  .480700192E-02  .488367869E-02  .496157404E-02
  .504070723E-02  .512109784E-02  .520276571E-02  .528573103E-02  .537001429E-02
  .545563630E-02  .554261821E-02  .563098149E-02  .572074794E-02  .581193970E-02
  .590457928E-02  .599868951E-02  .609429360E-02  .619141512E-02  .629007800E-02
  .639030654E-02  .649212543E-02  .659555974E-02  .670063494E-02  .680737689E-02
  .691581184E-02  .702596648E-02  .713786790E-02  .725154359E-02  .736702152E-02
  .748433005E-02  .760349799E-02  .772455462E-02  .784752967E-02  .797245330E-02
  .809935619E-02  .822826945E-02  .835922471E-02  .849225408E-02  .862739015E-02
  .876466605E-02  .890411540E-02  .904577236E-02  .918967159E-02  .933584832E-02
  .948433832E-02  .963517790E-02  .978840396E-02  .994405393E-02  .101021659E-01
  .102627784E-01  .104259307E-01  .105916627E-01  .107600147E-01  .109310279E-01
  .111047440E-01  .112812053E-01  .114604549E-01  .116425363E-01  .118274940E-01
  .120153730E-01  .122062190E-01  .124000784E-01  .125969985E-01  .127970270E-01
  .130002126E-01  .132066047E-01  .134162534E-01  .136292096E-01  .138455250E-01
  .140652520E-01  .142884439E-01  .145151550E-01  .147454399E-01  .149793547E-01
  .152169559E-01  .154583010E-01  .157034484E-01  .159524574E-01  .162053882E-01
  .164623019E-01  .167232607E-01  .169883274E-01  .172575661E-01  .175310417E-01
  .178088201E-01  .180909685E-01  .183775546E-01  .186686476E-01  .189643174E-01
  .192646354E-01  .195696736E-01  .198795055E-01  .201942054E-01  .205138490E-01
  .208385131E-01  .211682754E-01  .215032152E-01  .218434127E-01  .221889494E-01
  .225399082E-01  .228963730E-01  .232584291E-01  .236261631E-01  .239996629E-01
  .243790178E-01  .247643183E-01  .251556565E-01  .255531256E-01  .259568205E-01
  .263668374E-01  .267832738E-01  .272062290E-01  .276358036E-01  .280720997E-01
  .285152211E-01  .289652730E-01  .294223622E-01  .298865972E-01  .303580881E-01
  .308369467E-01  .313232863E-01  .318172221E-01  .323188710E-01  .328283516E-01
  .333457843E-01  .338712913E-01  .344049966E-01  .349470261E-01  .354975077E-01
  .360565710E-01  .366243475E-01  .372009711E-01  .377865771E-01  .383813033E-01
  .389852893E-01  .395986769E-01  .402216100E-01  .408542344E-01  .414966985E-01
  .421491526E-01  .428117494E-01  .434846436E-01  .441679926E-01  .448619557E-01
  .455666949E-01  .462823744E-01  .470091610E-01  .477472238E-01  .484967345E-01
  .492578672E-01  .500307988E-01  .508157087E-01  .516127787E-01  .524221937E-01
  .532441411E-01  .540788109E-01  .549263962E-01  .557870928E-01  .566610993E-01
  .575486173E-01  .584498514E-01  .593650089E-01  .602943005E-01  .612379398E-01
  .621961435E-01  .631691315E-01  .641571270E-01  .651603561E-01  .661790487E-01
  .672134376E-01  .682637592E-01  .693302532E-01  .704131630E-01  .715127352E-01
  .726292202E-01  .737628720E-01  .749139481E-01  .760827099E-01  .772694225E-01
  .784743548E-01  .796977795E-01  .809399734E-01  .822012170E-01  .834817951E-01
  .847819963E-01  .861021137E-01  .874424442E-01  .888032891E-01  .901849540E-01
  .915877489E-01  .930119882E-01  .944579905E-01  .959260794E-01  .974165826E-01
  .989298328E-01  .100466167E+00  .102025928E+00  .103609462E+00  .105217120E+00
  .106849260E+00  .108506244E+00  .110188437E+00  .111896213E+00  .113629947E+00
  .115390023E+00  .117176828E+00  .118990756E+00  .120832205E+00  .122701579E+00
  .124599287E+00  .126525747E+00  .128481378E+00  .130466608E+00  .132481869E+00
  .134527602E+00  .136604250E+00  .138712264E+00  .140852103E+00  .143024229E+00
  .145229113E+00  .147467231E+00  .149739066E+00  .152045107E+00  .154385850E+00
  .156761798E+00  .159173461E+00  .161621355E+00  .164106004E+00  .166627938E+00
  .169187696E+00  .171785822E+00  .174422868E+00  .177099395E+00  .179815969E+00
  .182573165E+00  .185371566E+00  .188211761E+00  .191094350E+00  .194019938E+00
  .196989138E+00  .200002573E+00  .203060874E+00  .206164678E+00  .209314634E+00
  .212511395E+00  .215755627E+00  .219048003E+00  .222389202E+00  .225779917E+00
  .229220845E+00  .232712696E+00  .236256188E+00  .239852045E+00  .243501006E+00
  .247203815E+00  .250961227E+00  .254774007E+00  .258642929E+00  .262568778E+00
  .266552348E+00  .270594443E+00  .274695878E+00  .278857476E+00  .283080074E+00
  .287364517E+00  .291711660E+00  .296122370E+00  .300597525E+00  .305138013E+00
  .309744733E+00  .314418596E+00  .319160522E+00  .323971446E+00  .328852310E+00
  .333804071E+00  .338827696E+00  .343924164E+00  .349094465E+00  .354339603E+00
  .359660592E+00  .365058458E+00  .370534242E+00  .376088994E+00  .381723778E+00
  .387439670E+00  .393237760E+00  .399119149E+00  .405084952E+00  .411136297E+00
  .417274324E+00  .423500186E+00  .429815051E+00  .436220100E+00  .442716526E+00
  .449305536E+00  .455988352E+00  .462766209E+00  .469640354E+00  .476612052E+00
  .483682578E+00  .490853223E+00  .498125293E+00  .505500107E+00  .512978998E+00
  .520563315E+00  .528254421E+00  .536053693E+00  .543962524E+00  .551982321E+00
  .560114506E+00  .568360517E+00  .576721804E+00  .585199837E+00  .593796097E+00
  .602512083E+00  .611349307E+00  .620309299E+00  .629393603E+00  .638603779E+00
  .647941403E+00  .657408064E+00  .667005372E+00  .676734948E+00  .686598432E+00
  .696597477E+00  .706733754E+00  .717008951E+00  .727424769E+00  .737982927E+00
  .748685161E+00  .759533220E+00  .770528872E+00  .781673900E+00  .792970104E+00
  .804419299E+00  .816023316E+00  .827784005E+00  .839703229E+00  .851782868E+00
  .864024820E+00  .876430996E+00  .889003327E+00  .901743756E+00  .914654245E+00
  .927736771E+00  .940993328E+00  .954425924E+00  .968036584E+00  .981827350E+00
  .995800278E+00  .100995744E+01  .102430092E+01  .103883283E+01  .105355529E+01
  .106847042E+01  .108358038E+01  .109888734E+01  .111439346E+01  .113010096E+01
  .114601202E+01  .116212889E+01  .117845379E+01  .119498899E+01  .121173673E+01
  .122869932E+01  .124587903E+01  .126327818E+01  .128089908E+01  .129874408E+01
  .131681550E+01  .133511573E+01  .135364712E+01  .137241205E+01  .139141293E+01
  .141065215E+01  .143013214E+01  .144985533E+01  .146982414E+01  .149004104E+01
  .151050847E+01  .153122891E+01  .155220482E+01  .157343871E+01  .159493306E+01
  .161669036E+01  .163871314E+01  .166100390E+01  .168356517E+01  .170639947E+01
  .172950934E+01  .175289732E+01  .177656594E+01  .180051776E+01  .182475532E+01
  .184928119E+01  .187409790E+01  .189920802E+01  .192461410E+01  .195031871E+01
  .197632439E+01  .200263371E+01  .202924922E+01  .205617346E+01  .208340899E+01
  .211095836E+01  .213882409E+01  .216700873E+01  .219551479E+01  .222434481E+01
  .225350128E+01  .228298672E+01  .231280362E+01  .234295445E+01  .237344169E+01
  .240426780E+01  .243543521E+01  .246694635E+01  .249880365E+01  .253100948E+01
  .256356624E+01  .259647627E+01  .262974192E+01  .266336550E+01  .269734930E+01
  .273169560E+01  .276640664E+01  .280148464E+01  .283693179E+01  .287275025E+01
  .290894215E+01  .294550959E+01  .298245464E+01  .301977933E+01  .305748566E+01
  .309557558E+01  .313405102E+01  .317291386E+01  .321216593E+01  .325180902E+01
  .329184489E+01  .333227525E+01  .337310173E+01  .341432595E+01  .345594946E+01
  .349797376E+01  .354040028E+01  .358323042E+01  .362646551E+01  .367010680E+01
  .371415551E+01  .375861276E+01  .380347965E+01  .384875716E+01  .389444623E+01
  .394054772E+01  .398706243E+01  .403399106E+01  .408133424E+01  .412909252E+01
  .417726638E+01  .422585619E+01  .427486226E+01  .432428478E+01  .437412388E+01
  .442437957E+01  .447505179E+01  .452614035E+01  .457764499E+01  .462956533E+01
  .468190088E+01  .473465106E+01  .478781517E+01  .484139239E+01  .489538180E+01
  .494978235E+01  .500459288E+01  .505981210E+01  .511543860E+01  .517147085E+01
  .522790716E+01  .528474575E+01  .534198467E+01  .539962185E+01  .545765508E+01
  .551608201E+01  .557490013E+01  .563410679E+01  .569369920E+01  .575367441E+01
  .581402930E+01  .587476063E+01  .593586495E+01  .599733869E+01  .605917809E+01
  .612137923E+01  .618393803E+01  .624685021E+01  .631011134E+01  .637371680E+01
  .643766180E+01  .650194136E+01  .656655030E+01  .663148328E+01  .669673476E+01
  .676229899E+01  .682817006E+01  .689434183E+01  .696080799E+01  .702756199E+01
  .709459713E+01  .716190645E+01  .722948283E+01  .729731890E+01  .736540711E+01
  .743373968E+01  .750230861E+01  .757110571E+01  .764012254E+01  .770935047E+01
  .777878061E+01  .784840388E+01  .791821097E+01  .798819233E+01  .805833819E+01
  .812863856E+01  .819908321E+01  .826966168E+01  .834036329E+01  .841117711E+01
  .848209199E+01  .855309655E+01  .862417917E+01  .869532799E+01  .876653092E+01
  .883777565E+01  .890904962E+01  .898034003E+01  .905163386E+01  .912291785E+01
  .919417852E+01  .926540213E+01  .933657475E+01  .940768218E+01  .947871000E+01
  .954964359E+01  .962046807E+01  .969116835E+01  .976172913E+01  .983213485E+01
  .990236979E+01  .997241795E+01  .100422632E+02  .101118891E+02  .101812790E+02
  .102504162E+02  .103192837E+02  .103878642E+02  .104561404E+02  .105240947E+02
  .105917093E+02  .106589663E+02  .107258474E+02  .107923346E+02  .108584092E+02
  .109240526E+02  .109892462E+02  .110539709E+02  .111182077E+02  .111819373E+02
  .112451405E+02  .113077978E+02  .113698896E+02  .114313962E+02  .114922978E+02
  .115525747E+02  .116122067E+02  .116711739E+02  .117294561E+02  .117870332E+02
  .118438850E+02  .118999912E+02  .119553316E+02  .120098857E+02  .120636334E+02
  .121165542E+02  .121686280E+02  .122198343E+02  .122701529E+02  .123195637E+02
  .123680465E+02  .124155811E+02  .124621476E+02  .125077261E+02  .125522967E+02
  .125958399E+02  .126383359E+02  .126797655E+02  .127201093E+02  .127593482E+02
  .127974635E+02  .128344363E+02  .128702483E+02  .129048811E+02  .129383168E+02
  .129705376E+02  .130015260E+02  .130312650E+02  .130597375E+02  .130869272E+02
  .131128177E+02  .131373932E+02  .131606382E+02  .131825377E+02  .132030768E+02
  .132222415E+02  .132400177E+02  .132563922E+02  .132713520E+02  .132848846E+02
  .132969782E+02  .133076213E+02  .133168030E+02  .133245130E+02  .133307416E+02
  .133354795E+02  .133387182E+02  .133404497E+02  .133406667E+02  .133393625E+02
  .133365312E+02  .133321672E+02  .133262661E+02  .133188239E+02  .133098374E+02
  .132993041E+02  .132872224E+02  .132735913E+02  .132584106E+02  .132416810E+02
  .132234039E+02  .132035818E+02  .131822176E+02  .131593153E+02  .131348798E+02
  .131089168E+02  .130814329E+02  .130524356E+02  .130219331E+02  .129899350E+02
  .129564513E+02  .129214931E+02  .128850727E+02  .128472031E+02  .128078981E+02
  .127671727E+02  .127250430E+02  .126815256E+02  .126366384E+02  .125904003E+02
  .125428310E+02  .124939512E+02  .124437827E+02  .123923481E+02  .123396712E+02
  .122857766E+02  .122306898E+02  .121744374E+02  .121170470E+02  .120585470E+02
  .119989668E+02  .119383369E+02  .118766884E+02  .118140535E+02  .117504655E+02
  .116859581E+02  .116205665E+02  .115543262E+02  .114872739E+02  .114194471E+02
  .113508839E+02  .112816235E+02  .112117057E+02  .111411711E+02  .110700610E+02
  .109984175E+02  .109262833E+02  .108537020E+02  .107807175E+02  .107073745E+02
  .106337184E+02  .105597950E+02  .104856506E+02  .104113321E+02  .103368869E+02
  .102623628E+02  .101878080E+02  .101132710E+02  .100388007E+02  .996444643E+01
  .989025751E+01  .981628368E+01  .974257482E+01  .966918095E+01  .959615219E+01
  .952353874E+01  .945139083E+01  .937975867E+01  .930869239E+01  .923824204E+01
  .916845753E+01  .909938855E+01  .903108460E+01  .896359486E+01  .889696822E+01
  .883125317E+01  .876649781E+01  .870274976E+01  .864005616E+01  .857846358E+01
  .851801799E+01  .845876473E+01  .840074843E+01  .834401300E+01  .828860158E+01
  .823455645E+01  .818191905E+01  .813072988E+01  .808102851E+01  .803285347E+01
  .798624226E+01  .794123130E+01  .789785585E+01  .785615002E+01  .781614668E+01
  .777787745E+01  .774137267E+01  .770666131E+01  .767377101E+01  .764272794E+01
  .761355688E+01  .758628107E+01  .756092226E+01  .753750065E+01  .751603484E+01
  .749654180E+01  .747903686E+01  .746353369E+01  .745004420E+01  .743857861E+01
  .742914535E+01  .742175107E+01  .741640061E+01  .741309698E+01  .741184131E+01
  .741263288E+01  .741546908E+01  .742034537E+01  .742725531E+01  .743619053E+01
  .744714069E+01  .746009352E+01  .747503480E+01  .749194834E+01  .751081598E+01
  .753161762E+01  .755433119E+01  .757893268E+01  .760539613E+01  .763369367E+01
  .766379549E+01  .769566990E+01  .772928334E+01  .776460037E+01  .780158375E+01
  .784019441E+01  .788039153E+01  .792213254E+01  .796537316E+01  .801006746E+01
  .805616786E+01  .810362522E+01  .815238884E+01  .820240653E+01  .825362463E+01
  .830598811E+01  .835944058E+01  .841392432E+01  .846938042E+01  .852574871E+01
  .858296795E+01  .864097578E+01  .869970883E+01  .875910276E+01  .881909234E+01
  .887961150E+01  .894059339E+01  .900197042E+01  .906367439E+01  .912563649E+01
  .918778740E+01  .925005733E+01  .931237611E+01  .937467327E+01  .943687808E+01
  .949891961E+01  .956072684E+01  .962222871E+01  .968335419E+01  .974403233E+01
  .980419238E+01  .986376381E+01  .992267642E+01  .998086038E+01  .100382463E+02
  .100947654E+02  .101503494E+02  .102049307E+02  .102584425E+02  .103108187E+02
  .103619941E+02  .104119046E+02  .104604869E+02  .105076788E+02  .105534194E+02
  .105976487E+02  .106403083E+02  .106813408E+02  .107206905E+02  .107583028E+02
  .107941249E+02  .108281054E+02  .108601944E+02  .108903439E+02  .109185073E+02
  .109446400E+02  .109686992E+02  .109906436E+02  .110104341E+02  .110280335E+02
  .110434065E+02  .110565196E+02  .110673416E+02  .110758432E+02  .110819971E+02
  .110857785E+02  .110871641E+02  .110861333E+02  .110826674E+02  .110767498E+02
  .110683664E+02  .110575050E+02  .110441557E+02  .110283109E+02  .110099652E+02
  .109891154E+02  .109657604E+02  .109399014E+02  .109115419E+02  .108806876E+02
  .108473462E+02  .108115276E+02  .107732441E+02  .107325099E+02  .106893414E+02
  .106437571E+02  .105957775E+02  .105454252E+02  .104927248E+02  .104377029E+02
  .103803879E+02  .103208103E+02  .102590024E+02  .101949983E+02  .101288337E+02
  .100605465E+02  .999017588E+01  .991776281E+01  .984334985E+01  .976698113E+01
  .968870223E+01  .960856021E+01  .952660348E+01  .944288182E+01  .935744621E+01
  .927034894E+01  .918164336E+01  .909138398E+01  .899962629E+01  .890642681E+01
  .881184288E+01  .871593278E+01  .861875548E+01  .852037072E+01  .842083886E+01
  .832022086E+01  .821857817E+01  .811597274E+01  .801246683E+01  .790812309E+01
  .780300438E+01  .769717377E+01  .759069443E+01  .748362961E+01  .737604252E+01
  .726799634E+01  .715955405E+01  .705077852E+01  .694173225E+01  .683247752E+01
  .672307612E+01  .661358951E+01  .650407852E+01  .639460353E+01  .628522421E+01
  .617599964E+01  .606698806E+01  .595824706E+01  .584983325E+01  .574180248E+01
  .563420957E+01  .552710844E+01  .542055188E+01  .531459171E+01  .520927854E+01
  .510466190E+01  .500079006E+01  .489771010E+01  .479546779E+01  .469410763E+01
  .459367273E+01  .449420492E+01  .439574452E+01  .429833054E+01  .420200045E+01
  .410679032E+01  .401273467E+01  .391986659E+01  .382821755E+01  .373781759E+01
  .364869510E+01  .356087701E+01  .347438858E+01  .338925360E+01  .330549417E+01
  .322313087E+01  .314218280E+01  .306266712E+01  .298460008E+01  .290799558E+01
  .283286679E+01  .275922464E+01  .268707896E+01  .261643793E+01  .254730828E+01
  .247969526E+01  .241360267E+01  .234903288E+01  .228598687E+01  .222446422E+01
  .216446319E+01  .210598069E+01  .204901236E+01  .199355256E+01  .193959445E+01
  .188712997E+01  .183614992E+01  .178664395E+01  .173860065E+01  .169200755E+01
  .164685116E+01  .160311701E+01  .156078974E+01  .151985303E+01  .148028977E+01
  .144208198E+01  .140521097E+01  .136965726E+01  .133540073E+01  .130242058E+01
  .127069544E+01  .124020335E+01  .121092185E+01  .118282800E+01  .115589843E+01
  .113010938E+01  .110543674E+01  .108185608E+01  .105934273E+01  .103787177E+01
  .101741811E+01  .997956465E+00  .979461507E+00  .961907735E+00  .945269679E+00
  .929521757E+00  .914638469E+00  .900594245E+00  .887363635E+00  .874921149E+00
  .863241441E+00  .852299133E+00  .842069006E+00  .832525806E+00  .823644438E+00
  .815399766E+00  .807766809E+00  .800720538E+00  .794236085E+00  .788288534E+00
  .782853152E+00  .777905176E+00  .773420067E+00  .769373295E+00  .765740610E+00
  .762497832E+00  .759621131E+00  .757086815E+00  .754871618E+00  .752952482E+00
  .751306848E+00  .749912425E+00  .748747491E+00  .747790635E+00  .747021071E+00
  .746418361E+00  .745962727E+00  .745634767E+00  .745415765E+00  .745287395E+00
  .745232035E+00  .745232461E+00  .745272163E+00  .745335029E+00  .745405671E+00
  .745469095E+00  .745511035E+00  .745517614E+00  .745475684E+00  .745372482E+00
  .745195975E+00  .744934505E+00  .744577144E+00  .744113331E+00  .743533235E+00
  .742827383E+00  .741987025E+00  .741003765E+00  .739869925E+00  .738578168E+00
  .737121871E+00  .735494743E+00  .733691199E+00  .731705971E+00  .729534495E+00
  .727172507E+00  .724616438E+00  .721863005E+00  .718909608E+00  .715753921E+00
  .712394286E+00  .708829301E+00  .705058219E+00  .701080532E+00  .696896371E+00
  .692506086E+00  .687910649E+00  .683111232E+00  .678109608E+00  .672907729E+00
  .667508129E+00  .661913497E+00  .656127082E+00  .650152266E+00  .643992966E+00
  .637653208E+00  .631137528E+00  .624450544E+00  .617597362E+00  .610583140E+00
  .603413498E+00  .596094079E+00  .588630961E+00  .581030219E+00  .573298330E+00
  .565441740E+00  .557467266E+00  .549381669E+00  .541192047E+00  .532905408E+00
  .524529072E+00  .516070235E+00  .507536375E+00  .498934814E+00  .490273123E+00
  .481558690E+00  .472799119E+00  .464001799E+00  .455174304E+00  .446323966E+00
  .437458270E+00  .428584430E+00  .419709782E+00  .410841368E+00  .401986322E+00
  .393151456E+00  .384343652E+00  .375569471E+00  .366835417E+00  .358147803E+00
  .349512765E+00  .340936256E+00  .332424029E+00  .323981640E+00  .315614432E+00
  .307327533E+00  .299125850E+00  .291014064E+00  .282996625E+00  .275077750E+00
  .267261421E+00  .259551381E+00  .251951135E+00  .244463950E+00  .237092854E+00
  .229840638E+00  .222709859E+00  .215702839E+00  .208821671E+00  .202068222E+00
  .195444136E+00  .188950840E+00  .182589546E+00  .176361261E+00  .170266787E+00
  .164306732E+00  .158481512E+00  .152791361E+00  .147236335E+00  .141816320E+00
  .136531039E+00  .131380059E+00  .126362796E+00  .121478525E+00  .116726385E+00
  .112105387E+00  .107614421E+00  .103252262E+00  .990175784E-01  .949089365E-01
  .909248089E-01  .870635802E-01  .833235534E-01  .797029557E-01  .761999449E-01
  .728126151E-01  .695390018E-01  .663770879E-01  .633248084E-01  .603800559E-01
  .575406851E-01  .548045176E-01  .521693463E-01  .496329396E-01  .471930460E-01
  .448473975E-01  .425937134E-01  .404297046E-01  .383530764E-01  .363615320E-01
  .344527758E-01  .326245166E-01  .308744703E-01  .292003627E-01  .275999324E-01
  .260709331E-01  .246111363E-01  .232183336E-01  .218903389E-01  .206249905E-01
  .194201530E-01  .182737198E-01  .171836141E-01  .161477913E-01  .151642404E-01
  .142309852E-01  .133460862E-01  .125076419E-01  .117137894E-01  .109627064E-01
  .102526113E-01  .958176474E-02  .894847027E-02  .835107482E-02  .778796945E-02
  .725758979E-02  .675841644E-02  .628897522E-02  .584783735E-02  .543361954E-02
  .504498399E-02  .468063823E-02  .433933496E-02  .401987176E-02  .372109072E-02
  .344187798E-02  .318116322E-02  .293791907E-02  .271116043E-02  .249994378E-02
  .230336636E-02  .212056539E-02  .195071715E-02  .179303606E-02  .164677374E-02
  .151121803E-02  .138569191E-02  .126955254E-02  .116219012E-02  .106302684E-02
  .971515804E-03  .887139925E-03  .809410812E-03  .737867688E-03  .672076289E-03
  .611627779E-03  .556137675E-03  .505244782E-03  .458610149E-03  .415916038E-03
  .376864916E-03  .341178473E-03  .308596653E-03  .278876722E-03  .251792355E-03
  .227132757E-03  .204701803E-03  .184317220E-03  .165809783E-03  .149022559E-03
  .133810163E-03  .120038061E-03  .107581889E-03  .963268139E-04  .861669126E-04
  .770045917E-04  .687500280E-04  .613206407E-04  .546405906E-04  .486403059E-04
  .432560346E-04  .384294220E-04  .341071128E-04  .302403767E-04  .267847573E-04
  .236997423E-04  .209484548E-04  .184973649E-04  .163160202E-04  .143767947E-04
  .126546547E-04  .111269416E-04  .977317011E-05  .857484065E-05  .751526653E-05
  .657941355E-05  .575375217E-05  .502612112E-05  .438560185E-05  .382240316E-05
  .332775514E-05  .289381206E-05  .251356334E-05  .218075222E-05  .188980143E-05
  .163574549E-05  .141416895E-05  .122115035E-05  .105321121E-05  .907269859E-06
  .780599572E-06  .670790723E-06  .575716606E-06  .493502604E-06  .422498427E-06
  .361253140E-06  .308492734E-06  .263100011E-06  .224096574E-06  .190626708E-06
  .161942998E-06  .137393497E-06  .116410292E-06  .984993511E-07  .832314942E-07
  .702343947E-07  .591854946E-07  .498057421E-07  .418540619E-07  .351224816E-07
  .294318416E-07  .246280244E-07  .205786460E-07  .171701560E-07  .143053012E-07
  .119009093E-07  .988595569E-08  .819988028E-08  .679112327E-08  .561585431E-08
  .463687074E-08  .382264401E-08  .314649583E-08  .258588722E-08  .212180637E-08
  .173824204E-08  .142173161E-08  .116097361E-08  .946496192E-09  .770373940E-09
  .625986296E-09  .507811922E-09  .411253898E-09  .332491407E-09  .268354097E-09
  .216215855E-09  .173905129E-09  .139629372E-09  .111911485E-09  .895364580E-10
  .715066406E-10  .570043297E-10  .453605228E-10  .360288737E-10  .285640232E-10
  .226036048E-10  .178533288E-10  .140746411E-10  .110745364E-10  .869715420E-11
  .681687866E-11  .533265983E-11  .416337296E-11  .324401618E-11  .252260963E-11
  .195766986E-11  .151615708E-11  .117180997E-11  .903797807E-12  .695631556E-12
  .534286130E-12  .409494276E-12  .313179769E-12  .239003382E-12  .181999995E-12
  .138289155E-12  .104844743E-12  .793120724E-13  .598629742E-13  .450812367E-13
  .338722477E-13  .253918845E-13  .189906823E-13  .141700980E-13  .105483287E-13
  .783366096E-14  .580373984E-14  .428948167E-14  .316261999E-14  .232608754E-14
  .170660656E-14  .124899434E-14  .911797848E-15  .663955453E-15  .482250619E-15
  .349374523E-15  .252455769E-15  .181947447E-15  .130786866E-15  .937628110E-16
  .670403356E-16  .478047983E-16  .339959477E-16  .241098046E-16  .170514594E-16
  .120259978E-16  .845790265E-17  .593166281E-17  .414813212E-17  .289255161E-17
  .201118511E-17  .139429691E-17  .963785949E-18  .664228893E-18  .456411348E-18
  .312669972E-18  .213548474E-18  .145404126E-18  .986997980E-19  .667889024E-19
  .450536523E-19  .302957990E-19  .203072213E-19  .135682287E-19  .903626932E-20
  .599842503E-20  .396877040E-20  .261718188E-20  .172012281E-20  .112673285E-20
  .735540613E-21  .478525075E-21  .310243819E-21  .200442554E-21  .129048490E-21
  .827903853E-22  .529247136E-22  .337113646E-22  .213954201E-22  .135294249E-22
  .852391578E-23  .535041444E-23  .334588657E-23  .208447876E-23  .129369845E-23
  .799842921E-24  .492605276E-24  .302205697E-24  .184672358E-24  .112404350E-24
  .681447680E-25  .411468118E-25  .247445818E-25  .148200672E-25  .883958980E-26
  .525063196E-26  .310580439E-26  .182938490E-26  .107297560E-26  .626633403E-27
  .364385629E-27  .210968629E-27  .121609719E-27  .697906343E-28  .398739301E-28
  .226792365E-28  .128410232E-28  .723747127E-29  .406045003E-29  .226749079E-29
  .126033142E-29  .697229174E-30  .383885281E-30  .210351650E-30  .114707611E-30
  .622477365E-31  .336142124E-31  .180623087E-31  .965733470E-32  .513756858E-32
  .271929792E-32  .143198050E-32  .750206416E-33  .390993796E-33  .202715193E-33
  .104547066E-33  .536325135E-34  .273663379E-34  .138886103E-34  .701028485E-35
  .351907354E-35  .175678137E-35  .872136636E-36  .430535896E-36  .211335601E-36
  .103146547E-36  .500536313E-37  .241487865E-37  .115828030E-37  .552293986E-38
  .261784984E-38  .123343495E-38  .577649011E-39  .268885315E-39  .124395376E-39
  .571944858E-40  .261333664E-40  .118660497E-40  .535383199E-41  .240020911E-41
  .106914598E-41  .473157980E-42  .208033866E-42  .908652689E-43  .394252923E-43
  .169919022E-43  .727404388E-44  .309281011E-44  .130602178E-44  .547701127E-45
  .228091411E-45  .943239911E-46  .387310267E-46  .157904656E-46  .639153597E-47
  .256841393E-47  .102458782E-47  .405725654E-48  .159473816E-48  .622148813E-49
  .240891389E-49  .925644711E-50  .352969490E-50  .133559058E-50  .501448349E-51
  .186796563E-51  .690357892E-52  .253113412E-52  .920585281E-53  .332118547E-53
  .118843322E-53  .421777051E-54  .148453658E-54  .518180374E-55  .179382903E-55
  .615949016E-56  .209921453E-56  .712749912E-57  .242100805E-57  .845718349E-58
  .318812304E-58  .150468542E-58  .113526992E-58  .000000000E+00  .000000000E+00
  .000000000E+00  .000000000E+00  .000000000E+00  .000000000E+00  .000000000E+00
  .000000000E+00  .000000000E+00  .000000000E+00  .000000000E+00  .000000000E+00
  .000000000E+00  .000000000E+00  .000000000E+00  .000000000E+00  .000000000E+00
  .000000000E+00  .000000000E+00  .000000000E+00  .000000000E+00  .000000000E+00
  .000000000E+00  .000000000E+00  .000000000E+00  .000000000E+00  .000000000E+00
  .000000000E+00  .000000000E+00  .000000000E+00  .000000000E+00  .000000000E+00
  .000000000E+00  .000000000E+00  .000000000E+00  .000000000E+00  .000000000E+00
  .000000000E+00  .000000000E+00  .000000000E+00  .000000000E+00  .000000000E+00
  .000000000E+00  .000000000E+00  .000000000E+00  .000000000E+00  .000000000E+00
  .000000000E+00  .000000000E+00  .000000000E+00  .000000000E+00  .000000000E+00
  .000000000E+00  .000000000E+00  .000000000E+00  .000000000E+00  .000000000E+00
  .000000000E+00  .000000000E+00  .000000000E+00  .000000000E+00  .000000000E+00
  .000000000E+00  .000000000E+00  .000000000E+00  .000000000E+00  .000000000E+00
  .000000000E+00  .000000000E+00  .000000000E+00  .000000000E+00  .000000000E+00
  .000000000E+00  .000000000E+00  .000000000E+00  .000000000E+00  .000000000E+00
  .000000000E+00  .000000000E+00  .000000000E+00  .000000000E+00  .000000000E+00
  .000000000E+00  .000000000E+00  .000000000E+00  .000000000E+00  .000000000E+00
  .000000000E+00  .000000000E+00  .000000000E+00  .000000000E+00  .000000000E+00
  .000000000E+00  .000000000E+00  .000000000E+00  .000000000E+00  .000000000E+00
  .000000000E+00  .000000000E+00  .000000000E+00  .000000000E+00  .000000000E+00
  .000000000E+00  .000000000E+00  .000000000E+00  .000000000E+00  .000000000E+00
  .000000000E+00  .000000000E+00  .000000000E+00  .000000000E+00  .000000000E+00
  .000000000E+00  .000000000E+00  .000000000E+00  .000000000E+00  .000000000E+00
  .000000000E+00  .000000000E+00  .000000000E+00  .000000000E+00  .000000000E+00
  .000000000E+00  .000000000E+00  .000000000E+00  .000000000E+00  .000000000E+00
  .000000000E+00  .000000000E+00  .000000000E+00  .000000000E+00  .000000000E+00
  .000000000E+00  .000000000E+00  .000000000E+00  .000000000E+00  .000000000E+00
  .000000000E+00  .000000000E+00  .000000000E+00  .000000000E+00  .000000000E+00
  .000000000E+00  .000000000E+00  .000000000E+00  .000000000E+00  .000000000E+00
  .000000000E+00  .000000000E+00  .000000000E+00  .000000000E+00  .000000000E+00
  .000000000E+00  .000000000E+00  .000000000E+00  .000000000E+00  .000000000E+00
  .000000000E+00  .000000000E+00  .000000000E+00  .000000000E+00  .000000000E+00
  .000000000E+00  .000000000E+00  .000000000E+00  .000000000E+00  .000000000E+00
  .000000000E+00  .000000000E+00  .000000000E+00  .000000000E+00  .000000000E+00
  .000000000E+00  .000000000E+00  .000000000E+00  .000000000E+00  .000000000E+00
  .000000000E+00  .000000000E+00  .000000000E+00  .000000000E+00  .000000000E+00
  .000000000E+00  .000000000E+00  .000000000E+00  .000000000E+00  .000000000E+00
  .000000000E+00  .000000000E+00  .000000000E+00  .000000000E+00  .000000000E+00
