  PAW_GGA Gd 03Jan2002                   
 100
Core Pot   L  =         .00000  -3.65475
  -.30000000E+01  .18203652E+01
  -.29500000E+01  .17760050E+01
  -.29000000E+01  .17355971E+01
  -.28500000E+01  .16983093E+01
  -.28000000E+01  .16635190E+01
  -.27500000E+01  .16307509E+01
  -.27000000E+01  .15996353E+01
  -.26500000E+01  .15698806E+01
  -.26000000E+01  .15412530E+01
  -.25500000E+01  .15135628E+01
  -.25000000E+01  .14866542E+01
  -.24500000E+01  .14603980E+01
  -.24000000E+01  .14346857E+01
  -.23500000E+01  .14094255E+01
  -.23000000E+01  .13845391E+01
  -.22500000E+01  .13599588E+01
  -.22000000E+01  .13356259E+01
  -.21500000E+01  .13114889E+01
  -.21000000E+01  .12875023E+01
  -.20500000E+01  .12636257E+01
  -.20000000E+01  .12398227E+01
  -.19500000E+01  .12160606E+01
  -.19000000E+01  .11923094E+01
  -.18500000E+01  .11685416E+01
  -.18000000E+01  .11447320E+01
  -.17500000E+01  .11208568E+01
  -.17000000E+01  .10968939E+01
  -.16500000E+01  .10728222E+01
  -.16000000E+01  .10486218E+01
  -.15500000E+01  .10242734E+01
  -.15000000E+01  .99975853E+00
  -.14500000E+01  .97505920E+00
  -.14000000E+01  .95015777E+00
  -.13500000E+01  .92503688E+00
  -.13000000E+01  .89967935E+00
  -.12500000E+01  .87406807E+00
  -.12000000E+01  .84818590E+00
  -.11500000E+01  .82201562E+00
  -.11000000E+01  .79553981E+00
  -.10500000E+01  .76874079E+00
  -.10000000E+01  .74160054E+00
  -.95000000E+00  .71410063E+00
  -.90000000E+00  .68622215E+00
  -.85000000E+00  .65794561E+00
  -.80000000E+00  .62925089E+00
  -.75000000E+00  .60011712E+00
  -.70000000E+00  .57052266E+00
  -.65000000E+00  .54044496E+00
  -.60000000E+00  .50986049E+00
  -.55000000E+00  .47874463E+00
  -.50000000E+00  .44707160E+00
  -.45000000E+00  .41481431E+00
  -.40000000E+00  .38194427E+00
  -.35000000E+00  .34843147E+00
  -.30000000E+00  .31424420E+00
  -.25000000E+00  .27934897E+00
  -.20000000E+00  .24371026E+00
  -.15000000E+00  .20729044E+00
  -.10000000E+00  .17004950E+00
  -.50000000E-01  .13194490E+00
  -.22898350E-14  .92931283E-01
   .50000000E-01  .52960248E-01
   .10000000E+00  .11980069E-01
   .15000000E+00 -.30064631E-01
   .20000000E+00 -.73233216E-01
   .25000000E+00 -.11758944E+00
   .30000000E+00 -.16320185E+00
   .35000000E+00 -.21014431E+00
   .40000000E+00 -.25849650E+00
   .45000000E+00 -.30834454E+00
   .50000000E+00 -.35978169E+00
   .55000000E+00 -.41290908E+00
   .60000000E+00 -.46783661E+00
   .65000000E+00 -.52468393E+00
   .70000000E+00 -.58358158E+00
   .75000000E+00 -.64467223E+00
   .80000000E+00 -.70811218E+00
   .85000000E+00 -.77407305E+00
   .90000000E+00 -.84274369E+00
   .95000000E+00 -.91433244E+00
   .10000000E+01 -.98906972E+00
   .10500000E+01 -.10672111E+01
   .11000000E+01 -.11490406E+01
   .11500000E+01 -.12348754E+01
   .12000000E+01 -.13250701E+01
   .12500000E+01 -.14200227E+01
   .13000000E+01 -.15201819E+01
   .13500000E+01 -.16260546E+01
   .14000000E+01 -.17382167E+01
   .14500000E+01 -.18573243E+01
   .15000000E+01 -.19841290E+01
   .15500000E+01 -.21194953E+01
   .16000000E+01 -.22644232E+01
   .16500000E+01 -.24200754E+01
   .17000000E+01 -.25878123E+01
   .17500000E+01 -.27692356E+01
   .18000000E+01 -.29662444E+01
   .18500000E+01 -.31811075E+01
   .19000000E+01 -.34165583E+01
   .19500000E+01 -.36759203E+01
   .20000000E+01 -.39632748E+01
Potential  L  =         .00000  -3.65475
  -.30000000E+01  .16540352E+01
  -.29500000E+01  .16153647E+01
  -.29000000E+01  .15793801E+01
  -.28500000E+01  .15454957E+01
  -.28000000E+01  .15132692E+01
  -.27500000E+01  .14823595E+01
  -.27000000E+01  .14524987E+01
  -.26500000E+01  .14234723E+01
  -.26000000E+01  .13951067E+01
  -.25500000E+01  .13672585E+01
  -.25000000E+01  .13398080E+01
  -.24500000E+01  .13126535E+01
  -.24000000E+01  .12857080E+01
  -.23500000E+01  .12588956E+01
  -.23000000E+01  .12321492E+01
  -.22500000E+01  .12054090E+01
  -.22000000E+01  .11786206E+01
  -.21500000E+01  .11517343E+01
  -.21000000E+01  .11247036E+01
  -.20500000E+01  .10974849E+01
  -.20000000E+01  .10700363E+01
  -.19500000E+01  .10423175E+01
  -.19000000E+01  .10142890E+01
  -.18500000E+01  .98591172E+00
  -.18000000E+01  .95714670E+00
  -.17500000E+01  .92795450E+00
  -.17000000E+01  .89829497E+00
  -.16500000E+01  .86812687E+00
  -.16000000E+01  .83740752E+00
  -.15500000E+01  .80609243E+00
  -.15000000E+01  .77413492E+00
  -.14500000E+01  .74148573E+00
  -.14000000E+01  .70809263E+00
  -.13500000E+01  .67389990E+00
  -.13000000E+01  .63884789E+00
  -.12500000E+01  .60287245E+00
  -.12000000E+01  .56590428E+00
  -.11500000E+01  .52786828E+00
  -.11000000E+01  .48868274E+00
  -.10500000E+01  .44825847E+00
  -.10000000E+01  .40649771E+00
  -.95000000E+00  .36329302E+00
  -.90000000E+00  .31852590E+00
  -.85000000E+00  .27206513E+00
  -.80000000E+00  .22376498E+00
  -.75000000E+00  .17346302E+00
  -.70000000E+00  .12097747E+00
  -.65000000E+00  .66104198E-01
  -.60000000E+00  .86130342E-02
  -.55000000E+00 -.51756638E-01
  -.50000000E+00 -.11530121E+00
  -.45000000E+00 -.18235926E+00
  -.40000000E+00 -.25331951E+00
  -.35000000E+00 -.32863053E+00
  -.30000000E+00 -.40881289E+00
  -.25000000E+00 -.49447426E+00
  -.20000000E+00 -.58632862E+00
  -.15000000E+00 -.68522063E+00
  -.10000000E+00 -.79215717E+00
  -.50000000E-01 -.90834838E+00
  -.22898350E-14 -.10352618E+01
   .50000000E-01 -.11746949E+01
   .10000000E+00 -.13288733E+01
   .15000000E+00 -.15005871E+01
   .20000000E+00 -.16933815E+01
   .25000000E+00 -.19118313E+01
   .30000000E+00 -.21619448E+01
   .35000000E+00 -.24517726E+01
   .40000000E+00 -.27923567E+01
   .45000000E+00 -.31992631E+01
   .50000000E+00 -.36951635E+01
   .55000000E+00 -.43144133E+01
   .60000000E+00 -.51116918E+01
   .65000000E+00 -.61796428E+01
   .70000000E+00 -.76887448E+01
   .75000000E+00 -.99907921E+01
   .80000000E+00 -.13947263E+02
   .85000000E+00 -.22376581E+02
   .90000000E+00 -.52914264E+02
   .95000000E+00  .17178163E+03
   .10000000E+01  .33783507E+02
   .10500000E+01  .19027784E+02
   .11000000E+01  .13370811E+02
   .11500000E+01  .10373369E+02
   .12000000E+01  .85124729E+01
   .12500000E+01  .72415424E+01
   .13000000E+01  .63160076E+01
   .13500000E+01  .56100328E+01
   .14000000E+01  .50522585E+01
   .14500000E+01  .45992010E+01
   .15000000E+01  .42228502E+01
   .15500000E+01  .39043489E+01
   .16000000E+01  .36305350E+01
   .16500000E+01  .33919426E+01
   .17000000E+01  .31815887E+01
   .17500000E+01  .29942086E+01
   .18000000E+01  .28257578E+01
   .18500000E+01  .26730770E+01
   .19000000E+01  .25336626E+01
   .19500000E+01  .24055038E+01
   .20000000E+01  .22869674E+01
Core Pot   L  =        1.00000  -2.00309
  -.30000000E+01  .12338318E+01
  -.29500000E+01  .12018650E+01
  -.29000000E+01  .11681555E+01
  -.28500000E+01  .11324632E+01
  -.28000000E+01  .10945002E+01
  -.27500000E+01  .10539175E+01
  -.27000000E+01  .10102875E+01
  -.26500000E+01  .96308140E+00
  -.26000000E+01  .91163645E+00
  -.25500000E+01  .85511092E+00
  -.25000000E+01  .79241902E+00
  -.24500000E+01  .72213537E+00
  -.24000000E+01  .64235074E+00
  -.23500000E+01  .55044742E+00
  -.23000000E+01  .44273658E+00
  -.22500000E+01  .31384754E+00
  -.22000000E+01  .15564525E+00
  -.21500000E+01 -.44811792E-01
  -.21000000E+01 -.30943780E+00
  -.20500000E+01 -.67852843E+00
  -.20000000E+01 -.12351506E+01
  -.19500000E+01 -.21823960E+01
  -.19000000E+01 -.41827691E+01
  -.18500000E+01 -.11348202E+02
  -.18000000E+01  .43179873E+02
  -.17500000E+01  .91434365E+01
  -.17000000E+01  .55937179E+01
  -.16500000E+01  .42301088E+01
  -.16000000E+01  .35027082E+01
  -.15500000E+01  .30466076E+01
  -.15000000E+01  .27311215E+01
  -.14500000E+01  .24978463E+01
  -.14000000E+01  .23167565E+01
  -.13500000E+01  .21708341E+01
  -.13000000E+01  .20497127E+01
  -.12500000E+01  .19467159E+01
  -.12000000E+01  .18573493E+01
  -.11500000E+01  .17784754E+01
  -.11000000E+01  .17078374E+01
  -.10500000E+01  .16437695E+01
  -.10000000E+01  .15850152E+01
  -.95000000E+00  .15306081E+01
  -.90000000E+00  .14797927E+01
  -.85000000E+00  .14319692E+01
  -.80000000E+00  .13866550E+01
  -.75000000E+00  .13434572E+01
  -.70000000E+00  .13020522E+01
  -.65000000E+00  .12621708E+01
  -.60000000E+00  .12235869E+01
  -.55000000E+00  .11861089E+01
  -.50000000E+00  .11495729E+01
  -.45000000E+00  .11138379E+01
  -.40000000E+00  .10787814E+01
  -.35000000E+00  .10442961E+01
  -.30000000E+00  .10102877E+01
  -.25000000E+00  .97667218E+00
  -.20000000E+00  .94337466E+00
  -.15000000E+00  .91032764E+00
  -.10000000E+00  .87746990E+00
  -.50000000E-01  .84474555E+00
  -.22898350E-14  .81210320E+00
   .50000000E-01  .77949522E+00
   .10000000E+00  .74687722E+00
   .15000000E+00  .71420745E+00
   .20000000E+00  .68144644E+00
   .25000000E+00  .64855657E+00
   .30000000E+00  .61550174E+00
   .35000000E+00  .58224707E+00
   .40000000E+00  .54875862E+00
   .45000000E+00  .51500318E+00
   .50000000E+00  .48094802E+00
   .55000000E+00  .44656068E+00
   .60000000E+00  .41180880E+00
   .65000000E+00  .37665992E+00
   .70000000E+00  .34108131E+00
   .75000000E+00  .30503982E+00
   .80000000E+00  .26850169E+00
   .85000000E+00  .23143238E+00
   .90000000E+00  .19379643E+00
   .95000000E+00  .15555729E+00
   .10000000E+01  .11667711E+00
   .10500000E+01  .77116606E-01
   .11000000E+01  .36834855E-01
   .11500000E+01 -.42109145E-02
   .12000000E+01 -.46065516E-01
   .12500000E+01 -.88776038E-01
   .13000000E+01 -.13239208E+00
   .13500000E+01 -.17696602E+00
   .14000000E+01 -.22255330E+00
   .14500000E+01 -.26921271E+00
   .15000000E+01 -.31700675E+00
   .15500000E+01 -.36600201E+00
   .16000000E+01 -.41626956E+00
   .16500000E+01 -.46788539E+00
   .17000000E+01 -.52093096E+00
   .17500000E+01 -.57549370E+00
   .18000000E+01 -.63166768E+00
   .18500000E+01 -.68955429E+00
   .19000000E+01 -.74926303E+00
   .19500000E+01 -.81091238E+00
   .20000000E+01 -.87463078E+00
Potential  L  =        1.00000  -2.00309
  -.30000000E+01  .12152351E+01
  -.29500000E+01  .11825683E+01
  -.29000000E+01  .11481200E+01
  -.28500000E+01  .11116478E+01
  -.28000000E+01  .10728608E+01
  -.27500000E+01  .10314073E+01
  -.27000000E+01  .98685752E+00
  -.26500000E+01  .93868069E+00
  -.26000000E+01  .88621342E+00
  -.25500000E+01  .82861541E+00
  -.25000000E+01  .76480599E+00
  -.24500000E+01  .69337138E+00
  -.24000000E+01  .61242514E+00
  -.23500000E+01  .51939334E+00
  -.23000000E+01  .41066754E+00
  -.22500000E+01  .28102817E+00
  -.22000000E+01  .12263106E+00
  -.21500000E+01 -.76880131E-01
  -.21000000E+01 -.33816647E+00
  -.20500000E+01 -.69857824E+00
  -.20000000E+01 -.12332782E+01
  -.19500000E+01 -.21193104E+01
  -.19000000E+01 -.38967196E+01
  -.18500000E+01 -.93773533E+01
  -.18000000E+01  .20750799E+03
  -.17500000E+01  .10907112E+02
  -.17000000E+01  .61753008E+01
  -.16500000E+01  .45355271E+01
  -.16000000E+01  .36967735E+01
  -.15500000E+01  .31829949E+01
  -.15000000E+01  .28329283E+01
  -.14500000E+01  .25768145E+01
  -.14000000E+01  .23795628E+01
  -.13500000E+01  .22215852E+01
  -.13000000E+01  .20910920E+01
  -.12500000E+01  .19805584E+01
  -.12000000E+01  .18849555E+01
  -.11500000E+01  .18007941E+01
  -.11000000E+01  .17255761E+01
  -.10500000E+01  .16574655E+01
  -.10000000E+01  .15950821E+01
  -.95000000E+00  .15373672E+01
  -.90000000E+00  .14834952E+01
  -.85000000E+00  .14328116E+01
  -.80000000E+00  .13847906E+01
  -.75000000E+00  .13390044E+01
  -.70000000E+00  .12951009E+01
  -.65000000E+00  .12527869E+01
  -.60000000E+00  .12118161E+01
  -.55000000E+00  .11719793E+01
  -.50000000E+00  .11330973E+01
  -.45000000E+00  .10950155E+01
  -.40000000E+00  .10575987E+01
  -.35000000E+00  .10207284E+01
  -.30000000E+00  .98429932E+00
  -.25000000E+00  .94821734E+00
  -.20000000E+00  .91239763E+00
  -.15000000E+00  .87676301E+00
  -.10000000E+00  .84124265E+00
  -.50000000E-01  .80577105E+00
  -.22898350E-14  .77028704E+00
   .50000000E-01  .73473301E+00
   .10000000E+00  .69905427E+00
   .15000000E+00  .66319837E+00
   .20000000E+00  .62711465E+00
   .25000000E+00  .59075373E+00
   .30000000E+00  .55406707E+00
   .35000000E+00  .51700659E+00
   .40000000E+00  .47952443E+00
   .45000000E+00  .44157211E+00
   .50000000E+00  .40310093E+00
   .55000000E+00  .36406107E+00
   .60000000E+00  .32440149E+00
   .65000000E+00  .28406957E+00
   .70000000E+00  .24301067E+00
   .75000000E+00  .20116795E+00
   .80000000E+00  .15848180E+00
   .85000000E+00  .11488936E+00
   .90000000E+00  .70324855E-01
   .95000000E+00  .24717947E-01
   .10000000E+01 -.22006001E-01
   .10500000E+01 -.69926721E-01
   .11000000E+01 -.11912958E+00
   .11500000E+01 -.16970631E+00
   .12000000E+01 -.22175587E+00
   .12500000E+01 -.27538509E+00
   .13000000E+01 -.33070999E+00
   .13500000E+01 -.38785663E+00
   .14000000E+01 -.44696246E+00
   .14500000E+01 -.50817785E+00
   .15000000E+01 -.57166767E+00
   .15500000E+01 -.63761333E+00
   .16000000E+01 -.70621489E+00
   .16500000E+01 -.77769378E+00
   .17000000E+01 -.85229575E+00
   .17500000E+01 -.93029453E+00
   .18000000E+01 -.10119959E+01
   .18500000E+01 -.10977429E+01
   .19000000E+01 -.11879214E+01
   .19500000E+01 -.12829675E+01
   .20000000E+01 -.13833758E+01
Core Pot   L  =        2.00000   -.18622
  -.30000000E+01  .16095983E+01
  -.29500000E+01  .15932827E+01
  -.29000000E+01  .15767819E+01
  -.28500000E+01  .15600895E+01
  -.28000000E+01  .15431991E+01
  -.27500000E+01  .15261035E+01
  -.27000000E+01  .15087956E+01
  -.26500000E+01  .14912675E+01
  -.26000000E+01  .14735112E+01
  -.25500000E+01  .14555179E+01
  -.25000000E+01  .14372784E+01
  -.24500000E+01  .14187831E+01
  -.24000000E+01  .14000217E+01
  -.23500000E+01  .13809831E+01
  -.23000000E+01  .13616558E+01
  -.22500000E+01  .13420272E+01
  -.22000000E+01  .13220842E+01
  -.21500000E+01  .13018126E+01
  -.21000000E+01  .12811972E+01
  -.20500000E+01  .12602221E+01
  -.20000000E+01  .12388697E+01
  -.19500000E+01  .12171215E+01
  -.19000000E+01  .11949575E+01
  -.18500000E+01  .11723561E+01
  -.18000000E+01  .11492943E+01
  -.17500000E+01  .11257469E+01
  -.17000000E+01  .11016868E+01
  -.16500000E+01  .10770846E+01
  -.16000000E+01  .10519086E+01
  -.15500000E+01  .10261239E+01
  -.15000000E+01  .99969294E+00
  -.14500000E+01  .97257436E+00
  -.14000000E+01  .94472304E+00
  -.13500000E+01  .91608949E+00
  -.13000000E+01  .88661928E+00
  -.12500000E+01  .85625244E+00
  -.12000000E+01  .82492269E+00
  -.11500000E+01  .79255662E+00
  -.11000000E+01  .75907266E+00
  -.10500000E+01  .72437989E+00
  -.10000000E+01  .68837668E+00
  -.95000000E+00  .65094904E+00
  -.90000000E+00  .61196861E+00
  -.85000000E+00  .57129038E+00
  -.80000000E+00  .52874985E+00
  -.75000000E+00  .48415957E+00
  -.70000000E+00  .43730501E+00
  -.65000000E+00  .38793948E+00
  -.60000000E+00  .33577773E+00
  -.55000000E+00  .28048821E+00
  -.50000000E+00  .22168310E+00
  -.45000000E+00  .15890587E+00
  -.40000000E+00  .91615293E-01
  -.35000000E+00  .19164729E-01
  -.30000000E+00 -.59224868E-01
  -.25000000E+00 -.14450080E+00
  -.20000000E+00 -.23782672E+00
  -.15000000E+00 -.34064830E+00
  -.10000000E+00 -.45478427E+00
  -.50000000E-01 -.58255529E+00
  -.22898350E-14 -.72697007E+00
   .50000000E-01 -.89200111E+00
   .10000000E+00 -.10830045E+01
   .15000000E+00 -.13073800E+01
   .20000000E+00 -.15756495E+01
   .25000000E+00 -.19032977E+01
   .30000000E+00 -.23140911E+01
   .35000000E+00 -.28464694E+01
   .40000000E+00 -.35669391E+01
   .45000000E+00 -.46014122E+01
   .50000000E+00 -.62206086E+01
   .55000000E+00 -.91322506E+01
   .60000000E+00 -.15959473E+02
   .65000000E+00 -.51278817E+02
   .70000000E+00  .48639377E+02
   .75000000E+00  .17238902E+02
   .80000000E+00  .10723924E+02
   .85000000E+00  .78974263E+01
   .90000000E+00  .63122865E+01
   .95000000E+00  .52939964E+01
   .10000000E+01  .45817233E+01
   .10500000E+01  .40533347E+01
   .11000000E+01  .36440212E+01
   .11500000E+01  .33161962E+01
   .12000000E+01  .30465596E+01
   .12500000E+01  .28198983E+01
   .13000000E+01  .26258567E+01
   .13500000E+01  .24571409E+01
   .14000000E+01  .23084641E+01
   .14500000E+01  .21759003E+01
   .15000000E+01  .20564720E+01
   .15500000E+01  .19478799E+01
   .16000000E+01  .18483195E+01
   .16500000E+01  .17563543E+01
   .17000000E+01  .16708263E+01
   .17500000E+01  .15907908E+01
   .18000000E+01  .15154694E+01
   .18500000E+01  .14442141E+01
   .19000000E+01  .13764813E+01
   .19500000E+01  .13118105E+01
   .20000000E+01  .12498090E+01
Potential  L  =        2.00000   -.18622
  -.30000000E+01  .16069560E+01
  -.29500000E+01  .15905361E+01
  -.29000000E+01  .15739275E+01
  -.28500000E+01  .15571239E+01
  -.28000000E+01  .15401187E+01
  -.27500000E+01  .15229046E+01
  -.27000000E+01  .15054744E+01
  -.26500000E+01  .14878202E+01
  -.26000000E+01  .14699336E+01
  -.25500000E+01  .14518058E+01
  -.25000000E+01  .14334277E+01
  -.24500000E+01  .14147893E+01
  -.24000000E+01  .13958802E+01
  -.23500000E+01  .13766894E+01
  -.23000000E+01  .13572049E+01
  -.22500000E+01  .13374144E+01
  -.22000000E+01  .13173044E+01
  -.21500000E+01  .12968608E+01
  -.21000000E+01  .12760682E+01
  -.20500000E+01  .12549104E+01
  -.20000000E+01  .12333701E+01
  -.19500000E+01  .12114286E+01
  -.19000000E+01  .11890657E+01
  -.18500000E+01  .11662601E+01
  -.18000000E+01  .11429886E+01
  -.17500000E+01  .11192260E+01
  -.17000000E+01  .10949455E+01
  -.16500000E+01  .10701178E+01
  -.16000000E+01  .10447113E+01
  -.15500000E+01  .10186915E+01
  -.15000000E+01  .99202127E+00
  -.14500000E+01  .96465972E+00
  -.14000000E+01  .93656243E+00
  -.13500000E+01  .90768066E+00
  -.13000000E+01  .87796106E+00
  -.12500000E+01  .84734493E+00
  -.12000000E+01  .81576758E+00
  -.11500000E+01  .78315754E+00
  -.11000000E+01  .74943561E+00
  -.10500000E+01  .71451382E+00
  -.10000000E+01  .67829411E+00
  -.95000000E+00  .64066689E+00
  -.90000000E+00  .60150921E+00
  -.85000000E+00  .56068270E+00
  -.80000000E+00  .51803101E+00
  -.75000000E+00  .47337682E+00
  -.70000000E+00  .42651810E+00
  -.65000000E+00  .37722380E+00
  -.60000000E+00  .32522790E+00
  -.55000000E+00  .27022348E+00
  -.50000000E+00  .21185345E+00
  -.45000000E+00  .14970043E+00
  -.40000000E+00  .83273275E-01
  -.35000000E+00  .11989939E-01
  -.30000000E+00 -.64844616E-01
  -.25000000E+00 -.14806730E+00
  -.20000000E+00 -.23869516E+00
  -.15000000E+00 -.33797670E+00
  -.10000000E+00 -.44746176E+00
  -.50000000E-01 -.56909847E+00
  -.22898350E-14 -.70537012E+00
   .50000000E-01 -.85949264E+00
   .10000000E+00 -.10357066E+01
   .15000000E+00 -.12397209E+01
   .20000000E+00 -.14794089E+01
   .25000000E+00 -.17659419E+01
   .30000000E+00 -.21157187E+01
   .35000000E+00 -.25538295E+01
   .40000000E+00 -.31206939E+01
   .45000000E+00 -.38858810E+01
   .50000000E+00 -.49801684E+01
   .55000000E+00 -.66818454E+01
   .60000000E+00 -.97063860E+01
   .65000000E+00 -.16620225E+02
   .70000000E+00 -.48785906E+02
   .75000000E+00  .60717445E+02
   .80000000E+00  .19554910E+02
   .85000000E+00  .11926562E+02
   .90000000E+00  .87044842E+01
   .95000000E+00  .69205923E+01
   .10000000E+01  .57836761E+01
   .10500000E+01  .49929039E+01
   .11000000E+01  .44088786E+01
   .11500000E+01  .39581577E+01
   .12000000E+01  .35983709E+01
   .12500000E+01  .33033589E+01
   .13000000E+01  .30560918E+01
   .13500000E+01  .28450158E+01
   .14000000E+01  .26620028E+01
   .14500000E+01  .25011758E+01
   .15000000E+01  .23581768E+01
   .15500000E+01  .22297054E+01
   .16000000E+01  .21132160E+01
   .16500000E+01  .20067132E+01
   .17000000E+01  .19086103E+01
   .17500000E+01  .18176290E+01
   .18000000E+01  .17327281E+01
   .18500000E+01  .16530499E+01
   .19000000E+01  .15778817E+01
   .19500000E+01  .15066254E+01
   .20000000E+01  .14387755E+01
Core Pot   L  =        3.00000   -.64046
  -.30000000E+01  .18921356E+01
  -.29500000E+01  .18788270E+01
  -.29000000E+01  .18654156E+01
  -.28500000E+01  .18518981E+01
  -.28000000E+01  .18382716E+01
  -.27500000E+01  .18245326E+01
  -.27000000E+01  .18106775E+01
  -.26500000E+01  .17967025E+01
  -.26000000E+01  .17826034E+01
  -.25500000E+01  .17683758E+01
  -.25000000E+01  .17540149E+01
  -.24500000E+01  .17395155E+01
  -.24000000E+01  .17248721E+01
  -.23500000E+01  .17100784E+01
  -.23000000E+01  .16951280E+01
  -.22500000E+01  .16800133E+01
  -.22000000E+01  .16647265E+01
  -.21500000E+01  .16492585E+01
  -.21000000E+01  .16335996E+01
  -.20500000E+01  .16177386E+01
  -.20000000E+01  .16016633E+01
  -.19500000E+01  .15853597E+01
  -.19000000E+01  .15688119E+01
  -.18500000E+01  .15520018E+01
  -.18000000E+01  .15349087E+01
  -.17500000E+01  .15175085E+01
  -.17000000E+01  .14997731E+01
  -.16500000E+01  .14816694E+01
  -.16000000E+01  .14631580E+01
  -.15500000E+01  .14441919E+01
  -.15000000E+01  .14247137E+01
  -.14500000E+01  .14046532E+01
  -.14000000E+01  .13839229E+01
  -.13500000E+01  .13624127E+01
  -.13000000E+01  .13399810E+01
  -.12500000E+01  .13164428E+01
  -.12000000E+01  .12915514E+01
  -.11500000E+01  .12649696E+01
  -.11000000E+01  .12362230E+01
  -.10500000E+01  .12046223E+01
  -.10000000E+01  .11691240E+01
  -.95000000E+00  .11280684E+01
  -.90000000E+00  .10786430E+01
  -.85000000E+00  .10156677E+01
  -.80000000E+00  .92843245E+00
  -.75000000E+00  .79062048E+00
  -.70000000E+00  .51555131E+00
  -.65000000E+00 -.44974638E+00
  -.60000000E+00  .59657904E+01
  -.55000000E+00  .21389251E+01
  -.50000000E+00  .16866867E+01
  -.45000000E+00  .15000050E+01
  -.40000000E+00  .13915341E+01
  -.35000000E+00  .13164855E+01
  -.30000000E+00  .12587002E+01
  -.25000000E+00  .12109214E+01
  -.20000000E+00  .11694033E+01
  -.15000000E+00  .11320141E+01
  -.10000000E+00  .10974492E+01
  -.50000000E-01  .10648633E+01
  -.22898350E-14  .10336827E+01
   .50000000E-01  .10035030E+01
   .10000000E+00  .97402905E+00
   .15000000E+00  .94503903E+00
   .20000000E+00  .91636168E+00
   .25000000E+00  .88786130E+00
   .30000000E+00  .85942780E+00
   .35000000E+00  .83096968E+00
   .40000000E+00  .80240919E+00
   .45000000E+00  .77367878E+00
   .50000000E+00  .74471845E+00
   .55000000E+00  .71547381E+00
   .60000000E+00  .68589453E+00
   .65000000E+00  .65593317E+00
   .70000000E+00  .62554423E+00
   .75000000E+00  .59468334E+00
   .80000000E+00  .56330661E+00
   .85000000E+00  .53137004E+00
   .90000000E+00  .49882903E+00
   .95000000E+00  .46563789E+00
   .10000000E+01  .43174939E+00
   .10500000E+01  .39711434E+00
   .11000000E+01  .36168114E+00
   .11500000E+01  .32539535E+00
   .12000000E+01  .28819920E+00
   .12500000E+01  .25003113E+00
   .13000000E+01  .21082522E+00
   .13500000E+01  .17051062E+00
   .14000000E+01  .12901089E+00
   .14500000E+01  .86243313E-01
   .15000000E+01  .42118051E-01
   .15500000E+01 -.34627581E-02
   .16000000E+01 -.50606045E-01
   .16500000E+01 -.99428999E-01
   .17000000E+01 -.15006043E+00
   .17500000E+01 -.20264237E+00
   .18000000E+01 -.25733187E+00
   .18500000E+01 -.31430318E+00
   .19000000E+01 -.37375022E+00
   .19500000E+01 -.43588952E+00
   .20000000E+01 -.50096375E+00
Potential  L  =        3.00000   -.64046
  -.30000000E+01  .15507168E+01
  -.29500000E+01  .15301315E+01
  -.29000000E+01  .15091719E+01
  -.28500000E+01  .14878206E+01
  -.28000000E+01  .14660588E+01
  -.27500000E+01  .14438664E+01
  -.27000000E+01  .14212220E+01
  -.26500000E+01  .13981025E+01
  -.26000000E+01  .13744832E+01
  -.25500000E+01  .13503374E+01
  -.25000000E+01  .13256364E+01
  -.24500000E+01  .13003493E+01
  -.24000000E+01  .12744426E+01
  -.23500000E+01  .12478801E+01
  -.23000000E+01  .12206225E+01
  -.22500000E+01  .11926271E+01
  -.22000000E+01  .11638476E+01
  -.21500000E+01  .11342334E+01
  -.21000000E+01  .11037291E+01
  -.20500000E+01  .10722743E+01
  -.20000000E+01  .10398026E+01
  -.19500000E+01  .10062410E+01
  -.19000000E+01  .97150904E+00
  -.18500000E+01  .93551784E+00
  -.18000000E+01  .89816894E+00
  -.17500000E+01  .85935292E+00
  -.17000000E+01  .81894791E+00
  -.16500000E+01  .77681768E+00
  -.16000000E+01  .73280950E+00
  -.15500000E+01  .68675151E+00
  -.15000000E+01  .63844968E+00
  -.14500000E+01  .58768401E+00
  -.14000000E+01  .53420412E+00
  -.13500000E+01  .47772372E+00
  -.13000000E+01  .41791396E+00
  -.12500000E+01  .35439519E+00
  -.12000000E+01  .28672670E+00
  -.11500000E+01  .21439394E+00
  -.11000000E+01  .13679235E+00
  -.10500000E+01  .53206721E-01
  -.10000000E+01 -.37215368E-01
  -.95000000E+00 -.13549813E+00
  -.90000000E+00 -.24288323E+00
  -.85000000E+00 -.36089074E+00
  -.80000000E+00 -.49140193E+00
  -.75000000E+00 -.63677334E+00
  -.70000000E+00 -.79999714E+00
  -.65000000E+00 -.98493099E+00
  -.60000000E+00 -.11966355E+01
  -.55000000E+00 -.14418831E+01
  -.50000000E+00 -.17299485E+01
  -.45000000E+00 -.20738827E+01
  -.40000000E+00 -.24926528E+01
  -.35000000E+00 -.30149231E+01
  -.30000000E+00 -.36861615E+01
  -.25000000E+00 -.45830675E+01
  -.20000000E+00 -.58459489E+01
  -.15000000E+00 -.77619123E+01
  -.10000000E+00 -.11024856E+02
  -.50000000E-01 -.17851121E+02
  -.22898350E-14 -.41227585E+02
   .50000000E-01  .19953383E+03
   .10000000E+00  .31120009E+02
   .15000000E+00  .17421018E+02
   .20000000E+00  .12336377E+02
   .25000000E+00  .96788488E+01
   .30000000E+00  .80418561E+01
   .35000000E+00  .69296852E+01
   .40000000E+00  .61229046E+01
   .45000000E+00  .55094237E+01
   .50000000E+00  .50260090E+01
   .55000000E+00  .46342795E+01
   .60000000E+00  .43095892E+01
   .65000000E+00  .40353874E+01
   .70000000E+00  .38001465E+01
   .75000000E+00  .35955908E+01
   .80000000E+00  .34156247E+01
   .85000000E+00  .32556594E+01
   .90000000E+00  .31121738E+01
   .95000000E+00  .29824210E+01
   .10000000E+01  .28642262E+01
   .10500000E+01  .27558451E+01
   .11000000E+01  .26558624E+01
   .11500000E+01  .25631172E+01
   .12000000E+01  .24766482E+01
   .12500000E+01  .23956526E+01
   .13000000E+01  .23194545E+01
   .13500000E+01  .22474806E+01
   .14000000E+01  .21792411E+01
   .14500000E+01  .21143152E+01
   .15000000E+01  .20523393E+01
   .15500000E+01  .19929969E+01
   .16000000E+01  .19360117E+01
   .16500000E+01  .18811411E+01
   .17000000E+01  .18281708E+01
   .17500000E+01  .17769110E+01
   .18000000E+01  .17271927E+01
   .18500000E+01  .16788650E+01
   .19000000E+01  .16317924E+01
   .19500000E+01  .15858526E+01
   .20000000E+01  .15409355E+01
Core Pot   L  =        4.00000    .00000
  -.30000000E+01  .21935834E+01
  -.29500000E+01  .21825038E+01
  -.29000000E+01  .21713729E+01
  -.28500000E+01  .21601900E+01
  -.28000000E+01  .21489544E+01
  -.27500000E+01  .21376654E+01
  -.27000000E+01  .21263223E+01
  -.26500000E+01  .21149243E+01
  -.26000000E+01  .21034708E+01
  -.25500000E+01  .20919609E+01
  -.25000000E+01  .20803939E+01
  -.24500000E+01  .20687690E+01
  -.24000000E+01  .20570853E+01
  -.23500000E+01  .20453421E+01
  -.23000000E+01  .20335384E+01
  -.22500000E+01  .20216735E+01
  -.22000000E+01  .20097464E+01
  -.21500000E+01  .19977562E+01
  -.21000000E+01  .19857020E+01
  -.20500000E+01  .19735828E+01
  -.20000000E+01  .19613976E+01
  -.19500000E+01  .19491455E+01
  -.19000000E+01  .19368255E+01
  -.18500000E+01  .19244364E+01
  -.18000000E+01  .19119772E+01
  -.17500000E+01  .18994469E+01
  -.17000000E+01  .18868442E+01
  -.16500000E+01  .18741681E+01
  -.16000000E+01  .18614173E+01
  -.15500000E+01  .18485906E+01
  -.15000000E+01  .18356869E+01
  -.14500000E+01  .18227048E+01
  -.14000000E+01  .18096430E+01
  -.13500000E+01  .17965001E+01
  -.13000000E+01  .17832749E+01
  -.12500000E+01  .17699658E+01
  -.12000000E+01  .17565715E+01
  -.11500000E+01  .17430904E+01
  -.11000000E+01  .17295210E+01
  -.10500000E+01  .17158617E+01
  -.10000000E+01  .17021109E+01
  -.95000000E+00  .16882670E+01
  -.90000000E+00  .16743283E+01
  -.85000000E+00  .16602929E+01
  -.80000000E+00  .16461591E+01
  -.75000000E+00  .16319250E+01
  -.70000000E+00  .16175886E+01
  -.65000000E+00  .16031482E+01
  -.60000000E+00  .15886015E+01
  -.55000000E+00  .15739464E+01
  -.50000000E+00  .15591810E+01
  -.45000000E+00  .15443028E+01
  -.40000000E+00  .15293097E+01
  -.35000000E+00  .15141992E+01
  -.30000000E+00  .14989690E+01
  -.25000000E+00  .14836164E+01
  -.20000000E+00  .14681390E+01
  -.15000000E+00  .14525340E+01
  -.10000000E+00  .14367987E+01
  -.50000000E-01  .14209301E+01
  -.22898350E-14  .14049254E+01
   .50000000E-01  .13887814E+01
   .10000000E+00  .13724951E+01
   .15000000E+00  .13560631E+01
   .20000000E+00  .13394821E+01
   .25000000E+00  .13227485E+01
   .30000000E+00  .13058587E+01
   .35000000E+00  .12888090E+01
   .40000000E+00  .12715954E+01
   .45000000E+00  .12542139E+01
   .50000000E+00  .12366603E+01
   .55000000E+00  .12189302E+01
   .60000000E+00  .12010192E+01
   .65000000E+00  .11829224E+01
   .70000000E+00  .11646352E+01
   .75000000E+00  .11461523E+01
   .80000000E+00  .11274684E+01
   .85000000E+00  .11085782E+01
   .90000000E+00  .10894758E+01
   .95000000E+00  .10701554E+01
   .10000000E+01  .10506107E+01
   .10500000E+01  .10308353E+01
   .11000000E+01  .10108223E+01
   .11500000E+01  .99056481E+00
   .12000000E+01  .97005544E+00
   .12500000E+01  .94928649E+00
   .13000000E+01  .92824995E+00
   .13500000E+01  .90693741E+00
   .14000000E+01  .88534009E+00
   .14500000E+01  .86344878E+00
   .15000000E+01  .84125385E+00
   .15500000E+01  .81874518E+00
   .16000000E+01  .79591218E+00
   .16500000E+01  .77274370E+00
   .17000000E+01  .74922806E+00
   .17500000E+01  .72535296E+00
   .18000000E+01  .70110546E+00
   .18500000E+01  .67647196E+00
   .19000000E+01  .65143811E+00
   .19500000E+01  .62598879E+00
   .20000000E+01  .60010804E+00
Potential  L  =        4.00000    .00000
  -.30000000E+01  .21967232E+01
  -.29500000E+01  .21857105E+01
  -.29000000E+01  .21746459E+01
  -.28500000E+01  .21635323E+01
  -.28000000E+01  .21523677E+01
  -.27500000E+01  .21411519E+01
  -.27000000E+01  .21298838E+01
  -.26500000E+01  .21185627E+01
  -.26000000E+01  .21071882E+01
  -.25500000E+01  .20957594E+01
  -.25000000E+01  .20842759E+01
  -.24500000E+01  .20727366E+01
  -.24000000E+01  .20611409E+01
  -.23500000E+01  .20494882E+01
  -.23000000E+01  .20377776E+01
  -.22500000E+01  .20260083E+01
  -.22000000E+01  .20141806E+01
  -.21500000E+01  .20022903E+01
  -.21000000E+01  .19903399E+01
  -.20500000E+01  .19783275E+01
  -.20000000E+01  .19662523E+01
  -.19500000E+01  .19541133E+01
  -.19000000E+01  .19419106E+01
  -.18500000E+01  .19296403E+01
  -.18000000E+01  .19173043E+01
  -.17500000E+01  .19049006E+01
  -.17000000E+01  .18924286E+01
  -.16500000E+01  .18798871E+01
  -.16000000E+01  .18672747E+01
  -.15500000E+01  .18545906E+01
  -.15000000E+01  .18418338E+01
  -.14500000E+01  .18290030E+01
  -.14000000E+01  .18160972E+01
  -.13500000E+01  .18031151E+01
  -.13000000E+01  .17900556E+01
  -.12500000E+01  .17769173E+01
  -.12000000E+01  .17636992E+01
  -.11500000E+01  .17503998E+01
  -.11000000E+01  .17370179E+01
  -.10500000E+01  .17235519E+01
  -.10000000E+01  .17100007E+01
  -.95000000E+00  .16963628E+01
  -.90000000E+00  .16826367E+01
  -.85000000E+00  .16688208E+01
  -.80000000E+00  .16549136E+01
  -.75000000E+00  .16409136E+01
  -.70000000E+00  .16268192E+01
  -.65000000E+00  .16126286E+01
  -.60000000E+00  .15983402E+01
  -.55000000E+00  .15839522E+01
  -.50000000E+00  .15694627E+01
  -.45000000E+00  .15548701E+01
  -.40000000E+00  .15401722E+01
  -.35000000E+00  .15253672E+01
  -.30000000E+00  .15104531E+01
  -.25000000E+00  .14954278E+01
  -.20000000E+00  .14802890E+01
  -.15000000E+00  .14650349E+01
  -.10000000E+00  .14496629E+01
  -.50000000E-01  .14341708E+01
  -.22898350E-14  .14185559E+01
   .50000000E-01  .14028163E+01
   .10000000E+00  .13869491E+01
   .15000000E+00  .13709518E+01
   .20000000E+00  .13548217E+01
   .25000000E+00  .13385559E+01
   .30000000E+00  .13221516E+01
   .35000000E+00  .13056059E+01
   .40000000E+00  .12889157E+01
   .45000000E+00  .12720778E+01
   .50000000E+00  .12550891E+01
   .55000000E+00  .12379460E+01
   .60000000E+00  .12206453E+01
   .65000000E+00  .12031831E+01
   .70000000E+00  .11855560E+01
   .75000000E+00  .11677600E+01
   .80000000E+00  .11497911E+01
   .85000000E+00  .11316453E+01
   .90000000E+00  .11133183E+01
   .95000000E+00  .10948057E+01
   .10000000E+01  .10761029E+01
   .10500000E+01  .10572052E+01
   .11000000E+01  .10381078E+01
   .11500000E+01  .10188055E+01
   .12000000E+01  .99929309E+00
   .12500000E+01  .97956509E+00
   .13000000E+01  .95961583E+00
   .13500000E+01  .93943941E+00
   .14000000E+01  .91902971E+00
   .14500000E+01  .89838036E+00
   .15000000E+01  .87748475E+00
   .15500000E+01  .85633599E+00
   .16000000E+01  .83492692E+00
   .16500000E+01  .81325007E+00
   .17000000E+01  .79129766E+00
   .17500000E+01  .76906161E+00
   .18000000E+01  .74653348E+00
   .18500000E+01  .72370445E+00
   .19000000E+01  .70056532E+00
   .19500000E+01  .67710649E+00
   .20000000E+01  .65331793E+00
KBPotential  L  =       .00000  -7.30950
  -.30000000E+01  .18185962E+01
  -.29500000E+01  .17742719E+01
  -.29000000E+01  .17338962E+01
  -.28500000E+01  .16966377E+01
  -.28000000E+01  .16618746E+01
  -.27500000E+01  .16291322E+01
  -.27000000E+01  .15980413E+01
  -.26500000E+01  .15683106E+01
  -.26000000E+01  .15397064E+01
  -.25500000E+01  .15120393E+01
  -.25000000E+01  .14851539E+01
  -.24500000E+01  .14589209E+01
  -.24000000E+01  .14332321E+01
  -.23500000E+01  .14079958E+01
  -.23000000E+01  .13831336E+01
  -.22500000E+01  .13585781E+01
  -.22000000E+01  .13342705E+01
  -.21500000E+01  .13101595E+01
  -.21000000E+01  .12861995E+01
  -.20500000E+01  .12623502E+01
  -.20000000E+01  .12385754E+01
  -.19500000E+01  .12148425E+01
  -.19000000E+01  .11911212E+01
  -.18500000E+01  .11673843E+01
  -.18000000E+01  .11436065E+01
  -.17500000E+01  .11197641E+01
  -.17000000E+01  .10958349E+01
  -.16500000E+01  .10717978E+01
  -.16000000E+01  .10476331E+01
  -.15500000E+01  .10233213E+01
  -.15000000E+01  .99884399E+00
  -.14500000E+01  .97418313E+00
  -.14000000E+01  .94932102E+00
  -.13500000E+01  .92424032E+00
  -.13000000E+01  .89892374E+00
  -.12500000E+01  .87335411E+00
  -.12000000E+01  .84751421E+00
  -.11500000E+01  .82138674E+00
  -.11000000E+01  .79495405E+00
  -.10500000E+01  .76819842E+00
  -.10000000E+01  .74110165E+00
  -.95000000E+00  .71364509E+00
  -.90000000E+00  .68580962E+00
  -.85000000E+00  .65757548E+00
  -.80000000E+00  .62892226E+00
  -.75000000E+00  .59982877E+00
  -.70000000E+00  .57027297E+00
  -.65000000E+00  .54023188E+00
  -.60000000E+00  .50968147E+00
  -.55000000E+00  .47859657E+00
  -.50000000E+00  .44695075E+00
  -.45000000E+00  .41471625E+00
  -.40000000E+00  .38186367E+00
  -.35000000E+00  .34836218E+00
  -.30000000E+00  .31417895E+00
  -.25000000E+00  .27927931E+00
  -.20000000E+00  .24362642E+00
  -.15000000E+00  .20718114E+00
  -.10000000E+00  .16990172E+00
  -.50000000E-01  .13174370E+00
  -.22898350E-14  .92659469E-01
   .50000000E-01  .52598171E-01
   .10000000E+00  .11505250E-01
   .15000000E+00 -.30677912E-01
   .20000000E+00 -.74014323E-01
   .25000000E+00 -.11857182E+00
   .30000000E+00 -.16442374E+00
   .35000000E+00 -.21164940E+00
   .40000000E+00 -.26033432E+00
   .45000000E+00 -.31057205E+00
   .50000000E+00 -.36246366E+00
   .55000000E+00 -.41611961E+00
   .60000000E+00 -.47166036E+00
   .65000000E+00 -.52921771E+00
   .70000000E+00 -.58893619E+00
   .75000000E+00 -.65097468E+00
   .80000000E+00 -.71550851E+00
   .85000000E+00 -.78273085E+00
   .90000000E+00 -.85285600E+00
   .95000000E+00 -.92612188E+00
   .10000000E+01 -.10027935E+01
   .10500000E+01 -.10831672E+01
   .11000000E+01 -.11675754E+01
   .11500000E+01 -.12563909E+01
   .12000000E+01 -.13500357E+01
   .12500000E+01 -.14489881E+01
   .13000000E+01 -.15537922E+01
   .13500000E+01 -.16650702E+01
   .14000000E+01 -.17835369E+01
   .14500000E+01 -.19100174E+01
   .15000000E+01 -.20454692E+01
   .15500000E+01 -.21910105E+01
   .16000000E+01 -.23479554E+01
   .16500000E+01 -.25178579E+01
   .17000000E+01 -.27025704E+01
   .17500000E+01 -.29043190E+01
   .18000000E+01 -.31258023E+01
   .18500000E+01 -.33703239E+01
   .19000000E+01 -.36419730E+01
   .19500000E+01 -.39458726E+01
   .20000000E+01 -.42885256E+01
KBPotential  L  =      1.00000  -4.00618
  -.30000000E+01  .12354520E+01
  -.29500000E+01  .12034630E+01
  -.29000000E+01  .11697287E+01
  -.28500000E+01  .11340090E+01
  -.28000000E+01  .10960156E+01
  -.27500000E+01  .10553989E+01
  -.27000000E+01  .10117309E+01
  -.26500000E+01  .96448224E+00
  -.26000000E+01  .91298940E+00
  -.25500000E+01  .85640975E+00
  -.25000000E+01  .79365641E+00
  -.24500000E+01  .72330265E+00
  -.24000000E+01  .64343755E+00
  -.23500000E+01  .55144127E+00
  -.23000000E+01  .44362235E+00
  -.22500000E+01  .31460678E+00
  -.22000000E+01  .15625564E+00
  -.21500000E+01 -.44376667E-01
  -.21000000E+01 -.30920656E+00
  -.20500000E+01 -.67852218E+00
  -.20000000E+01 -.12353407E+01
  -.19500000E+01 -.21825024E+01
  -.19000000E+01 -.41809106E+01
  -.18500000E+01 -.11319141E+02
  -.18000000E+01  .43809835E+02
  -.17500000E+01  .91793589E+01
  -.17000000E+01  .56098261E+01
  -.16500000E+01  .42407170E+01
  -.16000000E+01  .35108697E+01
  -.15500000E+01  .30534151E+01
  -.15000000E+01  .27370776E+01
  -.14500000E+01  .25032207E+01
  -.14000000E+01  .23217093E+01
  -.13500000E+01  .21754679E+01
  -.13000000E+01  .20540968E+01
  -.12500000E+01  .19508993E+01
  -.12000000E+01  .18613674E+01
  -.11500000E+01  .17823552E+01
  -.11000000E+01  .17115997E+01
  -.10500000E+01  .16474302E+01
  -.10000000E+01  .15885871E+01
  -.95000000E+00  .15341015E+01
  -.90000000E+00  .14832160E+01
  -.85000000E+00  .14353294E+01
  -.80000000E+00  .13899579E+01
  -.75000000E+00  .13467077E+01
  -.70000000E+00  .13052543E+01
  -.65000000E+00  .12653280E+01
  -.60000000E+00  .12267020E+01
  -.55000000E+00  .11891844E+01
  -.50000000E+00  .11526109E+01
  -.45000000E+00  .11168402E+01
  -.40000000E+00  .10817494E+01
  -.35000000E+00  .10472312E+01
  -.30000000E+00  .10131909E+01
  -.25000000E+00  .97954431E+00
  -.20000000E+00  .94621646E+00
  -.15000000E+00  .91313966E+00
  -.10000000E+00  .88025255E+00
  -.50000000E-01  .84749918E+00
  -.22898350E-14  .81482802E+00
   .50000000E-01  .78219133E+00
   .10000000E+00  .74954463E+00
   .15000000E+00  .71684611E+00
   .20000000E+00  .68405621E+00
   .25000000E+00  .65113723E+00
   .30000000E+00  .61805294E+00
   .35000000E+00  .58476854E+00
   .40000000E+00  .55124993E+00
   .45000000E+00  .51746387E+00
   .50000000E+00  .48337757E+00
   .55000000E+00  .44895852E+00
   .60000000E+00  .41417429E+00
   .65000000E+00  .37899237E+00
   .70000000E+00  .34337999E+00
   .75000000E+00  .30730395E+00
   .80000000E+00  .27073043E+00
   .85000000E+00  .23362488E+00
   .90000000E+00  .19595176E+00
   .95000000E+00  .15767449E+00
   .10000000E+01  .11875517E+00
   .10500000E+01  .79154459E-01
   .11000000E+01  .38831446E-01
   .11500000E+01 -.22567361E-02
   .12000000E+01 -.44154612E-01
   .12500000E+01 -.86909880E-01
   .13000000E+01 -.13057195E+00
   .13500000E+01 -.17519315E+00
   .14000000E+01 -.22082899E+00
   .14500000E+01 -.26753825E+00
   .15000000E+01 -.31538353E+00
   .15500000E+01 -.36443145E+00
   .16000000E+01 -.41475300E+00
   .16500000E+01 -.46642425E+00
   .17000000E+01 -.51952664E+00
   .17500000E+01 -.57414760E+00
   .18000000E+01 -.63038121E+00
   .18500000E+01 -.68832880E+00
   .19000000E+01 -.74809987E+00
   .19500000E+01 -.80981284E+00
   .20000000E+01 -.87359628E+00
KBPotential  L  =      2.00000   -.37245
  -.30000000E+01  .16100360E+01
  -.29500000E+01  .15937105E+01
  -.29000000E+01  .15771999E+01
  -.28500000E+01  .15604976E+01
  -.28000000E+01  .15435882E+01
  -.27500000E+01  .15264828E+01
  -.27000000E+01  .15091650E+01
  -.26500000E+01  .14916193E+01
  -.26000000E+01  .14738532E+01
  -.25500000E+01  .14558502E+01
  -.25000000E+01  .14376011E+01
  -.24500000E+01  .14190961E+01
  -.24000000E+01  .14003250E+01
  -.23500000E+01  .13812768E+01
  -.23000000E+01  .13619399E+01
  -.22500000E+01  .13423017E+01
  -.22000000E+01  .13223492E+01
  -.21500000E+01  .13020681E+01
  -.21000000E+01  .12814433E+01
  -.20500000E+01  .12604588E+01
  -.20000000E+01  .12390971E+01
  -.19500000E+01  .12173397E+01
  -.19000000E+01  .11951666E+01
  -.18500000E+01  .11725563E+01
  -.18000000E+01  .11494856E+01
  -.17500000E+01  .11259294E+01
  -.17000000E+01  .11018606E+01
  -.16500000E+01  .10772500E+01
  -.16000000E+01  .10520656E+01
  -.15500000E+01  .10262727E+01
  -.15000000E+01  .99983372E+00
  -.14500000E+01  .97270729E+00
  -.14000000E+01  .94484832E+00
  -.13500000E+01  .91620731E+00
  -.13000000E+01  .88672986E+00
  -.12500000E+01  .85635599E+00
  -.12000000E+01  .82501945E+00
  -.11500000E+01  .79264684E+00
  -.11000000E+01  .75915658E+00
  -.10500000E+01  .72445777E+00
  -.10000000E+01  .68844495E+00
  -.95000000E+00  .65101166E+00
  -.90000000E+00  .61202586E+00
  -.85000000E+00  .57133867E+00
  -.80000000E+00  .52879308E+00
  -.75000000E+00  .48419611E+00
  -.70000000E+00  .43733313E+00
  -.65000000E+00  .38796218E+00
  -.60000000E+00  .33579668E+00
  -.55000000E+00  .28050236E+00
  -.50000000E+00  .22169383E+00
  -.45000000E+00  .15891379E+00
  -.40000000E+00  .91620144E-01
  -.35000000E+00  .19182854E-01
  -.30000000E+00 -.59208511E-01
  -.25000000E+00 -.14448613E+00
  -.20000000E+00 -.23781386E+00
  -.15000000E+00 -.34063733E+00
  -.10000000E+00 -.45479987E+00
  -.50000000E-01 -.58257577E+00
  -.22898350E-14 -.72699709E+00
   .50000000E-01 -.89203568E+00
   .10000000E+00 -.10830451E+01
   .15000000E+00 -.13074206E+01
   .20000000E+00 -.15756981E+01
   .25000000E+00 -.19033544E+01
   .30000000E+00 -.23141675E+01
   .35000000E+00 -.28465444E+01
   .40000000E+00 -.35669856E+01
   .45000000E+00 -.46013547E+01
   .50000000E+00 -.62202224E+01
   .55000000E+00 -.91307215E+01
   .60000000E+00 -.15952355E+02
   .65000000E+00 -.51176351E+02
   .70000000E+00  .48762294E+02
   .75000000E+00  .17258700E+02
   .80000000E+00  .10733532E+02
   .85000000E+00  .79038508E+01
   .90000000E+00  .63172809E+01
   .95000000E+00  .52982271E+01
   .10000000E+01  .45855076E+01
   .10500000E+01  .40568475E+01
   .11000000E+01  .36473695E+01
   .11500000E+01  .33194507E+01
   .12000000E+01  .30497705E+01
   .12500000E+01  .28231032E+01
   .13000000E+01  .26290834E+01
   .13500000E+01  .24603309E+01
   .14000000E+01  .23117270E+01
   .14500000E+01  .21792531E+01
   .15000000E+01  .20599322E+01
   .15500000E+01  .19514619E+01
   .16000000E+01  .18520379E+01
   .16500000E+01  .17602234E+01
   .17000000E+01  .16748599E+01
   .17500000E+01  .15950032E+01
   .18000000E+01  .15198747E+01
   .18500000E+01  .14488266E+01
   .19000000E+01  .13813171E+01
   .19500000E+01  .13168843E+01
   .20000000E+01  .12551376E+01
KBPotential  L  =      3.00000  -1.28092
  -.30000000E+01  .19179534E+01
  -.29500000E+01  .19036817E+01
  -.29000000E+01  .18893130E+01
  -.28500000E+01  .18748447E+01
  -.28000000E+01  .18602742E+01
  -.27500000E+01  .18455988E+01
  -.27000000E+01  .18308153E+01
  -.26500000E+01  .18159206E+01
  -.26000000E+01  .18009111E+01
  -.25500000E+01  .17857831E+01
  -.25000000E+01  .17705325E+01
  -.24500000E+01  .17551549E+01
  -.24000000E+01  .17396453E+01
  -.23500000E+01  .17239986E+01
  -.23000000E+01  .17082088E+01
  -.22500000E+01  .16922695E+01
  -.22000000E+01  .16761737E+01
  -.21500000E+01  .16599132E+01
  -.21000000E+01  .16434794E+01
  -.20500000E+01  .16268622E+01
  -.20000000E+01  .16100502E+01
  -.19500000E+01  .15930308E+01
  -.19000000E+01  .15757893E+01
  -.18500000E+01  .15583087E+01
  -.18000000E+01  .15405698E+01
  -.17500000E+01  .15225496E+01
  -.17000000E+01  .15042216E+01
  -.16500000E+01  .14855541E+01
  -.16000000E+01  .14665094E+01
  -.15500000E+01  .14470419E+01
  -.15000000E+01  .14270961E+01
  -.14500000E+01  .14066034E+01
  -.14000000E+01  .13854782E+01
  -.13500000E+01  .13636121E+01
  -.13000000E+01  .13408655E+01
  -.12500000E+01  .13170554E+01
  -.12000000E+01  .12919369E+01
  -.11500000E+01  .12651747E+01
  -.11000000E+01  .12362963E+01
  -.10500000E+01  .12046138E+01
  -.10000000E+01  .11690847E+01
  -.95000000E+00  .11280495E+01
  -.90000000E+00  .10786940E+01
  -.85000000E+00  .10158324E+01
  -.80000000E+00  .92874107E+00
  -.75000000E+00  .79106692E+00
  -.70000000E+00  .51602097E+00
  -.65000000E+00 -.44973549E+00
  -.60000000E+00  .59888772E+01
  -.55000000E+00  .21448862E+01
  -.50000000E+00  .16922371E+01
  -.45000000E+00  .15060276E+01
  -.40000000E+00  .13983431E+01
  -.35000000E+00  .13242791E+01
  -.30000000E+00  .12676412E+01
  -.25000000E+00  .12211612E+01
  -.20000000E+00  .11810913E+01
  -.15000000E+00  .11453020E+01
  -.10000000E+00  .11124937E+01
  -.50000000E-01  .10818274E+01
  -.22898350E-14  .10527371E+01
   .50000000E-01  .10248268E+01
   .10000000E+00  .99781090E+00
   .15000000E+00  .97147767E+00
   .20000000E+00  .94566689E+00
   .25000000E+00  .92025470E+00
   .30000000E+00  .89514370E+00
   .35000000E+00  .87025600E+00
   .40000000E+00  .84552843E+00
   .45000000E+00  .82090904E+00
   .50000000E+00  .79635457E+00
   .55000000E+00  .77182853E+00
   .60000000E+00  .74724757E+00
   .65000000E+00  .72268738E+00
   .70000000E+00  .69807425E+00
   .75000000E+00  .67338775E+00
   .80000000E+00  .64860952E+00
   .85000000E+00  .62372329E+00
   .90000000E+00  .59871425E+00
   .95000000E+00  .57356884E+00
   .10000000E+01  .54819356E+00
   .10500000E+01  .52281991E+00
   .11000000E+01  .49719392E+00
   .11500000E+01  .47138639E+00
   .12000000E+01  .44538758E+00
   .12500000E+01  .41918816E+00
   .13000000E+01  .39277910E+00
   .13500000E+01  .36615180E+00
   .14000000E+01  .33929775E+00
   .14500000E+01  .31230323E+00
   .15000000E+01  .28497364E+00
   .15500000E+01  .25739264E+00
   .16000000E+01  .22955243E+00
   .16500000E+01  .20144485E+00
   .17000000E+01  .17306191E+00
   .17500000E+01  .14439571E+00
   .18000000E+01  .11543821E+00
   .18500000E+01  .86181349E-01
   .19000000E+01  .56616759E-01
   .19500000E+01  .26736205E-01
   .20000000E+01 -.34687826E-02
KBPotential  L  =      4.00000    .00000
  -.30000000E+01  .21967232E+01
  -.29500000E+01  .21857105E+01
  -.29000000E+01  .21746459E+01
  -.28500000E+01  .21635323E+01
  -.28000000E+01  .21523677E+01
  -.27500000E+01  .21411519E+01
  -.27000000E+01  .21298838E+01
  -.26500000E+01  .21185627E+01
  -.26000000E+01  .21071882E+01
  -.25500000E+01  .20957594E+01
  -.25000000E+01  .20842759E+01
  -.24500000E+01  .20727366E+01
  -.24000000E+01  .20611409E+01
  -.23500000E+01  .20494882E+01
  -.23000000E+01  .20377776E+01
  -.22500000E+01  .20260083E+01
  -.22000000E+01  .20141806E+01
  -.21500000E+01  .20022903E+01
  -.21000000E+01  .19903399E+01
  -.20500000E+01  .19783275E+01
  -.20000000E+01  .19662523E+01
  -.19500000E+01  .19541133E+01
  -.19000000E+01  .19419106E+01
  -.18500000E+01  .19296403E+01
  -.18000000E+01  .19173043E+01
  -.17500000E+01  .19049006E+01
  -.17000000E+01  .18924286E+01
  -.16500000E+01  .18798871E+01
  -.16000000E+01  .18672747E+01
  -.15500000E+01  .18545906E+01
  -.15000000E+01  .18418338E+01
  -.14500000E+01  .18290030E+01
  -.14000000E+01  .18160972E+01
  -.13500000E+01  .18031151E+01
  -.13000000E+01  .17900556E+01
  -.12500000E+01  .17769173E+01
  -.12000000E+01  .17636992E+01
  -.11500000E+01  .17503998E+01
  -.11000000E+01  .17370179E+01
  -.10500000E+01  .17235519E+01
  -.10000000E+01  .17100007E+01
  -.95000000E+00  .16963628E+01
  -.90000000E+00  .16826367E+01
  -.85000000E+00  .16688208E+01
  -.80000000E+00  .16549136E+01
  -.75000000E+00  .16409136E+01
  -.70000000E+00  .16268192E+01
  -.65000000E+00  .16126286E+01
  -.60000000E+00  .15983402E+01
  -.55000000E+00  .15839522E+01
  -.50000000E+00  .15694627E+01
  -.45000000E+00  .15548701E+01
  -.40000000E+00  .15401722E+01
  -.35000000E+00  .15253672E+01
  -.30000000E+00  .15104531E+01
  -.25000000E+00  .14954278E+01
  -.20000000E+00  .14802890E+01
  -.15000000E+00  .14650349E+01
  -.10000000E+00  .14496629E+01
  -.50000000E-01  .14341708E+01
  -.22898350E-14  .14185559E+01
   .50000000E-01  .14028163E+01
   .10000000E+00  .13869491E+01
   .15000000E+00  .13709518E+01
   .20000000E+00  .13548217E+01
   .25000000E+00  .13385559E+01
   .30000000E+00  .13221516E+01
   .35000000E+00  .13056059E+01
   .40000000E+00  .12889157E+01
   .45000000E+00  .12720778E+01
   .50000000E+00  .12550891E+01
   .55000000E+00  .12379460E+01
   .60000000E+00  .12206453E+01
   .65000000E+00  .12031831E+01
   .70000000E+00  .11855560E+01
   .75000000E+00  .11677600E+01
   .80000000E+00  .11497911E+01
   .85000000E+00  .11316453E+01
   .90000000E+00  .11133183E+01
   .95000000E+00  .10948057E+01
   .10000000E+01  .10761029E+01
   .10500000E+01  .10572052E+01
   .11000000E+01  .10381078E+01
   .11500000E+01  .10188055E+01
   .12000000E+01  .99929309E+00
   .12500000E+01  .97956509E+00
   .13000000E+01  .95961583E+00
   .13500000E+01  .93943941E+00
   .14000000E+01  .91902971E+00
   .14500000E+01  .89838036E+00
   .15000000E+01  .87748475E+00
   .15500000E+01  .85633599E+00
   .16000000E+01  .83492692E+00
   .16500000E+01  .81325007E+00
   .17000000E+01  .79129766E+00
   .17500000E+01  .76906161E+00
   .18000000E+01  .74653348E+00
   .18500000E+01  .72370445E+00
   .19000000E+01  .70056532E+00
   .19500000E+01  .67710649E+00
   .20000000E+01  .65331793E+00
