Gd : [core=Xe4]                         
  .107560370E+00  .109079720E+00  .110620416E+00  .112182758E+00  .113767045E+00
  .115373584E+00  .117002685E+00  .118654662E+00  .120329834E+00  .122028522E+00
  .123751055E+00  .125497764E+00  .127268986E+00  .129065061E+00  .130886335E+00
  .132733158E+00  .134605886E+00  .136504878E+00  .138430500E+00  .140383120E+00
  .142363116E+00  .144370865E+00  .146406754E+00  .148471173E+00  .150564519E+00
  .152687192E+00  .154839598E+00  .157022152E+00  .159235270E+00  .161479376E+00
  .163754899E+00  .166062275E+00  .168401945E+00  .170774357E+00  .173179963E+00
  .175619223E+00  .178092602E+00  .180600574E+00  .183143615E+00  .185722212E+00
  .188336855E+00  .190988044E+00  .193676282E+00  .196402082E+00  .199165963E+00
  .201968450E+00  .204810077E+00  .207691382E+00  .210612915E+00  .213575229E+00
  .216578888E+00  .219624460E+00  .222712524E+00  .225843665E+00  .229018477E+00
  .232237561E+00  .235501526E+00  .238810990E+00  .242166579E+00  .245568927E+00
  .249018678E+00  .252516484E+00  .256063003E+00  .259658907E+00  .263304873E+00
  .267001588E+00  .270749749E+00  .274550063E+00  .278403243E+00  .282310017E+00
  .286271117E+00  .290287289E+00  .294359287E+00  .298487876E+00  .302673831E+00
  .306917937E+00  .311220989E+00  .315583793E+00  .320007168E+00  .324491940E+00
  .329038948E+00  .333649044E+00  .338323087E+00  .343061951E+00  .347866521E+00
  .352737692E+00  .357676373E+00  .362683484E+00  .367759958E+00  .372906738E+00
  .378124783E+00  .383415061E+00  .388778557E+00  .394216265E+00  .399729194E+00
  .405318367E+00  .410984819E+00  .416729600E+00  .422553772E+00  .428458413E+00
  .434444614E+00  .440513480E+00  .446666133E+00  .452903706E+00  .459227349E+00
  .465638228E+00  .472137521E+00  .478726426E+00  .485406153E+00  .492177928E+00
  .499042996E+00  .506002614E+00  .513058059E+00  .520210624E+00  .527461616E+00
  .534812363E+00  .542264207E+00  .549818510E+00  .557476649E+00  .565240022E+00
  .573110042E+00  .581088143E+00  .589175775E+00  .597374408E+00  .605685533E+00
  .614110656E+00  .622651305E+00  .631309028E+00  .640085392E+00  .648981984E+00
  .658000413E+00  .667142305E+00  .676409311E+00  .685803102E+00  .695325368E+00
  .704977822E+00  .714762202E+00  .724680263E+00  .734733785E+00  .744924571E+00
  .755254446E+00  .765725258E+00  .776338881E+00  .787097208E+00  .798002161E+00
  .809055682E+00  .820259742E+00  .831616332E+00  .843127471E+00  .854795205E+00
  .866621601E+00  .878608756E+00  .890758792E+00  .903073858E+00  .915556128E+00
  .928207807E+00  .941031123E+00  .954028335E+00  .967201729E+00  .980553620E+00
  .994086351E+00  .100780230E+01  .102170385E+01  .103579346E+01  .105007357E+01
  .106454669E+01  .107921532E+01  .109408203E+01  .110914941E+01  .112442007E+01
  .113989665E+01  .115558184E+01  .117147836E+01  .118758896E+01  .120391640E+01
  .122046352E+01  .123723315E+01  .125422818E+01  .127145154E+01  .128890617E+01
  .130659506E+01  .132452124E+01  .134268778E+01  .136109777E+01  .137975434E+01
  .139866068E+01  .141781999E+01  .143723553E+01  .145691058E+01  .147684847E+01
  .149705257E+01  .151752629E+01  .153827307E+01  .155929641E+01  .158059983E+01
  .160218691E+01  .162406126E+01  .164622653E+01  .166868643E+01  .169144469E+01
  .171450510E+01  .173787150E+01  .176154775E+01  .178553777E+01  .180984554E+01
  .183447505E+01  .185943038E+01  .188471561E+01  .191033490E+01  .193629244E+01
  .196259249E+01  .198923934E+01  .201623732E+01  .204359084E+01  .207130433E+01
  .209938228E+01  .212782924E+01  .215664980E+01  .218584861E+01  .221543036E+01
  .224539981E+01  .227576175E+01  .230652103E+01  .233768258E+01  .236925134E+01
  .240123235E+01  .243363067E+01  .246645143E+01  .249969982E+01  .253338107E+01
  .256750048E+01  .260206342E+01  .263707528E+01  .267254155E+01  .270846775E+01
  .274485947E+01  .278172236E+01  .281906212E+01  .285688453E+01  .289519542E+01
  .293400067E+01  .297330624E+01  .301311814E+01  .305344245E+01  .309428531E+01
  .313565293E+01  .317755156E+01  .321998755E+01  .326296729E+01  .330649724E+01
  .335058393E+01  .339523395E+01  .344045396E+01  .348625069E+01  .353263093E+01
  .357960154E+01  .362716944E+01  .367534165E+01  .372412522E+01  .377352728E+01
  .382355504E+01  .387421578E+01  .392551683E+01  .397746562E+01  .403006962E+01
  .408333639E+01  .413727356E+01  .419188882E+01  .424718996E+01  .430318480E+01
  .435988127E+01  .441728735E+01  .447541111E+01  .453426068E+01  .459384426E+01
  .465417014E+01  .471524668E+01  .477708230E+01  .483968551E+01  .490306488E+01
  .496722907E+01  .503218682E+01  .509794691E+01  .516451823E+01  .523190974E+01
  .530013045E+01  .536918949E+01  .543909602E+01  .550985929E+01  .558148865E+01
  .565399350E+01  .572738332E+01  .580166766E+01  .587685616E+01  .595295852E+01
  .602998454E+01  .610794406E+01  .618684702E+01  .626670344E+01  .634752338E+01
  .642931701E+01  .651209457E+01  .659586634E+01  .668064273E+01  .676643417E+01
  .685325120E+01  .694110441E+01  .703000447E+01  .711996213E+01  .721098820E+01
  .730309357E+01  .739628919E+01  .749058609E+01  .758599536E+01  .768252817E+01
  .778019575E+01  .787900940E+01  .797898049E+01  .808012045E+01  .818244077E+01
  .828595303E+01  .839066884E+01  .849659991E+01  .860375797E+01  .871215483E+01
  .882180238E+01  .893271254E+01  .904489730E+01  .915836870E+01  .927313885E+01
  .938921989E+01  .950662403E+01  .962536354E+01  .974545071E+01  .986689791E+01
  .998971755E+01  .101139221E+02  .102395239E+02  .103665357E+02  .104949700E+02
  .106248394E+02  .107561565E+02  .108889341E+02  .110231848E+02  .111589214E+02
  .112961567E+02  .114349036E+02  .115751747E+02  .117169831E+02  .118603415E+02
  .120052628E+02  .121517601E+02  .122998461E+02  .124495338E+02  .126008362E+02
  .127537662E+02  .129083368E+02  .130645608E+02  .132224513E+02  .133820211E+02
  .135432833E+02  .137062507E+02  .138709361E+02  .140373526E+02  .142055129E+02
  .143754298E+02  .145471162E+02  .147205848E+02  .148958484E+02  .150729195E+02
  .152518110E+02  .154325352E+02  .156151049E+02  .157995324E+02  .159858301E+02
  .161740105E+02  .163640857E+02  .165560680E+02  .167499695E+02  .169458022E+02
  .171435781E+02  .173433090E+02  .175450066E+02  .177486826E+02  .179543485E+02
  .181620157E+02  .183716955E+02  .185833991E+02  .187971374E+02  .190129214E+02
  .192307618E+02  .194506692E+02  .196726540E+02  .198967265E+02  .201228968E+02
  .203511748E+02  .205815702E+02  .208140926E+02  .210487512E+02  .212855554E+02
  .215245139E+02  .217656354E+02  .220089286E+02  .222544016E+02  .225020624E+02
  .227519188E+02  .230039782E+02  .232582480E+02  .235147351E+02  .237734462E+02
  .240343876E+02  .242975654E+02  .245629856E+02  .248306534E+02  .251005741E+02
  .253727526E+02  .256471932E+02  .259239001E+02  .262028770E+02  .264841275E+02
  .267676544E+02  .270534605E+02  .273415479E+02  .276319185E+02  .279245738E+02
  .282195146E+02  .285167416E+02  .288162548E+02  .291180539E+02  .294221381E+02
  .297285060E+02  .300371559E+02  .303480856E+02  .306612921E+02  .309767722E+02
  .312945220E+02  .316145372E+02  .319368128E+02  .322613433E+02  .325881226E+02
  .329171440E+02  .332484003E+02  .335818836E+02  .339175855E+02  .342554967E+02
  .345956076E+02  .349379076E+02  .352823858E+02  .356290303E+02  .359778286E+02
  .363287678E+02  .366818338E+02  .370370121E+02  .373942873E+02  .377536434E+02
  .381150636E+02  .384785303E+02  .388440250E+02  .392115286E+02  .395810212E+02
  .399524820E+02  .403258893E+02  .407012206E+02  .410784528E+02  .414575616E+02
  .418385220E+02  .422213080E+02  .426058930E+02  .429922491E+02  .433803478E+02
  .437701596E+02  .441616539E+02  .445547993E+02  .449495635E+02  .453459131E+02
  .457438138E+02  .461432305E+02  .465441266E+02  .469464651E+02  .473502077E+02
  .477553149E+02  .481617466E+02  .485694614E+02  .489784168E+02  .493885695E+02
  .497998750E+02  .502122877E+02  .506257611E+02  .510402474E+02  .514556979E+02
  .518720629E+02  .522892913E+02  .527073312E+02  .531261295E+02  .535456321E+02
  .539657836E+02  .543865277E+02  .548078069E+02  .552295626E+02  .556517352E+02
  .560742639E+02  .564970867E+02  .569201409E+02  .573433622E+02  .577666856E+02
  .581900447E+02  .586133723E+02  .590365999E+02  .594596580E+02  .598824762E+02
  .603049827E+02  .607271049E+02  .611487692E+02  .615699007E+02  .619904236E+02
  .624102613E+02  .628293359E+02  .632475686E+02  .636648797E+02  .640811885E+02
  .644964133E+02  .649104716E+02  .653232800E+02  .657347539E+02  .661448083E+02
  .665533569E+02  .669603130E+02  .673655887E+02  .677690957E+02  .681707447E+02
  .685704456E+02  .689681079E+02  .693636403E+02  .697569507E+02  .701479466E+02
  .705365348E+02  .709226217E+02  .713061130E+02  .716869142E+02  .720649301E+02
  .724400653E+02  .728122238E+02  .731813097E+02  .735472265E+02  .739098776E+02
  .742691661E+02  .746249952E+02  .749772679E+02  .753258871E+02  .756707558E+02
  .760117772E+02  .763488543E+02  .766818906E+02  .770107898E+02  .773354556E+02
  .776557925E+02  .779717051E+02  .782830986E+02  .785898788E+02  .788919519E+02
  .791892251E+02  .794816060E+02  .797690033E+02  .800513265E+02  .803284859E+02
  .806003931E+02  .808669606E+02  .811281021E+02  .813837326E+02  .816337685E+02
  .818781275E+02  .821167289E+02  .823494934E+02  .825763435E+02  .827972035E+02
  .830119993E+02  .832206589E+02  .834231122E+02  .836192913E+02  .838091302E+02
  .839925655E+02  .841695359E+02  .843399826E+02  .845038494E+02  .846610825E+02
  .848116311E+02  .849554470E+02  .850924849E+02  .852227025E+02  .853460606E+02
  .854625231E+02  .855720572E+02  .856746335E+02  .857702260E+02  .858588120E+02
  .859403728E+02  .860148931E+02  .860823616E+02  .861427708E+02  .861961171E+02
  .862424010E+02  .862816272E+02  .863138047E+02  .863389467E+02  .863570706E+02
  .863681987E+02  .863723576E+02  .863695784E+02  .863598973E+02  .863433548E+02
  .863199967E+02  .862898735E+02  .862530405E+02  .862095584E+02  .861594928E+02
  .861029145E+02  .860398996E+02  .859705293E+02  .858948902E+02  .858130744E+02
  .857251792E+02  .856313075E+02  .855315674E+02  .854260730E+02  .853149434E+02
  .851983036E+02  .850762840E+02  .849490206E+02  .848166551E+02  .846793346E+02
  .845372119E+02  .843904454E+02  .842391989E+02  .840836419E+02  .839239494E+02
  .837603017E+02  .835928848E+02  .834218899E+02  .832475136E+02  .830699578E+02
  .828894296E+02  .827061413E+02  .825203103E+02  .823321588E+02  .821419142E+02
  .819498085E+02  .817560785E+02  .815609654E+02  .813647151E+02  .811675777E+02
  .809698074E+02  .807716628E+02  .805734060E+02  .803753031E+02  .801776238E+02
  .799806409E+02  .797846307E+02  .795898726E+02  .793966484E+02  .792052430E+02
  .790159435E+02  .788290391E+02  .786448210E+02  .784635823E+02  .782856174E+02
  .781112218E+02  .779406922E+02  .777743259E+02  .776124204E+02  .774552737E+02
  .773031832E+02  .771564462E+02  .770153591E+02  .768802171E+02  .767513142E+02
  .766289424E+02  .765133919E+02  .764049504E+02  .763039028E+02  .762105309E+02
  .761251133E+02  .760479246E+02  .759792352E+02  .759193110E+02  .758684131E+02
  .758267973E+02  .757947137E+02  .757724065E+02  .757601132E+02  .757580649E+02
  .757664853E+02  .757855906E+02  .758155890E+02  .758566805E+02  .759090562E+02
  .759728984E+02  .760483796E+02  .761356626E+02  .762349001E+02  .763462340E+02
  .764697953E+02  .766057038E+02  .767540673E+02  .769149819E+02  .770885311E+02
  .772747858E+02  .774738037E+02  .776856294E+02  .779102935E+02  .781478128E+02
  .783981897E+02  .786614122E+02  .789374535E+02  .792262714E+02  .795278088E+02
  .798419928E+02  .801687347E+02  .805079302E+02  .808594585E+02  .812231827E+02
  .815989494E+02  .819865888E+02  .823859141E+02  .827967222E+02  .832187929E+02
  .836518893E+02  .840957574E+02  .845501267E+02  .850147095E+02  .854892015E+02
  .859732818E+02  .864666126E+02  .869688397E+02  .874795927E+02  .879984850E+02
  .885251138E+02  .890590608E+02  .895998921E+02  .901471588E+02  .907003970E+02
  .912591281E+02  .918228596E+02  .923910852E+02  .929632850E+02  .935389266E+02
  .941174651E+02  .946983434E+02  .952809936E+02  .958648366E+02  .964492834E+02
  .970337355E+02  .976175853E+02  .982002171E+02  .987810081E+02  .993593281E+02
  .999345416E+02  .100506008E+03  .101073081E+03  .101635112E+03  .102191451E+03
  .102741443E+03  .103284435E+03  .103819772E+03  .104346803E+03  .104864875E+03
  .105373342E+03  .105871559E+03  .106358887E+03  .106834693E+03  .107298353E+03
  .107749247E+03  .108186769E+03  .108610319E+03  .109019311E+03  .109413171E+03
  .109791338E+03  .110153267E+03  .110498425E+03  .110826300E+03  .111136397E+03
  .111428237E+03  .111701365E+03  .111955343E+03  .112189759E+03  .112404221E+03
  .112598362E+03  .112771841E+03  .112924342E+03  .113055576E+03  .113165281E+03
  .113253225E+03  .113319205E+03  .113363047E+03  .113384611E+03  .113383787E+03
  .113360495E+03  .113314693E+03  .113246369E+03  .113155546E+03  .113042282E+03
  .112906671E+03  .112748840E+03  .112568955E+03  .112367214E+03  .112143856E+03
  .111899152E+03  .111633412E+03  .111346982E+03  .111040245E+03  .110713617E+03
  .110367555E+03  .110002547E+03  .109619120E+03  .109217833E+03  .108799282E+03
  .108364094E+03  .107912933E+03  .107446491E+03  .106965495E+03  .106470701E+03
  .105962896E+03  .105442893E+03  .104911536E+03  .104369692E+03  .103818256E+03
  .103258144E+03  .102690297E+03  .102115673E+03  .101535253E+03  .100950033E+03
  .100361025E+03  .997692564E+02  .991757648E+02  .985815993E+02  .979878167E+02
  .973954802E+02  .968056573E+02  .962194172E+02  .956378293E+02  .950619607E+02
  .944928737E+02  .939316242E+02  .933792587E+02  .928368124E+02  .923053070E+02
  .917857479E+02  .912791223E+02  .907863965E+02  .903085137E+02  .898463920E+02
  .894009214E+02  .889729621E+02  .885633419E+02  .881728541E+02  .878022553E+02
  .874522630E+02  .871235540E+02  .868167618E+02  .865324749E+02  .862712349E+02
  .860335346E+02  .858198160E+02  .856304691E+02  .854658298E+02  .853261790E+02
  .852117405E+02  .851226803E+02  .850591051E+02  .850210615E+02  .850085348E+02
  .850214486E+02  .850596638E+02  .851229782E+02  .852111261E+02  .853237783E+02
  .854605415E+02  .856209592E+02  .858045110E+02  .860106139E+02  .862386221E+02
  .864878281E+02  .867574639E+02  .870467014E+02  .873546539E+02  .876803777E+02
  .880228735E+02  .883810879E+02  .887539157E+02  .891402016E+02  .895387425E+02
  .899482899E+02  .903675521E+02  .907951974E+02  .912298563E+02  .916701246E+02
  .921145665E+02  .925617176E+02  .930100885E+02  .934581675E+02  .939044249E+02
  .943473157E+02  .947852840E+02  .952167663E+02  .956401953E+02  .960540038E+02
  .964566288E+02  .968465150E+02  .972221193E+02  .975819142E+02  .979243922E+02
  .982480696E+02  .985514908E+02  .988332315E+02  .990919035E+02  .993261579E+02
  .995346894E+02  .997162395E+02  .998696005E+02  .999936191E+02  .100087199E+03
  .100149307E+03  .100178971E+03  .100175289E+03  .100137428E+03  .100064628E+03
  .999562035E+02  .998115492E+02  .996301384E+02  .994115271E+02  .991553550E+02
  .988613477E+02  .985293176E+02  .981591654E+02  .977508807E+02  .973045433E+02
  .968203227E+02  .962984793E+02  .957393638E+02  .951434171E+02  .945111696E+02
  .938432409E+02  .931403379E+02  .924032545E+02  .916328694E+02  .908301446E+02
  .899961231E+02  .891319273E+02  .882387554E+02  .873178799E+02  .863706435E+02
  .853984569E+02  .844027946E+02  .833851921E+02  .823472411E+02  .812905868E+02
  .802169224E+02  .791279862E+02  .780255556E+02  .769114443E+02  .757874955E+02
  .746555793E+02  .735175857E+02  .723754216E+02  .712310034E+02  .700862546E+02
  .689430979E+02  .678034525E+02  .666692267E+02  .655423147E+02  .644245898E+02
  .633179008E+02  .622240653E+02  .611448667E+02  .600820474E+02  .590373058E+02
  .580122901E+02  .570085952E+02  .560277572E+02  .550712505E+02  .541404822E+02
  .532367904E+02  .523614384E+02  .515156135E+02  .507004219E+02  .499168876E+02
  .491659482E+02  .484484541E+02  .477651646E+02  .471167481E+02  .465037783E+02
  .459267348E+02  .453860006E+02  .448818627E+02  .444145099E+02  .439840345E+02
  .435904304E+02  .432335951E+02  .429133291E+02  .426293373E+02  .423812299E+02
  .421685243E+02  .419906460E+02  .418469312E+02  .417366288E+02  .416589029E+02
  .416128359E+02  .415974313E+02  .416116175E+02  .416542513E+02  .417241219E+02
  .418199554E+02  .419404191E+02  .420841262E+02  .422496411E+02  .424354836E+02
  .426401348E+02  .428620413E+02  .430996216E+02  .433512698E+02  .436153618E+02
  .438902593E+02  .441743161E+02  .444658816E+02  .447633068E+02  .450649482E+02
  .453691734E+02  .456743645E+02  .459789244E+02  .462812791E+02  .465798841E+02
  .468732267E+02  .471598318E+02  .474382643E+02  .477071339E+02  .479650979E+02
  .482108655E+02  .484431995E+02  .486609213E+02  .488629115E+02  .490481143E+02
  .492155382E+02  .493642595E+02  .494934227E+02  .496022436E+02  .496900086E+02
  .497560779E+02  .497998844E+02  .498209356E+02  .498188127E+02  .497931717E+02
  .497437421E+02  .496703271E+02  .495728025E+02  .494511161E+02  .493052857E+02
  .491353989E+02  .489416101E+02  .487241401E+02  .484832727E+02  .482193536E+02
  .479327876E+02  .476240361E+02  .472936148E+02  .469420904E+02  .465700784E+02
  .461782396E+02  .457672776E+02  .453379351E+02  .448909915E+02  .444272586E+02
  .439475788E+02  .434528204E+02  .429438756E+02  .424216561E+02  .418870908E+02
  .413411220E+02  .407847026E+02  .402187925E+02  .396443562E+02  .390623589E+02
  .384737648E+02  .378795325E+02  .372806143E+02  .366779517E+02  .360724745E+02
  .354650963E+02  .348567147E+02  .342482066E+02  .336404285E+02  .330342120E+02
  .324303647E+02  .318296658E+02  .312328671E+02  .306406895E+02  .300538232E+02
  .294729255E+02  .288986209E+02  .283314987E+02  .277721145E+02  .272209871E+02
  .266786002E+02  .261454004E+02  .256217988E+02  .251081686E+02  .246048478E+02
  .241121369E+02  .236303013E+02  .231595699E+02  .227001370E+02  .222521616E+02
  .218157697E+02  .213910532E+02  .209780723E+02  .205768553E+02  .201874005E+02
  .198096765E+02  .194436239E+02  .190891557E+02  .187461597E+02  .184144983E+02
  .180940110E+02  .177845150E+02  .174858069E+02  .171976636E+02  .169198444E+02
  .166520913E+02  .163941317E+02  .161456786E+02  .159064328E+02  .156760835E+02
  .154543106E+02  .152407852E+02  .150351714E+02  .148371273E+02  .146463067E+02
  .144623599E+02  .142849351E+02  .141136796E+02  .139482409E+02  .137882679E+02
  .136334120E+02  .134833278E+02  .133376742E+02  .131961158E+02  .130583229E+02
  .129239731E+02  .127927515E+02  .126643518E+02  .125384767E+02  .124148388E+02
  .122931607E+02  .121731760E+02  .120546290E+02  .119372762E+02  .118208855E+02
  .117052371E+02  .115901236E+02  .114753502E+02  .113607347E+02  .112461079E+02
  .111313129E+02  .110162061E+02  .109006565E+02  .107845457E+02  .106677677E+02
  .105502293E+02  .104318489E+02  .103125573E+02  .101922967E+02  .100710209E+02
  .994869452E+01  .982529306E+01  .970080229E+01  .957521807E+01  .944854567E+01
  .932079970E+01  .919200329E+01  .906218803E+01  .893139315E+01  .879966539E+01
  .866705822E+01  .853363166E+01  .839945149E+01  .826458912E+01  .812912073E+01
  .799312717E+01  .785669311E+01  .771990696E+01  .758286001E+01  .744564633E+01
  .730836205E+01  .717110513E+01  .703397474E+01  .689707105E+01  .676049461E+01
  .662434617E+01  .648872616E+01  .635373443E+01  .621946983E+01  .608602992E+01
  .595351068E+01  .582200617E+01  .569160829E+01  .556240655E+01  .543448775E+01
  .530793585E+01  .518283168E+01  .505925286E+01  .493727351E+01  .481696422E+01
  .469839183E+01  .458161938E+01  .446670594E+01  .435370664E+01  .424267248E+01
  .413365038E+01  .402668309E+01  .392180922E+01  .381906319E+01  .371847529E+01
  .362007165E+01  .352387434E+01  .342990134E+01  .333816672E+01  .324868056E+01
  .316144908E+01  .307647496E+01  .299375705E+01  .291329081E+01  .283506814E+01
  .275907779E+01  .268530522E+01  .261373296E+01  .254434054E+01  .247710486E+01
  .241200004E+01  .234899789E+01  .228806777E+01  .222917695E+01  .217229058E+01
  .211737203E+01  .206438282E+01  .201328298E+01  .196403096E+01  .191658405E+01
  .187089821E+01  .182692849E+01  .178462891E+01  .174395281E+01  .170485277E+01
  .166728091E+01  .163118883E+01  .159652792E+01  .156324923E+01  .153130379E+01
  .150064255E+01  .147121658E+01  .144297706E+01  .141587549E+01  .138986360E+01
  .136489364E+01  .134091823E+01  .131789063E+01  .129576466E+01  .127449489E+01
  .125403656E+01  .123434580E+01  .121537955E+01  .119709572E+01  .117945314E+01
  .116241173E+01  .114593238E+01  .112997721E+01  .111450936E+01  .109949325E+01
  .108489442E+01  .107067973E+01  .105681721E+01  .104327625E+01  .103002742E+01
  .101704270E+01  .100429528E+01  .991759717E+00  .979411832E+00  .967228791E+00
  .955189005E+00  .943272223E+00  .931459417E+00  .919732857E+00  .908076071E+00
  .896473724E+00  .884911831E+00  .873377393E+00  .861858796E+00  .850345341E+00
  .838827604E+00  .827297135E+00  .815746570E+00  .804169572E+00  .792560768E+00
  .780915739E+00  .769231043E+00  .757504008E+00  .745732989E+00  .733916959E+00
  .722055875E+00  .710150281E+00  .698201537E+00  .686211637E+00  .674183218E+00
  .662119524E+00  .650024382E+00  .637902084E+00  .625757529E+00  .613595904E+00
  .601422994E+00  .589244785E+00  .577067738E+00  .564898523E+00  .552744118E+00
  .540611698E+00  .528508653E+00  .516442470E+00  .504420828E+00  .492451374E+00
  .480541918E+00  .468700152E+00  .456933853E+00  .445250639E+00  .433658124E+00
  .422163721E+00  .410774768E+00  .399498343E+00  .388341412E+00  .377310644E+00
  .366412520E+00  .355653196E+00  .345038605E+00  .334574319E+00  .324265661E+00
  .314117567E+00  .304134700E+00  .294321324E+00  .284681415E+00  .275218540E+00
  .265935974E+00  .256836578E+00  .247922927E+00  .239197185E+00  .230661235E+00
  .222316561E+00  .214164379E+00  .206205523E+00  .198440572E+00  .190869745E+00
  .183493026E+00  .176310060E+00  .169320260E+00  .162522781E+00  .155916525E+00
  .149500164E+00  .143272150E+00  .137230730E+00  .131373957E+00  .125699704E+00
  .120205677E+00  .114889426E+00  .109748360E+00  .104779756E+00  .999807716E-01
  .953484571E-01  .908797657E-01  .865715643E-01  .824206433E-01  .784237264E-01
  .745774799E-01  .708785212E-01  .673234278E-01  .639087444E-01  .606309912E-01
  .574866705E-01  .544722735E-01  .515842870E-01  .488191989E-01  .461735038E-01
  .436437090E-01  .412263383E-01  .389179378E-01  .367150793E-01  .346143650E-01
  .326124313E-01  .307059519E-01  .288916417E-01  .271662596E-01  .255266116E-01
  .239695535E-01  .224919933E-01  .210908937E-01  .197632742E-01  .185062132E-01
  .173168497E-01  .161923852E-01  .151300847E-01  .141272788E-01  .131813642E-01
  .122898052E-01  .114501342E-01  .106599529E-01  .991693240E-02  .921881383E-02
  .856340868E-02  .794859883E-02  .737233655E-02  .683264438E-02  .632761478E-02
  .585540974E-02  .541426020E-02  .500246539E-02  .461839201E-02  .426047332E-02
  .392720811E-02  .361715964E-02  .332895435E-02  .306128061E-02  .281288735E-02
  .258258259E-02  .236923197E-02  .217175716E-02  .198913425E-02  .182039214E-02
  .166461081E-02  .152091965E-02  .138849573E-02  .126656206E-02  .115438583E-02
  .105127672E-02  .956585136E-03  .869700474E-03  .790049457E-03  .717094430E-03
  .650331714E-03  .589289980E-03  .533528661E-03  .482636400E-03  .436229535E-03
  .393950629E-03  .355467043E-03  .320469556E-03  .288671028E-03  .259805119E-03
  .233625046E-03  .209902401E-03  .188426008E-03  .169000840E-03  .151446971E-03
  .135598596E-03  .121303081E-03  .108420068E-03  .968206327E-04  .863864730E-04
  .770091555E-04  .685893971E-04  .610363905E-04  .542671694E-04  .482060130E-04
  .427838865E-04  .379379186E-04  .336109119E-04  .297508866E-04  .263106546E-04
  .232474240E-04  .205224301E-04  .181005945E-04  .159502077E-04  .140426366E-04
  .123520531E-04  .108551840E-04  .953108121E-05  .836090863E-05  .732774776E-05
  .641641841E-05  .561331456E-05  .490625406E-05  .428434120E-05  .373784117E-05
  .325806559E-05  .283726824E-05  .246855023E-05  .214577376E-05  .186348399E-05
  .161683814E-05  .140154139E-05  .121378886E-05  .105021330E-05  .907837939E-06
  .784033907E-06  .676482078E-06  .583138715E-06  .502204662E-06  .432097745E-06
  .371428068E-06  .318975929E-06  .273672103E-06  .234580264E-06  .200881325E-06
  .171859509E-06  .146889978E-06  .125427846E-06  .106998449E-06  .911887266E-07
  .776396033E-07  .660392588E-07  .561171923E-07  .476389923E-07  .404017335E-07
  .342299318E-07  .289719912E-07  .244970893E-07  .206924481E-07  .174609476E-07
  .147190384E-07  .123949216E-07  .104269601E-07  .876229683E-08  .735565092E-08
  .616827313E-08  .516703857E-08  .432366031E-08  .361400848E-08  .301752123E-08
  .251669592E-08  .209664993E-08  .174474209E-08  .145024679E-08  .120407354E-08
  .998526193E-09  .827096211E-09  .684285520E-09  .565454812E-09  .466693807E-09
  .384710429E-09  .316736229E-09  .260445782E-09  .213888056E-09  .175428053E-09
  .143697241E-09  .117551491E-09  .960354364E-10  .783523042E-10  .638384060E-10
  .519415982E-10  .422031145E-10  .342422603E-10  .277435345E-10  .224458022E-10
  .181332341E-10  .146276190E-10  .117821405E-10  .947583898E-11  .760936694E-11
  .610111265E-11  .488417763E-11  .390380331E-11  .311523356E-11  .248194181E-11
  .197416265E-11  .156767717E-11  .124280984E-11  .983601153E-12  .777126268E-12
  .612934762E-12  .482590626E-12  .379295171E-12  .297578371E-12  .233046624E-12
  .182176958E-12  .142149390E-12  .110710599E-12  .860632541E-13  .667763029E-13
  .517124000E-13  .399692854E-13  .308325235E-13  .237374666E-13  .182386994E-13
  .139855368E-13  .107024139E-13  .817322025E-14  .622880926E-14  .473705818E-14
  .359497377E-14  .272243484E-14  .205724227E-14  .155121126E-14  .116709279E-14
  .876153270E-15  .656275738E-15  .490473389E-15  .365728351E-15  .272086562E-15
  .201953794E-15  .149549352E-15  .110483074E-15  .814285536E-16  .598712695E-16
  .439149070E-16  .321327695E-16  .234540546E-16  .170770218E-16  .124028520E-16
  .898539065E-17  .649305440E-17  .468002790E-17  .336454051E-17  .241252344E-17
  .172534626E-17  .123063812E-17  .875435608E-18  .621080802E-18  .439432635E-18
  .310060899E-18  .218173657E-18  .153090520E-18  .107121082E-18  .747432885E-19
  .520031802E-19  .360776171E-19  .249566187E-19  .172132646E-19  .118374980E-19
  .811643405E-20  .554841202E-20  .378146062E-20  .256937306E-20  .174044638E-20
  .117530107E-20  .791191573E-21  .530942088E-21  .355168546E-21  .236827683E-21
  .157409070E-21  .104283349E-21  .688615249E-22  .453213864E-22  .297291825E-22
  .194358811E-22  .126635407E-22  .822287695E-23  .532105977E-23  .343135834E-23
  .220503454E-23  .141199708E-23  .900967004E-24  .572833171E-24  .362893361E-24
  .229059752E-24  .144053779E-24  .902596684E-25  .563433970E-25  .350396241E-25
  .217084974E-25  .133980223E-25  .823718506E-26  .504464521E-26  .307738962E-26
  .186990981E-26  .113169999E-26  .682182359E-27  .409556779E-27  .244882662E-27
  .145820289E-27  .864727894E-28  .510655557E-28  .300295695E-28  .175844120E-28
  .102529641E-28  .595249271E-29  .344081293E-29  .198025346E-29  .113465201E-29
  .647248890E-30  .367562395E-30  .207790770E-30  .116934056E-30  .655027287E-31
  .365229038E-31  .202694758E-31  .111963044E-31  .615524526E-32  .336773496E-32
  .183373082E-32  .993622748E-33  .535770410E-33  .287468350E-33  .153475192E-33
  .815278053E-34  .430898701E-34  .226583767E-34  .118535583E-34  .616903240E-35
  .319385806E-35  .164484947E-35  .842617139E-36  .429348005E-36  .217593012E-36
  .109677597E-36  .549805909E-37  .274094442E-37  .135884871E-37  .669888604E-38
  .328378773E-38  .160054839E-38  .775646574E-39  .373714728E-39  .179010122E-39
  .852423902E-40  .403509493E-40  .189867790E-40  .888029442E-41  .412820192E-41
  .190735177E-41  .875821491E-42  .399662868E-42  .181235682E-42  .816664062E-43
  .365654545E-43  .162668735E-43  .718985939E-44  .315716545E-44  .137724812E-44
  .596818158E-45  .256899801E-45  .109838386E-45  .466433470E-46  .196719236E-46
  .823951592E-47  .342712795E-47  .141549557E-47  .580512956E-48  .236382857E-48
  .955643595E-49  .383554354E-49  .152821250E-49  .604423212E-50  .237286796E-50
  .924603143E-51  .357569625E-51  .137234481E-51  .522681291E-52  .197540097E-52
  .740783802E-53  .275625064E-53  .101744243E-53  .372595468E-54  .135355031E-54
  .487744685E-55  .174326847E-55  .617964473E-56  .217251826E-56  .757436492E-57
  .261902452E-57  .898247618E-58  .305772667E-58  .103696973E-58  .351798480E-59
  .122737348E-59  .462049549E-60  .217787748E-60  .164221369E-60  .000000000E+00
  .000000000E+00  .000000000E+00  .000000000E+00  .000000000E+00  .000000000E+00
  .000000000E+00  .000000000E+00  .000000000E+00  .000000000E+00  .000000000E+00
  .000000000E+00  .000000000E+00  .000000000E+00  .000000000E+00  .000000000E+00
  .000000000E+00  .000000000E+00  .000000000E+00  .000000000E+00  .000000000E+00
  .000000000E+00  .000000000E+00  .000000000E+00  .000000000E+00  .000000000E+00
  .000000000E+00  .000000000E+00  .000000000E+00  .000000000E+00  .000000000E+00
  .000000000E+00  .000000000E+00  .000000000E+00  .000000000E+00  .000000000E+00
  .000000000E+00  .000000000E+00  .000000000E+00  .000000000E+00  .000000000E+00
  .000000000E+00  .000000000E+00  .000000000E+00  .000000000E+00  .000000000E+00
  .000000000E+00  .000000000E+00  .000000000E+00  .000000000E+00  .000000000E+00
  .000000000E+00  .000000000E+00  .000000000E+00  .000000000E+00  .000000000E+00
  .000000000E+00  .000000000E+00  .000000000E+00  .000000000E+00  .000000000E+00
  .000000000E+00  .000000000E+00  .000000000E+00  .000000000E+00  .000000000E+00
  .000000000E+00  .000000000E+00  .000000000E+00  .000000000E+00  .000000000E+00
  .000000000E+00  .000000000E+00  .000000000E+00  .000000000E+00  .000000000E+00
  .000000000E+00  .000000000E+00  .000000000E+00  .000000000E+00  .000000000E+00
  .000000000E+00  .000000000E+00  .000000000E+00  .000000000E+00  .000000000E+00
  .000000000E+00  .000000000E+00  .000000000E+00  .000000000E+00  .000000000E+00
  .000000000E+00  .000000000E+00  .000000000E+00  .000000000E+00  .000000000E+00
  .000000000E+00  .000000000E+00  .000000000E+00  .000000000E+00  .000000000E+00
  .000000000E+00  .000000000E+00  .000000000E+00  .000000000E+00  .000000000E+00
  .000000000E+00  .000000000E+00  .000000000E+00  .000000000E+00  .000000000E+00
  .000000000E+00  .000000000E+00  .000000000E+00  .000000000E+00  .000000000E+00
  .000000000E+00  .000000000E+00  .000000000E+00  .000000000E+00  .000000000E+00
  .000000000E+00  .000000000E+00  .000000000E+00  .000000000E+00  .000000000E+00
  .000000000E+00  .000000000E+00  .000000000E+00  .000000000E+00  .000000000E+00
  .000000000E+00  .000000000E+00  .000000000E+00  .000000000E+00  .000000000E+00
  .000000000E+00  .000000000E+00  .000000000E+00  .000000000E+00  .000000000E+00
  .000000000E+00  .000000000E+00  .000000000E+00  .000000000E+00  .000000000E+00
  .000000000E+00  .000000000E+00  .000000000E+00  .000000000E+00  .000000000E+00
  .000000000E+00  .000000000E+00  .000000000E+00  .000000000E+00  .000000000E+00
  .000000000E+00  .000000000E+00  .000000000E+00  .000000000E+00  .000000000E+00
  .000000000E+00  .000000000E+00  .000000000E+00  .000000000E+00  .000000000E+00
  .000000000E+00  .000000000E+00  .000000000E+00  .000000000E+00  .000000000E+00
  .000000000E+00  .000000000E+00  .000000000E+00  .000000000E+00  .000000000E+00
  .000000000E+00  .000000000E+00  .000000000E+00  .000000000E+00  .000000000E+00
  .000000000E+00  .000000000E+00  .000000000E+00  .000000000E+00  .000000000E+00
  .000000000E+00  .000000000E+00  .000000000E+00  .000000000E+00  .000000000E+00
  .000000000E+00  .000000000E+00  .000000000E+00  .000000000E+00  .000000000E+00
  .000000000E+00  .000000000E+00  .000000000E+00  .000000000E+00  .000000000E+00
  .000000000E+00  .000000000E+00  .000000000E+00  .000000000E+00  .000000000E+00
  .000000000E+00  .000000000E+00  .000000000E+00  .000000000E+00  .000000000E+00
  .000000000E+00  .000000000E+00  .000000000E+00  .000000000E+00  .000000000E+00
  .000000000E+00  .000000000E+00  .000000000E+00  .000000000E+00  .000000000E+00
  .000000000E+00  .000000000E+00  .000000000E+00  .000000000E+00  .000000000E+00
  .000000000E+00  .000000000E+00  .000000000E+00  .000000000E+00  .000000000E+00
