  PAW_PBE V 06Sep2000                    
 100
Core Pot   L  =         .00000   -.28475
  -.30000000E+01  .15031676E+01
  -.29500000E+01  .14853459E+01
  -.29000000E+01  .14674404E+01
  -.28500000E+01  .14494423E+01
  -.28000000E+01  .14313433E+01
  -.27500000E+01  .14131354E+01
  -.27000000E+01  .13948106E+01
  -.26500000E+01  .13763614E+01
  -.26000000E+01  .13577803E+01
  -.25500000E+01  .13390600E+01
  -.25000000E+01  .13201931E+01
  -.24500000E+01  .13011724E+01
  -.24000000E+01  .12819908E+01
  -.23500000E+01  .12626409E+01
  -.23000000E+01  .12431155E+01
  -.22500000E+01  .12234072E+01
  -.22000000E+01  .12035086E+01
  -.21500000E+01  .11834122E+01
  -.21000000E+01  .11631101E+01
  -.20500000E+01  .11425946E+01
  -.20000000E+01  .11218577E+01
  -.19500000E+01  .11008909E+01
  -.19000000E+01  .10796860E+01
  -.18500000E+01  .10582340E+01
  -.18000000E+01  .10365261E+01
  -.17500000E+01  .10145528E+01
  -.17000000E+01  .99230460E+00
  -.16500000E+01  .96977141E+00
  -.16000000E+01  .94694288E+00
  -.15500000E+01  .92380821E+00
  -.15000000E+01  .90035619E+00
  -.14500000E+01  .87657510E+00
  -.14000000E+01  .85245275E+00
  -.13500000E+01  .82797639E+00
  -.13000000E+01  .80313268E+00
  -.12500000E+01  .77790769E+00
  -.12000000E+01  .75228681E+00
  -.11500000E+01  .72625471E+00
  -.11000000E+01  .69979531E+00
  -.10500000E+01  .67289170E+00
  -.10000000E+01  .64552612E+00
  -.95000000E+00  .61767984E+00
  -.90000000E+00  .58933315E+00
  -.85000000E+00  .56046525E+00
  -.80000000E+00  .53105417E+00
  -.75000000E+00  .50107670E+00
  -.70000000E+00  .47050828E+00
  -.65000000E+00  .43932292E+00
  -.60000000E+00  .40749302E+00
  -.55000000E+00  .37498939E+00
  -.50000000E+00  .34178091E+00
  -.45000000E+00  .30783455E+00
  -.40000000E+00  .27311516E+00
  -.35000000E+00  .23758523E+00
  -.30000000E+00  .20120478E+00
  -.25000000E+00  .16393109E+00
  -.20000000E+00  .12571847E+00
  -.15000000E+00  .86518008E-01
  -.10000000E+00  .46277238E-01
  -.50000000E-01  .49398479E-02
  -.22898350E-14 -.37554705E-01
   .50000000E-01 -.81271601E-01
   .10000000E+00 -.12628111E+00
   .15000000E+00 -.17265913E+00
   .20000000E+00 -.22048770E+00
   .25000000E+00 -.26985573E+00
   .30000000E+00 -.32085967E+00
   .35000000E+00 -.37360438E+00
   .40000000E+00 -.42820402E+00
   .45000000E+00 -.48478316E+00
   .50000000E+00 -.54347798E+00
   .55000000E+00 -.60443768E+00
   .60000000E+00 -.66782604E+00
   .65000000E+00 -.73382328E+00
   .70000000E+00 -.80262819E+00
   .75000000E+00 -.87446060E+00
   .80000000E+00 -.94956419E+00
   .85000000E+00 -.10282099E+01
   .90000000E+00 -.11106999E+01
   .95000000E+00 -.11973719E+01
   .10000000E+01 -.12886052E+01
   .10500000E+01 -.13848266E+01
   .11000000E+01 -.14865185E+01
   .11500000E+01 -.15942282E+01
   .12000000E+01 -.17085792E+01
   .12500000E+01 -.18302849E+01
   .13000000E+01 -.19601654E+01
   .13500000E+01 -.20991686E+01
   .14000000E+01 -.22483954E+01
   .14500000E+01 -.24091328E+01
   .15000000E+01 -.25828941E+01
   .15500000E+01 -.27714717E+01
   .16000000E+01 -.29770040E+01
   .16500000E+01 -.32020636E+01
   .17000000E+01 -.34497733E+01
   .17500000E+01 -.37239613E+01
   .18000000E+01 -.40293728E+01
   .18500000E+01 -.43719619E+01
   .19000000E+01 -.47593025E+01
   .19500000E+01 -.52011801E+01
   .20000000E+01 -.57104623E+01
Potential  L  =         .00000   -.28475
  -.30000000E+01  .15286127E+01
  -.29500000E+01  .15125992E+01
  -.29000000E+01  .14964298E+01
  -.28500000E+01  .14801002E+01
  -.28000000E+01  .14636059E+01
  -.27500000E+01  .14469423E+01
  -.27000000E+01  .14301046E+01
  -.26500000E+01  .14130875E+01
  -.26000000E+01  .13958857E+01
  -.25500000E+01  .13784938E+01
  -.25000000E+01  .13609057E+01
  -.24500000E+01  .13431154E+01
  -.24000000E+01  .13251165E+01
  -.23500000E+01  .13069021E+01
  -.23000000E+01  .12884652E+01
  -.22500000E+01  .12697983E+01
  -.22000000E+01  .12508935E+01
  -.21500000E+01  .12317426E+01
  -.21000000E+01  .12123369E+01
  -.20500000E+01  .11926671E+01
  -.20000000E+01  .11727235E+01
  -.19500000E+01  .11524959E+01
  -.19000000E+01  .11319733E+01
  -.18500000E+01  .11111444E+01
  -.18000000E+01  .10899969E+01
  -.17500000E+01  .10685178E+01
  -.17000000E+01  .10466934E+01
  -.16500000E+01  .10245092E+01
  -.16000000E+01  .10019494E+01
  -.15500000E+01  .97899768E+00
  -.15000000E+01  .95563620E+00
  -.14500000E+01  .93184608E+00
  -.14000000E+01  .90760709E+00
  -.13500000E+01  .88289758E+00
  -.13000000E+01  .85769429E+00
  -.12500000E+01  .83197224E+00
  -.12000000E+01  .80570458E+00
  -.11500000E+01  .77886234E+00
  -.11000000E+01  .75141427E+00
  -.10500000E+01  .72332658E+00
  -.10000000E+01  .69456266E+00
  -.95000000E+00  .66508282E+00
  -.90000000E+00  .63484387E+00
  -.85000000E+00  .60379880E+00
  -.80000000E+00  .57189629E+00
  -.75000000E+00  .53908020E+00
  -.70000000E+00  .50528899E+00
  -.65000000E+00  .47045502E+00
  -.60000000E+00  .43450380E+00
  -.55000000E+00  .39735305E+00
  -.50000000E+00  .35891165E+00
  -.45000000E+00  .31907840E+00
  -.40000000E+00  .27774055E+00
  -.35000000E+00  .23477214E+00
  -.30000000E+00  .19003188E+00
  -.25000000E+00  .14336082E+00
  -.20000000E+00  .94579394E-01
  -.15000000E+00  .43483984E-01
  -.10000000E+00 -.10157326E-01
  -.50000000E-01 -.66609869E-01
  -.22898350E-14 -.12617869E+00
   .50000000E-01 -.18921633E+00
   .10000000E+00 -.25613249E+00
   .15000000E+00 -.32740620E+00
   .20000000E+00 -.40360121E+00
   .25000000E+00 -.48538569E+00
   .30000000E+00 -.57355765E+00
   .35000000E+00 -.66907828E+00
   .40000000E+00 -.77311603E+00
   .45000000E+00 -.88710581E+00
   .50000000E+00 -.10128298E+01
   .55000000E+00 -.11525295E+01
   .60000000E+00 -.13090641E+01
   .65000000E+00 -.14861397E+01
   .70000000E+00 -.16886479E+01
   .75000000E+00 -.19231818E+01
   .80000000E+00 -.21988475E+01
   .85000000E+00 -.25285873E+01
   .90000000E+00 -.29314403E+01
   .95000000E+00 -.34366117E+01
   .10000000E+01 -.40913071E+01
   .10500000E+01 -.49771296E+01
   .11000000E+01 -.62483944E+01
   .11500000E+01 -.82363368E+01
   .12000000E+01 -.11804548E+02
   .12500000E+01 -.20136871E+02
   .13000000E+01 -.62472630E+02
   .13500000E+01  .60728553E+02
   .14000000E+01  .20850751E+02
   .14500000E+01  .12713862E+02
   .15000000E+01  .91980787E+01
   .15500000E+01  .72301118E+01
   .16000000E+01  .59672340E+01
   .16500000E+01  .50844188E+01
   .17000000E+01  .44297226E+01
   .17500000E+01  .39226048E+01
   .18000000E+01  .35163916E+01
   .18500000E+01  .31821657E+01
   .19000000E+01  .29010535E+01
   .19500000E+01  .26602109E+01
   .20000000E+01  .24505917E+01
Core Pot   L  =        1.00000   -.20000
  -.30000000E+01 -.73923416E+00
  -.29500000E+01 -.45659633E+01
  -.29000000E+01  .11542560E+02
  -.28500000E+01  .43252083E+01
  -.28000000E+01  .31540395E+01
  -.27500000E+01  .26663936E+01
  -.27000000E+01  .23942835E+01
  -.26500000E+01  .22175082E+01
  -.26000000E+01  .20911973E+01
  -.25500000E+01  .19947910E+01
  -.25000000E+01  .19175391E+01
  -.24500000E+01  .18532732E+01
  -.24000000E+01  .17982004E+01
  -.23500000E+01  .17498596E+01
  -.23000000E+01  .17065836E+01
  -.22500000E+01  .16672026E+01
  -.22000000E+01  .16308712E+01
  -.21500000E+01  .15969628E+01
  -.21000000E+01  .15650032E+01
  -.20500000E+01  .15346260E+01
  -.20000000E+01  .15055439E+01
  -.19500000E+01  .14775279E+01
  -.19000000E+01  .14503933E+01
  -.18500000E+01  .14239889E+01
  -.18000000E+01  .13981896E+01
  -.17500000E+01  .13728910E+01
  -.17000000E+01  .13480049E+01
  -.16500000E+01  .13234561E+01
  -.16000000E+01  .12991801E+01
  -.15500000E+01  .12751206E+01
  -.15000000E+01  .12512288E+01
  -.14500000E+01  .12274612E+01
  -.14000000E+01  .12037794E+01
  -.13500000E+01  .11801489E+01
  -.13000000E+01  .11565385E+01
  -.12500000E+01  .11329197E+01
  -.12000000E+01  .11092666E+01
  -.11500000E+01  .10855549E+01
  -.11000000E+01  .10617622E+01
  -.10500000E+01  .10378673E+01
  -.10000000E+01  .10138503E+01
  -.95000000E+00  .98969193E+00
  -.90000000E+00  .96537400E+00
  -.85000000E+00  .94087876E+00
  -.80000000E+00  .91618896E+00
  -.75000000E+00  .89128771E+00
  -.70000000E+00  .86615834E+00
  -.65000000E+00  .84078436E+00
  -.60000000E+00  .81514929E+00
  -.55000000E+00  .78923665E+00
  -.50000000E+00  .76302983E+00
  -.45000000E+00  .73651203E+00
  -.40000000E+00  .70966620E+00
  -.35000000E+00  .68247495E+00
  -.30000000E+00  .65492048E+00
  -.25000000E+00  .62698452E+00
  -.20000000E+00  .59864825E+00
  -.15000000E+00  .56989224E+00
  -.10000000E+00  .54069634E+00
  -.50000000E-01  .51103967E+00
  -.22898350E-14  .48090046E+00
   .50000000E-01  .45025603E+00
   .10000000E+00  .41908267E+00
   .15000000E+00  .38735551E+00
   .20000000E+00  .35504857E+00
   .25000000E+00  .32213442E+00
   .30000000E+00  .28858424E+00
   .35000000E+00  .25436766E+00
   .40000000E+00  .21945256E+00
   .45000000E+00  .18380502E+00
   .50000000E+00  .14738906E+00
   .55000000E+00  .11016656E+00
   .60000000E+00  .72096982E-01
   .65000000E+00  .33137233E-01
   .70000000E+00 -.67586133E-02
   .75000000E+00 -.47639551E-01
   .80000000E+00 -.89557924E-01
   .85000000E+00 -.13256974E+00
   .90000000E+00 -.17673501E+00
   .95000000E+00 -.22211813E+00
   .10000000E+01 -.26878831E+00
   .10500000E+01 -.31682006E+00
   .11000000E+01 -.36629369E+00
   .11500000E+01 -.41729594E+00
   .12000000E+01 -.46992061E+00
   .12500000E+01 -.52426936E+00
   .13000000E+01 -.58045253E+00
   .13500000E+01 -.63859012E+00
   .14000000E+01 -.69881286E+00
   .14500000E+01 -.76126348E+00
   .15000000E+01 -.82609814E+00
   .15500000E+01 -.89348802E+00
   .16000000E+01 -.96362124E+00
   .16500000E+01 -.10367050E+01
   .17000000E+01 -.11129680E+01
   .17500000E+01 -.11926635E+01
   .18000000E+01 -.12760726E+01
   .18500000E+01 -.13635082E+01
   .19000000E+01 -.14553196E+01
   .19500000E+01 -.15518982E+01
   .20000000E+01 -.16536836E+01
Potential  L  =        1.00000   -.20000
  -.30000000E+01  .16644854E+01
  -.29500000E+01  .16500981E+01
  -.29000000E+01  .16356025E+01
  -.28500000E+01  .16209965E+01
  -.28000000E+01  .16062776E+01
  -.27500000E+01  .15914435E+01
  -.27000000E+01  .15764919E+01
  -.26500000E+01  .15614201E+01
  -.26000000E+01  .15462255E+01
  -.25500000E+01  .15309056E+01
  -.25000000E+01  .15154574E+01
  -.24500000E+01  .14998781E+01
  -.24000000E+01  .14841647E+01
  -.23500000E+01  .14683141E+01
  -.23000000E+01  .14523232E+01
  -.22500000E+01  .14361886E+01
  -.22000000E+01  .14199069E+01
  -.21500000E+01  .14034746E+01
  -.21000000E+01  .13868879E+01
  -.20500000E+01  .13701430E+01
  -.20000000E+01  .13532361E+01
  -.19500000E+01  .13361628E+01
  -.19000000E+01  .13189191E+01
  -.18500000E+01  .13015004E+01
  -.18000000E+01  .12839021E+01
  -.17500000E+01  .12661194E+01
  -.17000000E+01  .12481473E+01
  -.16500000E+01  .12299805E+01
  -.16000000E+01  .12116138E+01
  -.15500000E+01  .11930413E+01
  -.15000000E+01  .11742573E+01
  -.14500000E+01  .11552555E+01
  -.14000000E+01  .11360296E+01
  -.13500000E+01  .11165728E+01
  -.13000000E+01  .10968782E+01
  -.12500000E+01  .10769384E+01
  -.12000000E+01  .10567457E+01
  -.11500000E+01  .10362922E+01
  -.11000000E+01  .10155694E+01
  -.10500000E+01  .99456861E+00
  -.10000000E+01  .97328051E+00
  -.95000000E+00  .95169545E+00
  -.90000000E+00  .92980326E+00
  -.85000000E+00  .90759325E+00
  -.80000000E+00  .88505418E+00
  -.75000000E+00  .86217424E+00
  -.70000000E+00  .83894098E+00
  -.65000000E+00  .81534128E+00
  -.60000000E+00  .79136129E+00
  -.55000000E+00  .76698640E+00
  -.50000000E+00  .74220120E+00
  -.45000000E+00  .71698937E+00
  -.40000000E+00  .69133363E+00
  -.35000000E+00  .66521570E+00
  -.30000000E+00  .63861620E+00
  -.25000000E+00  .61151455E+00
  -.20000000E+00  .58388890E+00
  -.15000000E+00  .55571602E+00
  -.10000000E+00  .52697117E+00
  -.50000000E-01  .49762799E+00
  -.22898350E-14  .46765839E+00
   .50000000E-01  .43703233E+00
   .10000000E+00  .40571772E+00
   .15000000E+00  .37368020E+00
   .20000000E+00  .34088293E+00
   .25000000E+00  .30728639E+00
   .30000000E+00  .27284809E+00
   .35000000E+00  .23752231E+00
   .40000000E+00  .20125976E+00
   .45000000E+00  .16400725E+00
   .50000000E+00  .12570727E+00
   .55000000E+00  .86297527E-01
   .60000000E+00  .45710467E-01
   .65000000E+00  .38726714E-02
   .70000000E+00 -.39295789E-01
   .75000000E+00 -.83882100E-01
   .80000000E+00 -.12998155E+00
   .85000000E+00 -.17769851E+00
   .90000000E+00 -.22714755E+00
   .95000000E+00 -.27845470E+00
   .10000000E+01 -.33175898E+00
   .10500000E+01 -.38721409E+00
   .11000000E+01 -.44499041E+00
   .11500000E+01 -.50527737E+00
   .12000000E+01 -.56828619E+00
   .12500000E+01 -.63425309E+00
   .13000000E+01 -.70344317E+00
   .13500000E+01 -.77615497E+00
   .14000000E+01 -.85272588E+00
   .14500000E+01 -.93353879E+00
   .15000000E+01 -.10190300E+01
   .15500000E+01 -.11096988E+01
   .16000000E+01 -.12061197E+01
   .16500000E+01 -.13089564E+01
   .17000000E+01 -.14189808E+01
   .17500000E+01 -.15370952E+01
   .18000000E+01 -.16643618E+01
   .18500000E+01 -.18020392E+01
   .19000000E+01 -.19516304E+01
   .19500000E+01 -.21149452E+01
   .20000000E+01 -.22941828E+01
Core Pot   L  =        2.00000   -.17853
  -.30000000E+01  .17378375E+01
  -.29500000E+01  .17229513E+01
  -.29000000E+01  .17079159E+01
  -.28500000E+01  .16927262E+01
  -.28000000E+01  .16773768E+01
  -.27500000E+01  .16618620E+01
  -.27000000E+01  .16461759E+01
  -.26500000E+01  .16303119E+01
  -.26000000E+01  .16142632E+01
  -.25500000E+01  .15980227E+01
  -.25000000E+01  .15815823E+01
  -.24500000E+01  .15649340E+01
  -.24000000E+01  .15480688E+01
  -.23500000E+01  .15309770E+01
  -.23000000E+01  .15136486E+01
  -.22500000E+01  .14960724E+01
  -.22000000E+01  .14782366E+01
  -.21500000E+01  .14601282E+01
  -.21000000E+01  .14417335E+01
  -.20500000E+01  .14230373E+01
  -.20000000E+01  .14040232E+01
  -.19500000E+01  .13846735E+01
  -.19000000E+01  .13649685E+01
  -.18500000E+01  .13448870E+01
  -.18000000E+01  .13244056E+01
  -.17500000E+01  .13034985E+01
  -.17000000E+01  .12821373E+01
  -.16500000E+01  .12602907E+01
  -.16000000E+01  .12379237E+01
  -.15500000E+01  .12149974E+01
  -.15000000E+01  .11914686E+01
  -.14500000E+01  .11672885E+01
  -.14000000E+01  .11424024E+01
  -.13500000E+01  .11167483E+01
  -.13000000E+01  .10902560E+01
  -.12500000E+01  .10628453E+01
  -.12000000E+01  .10344244E+01
  -.11500000E+01  .10048874E+01
  -.11000000E+01  .97411175E+00
  -.10500000E+01  .94195459E+00
  -.10000000E+01  .90824831E+00
  -.95000000E+00  .87279494E+00
  -.90000000E+00  .83535876E+00
  -.85000000E+00  .79565686E+00
  -.80000000E+00  .75334655E+00
  -.75000000E+00  .70800853E+00
  -.70000000E+00  .65912408E+00
  -.65000000E+00  .60604354E+00
  -.60000000E+00  .54794198E+00
  -.55000000E+00  .48375556E+00
  -.50000000E+00  .41208789E+00
  -.45000000E+00  .33106879E+00
  -.40000000E+00  .23813399E+00
  -.35000000E+00  .12966972E+00
  -.30000000E+00  .41356725E-03
  -.25000000E+00 -.15760778E+00
  -.20000000E+00 -.35708396E+00
  -.15000000E+00 -.61951568E+00
  -.10000000E+00 -.98447216E+00
  -.50000000E-01 -.15336260E+01
  -.22898350E-14 -.24670601E+01
   .50000000E-01 -.44398910E+01
   .10000000E+00 -.11560659E+02
   .15000000E+00  .40195820E+02
   .20000000E+00  .85222300E+01
   .25000000E+00  .50949143E+01
   .30000000E+00  .37694018E+01
   .35000000E+00  .30588073E+01
   .40000000E+00  .26110061E+01
   .45000000E+00  .22995458E+01
   .50000000E+00  .20678212E+01
   .55000000E+00  .18866972E+01
   .60000000E+00  .17396456E+01
   .65000000E+00  .16165902E+01
   .70000000E+00  .15110365E+01
   .75000000E+00  .14186088E+01
   .80000000E+00  .13362498E+01
   .85000000E+00  .12617576E+01
   .90000000E+00  .11935049E+01
   .95000000E+00  .11302619E+01
   .10000000E+01  .10710808E+01
   .10500000E+01  .10152184E+01
   .11000000E+01  .96208256E+00
   .11500000E+01  .91119504E+00
   .12000000E+01  .86216414E+00
   .12500000E+01  .81466522E+00
   .13000000E+01  .76842599E+00
   .13500000E+01  .72321556E+00
   .14000000E+01  .67883593E+00
   .14500000E+01  .63511555E+00
   .15000000E+01  .59190419E+00
   .15500000E+01  .54906890E+00
   .16000000E+01  .50649082E+00
   .16500000E+01  .46406252E+00
   .17000000E+01  .42168589E+00
   .17500000E+01  .37927039E+00
   .18000000E+01  .33673157E+00
   .18500000E+01  .29398981E+00
   .19000000E+01  .25096926E+00
   .19500000E+01  .20759695E+00
   .20000000E+01  .16380193E+00
Potential  L  =        2.00000   -.17853
  -.30000000E+01  .14952112E+01
  -.29500000E+01  .14771828E+01
  -.29000000E+01  .14589317E+01
  -.28500000E+01  .14404506E+01
  -.28000000E+01  .14217322E+01
  -.27500000E+01  .14027685E+01
  -.27000000E+01  .13835511E+01
  -.26500000E+01  .13640714E+01
  -.26000000E+01  .13443202E+01
  -.25500000E+01  .13242880E+01
  -.25000000E+01  .13039645E+01
  -.24500000E+01  .12833391E+01
  -.24000000E+01  .12624006E+01
  -.23500000E+01  .12411370E+01
  -.23000000E+01  .12195360E+01
  -.22500000E+01  .11975842E+01
  -.22000000E+01  .11752677E+01
  -.21500000E+01  .11525716E+01
  -.21000000E+01  .11294802E+01
  -.20500000E+01  .11059770E+01
  -.20000000E+01  .10820443E+01
  -.19500000E+01  .10576634E+01
  -.19000000E+01  .10328142E+01
  -.18500000E+01  .10074755E+01
  -.18000000E+01  .98162486E+00
  -.17500000E+01  .95523800E+00
  -.17000000E+01  .92828918E+00
  -.16500000E+01  .90075086E+00
  -.16000000E+01  .87259353E+00
  -.15500000E+01  .84378558E+00
  -.15000000E+01  .81429306E+00
  -.14500000E+01  .78407950E+00
  -.14000000E+01  .75310564E+00
  -.13500000E+01  .72132918E+00
  -.13000000E+01  .68870444E+00
  -.12500000E+01  .65518206E+00
  -.12000000E+01  .62070858E+00
  -.11500000E+01  .58522600E+00
  -.11000000E+01  .54867132E+00
  -.10500000E+01  .51097595E+00
  -.10000000E+01  .47206509E+00
  -.95000000E+00  .43185699E+00
  -.90000000E+00  .39026214E+00
  -.85000000E+00  .34718231E+00
  -.80000000E+00  .30250944E+00
  -.75000000E+00  .25612439E+00
  -.70000000E+00  .20789547E+00
  -.65000000E+00  .15767675E+00
  -.60000000E+00  .10530604E+00
  -.55000000E+00  .50602569E-01
  -.50000000E+00 -.66357530E-02
  -.45000000E+00 -.66635605E-01
  -.40000000E+00 -.12965211E+00
  -.35000000E+00 -.19597348E+00
  -.30000000E+00 -.26592654E+00
  -.25000000E+00 -.33988345E+00
  -.20000000E+00 -.41826989E+00
  -.15000000E+00 -.50157502E+00
  -.10000000E+00 -.59036382E+00
  -.50000000E-01 -.68529241E+00
  -.22898350E-14 -.78712719E+00
   .50000000E-01 -.89676908E+00
   .10000000E+00 -.10152845E+01
   .15000000E+00 -.11439449E+01
   .20000000E+00 -.12842794E+01
   .25000000E+00 -.14381424E+01
   .30000000E+00 -.16078059E+01
   .35000000E+00 -.17960842E+01
   .40000000E+00 -.20065051E+01
   .45000000E+00 -.22435525E+01
   .50000000E+00 -.25130134E+01
   .55000000E+00 -.28224884E+01
   .60000000E+00 -.31821634E+01
   .65000000E+00 -.36060103E+01
   .70000000E+00 -.41137269E+01
   .75000000E+00 -.47340058E+01
   .80000000E+00 -.55103299E+01
   .85000000E+00 -.65119129E+01
   .90000000E+00 -.78560382E+01
   .95000000E+00 -.97585587E+01
   .10000000E+01 -.12664995E+02
   .10500000E+01 -.17666700E+02
   .11000000E+01 -.28336274E+02
   .11500000E+01 -.67065441E+02
   .12000000E+01  .21594972E+03
   .12500000E+01  .42699687E+02
   .13000000E+01  .24077954E+02
   .13500000E+01  .16938535E+02
   .14000000E+01  .13158299E+02
   .14500000E+01  .10814212E+02
   .15000000E+01  .92158258E+01
   .15500000E+01  .80541211E+01
   .16000000E+01  .71700740E+01
   .16500000E+01  .64734965E+01
   .17000000E+01  .59094271E+01
   .17500000E+01  .54424614E+01
   .18000000E+01  .50487636E+01
   .18500000E+01  .47116979E+01
   .19000000E+01  .44193003E+01
   .19500000E+01  .41627461E+01
   .20000000E+01  .39353833E+01
Core Pot   L  =        3.00000    .00000
  -.30000000E+01  .20645588E+01
  -.29500000E+01  .20528115E+01
  -.29000000E+01  .20410034E+01
  -.28500000E+01  .20291337E+01
  -.28000000E+01  .20172015E+01
  -.27500000E+01  .20052058E+01
  -.27000000E+01  .19931457E+01
  -.26500000E+01  .19810203E+01
  -.26000000E+01  .19688285E+01
  -.25500000E+01  .19565693E+01
  -.25000000E+01  .19442417E+01
  -.24500000E+01  .19318447E+01
  -.24000000E+01  .19193771E+01
  -.23500000E+01  .19068379E+01
  -.23000000E+01  .18942258E+01
  -.22500000E+01  .18815398E+01
  -.22000000E+01  .18687787E+01
  -.21500000E+01  .18559411E+01
  -.21000000E+01  .18430258E+01
  -.20500000E+01  .18300317E+01
  -.20000000E+01  .18169572E+01
  -.19500000E+01  .18038011E+01
  -.19000000E+01  .17905620E+01
  -.18500000E+01  .17772384E+01
  -.18000000E+01  .17638288E+01
  -.17500000E+01  .17503318E+01
  -.17000000E+01  .17367458E+01
  -.16500000E+01  .17230692E+01
  -.16000000E+01  .17093004E+01
  -.15500000E+01  .16954375E+01
  -.15000000E+01  .16814791E+01
  -.14500000E+01  .16674231E+01
  -.14000000E+01  .16532679E+01
  -.13500000E+01  .16390115E+01
  -.13000000E+01  .16246519E+01
  -.12500000E+01  .16101872E+01
  -.12000000E+01  .15956153E+01
  -.11500000E+01  .15809341E+01
  -.11000000E+01  .15661413E+01
  -.10500000E+01  .15512348E+01
  -.10000000E+01  .15362121E+01
  -.95000000E+00  .15210710E+01
  -.90000000E+00  .15058088E+01
  -.85000000E+00  .14904231E+01
  -.80000000E+00  .14749112E+01
  -.75000000E+00  .14592703E+01
  -.70000000E+00  .14434978E+01
  -.65000000E+00  .14275905E+01
  -.60000000E+00  .14115457E+01
  -.55000000E+00  .13953600E+01
  -.50000000E+00  .13790303E+01
  -.45000000E+00  .13625534E+01
  -.40000000E+00  .13459256E+01
  -.35000000E+00  .13291435E+01
  -.30000000E+00  .13122033E+01
  -.25000000E+00  .12951013E+01
  -.20000000E+00  .12778334E+01
  -.15000000E+00  .12603956E+01
  -.10000000E+00  .12427835E+01
  -.50000000E-01  .12249927E+01
  -.22898350E-14  .12070186E+01
   .50000000E-01  .11888564E+01
   .10000000E+00  .11705012E+01
   .15000000E+00  .11519478E+01
   .20000000E+00  .11331907E+01
   .25000000E+00  .11142245E+01
   .30000000E+00  .10950432E+01
   .35000000E+00  .10756409E+01
   .40000000E+00  .10560111E+01
   .45000000E+00  .10361473E+01
   .50000000E+00  .10160426E+01
   .55000000E+00  .99568991E+00
   .60000000E+00  .97508161E+00
   .65000000E+00  .95420993E+00
   .70000000E+00  .93306667E+00
   .75000000E+00  .91164327E+00
   .80000000E+00  .88993078E+00
   .85000000E+00  .86791982E+00
   .90000000E+00  .84560054E+00
   .95000000E+00  .82296265E+00
   .10000000E+01  .79999534E+00
   .10500000E+01  .77668725E+00
   .11000000E+01  .75302646E+00
   .11500000E+01  .72900044E+00
   .12000000E+01  .70459601E+00
   .12500000E+01  .67979928E+00
   .13000000E+01  .65459563E+00
   .13500000E+01  .62896966E+00
   .14000000E+01  .60290509E+00
   .14500000E+01  .57638476E+00
   .15000000E+01  .54939052E+00
   .15500000E+01  .52190319E+00
   .16000000E+01  .49390243E+00
   .16500000E+01  .46536673E+00
   .17000000E+01  .43627326E+00
   .17500000E+01  .40659778E+00
   .18000000E+01  .37631458E+00
   .18500000E+01  .34539623E+00
   .19000000E+01  .31381360E+00
   .19500000E+01  .28153561E+00
   .20000000E+01  .24852911E+00
Potential  L  =        3.00000    .00000
  -.30000000E+01  .20668192E+01
  -.29500000E+01  .20551291E+01
  -.29000000E+01  .20433801E+01
  -.28500000E+01  .20315712E+01
  -.28000000E+01  .20197017E+01
  -.27500000E+01  .20077707E+01
  -.27000000E+01  .19957773E+01
  -.26500000E+01  .19837206E+01
  -.26000000E+01  .19715997E+01
  -.25500000E+01  .19594137E+01
  -.25000000E+01  .19471616E+01
  -.24500000E+01  .19348424E+01
  -.24000000E+01  .19224552E+01
  -.23500000E+01  .19099990E+01
  -.23000000E+01  .18974726E+01
  -.22500000E+01  .18848750E+01
  -.22000000E+01  .18722051E+01
  -.21500000E+01  .18594618E+01
  -.21000000E+01  .18466440E+01
  -.20500000E+01  .18337504E+01
  -.20000000E+01  .18207799E+01
  -.19500000E+01  .18077312E+01
  -.19000000E+01  .17946031E+01
  -.18500000E+01  .17813942E+01
  -.18000000E+01  .17681033E+01
  -.17500000E+01  .17547290E+01
  -.17000000E+01  .17412699E+01
  -.16500000E+01  .17277245E+01
  -.16000000E+01  .17140914E+01
  -.15500000E+01  .17003691E+01
  -.15000000E+01  .16865560E+01
  -.14500000E+01  .16726506E+01
  -.14000000E+01  .16586512E+01
  -.13500000E+01  .16445561E+01
  -.13000000E+01  .16303637E+01
  -.12500000E+01  .16160721E+01
  -.12000000E+01  .16016795E+01
  -.11500000E+01  .15871842E+01
  -.11000000E+01  .15725841E+01
  -.10500000E+01  .15578773E+01
  -.10000000E+01  .15430617E+01
  -.95000000E+00  .15281353E+01
  -.90000000E+00  .15130960E+01
  -.85000000E+00  .14979415E+01
  -.80000000E+00  .14826695E+01
  -.75000000E+00  .14672778E+01
  -.70000000E+00  .14517638E+01
  -.65000000E+00  .14361252E+01
  -.60000000E+00  .14203593E+01
  -.55000000E+00  .14044635E+01
  -.50000000E+00  .13884351E+01
  -.45000000E+00  .13722713E+01
  -.40000000E+00  .13559692E+01
  -.35000000E+00  .13395257E+01
  -.30000000E+00  .13229379E+01
  -.25000000E+00  .13062025E+01
  -.20000000E+00  .12893163E+01
  -.15000000E+00  .12722757E+01
  -.10000000E+00  .12550774E+01
  -.50000000E-01  .12377177E+01
  -.22898350E-14  .12201928E+01
   .50000000E-01  .12024989E+01
   .10000000E+00  .11846319E+01
   .15000000E+00  .11665876E+01
   .20000000E+00  .11483618E+01
   .25000000E+00  .11299500E+01
   .30000000E+00  .11113475E+01
   .35000000E+00  .10925495E+01
   .40000000E+00  .10735511E+01
   .45000000E+00  .10543471E+01
   .50000000E+00  .10349322E+01
   .55000000E+00  .10153007E+01
   .60000000E+00  .99544699E+00
   .65000000E+00  .97536492E+00
   .70000000E+00  .95504831E+00
   .75000000E+00  .93449065E+00
   .80000000E+00  .91368520E+00
   .85000000E+00  .89262491E+00
   .90000000E+00  .87130246E+00
   .95000000E+00  .84971023E+00
   .10000000E+01  .82784027E+00
   .10500000E+01  .80568428E+00
   .11000000E+01  .78323360E+00
   .11500000E+01  .76047922E+00
   .12000000E+01  .73741169E+00
   .12500000E+01  .71402116E+00
   .13000000E+01  .69029733E+00
   .13500000E+01  .66622942E+00
   .14000000E+01  .64180615E+00
   .14500000E+01  .61701570E+00
   .15000000E+01  .59184571E+00
   .15500000E+01  .56628301E+00
   .16000000E+01  .54031434E+00
   .16500000E+01  .51392523E+00
   .17000000E+01  .48710067E+00
   .17500000E+01  .45982488E+00
   .18000000E+01  .43208127E+00
   .18500000E+01  .40385237E+00
   .19000000E+01  .37511977E+00
   .19500000E+01  .34586409E+00
   .20000000E+01  .31606487E+00
Core Pot   L  =        4.00000    .00000
  -.30000000E+01  .23989524E+01
  -.29500000E+01  .23889612E+01
  -.29000000E+01  .23789338E+01
  -.28500000E+01  .23688674E+01
  -.28000000E+01  .23587651E+01
  -.27500000E+01  .23486247E+01
  -.27000000E+01  .23384458E+01
  -.26500000E+01  .23282286E+01
  -.26000000E+01  .23179738E+01
  -.25500000E+01  .23076779E+01
  -.25000000E+01  .22973424E+01
  -.24500000E+01  .22869655E+01
  -.24000000E+01  .22765495E+01
  -.23500000E+01  .22660929E+01
  -.23000000E+01  .22555926E+01
  -.22500000E+01  .22450519E+01
  -.22000000E+01  .22344685E+01
  -.21500000E+01  .22238420E+01
  -.21000000E+01  .22131721E+01
  -.20500000E+01  .22024596E+01
  -.20000000E+01  .21917000E+01
  -.19500000E+01  .21808974E+01
  -.19000000E+01  .21700491E+01
  -.18500000E+01  .21591546E+01
  -.18000000E+01  .21482142E+01
  -.17500000E+01  .21372268E+01
  -.17000000E+01  .21261917E+01
  -.16500000E+01  .21151080E+01
  -.16000000E+01  .21039775E+01
  -.15500000E+01  .20927952E+01
  -.15000000E+01  .20815644E+01
  -.14500000E+01  .20702845E+01
  -.14000000E+01  .20589507E+01
  -.13500000E+01  .20475667E+01
  -.13000000E+01  .20361317E+01
  -.12500000E+01  .20246415E+01
  -.12000000E+01  .20130989E+01
  -.11500000E+01  .20015031E+01
  -.11000000E+01  .19898502E+01
  -.10500000E+01  .19781428E+01
  -.10000000E+01  .19663791E+01
  -.95000000E+00  .19545586E+01
  -.90000000E+00  .19426802E+01
  -.85000000E+00  .19307439E+01
  -.80000000E+00  .19187465E+01
  -.75000000E+00  .19066903E+01
  -.70000000E+00  .18945738E+01
  -.65000000E+00  .18823937E+01
  -.60000000E+00  .18701523E+01
  -.55000000E+00  .18578475E+01
  -.50000000E+00  .18454784E+01
  -.45000000E+00  .18330442E+01
  -.40000000E+00  .18205440E+01
  -.35000000E+00  .18079768E+01
  -.30000000E+00  .17953418E+01
  -.25000000E+00  .17826379E+01
  -.20000000E+00  .17698642E+01
  -.15000000E+00  .17570196E+01
  -.10000000E+00  .17441032E+01
  -.50000000E-01  .17311139E+01
  -.22898350E-14  .17180506E+01
   .50000000E-01  .17049123E+01
   .10000000E+00  .16916977E+01
   .15000000E+00  .16784059E+01
   .20000000E+00  .16650355E+01
   .25000000E+00  .16515854E+01
   .30000000E+00  .16380544E+01
   .35000000E+00  .16244412E+01
   .40000000E+00  .16107446E+01
   .45000000E+00  .15969631E+01
   .50000000E+00  .15830956E+01
   .55000000E+00  .15691405E+01
   .60000000E+00  .15550965E+01
   .65000000E+00  .15409622E+01
   .70000000E+00  .15267360E+01
   .75000000E+00  .15124165E+01
   .80000000E+00  .14980021E+01
   .85000000E+00  .14834912E+01
   .90000000E+00  .14688821E+01
   .95000000E+00  .14541732E+01
   .10000000E+01  .14393628E+01
   .10500000E+01  .14244491E+01
   .11000000E+01  .14094303E+01
   .11500000E+01  .13943046E+01
   .12000000E+01  .13790700E+01
   .12500000E+01  .13637246E+01
   .13000000E+01  .13482663E+01
   .13500000E+01  .13326932E+01
   .14000000E+01  .13170031E+01
   .14500000E+01  .13011938E+01
   .15000000E+01  .12852631E+01
   .15500000E+01  .12692086E+01
   .16000000E+01  .12530281E+01
   .16500000E+01  .12367191E+01
   .17000000E+01  .12202791E+01
   .17500000E+01  .12037055E+01
   .18000000E+01  .11869957E+01
   .18500000E+01  .11701470E+01
   .19000000E+01  .11531565E+01
   .19500000E+01  .11360213E+01
   .20000000E+01  .11187385E+01
Potential  L  =        4.00000    .00000
  -.30000000E+01  .23995398E+01
  -.29500000E+01  .23895575E+01
  -.29000000E+01  .23795417E+01
  -.28500000E+01  .23694875E+01
  -.28000000E+01  .23593963E+01
  -.27500000E+01  .23492677E+01
  -.27000000E+01  .23391011E+01
  -.26500000E+01  .23288965E+01
  -.26000000E+01  .23186529E+01
  -.25500000E+01  .23083686E+01
  -.25000000E+01  .22980467E+01
  -.24500000E+01  .22876858E+01
  -.24000000E+01  .22772832E+01
  -.23500000E+01  .22668403E+01
  -.23000000E+01  .22563560E+01
  -.22500000E+01  .22458300E+01
  -.22000000E+01  .22352617E+01
  -.21500000E+01  .22246511E+01
  -.21000000E+01  .22139981E+01
  -.20500000E+01  .22033004E+01
  -.20000000E+01  .21925600E+01
  -.19500000E+01  .21817745E+01
  -.19000000E+01  .21709438E+01
  -.18500000E+01  .21600678E+01
  -.18000000E+01  .21491461E+01
  -.17500000E+01  .21381765E+01
  -.17000000E+01  .21271612E+01
  -.16500000E+01  .21160993E+01
  -.16000000E+01  .21049887E+01
  -.15500000E+01  .20938286E+01
  -.15000000E+01  .20826201E+01
  -.14500000E+01  .20713612E+01
  -.14000000E+01  .20600519E+01
  -.13500000E+01  .20486915E+01
  -.13000000E+01  .20372797E+01
  -.12500000E+01  .20258155E+01
  -.12000000E+01  .20142983E+01
  -.11500000E+01  .20027277E+01
  -.11000000E+01  .19911030E+01
  -.10500000E+01  .19794234E+01
  -.10000000E+01  .19676881E+01
  -.95000000E+00  .19558964E+01
  -.90000000E+00  .19440478E+01
  -.85000000E+00  .19321415E+01
  -.80000000E+00  .19201766E+01
  -.75000000E+00  .19081516E+01
  -.70000000E+00  .18960675E+01
  -.65000000E+00  .18839237E+01
  -.60000000E+00  .18717173E+01
  -.55000000E+00  .18594474E+01
  -.50000000E+00  .18471154E+01
  -.45000000E+00  .18347192E+01
  -.40000000E+00  .18222581E+01
  -.35000000E+00  .18097311E+01
  -.30000000E+00  .17971383E+01
  -.25000000E+00  .17844759E+01
  -.20000000E+00  .17717467E+01
  -.15000000E+00  .17589461E+01
  -.10000000E+00  .17460758E+01
  -.50000000E-01  .17331339E+01
  -.22898350E-14  .17201203E+01
   .50000000E-01  .17070321E+01
   .10000000E+00  .16938692E+01
   .15000000E+00  .16806304E+01
   .20000000E+00  .16673146E+01
   .25000000E+00  .16539207E+01
   .30000000E+00  .16404475E+01
   .35000000E+00  .16268938E+01
   .40000000E+00  .16132584E+01
   .45000000E+00  .15995400E+01
   .50000000E+00  .15857373E+01
   .55000000E+00  .15718491E+01
   .60000000E+00  .15578739E+01
   .65000000E+00  .15438105E+01
   .70000000E+00  .15296573E+01
   .75000000E+00  .15154131E+01
   .80000000E+00  .15010761E+01
   .85000000E+00  .14866451E+01
   .90000000E+00  .14721183E+01
   .95000000E+00  .14574943E+01
   .10000000E+01  .14427713E+01
   .10500000E+01  .14279478E+01
   .11000000E+01  .14130220E+01
   .11500000E+01  .13979922E+01
   .12000000E+01  .13828565E+01
   .12500000E+01  .13676131E+01
   .13000000E+01  .13522602E+01
   .13500000E+01  .13367957E+01
   .14000000E+01  .13212177E+01
   .14500000E+01  .13055242E+01
   .15000000E+01  .12897130E+01
   .15500000E+01  .12737820E+01
   .16000000E+01  .12577289E+01
   .16500000E+01  .12415516E+01
   .17000000E+01  .12252476E+01
   .17500000E+01  .12088145E+01
   .18000000E+01  .11922500E+01
   .18500000E+01  .11755513E+01
   .19000000E+01  .11587160E+01
   .19500000E+01  .11417414E+01
   .20000000E+01  .11246246E+01
KBPotential  L  =      2.00000   -.35707
  -.30000000E+01  .17353083E+01
  -.29500000E+01  .17204786E+01
  -.29000000E+01  .17054966E+01
  -.28500000E+01  .16903573E+01
  -.28000000E+01  .16750554E+01
  -.27500000E+01  .16595850E+01
  -.27000000E+01  .16439402E+01
  -.26500000E+01  .16281144E+01
  -.26000000E+01  .16121009E+01
  -.25500000E+01  .15958923E+01
  -.25000000E+01  .15794809E+01
  -.24500000E+01  .15628582E+01
  -.24000000E+01  .15460155E+01
  -.23500000E+01  .15289432E+01
  -.23000000E+01  .15116311E+01
  -.22500000E+01  .14940681E+01
  -.22000000E+01  .14762424E+01
  -.21500000E+01  .14581412E+01
  -.21000000E+01  .14397506E+01
  -.20500000E+01  .14210556E+01
  -.20000000E+01  .14020400E+01
  -.19500000E+01  .13826860E+01
  -.19000000E+01  .13629742E+01
  -.18500000E+01  .13428835E+01
  -.18000000E+01  .13223905E+01
  -.17500000E+01  .13014699E+01
  -.17000000E+01  .12800935E+01
  -.16500000E+01  .12582300E+01
  -.16000000E+01  .12358449E+01
  -.15500000E+01  .12128998E+01
  -.15000000E+01  .11893517E+01
  -.14500000E+01  .11651525E+01
  -.14000000E+01  .11402480E+01
  -.13500000E+01  .11145768E+01
  -.13000000E+01  .10880696E+01
  -.12500000E+01  .10606471E+01
  -.12000000E+01  .10322185E+01
  -.11500000E+01  .10026792E+01
  -.11000000E+01  .97190819E+00
  -.10500000E+01  .93976423E+00
  -.10000000E+01  .90608181E+00
  -.95000000E+00  .87066537E+00
  -.90000000E+00  .83328214E+00
  -.85000000E+00  .79365274E+00
  -.80000000E+00  .75143873E+00
  -.75000000E+00  .70622607E+00
  -.70000000E+00  .65750250E+00
  -.65000000E+00  .60462645E+00
  -.60000000E+00  .54678322E+00
  -.55000000E+00  .48292208E+00
  -.50000000E+00  .41166370E+00
  -.45000000E+00  .33116050E+00
  -.40000000E+00  .23887883E+00
  -.35000000E+00  .13124731E+00
  -.30000000E+00  .30640440E-02
  -.25000000E+00 -.15355505E+00
  -.20000000E+00 -.35116244E+00
  -.15000000E+00 -.61103712E+00
  -.10000000E+00 -.97236697E+00
  -.50000000E-01 -.15161164E+01
  -.22898350E-14 -.24409379E+01
   .50000000E-01 -.43990867E+01
   .10000000E+00 -.11513677E+02
   .15000000E+00  .38511870E+02
   .20000000E+00  .83545660E+01
   .25000000E+00  .50050923E+01
   .30000000E+00  .37046184E+01
   .35000000E+00  .30060272E+01
   .40000000E+00  .25651173E+01
   .45000000E+00  .22580309E+01
   .50000000E+00  .20292589E+01
   .55000000E+00  .18502070E+01
   .60000000E+00  .17046389E+01
   .65000000E+00  .15826614E+01
   .70000000E+00  .14778914E+01
   .75000000E+00  .13860243E+01
   .80000000E+00  .13040577E+01
   .85000000E+00  .12298259E+01
   .90000000E+00  .11617289E+01
   .95000000E+00  .10985576E+01
   .10000000E+01  .10393808E+01
   .10500000E+01  .98346805E+00
   .11000000E+01  .93023825E+00
   .11500000E+01  .87922197E+00
   .12000000E+01  .83003539E+00
   .12500000E+01  .78236073E+00
   .13000000E+01  .73593206E+00
   .13500000E+01  .69052421E+00
   .14000000E+01  .64594477E+00
   .14500000E+01  .60202756E+00
   .15000000E+01  .55862770E+00
   .15500000E+01  .51561763E+00
   .16000000E+01  .47288397E+00
   .16500000E+01  .43032502E+00
   .17000000E+01  .38784866E+00
   .17500000E+01  .34537068E+00
   .18000000E+01  .30281338E+00
   .18500000E+01  .26010437E+00
   .19000000E+01  .21717563E+00
   .19500000E+01  .17396265E+00
   .20000000E+01  .13040366E+00
KBPotential  L  =       .00000   -.56950
  -.30000000E+01  .14660166E+01
  -.29500000E+01  .14494780E+01
  -.29000000E+01  .14327849E+01
  -.28500000E+01  .14159335E+01
  -.28000000E+01  .13989200E+01
  -.27500000E+01  .13817406E+01
  -.27000000E+01  .13643913E+01
  -.26500000E+01  .13468677E+01
  -.26000000E+01  .13291657E+01
  -.25500000E+01  .13112805E+01
  -.25000000E+01  .12932077E+01
  -.24500000E+01  .12749423E+01
  -.24000000E+01  .12564793E+01
  -.23500000E+01  .12378135E+01
  -.23000000E+01  .12189394E+01
  -.22500000E+01  .11998514E+01
  -.22000000E+01  .11805437E+01
  -.21500000E+01  .11610101E+01
  -.21000000E+01  .11412442E+01
  -.20500000E+01  .11212396E+01
  -.20000000E+01  .11009891E+01
  -.19500000E+01  .10804857E+01
  -.19000000E+01  .10597219E+01
  -.18500000E+01  .10386898E+01
  -.18000000E+01  .10173814E+01
  -.17500000E+01  .99578804E+00
  -.17000000E+01  .97390094E+00
  -.16500000E+01  .95171074E+00
  -.16000000E+01  .92920774E+00
  -.15500000E+01  .90638177E+00
  -.15000000E+01  .88322217E+00
  -.14500000E+01  .85971779E+00
  -.14000000E+01  .83585694E+00
  -.13500000E+01  .81162735E+00
  -.13000000E+01  .78701614E+00
  -.12500000E+01  .76200981E+00
  -.12000000E+01  .73659413E+00
  -.11500000E+01  .71075416E+00
  -.11000000E+01  .68447418E+00
  -.10500000E+01  .65773760E+00
  -.10000000E+01  .63052706E+00
  -.95000000E+00  .60282411E+00
  -.90000000E+00  .57460933E+00
  -.85000000E+00  .54586221E+00
  -.80000000E+00  .51656106E+00
  -.75000000E+00  .48668295E+00
  -.70000000E+00  .45620357E+00
  -.65000000E+00  .42509719E+00
  -.60000000E+00  .39333650E+00
  -.55000000E+00  .36089249E+00
  -.50000000E+00  .32773435E+00
  -.45000000E+00  .29382927E+00
  -.40000000E+00  .25914241E+00
  -.35000000E+00  .22363649E+00
  -.30000000E+00  .18727179E+00
  -.25000000E+00  .15000586E+00
  -.20000000E+00  .11179333E+00
  -.15000000E+00  .72585565E-01
  -.10000000E+00  .32330421E-01
  -.50000000E-01 -.90280674E-02
  -.22898350E-14 -.51550082E-01
   .50000000E-01 -.95300413E-01
   .10000000E+00 -.14034892E+00
   .15000000E+00 -.18677099E+00
   .20000000E+00 -.23464826E+00
   .25000000E+00 -.28406904E+00
   .30000000E+00 -.33512923E+00
   .35000000E+00 -.38793302E+00
   .40000000E+00 -.44259388E+00
   .45000000E+00 -.49923559E+00
   .50000000E+00 -.55799352E+00
   .55000000E+00 -.61901583E+00
   .60000000E+00 -.68246527E+00
   .65000000E+00 -.74852092E+00
   .70000000E+00 -.81738039E+00
   .75000000E+00 -.88926172E+00
   .80000000E+00 -.96440735E+00
   .85000000E+00 -.10430863E+01
   .90000000E+00 -.11255988E+01
   .95000000E+00 -.12122805E+01
   .10000000E+01 -.13035080E+01
   .10500000E+01 -.13997056E+01
   .11000000E+01 -.15013527E+01
   .11500000E+01 -.16089933E+01
   .12000000E+01 -.17232471E+01
   .12500000E+01 -.18448235E+01
   .13000000E+01 -.19745384E+01
   .13500000E+01 -.21133346E+01
   .14000000E+01 -.22623081E+01
   .14500000E+01 -.24227401E+01
   .15000000E+01 -.25961382E+01
   .15500000E+01 -.27842890E+01
   .16000000E+01 -.29893253E+01
   .16500000E+01 -.32138150E+01
   .17000000E+01 -.34608773E+01
   .17500000E+01 -.37343403E+01
   .18000000E+01 -.40389539E+01
   .18500000E+01 -.43806854E+01
   .19000000E+01 -.47671374E+01
   .19500000E+01 -.52081479E+01
   .20000000E+01 -.57166793E+01
KBPotential  L  =      1.00000   -.40000
  -.30000000E+01  .17205185E+01
  -.29500000E+01  .17051834E+01
  -.29000000E+01  .16897314E+01
  -.28500000E+01  .16741605E+01
  -.28000000E+01  .16584684E+01
  -.27500000E+01  .16426527E+01
  -.27000000E+01  .16267110E+01
  -.26500000E+01  .16106409E+01
  -.26000000E+01  .15944398E+01
  -.25500000E+01  .15781052E+01
  -.25000000E+01  .15616343E+01
  -.24500000E+01  .15450244E+01
  -.24000000E+01  .15282727E+01
  -.23500000E+01  .15113761E+01
  -.23000000E+01  .14943317E+01
  -.22500000E+01  .14771363E+01
  -.22000000E+01  .14597868E+01
  -.21500000E+01  .14422798E+01
  -.21000000E+01  .14246118E+01
  -.20500000E+01  .14067795E+01
  -.20000000E+01  .13887790E+01
  -.19500000E+01  .13706066E+01
  -.19000000E+01  .13522585E+01
  -.18500000E+01  .13337306E+01
  -.18000000E+01  .13150187E+01
  -.17500000E+01  .12961185E+01
  -.17000000E+01  .12770257E+01
  -.16500000E+01  .12577355E+01
  -.16000000E+01  .12382432E+01
  -.15500000E+01  .12185439E+01
  -.15000000E+01  .11986324E+01
  -.14500000E+01  .11785035E+01
  -.14000000E+01  .11581516E+01
  -.13500000E+01  .11375711E+01
  -.13000000E+01  .11167559E+01
  -.12500000E+01  .10957000E+01
  -.12000000E+01  .10743970E+01
  -.11500000E+01  .10528403E+01
  -.11000000E+01  .10310229E+01
  -.10500000E+01  .10089377E+01
  -.10000000E+01  .98657722E+00
  -.95000000E+00  .96393368E+00
  -.90000000E+00  .94099901E+00
  -.85000000E+00  .91776478E+00
  -.80000000E+00  .89422220E+00
  -.75000000E+00  .87036217E+00
  -.70000000E+00  .84617504E+00
  -.65000000E+00  .82165082E+00
  -.60000000E+00  .79677912E+00
  -.55000000E+00  .77154900E+00
  -.50000000E+00  .74594907E+00
  -.45000000E+00  .71996738E+00
  -.40000000E+00  .69359141E+00
  -.35000000E+00  .66680806E+00
  -.30000000E+00  .63960357E+00
  -.25000000E+00  .61196350E+00
  -.20000000E+00  .58387270E+00
  -.15000000E+00  .55531523E+00
  -.10000000E+00  .52627433E+00
  -.50000000E-01  .49673235E+00
  -.22898350E-14  .46667070E+00
   .50000000E-01  .43606978E+00
   .10000000E+00  .40490889E+00
   .15000000E+00  .37316619E+00
   .20000000E+00  .34081856E+00
   .25000000E+00  .30784156E+00
   .30000000E+00  .27420926E+00
   .35000000E+00  .23989421E+00
   .40000000E+00  .20486724E+00
   .45000000E+00  .16909741E+00
   .50000000E+00  .13255162E+00
   .55000000E+00  .95194813E-01
   .60000000E+00  .56989504E-01
   .65000000E+00  .17895685E-01
   .70000000E+00 -.22129435E-01
   .75000000E+00 -.63131676E-01
   .80000000E+00 -.10516018E+00
   .85000000E+00 -.14826780E+00
   .90000000E+00 -.19251114E+00
   .95000000E+00 -.23795146E+00
   .10000000E+01 -.28465477E+00
   .10500000E+01 -.33269247E+00
   .11000000E+01 -.38214188E+00
   .11500000E+01 -.43308694E+00
   .12000000E+01 -.48561895E+00
   .12500000E+01 -.53983740E+00
   .13000000E+01 -.59585101E+00
   .13500000E+01 -.65377883E+00
   .14000000E+01 -.71375154E+00
   .14500000E+01 -.77591300E+00
   .15000000E+01 -.84042200E+00
   .15500000E+01 -.90745430E+00
   .16000000E+01 -.97720516E+00
   .16500000E+01 -.10498920E+01
   .17000000E+01 -.11257581E+01
   .17500000E+01 -.12050763E+01
   .18000000E+01 -.12881541E+01
   .18500000E+01 -.13753393E+01
   .19000000E+01 -.14670273E+01
   .19500000E+01 -.15636696E+01
   .20000000E+01 -.16657845E+01
KBPotential  L  =      3.00000    .00000
  -.30000000E+01  .20668192E+01
  -.29500000E+01  .20551291E+01
  -.29000000E+01  .20433801E+01
  -.28500000E+01  .20315712E+01
  -.28000000E+01  .20197017E+01
  -.27500000E+01  .20077707E+01
  -.27000000E+01  .19957773E+01
  -.26500000E+01  .19837206E+01
  -.26000000E+01  .19715997E+01
  -.25500000E+01  .19594137E+01
  -.25000000E+01  .19471616E+01
  -.24500000E+01  .19348424E+01
  -.24000000E+01  .19224552E+01
  -.23500000E+01  .19099990E+01
  -.23000000E+01  .18974726E+01
  -.22500000E+01  .18848750E+01
  -.22000000E+01  .18722051E+01
  -.21500000E+01  .18594618E+01
  -.21000000E+01  .18466440E+01
  -.20500000E+01  .18337504E+01
  -.20000000E+01  .18207799E+01
  -.19500000E+01  .18077312E+01
  -.19000000E+01  .17946031E+01
  -.18500000E+01  .17813942E+01
  -.18000000E+01  .17681033E+01
  -.17500000E+01  .17547290E+01
  -.17000000E+01  .17412699E+01
  -.16500000E+01  .17277245E+01
  -.16000000E+01  .17140914E+01
  -.15500000E+01  .17003691E+01
  -.15000000E+01  .16865560E+01
  -.14500000E+01  .16726506E+01
  -.14000000E+01  .16586512E+01
  -.13500000E+01  .16445561E+01
  -.13000000E+01  .16303637E+01
  -.12500000E+01  .16160721E+01
  -.12000000E+01  .16016795E+01
  -.11500000E+01  .15871842E+01
  -.11000000E+01  .15725841E+01
  -.10500000E+01  .15578773E+01
  -.10000000E+01  .15430617E+01
  -.95000000E+00  .15281353E+01
  -.90000000E+00  .15130960E+01
  -.85000000E+00  .14979415E+01
  -.80000000E+00  .14826695E+01
  -.75000000E+00  .14672778E+01
  -.70000000E+00  .14517638E+01
  -.65000000E+00  .14361252E+01
  -.60000000E+00  .14203593E+01
  -.55000000E+00  .14044635E+01
  -.50000000E+00  .13884351E+01
  -.45000000E+00  .13722713E+01
  -.40000000E+00  .13559692E+01
  -.35000000E+00  .13395257E+01
  -.30000000E+00  .13229379E+01
  -.25000000E+00  .13062025E+01
  -.20000000E+00  .12893163E+01
  -.15000000E+00  .12722757E+01
  -.10000000E+00  .12550774E+01
  -.50000000E-01  .12377177E+01
  -.22898350E-14  .12201928E+01
   .50000000E-01  .12024989E+01
   .10000000E+00  .11846319E+01
   .15000000E+00  .11665876E+01
   .20000000E+00  .11483618E+01
   .25000000E+00  .11299500E+01
   .30000000E+00  .11113475E+01
   .35000000E+00  .10925495E+01
   .40000000E+00  .10735511E+01
   .45000000E+00  .10543471E+01
   .50000000E+00  .10349322E+01
   .55000000E+00  .10153007E+01
   .60000000E+00  .99544699E+00
   .65000000E+00  .97536492E+00
   .70000000E+00  .95504831E+00
   .75000000E+00  .93449065E+00
   .80000000E+00  .91368520E+00
   .85000000E+00  .89262491E+00
   .90000000E+00  .87130246E+00
   .95000000E+00  .84971023E+00
   .10000000E+01  .82784027E+00
   .10500000E+01  .80568428E+00
   .11000000E+01  .78323360E+00
   .11500000E+01  .76047922E+00
   .12000000E+01  .73741169E+00
   .12500000E+01  .71402116E+00
   .13000000E+01  .69029733E+00
   .13500000E+01  .66622942E+00
   .14000000E+01  .64180615E+00
   .14500000E+01  .61701570E+00
   .15000000E+01  .59184571E+00
   .15500000E+01  .56628301E+00
   .16000000E+01  .54031434E+00
   .16500000E+01  .51392523E+00
   .17000000E+01  .48710067E+00
   .17500000E+01  .45982488E+00
   .18000000E+01  .43208127E+00
   .18500000E+01  .40385237E+00
   .19000000E+01  .37511977E+00
   .19500000E+01  .34586409E+00
   .20000000E+01  .31606487E+00
KBPotential  L  =      4.00000    .00000
  -.30000000E+01  .23995398E+01
  -.29500000E+01  .23895575E+01
  -.29000000E+01  .23795417E+01
  -.28500000E+01  .23694875E+01
  -.28000000E+01  .23593963E+01
  -.27500000E+01  .23492677E+01
  -.27000000E+01  .23391011E+01
  -.26500000E+01  .23288965E+01
  -.26000000E+01  .23186529E+01
  -.25500000E+01  .23083686E+01
  -.25000000E+01  .22980467E+01
  -.24500000E+01  .22876858E+01
  -.24000000E+01  .22772832E+01
  -.23500000E+01  .22668403E+01
  -.23000000E+01  .22563560E+01
  -.22500000E+01  .22458300E+01
  -.22000000E+01  .22352617E+01
  -.21500000E+01  .22246511E+01
  -.21000000E+01  .22139981E+01
  -.20500000E+01  .22033004E+01
  -.20000000E+01  .21925600E+01
  -.19500000E+01  .21817745E+01
  -.19000000E+01  .21709438E+01
  -.18500000E+01  .21600678E+01
  -.18000000E+01  .21491461E+01
  -.17500000E+01  .21381765E+01
  -.17000000E+01  .21271612E+01
  -.16500000E+01  .21160993E+01
  -.16000000E+01  .21049887E+01
  -.15500000E+01  .20938286E+01
  -.15000000E+01  .20826201E+01
  -.14500000E+01  .20713612E+01
  -.14000000E+01  .20600519E+01
  -.13500000E+01  .20486915E+01
  -.13000000E+01  .20372797E+01
  -.12500000E+01  .20258155E+01
  -.12000000E+01  .20142983E+01
  -.11500000E+01  .20027277E+01
  -.11000000E+01  .19911030E+01
  -.10500000E+01  .19794234E+01
  -.10000000E+01  .19676881E+01
  -.95000000E+00  .19558964E+01
  -.90000000E+00  .19440478E+01
  -.85000000E+00  .19321415E+01
  -.80000000E+00  .19201766E+01
  -.75000000E+00  .19081516E+01
  -.70000000E+00  .18960675E+01
  -.65000000E+00  .18839237E+01
  -.60000000E+00  .18717173E+01
  -.55000000E+00  .18594474E+01
  -.50000000E+00  .18471154E+01
  -.45000000E+00  .18347192E+01
  -.40000000E+00  .18222581E+01
  -.35000000E+00  .18097311E+01
  -.30000000E+00  .17971383E+01
  -.25000000E+00  .17844759E+01
  -.20000000E+00  .17717467E+01
  -.15000000E+00  .17589461E+01
  -.10000000E+00  .17460758E+01
  -.50000000E-01  .17331339E+01
  -.22898350E-14  .17201203E+01
   .50000000E-01  .17070321E+01
   .10000000E+00  .16938692E+01
   .15000000E+00  .16806304E+01
   .20000000E+00  .16673146E+01
   .25000000E+00  .16539207E+01
   .30000000E+00  .16404475E+01
   .35000000E+00  .16268938E+01
   .40000000E+00  .16132584E+01
   .45000000E+00  .15995400E+01
   .50000000E+00  .15857373E+01
   .55000000E+00  .15718491E+01
   .60000000E+00  .15578739E+01
   .65000000E+00  .15438105E+01
   .70000000E+00  .15296573E+01
   .75000000E+00  .15154131E+01
   .80000000E+00  .15010761E+01
   .85000000E+00  .14866451E+01
   .90000000E+00  .14721183E+01
   .95000000E+00  .14574943E+01
   .10000000E+01  .14427713E+01
   .10500000E+01  .14279478E+01
   .11000000E+01  .14130220E+01
   .11500000E+01  .13979922E+01
   .12000000E+01  .13828565E+01
   .12500000E+01  .13676131E+01
   .13000000E+01  .13522602E+01
   .13500000E+01  .13367957E+01
   .14000000E+01  .13212177E+01
   .14500000E+01  .13055242E+01
   .15000000E+01  .12897130E+01
   .15500000E+01  .12737820E+01
   .16000000E+01  .12577289E+01
   .16500000E+01  .12415516E+01
   .17000000E+01  .12252476E+01
   .17500000E+01  .12088145E+01
   .18000000E+01  .11922500E+01
   .18500000E+01  .11755513E+01
   .19000000E+01  .11587160E+01
   .19500000E+01  .11417414E+01
   .20000000E+01  .11246246E+01
