V: p6 d4 s1                             
  .818625258E-03  .831614102E-03  .844808830E-03  .858212699E-03  .871829021E-03
  .885661155E-03  .899712519E-03  .913986581E-03  .928486864E-03  .943216949E-03
  .958180471E-03  .973381123E-03  .988822658E-03  .100450889E-02  .102044368E-02
  .103663097E-02  .105307474E-02  .106977907E-02  .108674806E-02  .110398591E-02
  .112149687E-02  .113928525E-02  .115735544E-02  .117571191E-02  .119435917E-02
  .121330182E-02  .123254455E-02  .125209208E-02  .127194924E-02  .129212093E-02
  .131261212E-02  .133342785E-02  .135457326E-02  .137605356E-02  .139787404E-02
  .142004009E-02  .144255715E-02  .146543079E-02  .148866662E-02  .151227039E-02
  .153624790E-02  .156060505E-02  .158534785E-02  .161048239E-02  .163601485E-02
  .166195153E-02  .168829881E-02  .171506318E-02  .174225122E-02  .176986963E-02
  .179792519E-02  .182642483E-02  .185537554E-02  .188478446E-02  .191465882E-02
  .194500597E-02  .197583336E-02  .200714860E-02  .203895936E-02  .207127349E-02
  .210409893E-02  .213744373E-02  .217131612E-02  .220572440E-02  .224067704E-02
  .227618262E-02  .231224988E-02  .234888768E-02  .238610502E-02  .242391103E-02
  .246231502E-02  .250132641E-02  .254095478E-02  .258120986E-02  .262210155E-02
  .266363988E-02  .270583504E-02  .274869740E-02  .279223748E-02  .283646595E-02
  .288139369E-02  .292703170E-02  .297339119E-02  .302048353E-02  .306832027E-02
  .311691314E-02  .316627406E-02  .321641514E-02  .326734866E-02  .331908711E-02
  .337164318E-02  .342502975E-02  .347925989E-02  .353434690E-02  .359030427E-02
  .364714572E-02  .370488516E-02  .376353673E-02  .382311480E-02  .388363396E-02
  .394510901E-02  .400755502E-02  .407098726E-02  .413542126E-02  .420087278E-02
  .426735784E-02  .433489270E-02  .440349388E-02  .447317815E-02  .454396256E-02
  .461586441E-02  .468890129E-02  .476309103E-02  .483845177E-02  .491500193E-02
  .499276022E-02  .507174561E-02  .515197742E-02  .523347522E-02  .531625893E-02
  .540034874E-02  .548576520E-02  .557252913E-02  .566066173E-02  .575018449E-02
  .584111924E-02  .593348818E-02  .602731383E-02  .612261906E-02  .621942711E-02
  .631776158E-02  .641764644E-02  .651910601E-02  .662216503E-02  .672684860E-02
  .683318221E-02  .694119176E-02  .705090355E-02  .716234427E-02  .727554106E-02
  .739052146E-02  .750731345E-02  .762594543E-02  .774644626E-02  .786884524E-02
  .799317212E-02  .811945714E-02  .824773098E-02  .837802481E-02  .851037028E-02
  .864479954E-02  .878134524E-02  .892004052E-02  .906091907E-02  .920401506E-02
  .934936322E-02  .949699882E-02  .964695767E-02  .979927613E-02  .995399113E-02
  .101111402E-01  .102707614E-01  .104328933E-01  .105975754E-01  .107648475E-01
  .109347500E-01  .111073242E-01  .112826117E-01  .114606550E-01  .116414972E-01
  .118251820E-01  .120117539E-01  .122012579E-01  .123937399E-01  .125892463E-01
  .127878244E-01  .129895222E-01  .131943884E-01  .134024724E-01  .136138245E-01
  .138284956E-01  .140465376E-01  .142680031E-01  .144929453E-01  .147214187E-01
  .149534782E-01  .151891797E-01  .154285801E-01  .156717369E-01  .159187088E-01
  .161695551E-01  .164243363E-01  .166831135E-01  .169459492E-01  .172129063E-01
  .174840492E-01  .177594430E-01  .180391538E-01  .183232488E-01  .186117962E-01
  .189048652E-01  .192025263E-01  .195048508E-01  .198119111E-01  .201237810E-01
  .204405352E-01  .207622495E-01  .210890010E-01  .214208679E-01  .217579298E-01
  .221002672E-01  .224479620E-01  .228010975E-01  .231597579E-01  .235240291E-01
  .238939981E-01  .242697532E-01  .246513841E-01  .250389819E-01  .254326392E-01
  .258324497E-01  .262385089E-01  .266509135E-01  .270697617E-01  .274951534E-01
  .279271898E-01  .283659738E-01  .288116096E-01  .292642035E-01  .297238628E-01
  .301906969E-01  .306648168E-01  .311463349E-01  .316353655E-01  .321320249E-01
  .326364307E-01  .331487025E-01  .336689618E-01  .341973319E-01  .347339378E-01
  .352789067E-01  .358323674E-01  .363944510E-01  .369652902E-01  .375450201E-01
  .381337775E-01  .387317016E-01  .393389334E-01  .399556163E-01  .405818957E-01
  .412179191E-01  .418638366E-01  .425198002E-01  .431859643E-01  .438624858E-01
  .445495237E-01  .452472396E-01  .459557975E-01  .466753637E-01  .474061072E-01
  .481481994E-01  .489018145E-01  .496671291E-01  .504443226E-01  .512335769E-01
  .520350768E-01  .528490099E-01  .536755665E-01  .545149397E-01  .553673257E-01
  .562329235E-01  .571119351E-01  .580045655E-01  .589110228E-01  .598315182E-01
  .607662661E-01  .617154840E-01  .626793928E-01  .636582165E-01  .646521825E-01
  .656615218E-01  .666864684E-01  .677272603E-01  .687841386E-01  .698573483E-01
  .709471378E-01  .720537594E-01  .731774689E-01  .743185261E-01  .754771946E-01
  .766537419E-01  .778484393E-01  .790615624E-01  .802933907E-01  .815442078E-01
  .828143016E-01  .841039642E-01  .854134919E-01  .867431856E-01  .880933504E-01
  .894642960E-01  .908563367E-01  .922697912E-01  .937049832E-01  .951622409E-01
  .966418975E-01  .981442908E-01  .996697639E-01  .101218665E+00  .102791346E+00
  .104388166E+00  .106009489E+00  .107655683E+00  .109327122E+00  .111024185E+00
  .112747259E+00  .114496732E+00  .116273003E+00  .118076472E+00  .119907549E+00
  .121766646E+00  .123654183E+00  .125570587E+00  .127516290E+00  .129491730E+00
  .131497351E+00  .133533604E+00  .135600948E+00  .137699847E+00  .139830770E+00
  .141994197E+00  .144190610E+00  .146420503E+00  .148684373E+00  .150982725E+00
  .153316073E+00  .155684937E+00  .158089845E+00  .160531330E+00  .163009938E+00
  .165526217E+00  .168080726E+00  .170674031E+00  .173306708E+00  .175979337E+00
  .178692510E+00  .181446826E+00  .184242892E+00  .187081324E+00  .189962748E+00
  .192887797E+00  .195857112E+00  .198871347E+00  .201931161E+00  .205037225E+00
  .208190218E+00  .211390828E+00  .214639754E+00  .217937705E+00  .221285398E+00
  .224683562E+00  .228132935E+00  .231634265E+00  .235188312E+00  .238795844E+00
  .242457642E+00  .246174497E+00  .249947210E+00  .253776594E+00  .257663474E+00
  .261608684E+00  .265613071E+00  .269677494E+00  .273802823E+00  .277989940E+00
  .282239740E+00  .286553128E+00  .290931023E+00  .295374357E+00  .299884072E+00
  .304461126E+00  .309106489E+00  .313821143E+00  .318606083E+00  .323462319E+00
  .328390875E+00  .333392786E+00  .338469103E+00  .343620891E+00  .348849228E+00
  .354155208E+00  .359539939E+00  .365004543E+00  .370550157E+00  .376177933E+00
  .381889041E+00  .387684662E+00  .393565995E+00  .399534255E+00  .405590673E+00
  .411736494E+00  .417972981E+00  .424301415E+00  .430723090E+00  .437239320E+00
  .443851435E+00  .450560781E+00  .457368723E+00  .464276643E+00  .471285941E+00
  .478398036E+00  .485614362E+00  .492936374E+00  .500365545E+00  .507903367E+00
  .515551351E+00  .523311025E+00  .531183940E+00  .539171663E+00  .547275784E+00
  .555497910E+00  .563839670E+00  .572302712E+00  .580888706E+00  .589599342E+00
  .598436331E+00  .607401405E+00  .616496317E+00  .625722842E+00  .635082778E+00
  .644577942E+00  .654210176E+00  .663981344E+00  .673893330E+00  .683948044E+00
  .694147418E+00  .704493405E+00  .714987986E+00  .725633160E+00  .736430955E+00
  .747383421E+00  .758492630E+00  .769760682E+00  .781189700E+00  .792781832E+00
  .804539251E+00  .816464155E+00  .828558769E+00  .840825341E+00  .853266148E+00
  .865883491E+00  .878679697E+00  .891657122E+00  .904818145E+00  .918165175E+00
  .931700648E+00  .945427024E+00  .959346794E+00  .973462475E+00  .987776613E+00
  .100229178E+01  .101701058E+01  .103193564E+01  .104706962E+01  .106241521E+01
  .107797511E+01  .109375209E+01  .110974891E+01  .112596838E+01  .114241333E+01
  .115908662E+01  .117599115E+01  .119312984E+01  .121050565E+01  .122812155E+01
  .124598057E+01  .126408574E+01  .128244015E+01  .130104690E+01  .131990913E+01
  .133903001E+01  .135841274E+01  .137806055E+01  .139797671E+01  .141816450E+01
  .143862726E+01  .145936835E+01  .148039115E+01  .150169908E+01  .152329561E+01
  .154518422E+01  .156736842E+01  .158985177E+01  .161263785E+01  .163573028E+01
  .165913269E+01  .168284878E+01  .170688225E+01  .173123684E+01  .175591634E+01
  .178092455E+01  .180626531E+01  .183194250E+01  .185796001E+01  .188432179E+01
  .191103181E+01  .193809405E+01  .196551257E+01  .199329141E+01  .202143468E+01
  .204994651E+01  .207883104E+01  .210809247E+01  .213773502E+01  .216776294E+01
  .219818051E+01  .222899204E+01  .226020188E+01  .229181438E+01  .232383396E+01
  .235626504E+01  .238911209E+01  .242237958E+01  .245607203E+01  .249019400E+01
  .252475004E+01  .255974475E+01  .259518276E+01  .263106873E+01  .266740732E+01
  .270420324E+01  .274146122E+01  .277918600E+01  .281738237E+01  .285605511E+01
  .289520906E+01  .293484906E+01  .297497996E+01  .301560666E+01  .305673406E+01
  .309836708E+01  .314051067E+01  .318316980E+01  .322634943E+01  .327005457E+01
  .331429022E+01  .335906142E+01  .340437319E+01  .345023060E+01  .349663870E+01
  .354360257E+01  .359112730E+01  .363921798E+01  .368787971E+01  .373711759E+01
  .378693675E+01  .383734230E+01  .388833935E+01  .393993305E+01  .399212849E+01
  .404493082E+01  .409834515E+01  .415237660E+01  .420703028E+01  .426231130E+01
  .431822475E+01  .437477572E+01  .443196930E+01  .448981054E+01  .454830451E+01
  .460745622E+01  .466727071E+01  .472775297E+01  .478890797E+01  .485074067E+01
  .491325600E+01  .497645886E+01  .504035412E+01  .510494662E+01  .517024117E+01
  .523624254E+01  .530295546E+01  .537038464E+01  .543853472E+01  .550741031E+01
  .557701597E+01  .564735622E+01  .571843552E+01  .579025826E+01  .586282880E+01
  .593615144E+01  .601023039E+01  .608506982E+01  .616067382E+01  .623704642E+01
  .631419157E+01  .639211314E+01  .647081493E+01  .655030065E+01  .663057392E+01
  .671163829E+01  .679349719E+01  .687615399E+01  .695961193E+01  .704387416E+01
  .712894373E+01  .721482358E+01  .730151652E+01  .738902527E+01  .747735242E+01
  .756650043E+01  .765647164E+01  .774726825E+01  .783889235E+01  .793134587E+01
  .802463060E+01  .811874818E+01  .821370011E+01  .830948774E+01  .840611224E+01
  .850357464E+01  .860187579E+01  .870101637E+01  .880099689E+01  .890181767E+01
  .900347886E+01  .910598041E+01  .920932208E+01  .931350342E+01  .941852381E+01
  .952438238E+01  .963107809E+01  .973860965E+01  .984697558E+01  .995617413E+01
  .100662034E+02  .101770611E+02  .102887449E+02  .104012521E+02  .105145797E+02
  .106287247E+02  .107436834E+02  .108594524E+02  .109760274E+02  .110934044E+02
  .112115788E+02  .113305458E+02  .114503002E+02  .115708367E+02  .116921496E+02
  .118142329E+02  .119370802E+02  .120606849E+02  .121850402E+02  .123101386E+02
  .124359727E+02  .125625344E+02  .126898156E+02  .128178076E+02  .129465013E+02
  .130758876E+02  .132059567E+02  .133366986E+02  .134681029E+02  .136001587E+02
  .137328550E+02  .138661802E+02  .140001224E+02  .141346692E+02  .142698080E+02
  .144055256E+02  .145418086E+02  .146786430E+02  .148160145E+02  .149539084E+02
  .150923095E+02  .152312022E+02  .153705706E+02  .155103982E+02  .156506682E+02
  .157913633E+02  .159324657E+02  .160739574E+02  .162158196E+02  .163580335E+02
  .165005794E+02  .166434374E+02  .167865872E+02  .169300080E+02  .170736783E+02
  .172175766E+02  .173616806E+02  .175059677E+02  .176504148E+02  .177949983E+02
  .179396942E+02  .180844781E+02  .182293251E+02  .183742098E+02  .185191063E+02
  .186639885E+02  .188088295E+02  .189536024E+02  .190982794E+02  .192428325E+02
  .193872332E+02  .195314527E+02  .196754617E+02  .198192302E+02  .199627283E+02
  .201059252E+02  .202487899E+02  .203912911E+02  .205333970E+02  .206750753E+02
  .208162935E+02  .209570185E+02  .210972171E+02  .212368556E+02  .213758999E+02
  .215143156E+02  .216520680E+02  .217891221E+02  .219254425E+02  .220609935E+02
  .221957392E+02  .223296434E+02  .224626695E+02  .225947808E+02  .227259404E+02
  .228561110E+02  .229852551E+02  .231133352E+02  .232403135E+02  .233661520E+02
  .234908126E+02  .236142570E+02  .237364470E+02  .238573441E+02  .239769097E+02
  .240951053E+02  .242118922E+02  .243272320E+02  .244410859E+02  .245534153E+02
  .246641818E+02  .247733469E+02  .248808722E+02  .249867194E+02  .250908506E+02
  .251932277E+02  .252938130E+02  .253925691E+02  .254894586E+02  .255844445E+02
  .256774903E+02  .257685596E+02  .258576162E+02  .259446247E+02  .260295499E+02
  .261123570E+02  .261930118E+02  .262714804E+02  .263477298E+02  .264217272E+02
  .264934406E+02  .265628386E+02  .266298904E+02  .266945661E+02  .267568363E+02
  .268166724E+02  .268740468E+02  .269289325E+02  .269813035E+02  .270311347E+02
  .270784018E+02  .271230817E+02  .271651520E+02  .272045918E+02  .272413808E+02
  .272755000E+02  .273069317E+02  .273356591E+02  .273616669E+02  .273849408E+02
  .274054678E+02  .274232365E+02  .274382366E+02  .274504592E+02  .274598968E+02
  .274665436E+02  .274703949E+02  .274714479E+02  .274697011E+02  .274651546E+02
  .274578102E+02  .274476712E+02  .274347428E+02  .274190318E+02  .274005465E+02
  .273792973E+02  .273552962E+02  .273285569E+02  .272990952E+02  .272669286E+02
  .272320764E+02  .271945598E+02  .271544022E+02  .271116285E+02  .270662659E+02
  .270183433E+02  .269678918E+02  .269149445E+02  .268595362E+02  .268017040E+02
  .267414870E+02  .266789262E+02  .266140647E+02  .265469477E+02  .264776223E+02
  .264061378E+02  .263325454E+02  .262568984E+02  .261792522E+02  .260996640E+02
  .260181932E+02  .259349011E+02  .258498510E+02  .257631082E+02  .256747400E+02
  .255848154E+02  .254934056E+02  .254005833E+02  .253064234E+02  .252110025E+02
  .251143989E+02  .250166926E+02  .249179655E+02  .248183010E+02  .247177843E+02
  .246165019E+02  .245145421E+02  .244119944E+02  .243089501E+02  .242055015E+02
  .241017423E+02  .239977676E+02  .238936736E+02  .237895575E+02  .236855176E+02
  .235816533E+02  .234780647E+02  .233748529E+02  .232721197E+02  .231699674E+02
  .230684992E+02  .229678184E+02  .228680289E+02  .227692351E+02  .226715413E+02
  .225750521E+02  .224798720E+02  .223861056E+02  .222938571E+02  .222032308E+02
  .221143301E+02  .220272583E+02  .219421180E+02  .218590111E+02  .217780387E+02
  .216993008E+02  .216228965E+02  .215489239E+02  .214774795E+02  .214086586E+02
  .213425549E+02  .212792606E+02  .212188661E+02  .211614599E+02  .211071285E+02
  .210559563E+02  .210080255E+02  .209634160E+02  .209222051E+02  .208844677E+02
  .208502758E+02  .208196987E+02  .207928028E+02  .207696513E+02  .207503043E+02
  .207348186E+02  .207232478E+02  .207156416E+02  .207120464E+02  .207125048E+02
  .207170555E+02  .207257334E+02  .207385693E+02  .207555898E+02  .207768173E+02
  .208022701E+02  .208319618E+02  .208659017E+02  .209040946E+02  .209465404E+02
  .209932346E+02  .210441676E+02  .210993253E+02  .211586885E+02  .212222329E+02
  .212899296E+02  .213617443E+02  .214376378E+02  .215175657E+02  .216014785E+02
  .216893215E+02  .217810348E+02  .218765533E+02  .219758069E+02  .220787202E+02
  .221852124E+02  .222951978E+02  .224085856E+02  .225252796E+02  .226451790E+02
  .227681774E+02  .228941640E+02  .230230227E+02  .231546326E+02  .232888683E+02
  .234255994E+02  .235646910E+02  .237060037E+02  .238493938E+02  .239947131E+02
  .241418093E+02  .242905261E+02  .244407031E+02  .245921764E+02  .247447781E+02
  .248983370E+02  .250526786E+02  .252076250E+02  .253629955E+02  .255186064E+02
  .256742714E+02  .258298018E+02  .259850065E+02  .261396924E+02  .262936645E+02
  .264467262E+02  .265986792E+02  .267493243E+02  .268984611E+02  .270458884E+02
  .271914047E+02  .273348078E+02  .274758958E+02  .276144667E+02  .277503192E+02
  .278832525E+02  .280130667E+02  .281395631E+02  .282625447E+02  .283818158E+02
  .284971829E+02  .286084547E+02  .287154424E+02  .288179599E+02  .289158241E+02
  .290088551E+02  .290968768E+02  .291797166E+02  .292572060E+02  .293291809E+02
  .293954817E+02  .294559536E+02  .295104468E+02  .295588169E+02  .296009248E+02
  .296366375E+02  .296658276E+02  .296883742E+02  .297041626E+02  .297130850E+02
  .297150402E+02  .297099341E+02  .296976800E+02  .296781982E+02  .296514171E+02
  .296172723E+02  .295757078E+02  .295266753E+02  .294701349E+02  .294060548E+02
  .293344118E+02  .292551911E+02  .291683868E+02  .290740014E+02  .289720463E+02
  .288625419E+02  .287455172E+02  .286210103E+02  .284890684E+02  .283497475E+02
  .282031125E+02  .280492374E+02  .278882052E+02  .277201076E+02  .275450452E+02
  .273631274E+02  .271744723E+02  .269792066E+02  .267774654E+02  .265693923E+02
  .263551390E+02  .261348654E+02  .259087391E+02  .256769358E+02  .254396383E+02
  .251970372E+02  .249493299E+02  .246967209E+02  .244394212E+02  .241776485E+02
  .239116262E+02  .236415839E+02  .233677567E+02  .230903850E+02  .228097140E+02
  .225259938E+02  .222394786E+02  .219504266E+02  .216590998E+02  .213657632E+02
  .210706848E+02  .207741353E+02  .204763872E+02  .201777150E+02  .198783944E+02
  .195787023E+02  .192789158E+02  .189793125E+02  .186801695E+02  .183817634E+02
  .180843697E+02  .177882622E+02  .174937131E+02  .172009921E+02  .169103662E+02
  .166220994E+02  .163364520E+02  .160536804E+02  .157740368E+02  .154977687E+02
  .152251182E+02  .149563223E+02  .146916121E+02  .144312124E+02  .141753415E+02
  .139242110E+02  .136780252E+02  .134369809E+02  .132012671E+02  .129710649E+02
  .127465469E+02  .125278772E+02  .123152109E+02  .121086945E+02  .119084646E+02
  .117146491E+02  .115273655E+02  .113467223E+02  .111728175E+02  .110057394E+02
  .108455661E+02  .106923655E+02  .105461951E+02  .104071021E+02  .102751235E+02
  .101502855E+02  .100326043E+02  .992208545E+01  .981872401E+01  .972250478E+01
  .963340212E+01  .955138009E+01  .947639248E+01  .940838285E+01  .934728461E+01
  .929302114E+01  .924550584E+01  .920464225E+01  .917032421E+01  .914243595E+01
  .912085230E+01  .910543886E+01  .909605225E+01  .909254028E+01  .909474233E+01
  .910248959E+01  .911560547E+01  .913390590E+01  .915719986E+01  .918528968E+01
  .921797166E+01  .925503641E+01  .929626949E+01  .934145175E+01  .939035999E+01
  .944276731E+01  .949844376E+01  .955715661E+01  .961867104E+01  .968275039E+01
  .974915673E+01  .981765121E+01  .988799455E+01  .995994733E+01  .100332706E+02
  .101077258E+02  .101830760E+02  .102590854E+02  .103355200E+02  .104121483E+02
  .104887413E+02  .105650730E+02  .106409206E+02  .107160650E+02  .107902914E+02
  .108633888E+02  .109351514E+02  .110053781E+02  .110738731E+02  .111404462E+02
  .112049131E+02  .112670956E+02  .113268220E+02  .113839268E+02  .114382519E+02
  .114896458E+02  .115379645E+02  .115830714E+02  .116248373E+02  .116631410E+02
  .116978689E+02  .117289154E+02  .117561831E+02  .117795825E+02  .117990325E+02
  .118144599E+02  .118258001E+02  .118329962E+02  .118360000E+02  .118347712E+02
  .118292776E+02  .118194950E+02  .118054073E+02  .117870062E+02  .117642909E+02
  .117372686E+02  .117059535E+02  .116703674E+02  .116305392E+02  .115865045E+02
  .115383058E+02  .114859921E+02  .114296188E+02  .113692473E+02  .113049448E+02
  .112367841E+02  .111648437E+02  .110892066E+02  .110099613E+02  .109272004E+02
  .108410211E+02  .107515245E+02  .106588155E+02  .105630026E+02  .104641973E+02
  .103625143E+02  .102580707E+02  .101509863E+02  .100413827E+02  .992938360E+01
  .981511402E+01  .969870048E+01  .958027046E+01  .945995226E+01  .933787464E+01
  .921416673E+01  .908895762E+01  .896237626E+01  .883455109E+01  .870561001E+01
  .857567993E+01  .844488679E+01  .831335513E+01  .818120816E+01  .804856727E+01
  .791555217E+01  .778228044E+01  .764886759E+01  .751542672E+01  .738206859E+01
  .724890125E+01  .711603014E+01  .698355776E+01  .685158382E+01  .672020483E+01
  .658951435E+01  .645960257E+01  .633055658E+01  .620245998E+01  .607539312E+01
  .594943278E+01  .582465244E+01  .570112190E+01  .557890762E+01  .545807237E+01
  .533867553E+01  .522077282E+01  .510441655E+01  .498965540E+01  .487653471E+01
  .476509621E+01  .465537835E+01  .454741609E+01  .444124112E+01  .433688180E+01
  .423436330E+01  .413370759E+01  .403493359E+01  .393805713E+01  .384309116E+01
  .375004565E+01  .365892787E+01  .356974230E+01  .348249085E+01  .339717282E+01
  .331378513E+01  .323232228E+01  .315277656E+01  .307513802E+01  .299939470E+01
  .292553262E+01  .285353595E+01  .278338703E+01  .271506656E+01  .264855360E+01
  .258382577E+01  .252085923E+01  .245962889E+01  .240010840E+01  .234227032E+01
  .228608617E+01  .223152653E+01  .217856112E+01  .212715892E+01  .207728818E+01
  .202891659E+01  .198201127E+01  .193653894E+01  .189246590E+01  .184975819E+01
  .180838156E+01  .176830165E+01  .172948395E+01  .169189394E+01  .165549707E+01
  .162025891E+01  .158614510E+01  .155312150E+01  .152115415E+01  .149020938E+01
  .146025380E+01  .143125438E+01  .140317847E+01  .137599384E+01  .134966868E+01
  .132417171E+01  .129947210E+01  .127553959E+01  .125234446E+01  .122985755E+01
  .120805033E+01  .118689485E+01  .116636380E+01  .114643053E+01  .112706901E+01
  .110825391E+01  .108996054E+01  .107216493E+01  .105484378E+01  .103797447E+01
  .102153510E+01  .100550448E+01  .989862074E+00  .974588101E+00  .959663446E+00
  .945069711E+00  .930789177E+00  .916804831E+00  .903100330E+00  .889660027E+00
  .876468929E+00  .863512724E+00  .850777743E+00  .838250974E+00  .825920030E+00
  .813773165E+00  .801799231E+00  .789987698E+00  .778328616E+00  .766812622E+00
  .755430910E+00  .744175234E+00  .733037879E+00  .722011663E+00  .711089903E+00
  .700266423E+00  .689535520E+00  .678891963E+00  .668330967E+00  .657848192E+00
  .647439711E+00  .637102010E+00  .626831964E+00  .616626827E+00  .606484212E+00
  .596402083E+00  .586378733E+00  .576412775E+00  .566503121E+00  .556648976E+00
  .546849815E+00  .537105375E+00  .527415634E+00  .517780806E+00  .508201317E+00
  .498677801E+00  .489211077E+00  .479802143E+00  .470452157E+00  .461162429E+00
  .451934403E+00  .442769647E+00  .433669841E+00  .424636764E+00  .415672278E+00
  .406778323E+00  .397956901E+00  .389210065E+00  .380539908E+00  .371948553E+00
  .363438143E+00  .355010828E+00  .346668758E+00  .338414072E+00  .330248891E+00
  .322175305E+00  .314195371E+00  .306311097E+00  .298524444E+00  .290837310E+00
  .283251530E+00  .275768874E+00  .268391011E+00  .261119560E+00  .253956021E+00
  .246901832E+00  .239958310E+00  .233126699E+00  .226408114E+00  .219803598E+00
  .213314056E+00  .206940318E+00  .200683077E+00  .194542945E+00  .188520398E+00
  .182615833E+00  .176829510E+00  .171161610E+00  .165612181E+00  .160181196E+00
  .154868495E+00  .149673850E+00  .144596903E+00  .139637231E+00  .134794291E+00
  .130067476E+00  .125456067E+00  .120959285E+00  .116576255E+00  .112306031E+00
  .108147594E+00  .104099852E+00  .100161650E+00  .963317691E-01  .926089300E-01
  .889917988E-01  .854789892E-01  .820690661E-01  .787605490E-01  .755519155E-01
  .724416046E-01  .694280201E-01  .665095332E-01  .636844865E-01  .609511960E-01
  .583079549E-01  .557530357E-01  .532846934E-01  .509011681E-01  .486006870E-01
  .463814678E-01  .442417200E-01  .421796480E-01  .401934527E-01  .382813339E-01
  .364414922E-01  .346721309E-01  .329714577E-01  .313376868E-01  .297690402E-01
  .282637497E-01  .268200580E-01  .254362206E-01  .241105069E-01  .228412020E-01
  .216266073E-01  .204650425E-01  .193548463E-01  .182943778E-01  .172820174E-01
  .163161682E-01  .153952564E-01  .145177328E-01  .136820736E-01  .128867808E-01
  .121303836E-01  .114114388E-01  .107285314E-01  .100802757E-01  .946531522E-02
  .888232389E-02  .833000606E-02  .780709712E-02  .731236383E-02  .684460462E-02
  .640264985E-02  .598536200E-02  .559163579E-02  .522039830E-02  .487060895E-02
  .454125952E-02  .423137401E-02  .394000855E-02  .366625120E-02  .340922168E-02
  .316807114E-02  .294198177E-02  .273016646E-02  .253186837E-02  .234636047E-02
  .217294502E-02  .201095309E-02  .185974396E-02  .171870450E-02  .158724864E-02
  .146481663E-02  .135087442E-02  .124491300E-02  .114644763E-02  .105501722E-02
  .970183521E-03  .891530458E-03  .818663361E-03  .751208239E-03  .688811039E-03
  .631136907E-03  .577869455E-03  .528710032E-03  .483377003E-03  .441605033E-03
  .403144390E-03  .367760249E-03  .335232020E-03  .305352678E-03  .277928121E-03
  .252776538E-03  .229727788E-03  .208622810E-03  .189313042E-03  .171659857E-03
  .155534028E-03  .140815199E-03  .127391391E-03  .115158509E-03  .104019885E-03
  .938858338E-04  .846732229E-04  .763050713E-04  .687101602E-04  .618226640E-04
  .555818003E-04  .499314961E-04  .448200721E-04  .401999435E-04  .360273370E-04
  .322620237E-04  .288670669E-04  .258085851E-04  .230555282E-04  .205794680E-04
  .183544016E-04  .163565667E-04  .145642692E-04  .129577219E-04  .115188940E-04
  .102313705E-04  .908022203E-05  .805188272E-05  .713403771E-05  .631551823E-05
  .558620455E-05  .493693618E-05  .435942881E-05  .384619760E-05  .339048647E-05
  .298620295E-05  .262785823E-05  .231051205E-05  .202972213E-05  .178149779E-05
  .156225745E-05  .136878979E-05  .119821823E-05  .104796849E-05  .915739080E-06
  .799474314E-06  .697339875E-06  .607700539E-06  .529099978E-06  .460242448E-06
  .399976198E-06  .347278469E-06  .301241930E-06  .261062441E-06  .226028011E-06
  .195508863E-06  .168948487E-06  .145855602E-06  .125796940E-06  .108390778E-06
  .933011385E-07  .802326038E-07  .689256819E-07  .591526662E-07  .507139450E-07
  .434347125E-07  .371620429E-07  .317622887E-07  .271187707E-07  .231297293E-07
  .197065093E-07  .167719527E-07  .142589787E-07  .121093291E-07  .102724618E-07
  .870457596E-08  .736775354E-08  .622920491E-08  .526060616E-08  .443751783E-08
  .373887553E-08  .314654406E-08  .264492769E-08  .222062971E-08  .186215550E-08
  .155965385E-08  .130469177E-08  .109005877E-08  .909596938E-09  .758053518E-09
  .630953264E-09  .524487972E-09  .435421022E-09  .361004988E-09  .298910604E-09
  .247165610E-09  .204102157E-09  .168311634E-09  .138605913E-09  .113984158E-09
  .936044100E-10  .767593176E-10  .628554178E-10  .513954792E-10  .419634726E-10
  .342117951E-10  .278504251E-10  .226377233E-10  .183726739E-10  .148882292E-10
  .120459137E-10  .973092539E-11  .784841106E-11  .631998184E-11  .508100541E-11
  .407827422E-11  .326805451E-11  .261445626E-11  .208807343E-11  .166485146E-11
  .132514545E-11  .105293824E-11  .835192256E-12  .661313075E-12  .522706247E-12
  .412411724E-12  .324802835E-12  .255338816E-12  .200361730E-12  .156930103E-12
  .122682865E-12  .957282877E-13  .745534824E-13  .579507861E-13  .449579950E-13
  .348099305E-13  .268992622E-13  .207448788E-13  .159664015E-13  .122636869E-13
  .940037387E-14  .719070433E-14  .548898558E-14  .418118302E-14  .317822566E-14
  .241068649E-14  .182456413E-14  .137794480E-14  .103836645E-14  .780741777E-15
  .585725164E-15  .438431495E-15  .327433158E-15  .243976628E-15  .181371897E-15
  .134517712E-15  .995332291E-16  .734729127E-16  .541063572E-16  .397486597E-16
  .291300387E-16  .212958597E-16  .155301606E-16  .112972935E-16  .819750265E-17
  .593319103E-17  .428336984E-17  .308435313E-17  .221520861E-17  .158682070E-17
  .113369016E-17  .807801644E-18  .574049573E-18  .406835440E-18  .287543270E-18
  .202671626E-18  .142455167E-18  .998502360E-19  .697903968E-19  .486416053E-19
  .338045917E-19  .234255005E-19  .161859130E-19  .111509107E-19  .765945527E-20
  .524552978E-20  .358157618E-20  .243804518E-20  .165455535E-20  .111939159E-20
  .754975885E-21  .507602140E-21  .340206084E-21  .227288692E-21  .151362913E-21
  .100474464E-21  .664775621E-22  .438395559E-22  .288149119E-22  .188762995E-22
  .123240391E-22  .801888648E-23  .519981504E-23  .336017978E-23  .216384317E-23
  .138856257E-23  .887910529E-24  .565750051E-24  .359185763E-24  .227216629E-24
  .143210504E-24  .899312356E-25  .562644720E-25  .350697687E-25  .217767660E-25
  .134710813E-25  .830131263E-26  .509580586E-26  .311592653E-26  .189782476E-26
  .115134584E-26  .695700620E-27  .418689329E-27  .250957510E-27  .149807337E-27
  .890586738E-28  .527248276E-28  .310838896E-28  .182482875E-28  .106674507E-28
  .620920555E-29  .359859740E-29  .207652502E-29  .119297815E-29  .682344709E-30
  .388539945E-30  .220248210E-30  .124284854E-30  .698131519E-31  .390349375E-31
  .217245502E-31  .120340800E-31  .663473201E-32  .364053947E-32  .198803170E-32
  .108038682E-32  .584274234E-33  .314426119E-33  .168371167E-33  .897112114E-34
  .475595946E-34  .250855935E-34  .131639942E-34  .687242735E-35  .356922378E-35
  .184399767E-35  .947657944E-36  .484427775E-36  .246305462E-36  .124556923E-36
  .626457504E-37  .313347492E-37  .155866394E-37  .770994098E-38  .379229760E-38
  .185475648E-38  .901954630E-39  .436089695E-39  .209623593E-39  .100174552E-39
  .475890597E-40  .224733954E-40  .105492441E-40  .492202867E-41  .228252731E-41
  .105199969E-41  .481860790E-42  .219337213E-42  .992124185E-43  .445923952E-43
  .199147337E-43  .883659323E-44  .389555579E-44  .170610426E-44  .742284641E-45
  .320805030E-45  .137719200E-45  .587228470E-46  .248688374E-46  .104596205E-46
  .436882407E-47  .181207971E-47  .746328286E-48  .305209415E-48  .123924377E-48
  .499552967E-49  .199915890E-49  .794198133E-50  .313184889E-50  .122585060E-50
  .476226241E-51  .183612465E-51  .702551059E-52  .266755972E-52  .100504237E-52
  .375717808E-53  .139353990E-53  .512778800E-54  .187182974E-54  .677798638E-55
  .243447438E-55  .867265509E-56  .306418570E-56  .107366095E-56  .373069762E-57
  .128561445E-57  .439419073E-58  .149063725E-58  .503738596E-59  .170266308E-59
  .591759862E-60  .221830019E-60  .104139079E-60  .783813568E-61  .000000000E+00
  .000000000E+00  .000000000E+00  .000000000E+00  .000000000E+00  .000000000E+00
  .000000000E+00  .000000000E+00  .000000000E+00  .000000000E+00  .000000000E+00
  .000000000E+00  .000000000E+00  .000000000E+00  .000000000E+00  .000000000E+00
  .000000000E+00  .000000000E+00  .000000000E+00  .000000000E+00  .000000000E+00
  .000000000E+00  .000000000E+00  .000000000E+00  .000000000E+00  .000000000E+00
  .000000000E+00  .000000000E+00  .000000000E+00  .000000000E+00  .000000000E+00
  .000000000E+00  .000000000E+00  .000000000E+00  .000000000E+00  .000000000E+00
  .000000000E+00  .000000000E+00  .000000000E+00  .000000000E+00  .000000000E+00
  .000000000E+00  .000000000E+00  .000000000E+00  .000000000E+00  .000000000E+00
  .000000000E+00  .000000000E+00  .000000000E+00  .000000000E+00  .000000000E+00
  .000000000E+00  .000000000E+00  .000000000E+00  .000000000E+00  .000000000E+00
  .000000000E+00  .000000000E+00  .000000000E+00  .000000000E+00  .000000000E+00
  .000000000E+00  .000000000E+00  .000000000E+00  .000000000E+00  .000000000E+00
  .000000000E+00  .000000000E+00  .000000000E+00  .000000000E+00  .000000000E+00
  .000000000E+00  .000000000E+00  .000000000E+00  .000000000E+00  .000000000E+00
  .000000000E+00  .000000000E+00  .000000000E+00  .000000000E+00  .000000000E+00
  .000000000E+00  .000000000E+00  .000000000E+00  .000000000E+00  .000000000E+00
  .000000000E+00  .000000000E+00  .000000000E+00  .000000000E+00  .000000000E+00
  .000000000E+00  .000000000E+00  .000000000E+00  .000000000E+00  .000000000E+00
  .000000000E+00  .000000000E+00  .000000000E+00  .000000000E+00  .000000000E+00
  .000000000E+00  .000000000E+00  .000000000E+00  .000000000E+00  .000000000E+00
  .000000000E+00  .000000000E+00  .000000000E+00  .000000000E+00  .000000000E+00
  .000000000E+00  .000000000E+00  .000000000E+00  .000000000E+00  .000000000E+00
  .000000000E+00  .000000000E+00  .000000000E+00  .000000000E+00  .000000000E+00
  .000000000E+00  .000000000E+00  .000000000E+00  .000000000E+00  .000000000E+00
  .000000000E+00  .000000000E+00  .000000000E+00  .000000000E+00  .000000000E+00
  .000000000E+00  .000000000E+00  .000000000E+00  .000000000E+00  .000000000E+00
  .000000000E+00  .000000000E+00  .000000000E+00  .000000000E+00  .000000000E+00
  .000000000E+00  .000000000E+00  .000000000E+00  .000000000E+00  .000000000E+00
  .000000000E+00  .000000000E+00  .000000000E+00  .000000000E+00  .000000000E+00
  .000000000E+00  .000000000E+00  .000000000E+00  .000000000E+00  .000000000E+00
  .000000000E+00  .000000000E+00  .000000000E+00  .000000000E+00  .000000000E+00
  .000000000E+00  .000000000E+00  .000000000E+00  .000000000E+00  .000000000E+00
  .000000000E+00  .000000000E+00  .000000000E+00  .000000000E+00  .000000000E+00
  .000000000E+00  .000000000E+00  .000000000E+00  .000000000E+00  .000000000E+00
  .000000000E+00  .000000000E+00  .000000000E+00  .000000000E+00  .000000000E+00
