  PAW Mn                                 
 200
Core Pot   L  =         .00000   -.30361
  -.40000000E+01  .17685033E+01
  -.39700000E+01  .17596216E+01
  -.39400000E+01  .17507103E+01
  -.39100000E+01  .17417686E+01
  -.38800000E+01  .17327955E+01
  -.38500000E+01  .17237903E+01
  -.38200000E+01  .17147521E+01
  -.37900000E+01  .17056799E+01
  -.37600000E+01  .16965731E+01
  -.37300000E+01  .16874307E+01
  -.37000000E+01  .16782519E+01
  -.36700000E+01  .16690359E+01
  -.36400000E+01  .16597819E+01
  -.36100000E+01  .16504891E+01
  -.35800000E+01  .16411566E+01
  -.35500000E+01  .16317836E+01
  -.35200000E+01  .16223693E+01
  -.34900000E+01  .16129130E+01
  -.34600000E+01  .16034136E+01
  -.34300000E+01  .15938705E+01
  -.34000000E+01  .15842828E+01
  -.33700000E+01  .15746496E+01
  -.33400000E+01  .15649702E+01
  -.33100000E+01  .15552435E+01
  -.32800000E+01  .15454688E+01
  -.32500000E+01  .15356453E+01
  -.32200000E+01  .15257719E+01
  -.31900000E+01  .15158479E+01
  -.31600000E+01  .15058723E+01
  -.31300000E+01  .14958442E+01
  -.31000000E+01  .14857626E+01
  -.30700000E+01  .14756267E+01
  -.30400000E+01  .14654354E+01
  -.30100000E+01  .14551878E+01
  -.29800000E+01  .14448829E+01
  -.29500000E+01  .14345197E+01
  -.29200000E+01  .14240971E+01
  -.28900000E+01  .14136142E+01
  -.28600000E+01  .14030698E+01
  -.28300000E+01  .13924629E+01
  -.28000000E+01  .13817923E+01
  -.27700000E+01  .13710570E+01
  -.27400000E+01  .13602558E+01
  -.27100000E+01  .13493875E+01
  -.26800000E+01  .13384510E+01
  -.26500000E+01  .13274449E+01
  -.26200000E+01  .13163682E+01
  -.25900000E+01  .13052194E+01
  -.25600000E+01  .12939973E+01
  -.25300000E+01  .12827006E+01
  -.25000000E+01  .12713279E+01
  -.24700000E+01  .12598778E+01
  -.24400000E+01  .12483489E+01
  -.24100000E+01  .12367397E+01
  -.23800000E+01  .12250488E+01
  -.23500000E+01  .12132746E+01
  -.23200000E+01  .12014155E+01
  -.22900000E+01  .11894700E+01
  -.22600000E+01  .11774363E+01
  -.22300000E+01  .11653129E+01
  -.22000000E+01  .11530980E+01
  -.21700000E+01  .11407898E+01
  -.21400000E+01  .11283865E+01
  -.21100000E+01  .11158862E+01
  -.20800000E+01  .11032870E+01
  -.20500000E+01  .10905869E+01
  -.20200000E+01  .10777840E+01
  -.19900000E+01  .10648761E+01
  -.19600000E+01  .10518611E+01
  -.19300000E+01  .10387368E+01
  -.19000000E+01  .10255010E+01
  -.18700000E+01  .10121513E+01
  -.18400000E+01  .99868531E+00
  -.18100000E+01  .98510061E+00
  -.17800000E+01  .97139467E+00
  -.17500000E+01  .95756486E+00
  -.17200000E+01  .94360852E+00
  -.16900000E+01  .92952286E+00
  -.16600000E+01  .91530505E+00
  -.16300000E+01  .90095215E+00
  -.16000000E+01  .88646113E+00
  -.15700000E+01  .87182887E+00
  -.15400000E+01  .85705214E+00
  -.15100000E+01  .84212762E+00
  -.14800000E+01  .82705188E+00
  -.14500000E+01  .81182138E+00
  -.14200000E+01  .79643245E+00
  -.13900000E+01  .78088132E+00
  -.13600000E+01  .76516407E+00
  -.13300000E+01  .74927667E+00
  -.13000000E+01  .73321494E+00
  -.12700000E+01  .71697456E+00
  -.12400000E+01  .70055106E+00
  -.12100000E+01  .68393980E+00
  -.11800000E+01  .66713600E+00
  -.11500000E+01  .65013468E+00
  -.11200000E+01  .63293072E+00
  -.10900000E+01  .61551876E+00
  -.10600000E+01  .59789329E+00
  -.10300000E+01  .58004857E+00
  -.10000000E+01  .56197865E+00
  -.97000000E+00  .54367735E+00
  -.94000000E+00  .52513825E+00
  -.91000000E+00  .50635470E+00
  -.88000000E+00  .48731976E+00
  -.85000000E+00  .46802625E+00
  -.82000000E+00  .44846666E+00
  -.79000000E+00  .42863322E+00
  -.76000000E+00  .40851779E+00
  -.73000000E+00  .38811196E+00
  -.70000000E+00  .36740692E+00
  -.67000000E+00  .34639349E+00
  -.64000000E+00  .32506210E+00
  -.61000000E+00  .30340279E+00
  -.58000000E+00  .28140513E+00
  -.55000000E+00  .25905826E+00
  -.52000000E+00  .23635081E+00
  -.49000000E+00  .21327090E+00
  -.46000000E+00  .18980612E+00
  -.43000000E+00  .16594347E+00
  -.40000000E+00  .14166934E+00
  -.37000000E+00  .11696947E+00
  -.34000000E+00  .91828923E-01
  -.31000000E+00  .66232036E-01
  -.28000000E+00  .40162364E-01
  -.25000000E+00  .13602643E-01
  -.22000000E+00 -.13465265E-01
  -.19000000E+00 -.41060427E-01
  -.16000000E+00 -.69202902E-01
  -.13000000E+00 -.97913808E-01
  -.10000000E+00 -.12721539E+00
  -.70000000E-01 -.15713109E+00
  -.40000000E-01 -.18768565E+00
  -.10000000E-01 -.21890519E+00
   .20000000E-01 -.25081728E+00
   .50000000E-01 -.28345111E+00
   .80000000E-01 -.31683753E+00
   .11000000E+00 -.35100924E+00
   .14000000E+00 -.38600089E+00
   .17000000E+00 -.42184922E+00
   .20000000E+00 -.45859327E+00
   .23000000E+00 -.49627452E+00
   .26000000E+00 -.53493710E+00
   .29000000E+00 -.57462799E+00
   .32000000E+00 -.61539727E+00
   .35000000E+00 -.65729841E+00
   .38000000E+00 -.70038848E+00
   .41000000E+00 -.74472855E+00
   .44000000E+00 -.79038399E+00
   .47000000E+00 -.83742486E+00
   .50000000E+00 -.88592638E+00
   .53000000E+00 -.93596935E+00
   .56000000E+00 -.98764076E+00
   .59000000E+00 -.10410343E+01
   .62000000E+00 -.10962511E+01
   .65000000E+00 -.11534005E+01
   .68000000E+00 -.12126008E+01
   .71000000E+00 -.12739801E+01
   .74000000E+00 -.13376779E+01
   .77000000E+00 -.14038455E+01
   .80000000E+00 -.14726480E+01
   .83000000E+00 -.15442659E+01
   .86000000E+00 -.16188963E+01
   .89000000E+00 -.16967554E+01
   .92000000E+00 -.17780809E+01
   .95000000E+00 -.18631344E+01
   .98000000E+00 -.19522047E+01
   .10100000E+01 -.20456115E+01
   .10400000E+01 -.21437095E+01
   .10700000E+01 -.22468932E+01
   .11000000E+01 -.23556030E+01
   .11300000E+01 -.24703319E+01
   .11600000E+01 -.25916336E+01
   .11900000E+01 -.27201320E+01
   .12200000E+01 -.28565328E+01
   .12500000E+01 -.30016378E+01
   .12800000E+01 -.31563608E+01
   .13100000E+01 -.33217492E+01
   .13400000E+01 -.34990080E+01
   .13700000E+01 -.36895317E+01
   .14000000E+01 -.38949423E+01
   .14300000E+01 -.41171385E+01
   .14600000E+01 -.43583563E+01
   .14900000E+01 -.46212483E+01
   .15200000E+01 -.49089848E+01
   .15500000E+01 -.52253873E+01
   .15800000E+01 -.55751042E+01
   .16100000E+01 -.59638471E+01
   .16400000E+01 -.63987140E+01
   .16700000E+01 -.68886367E+01
   .17000000E+01 -.74450135E+01
   .17300000E+01 -.80826245E+01
   .17600000E+01 -.88209862E+01
   .17900000E+01 -.96864135E+01
   .18200000E+01 -.10715263E+02
   .18500000E+01 -.11959226E+02
   .18800000E+01 -.13494373E+02
   .19100000E+01 -.15437436E+02
   .19400000E+01 -.17977179E+02
   .19700000E+01 -.21440090E+02
   .20000000E+01 -.26444000E+02
Potential  L  =         .00000   -.30361
  -.40000000E+01  .17636998E+01
  -.39700000E+01  .17552981E+01
  -.39400000E+01  .17468590E+01
  -.39100000E+01  .17383819E+01
  -.38800000E+01  .17298663E+01
  -.38500000E+01  .17213117E+01
  -.38200000E+01  .17127177E+01
  -.37900000E+01  .17040838E+01
  -.37600000E+01  .16954093E+01
  -.37300000E+01  .16866939E+01
  -.37000000E+01  .16779369E+01
  -.36700000E+01  .16691378E+01
  -.36400000E+01  .16602961E+01
  -.36100000E+01  .16514110E+01
  -.35800000E+01  .16424822E+01
  -.35500000E+01  .16335089E+01
  -.35200000E+01  .16244906E+01
  -.34900000E+01  .16154266E+01
  -.34600000E+01  .16063163E+01
  -.34300000E+01  .15971590E+01
  -.34000000E+01  .15879541E+01
  -.33700000E+01  .15787008E+01
  -.33400000E+01  .15693985E+01
  -.33100000E+01  .15600465E+01
  -.32800000E+01  .15506440E+01
  -.32500000E+01  .15411903E+01
  -.32200000E+01  .15316846E+01
  -.31900000E+01  .15221261E+01
  -.31600000E+01  .15125141E+01
  -.31300000E+01  .15028476E+01
  -.31000000E+01  .14931260E+01
  -.30700000E+01  .14833482E+01
  -.30400000E+01  .14735135E+01
  -.30100000E+01  .14636208E+01
  -.29800000E+01  .14536694E+01
  -.29500000E+01  .14436582E+01
  -.29200000E+01  .14335863E+01
  -.28900000E+01  .14234527E+01
  -.28600000E+01  .14132563E+01
  -.28300000E+01  .14029961E+01
  -.28000000E+01  .13926711E+01
  -.27700000E+01  .13822801E+01
  -.27400000E+01  .13718220E+01
  -.27100000E+01  .13612956E+01
  -.26800000E+01  .13506998E+01
  -.26500000E+01  .13400333E+01
  -.26200000E+01  .13292949E+01
  -.25900000E+01  .13184833E+01
  -.25600000E+01  .13075971E+01
  -.25300000E+01  .12966350E+01
  -.25000000E+01  .12855955E+01
  -.24700000E+01  .12744773E+01
  -.24400000E+01  .12632789E+01
  -.24100000E+01  .12519987E+01
  -.23800000E+01  .12406352E+01
  -.23500000E+01  .12291867E+01
  -.23200000E+01  .12176516E+01
  -.22900000E+01  .12060282E+01
  -.22600000E+01  .11943147E+01
  -.22300000E+01  .11825093E+01
  -.22000000E+01  .11706102E+01
  -.21700000E+01  .11586153E+01
  -.21400000E+01  .11465227E+01
  -.21100000E+01  .11343304E+01
  -.20800000E+01  .11220362E+01
  -.20500000E+01  .11096380E+01
  -.20200000E+01  .10971335E+01
  -.19900000E+01  .10845203E+01
  -.19600000E+01  .10717961E+01
  -.19300000E+01  .10589584E+01
  -.19000000E+01  .10460046E+01
  -.18700000E+01  .10329320E+01
  -.18400000E+01  .10197379E+01
  -.18100000E+01  .10064195E+01
  -.17800000E+01  .99297378E+00
  -.17500000E+01  .97939774E+00
  -.17200000E+01  .96568822E+00
  -.16900000E+01  .95184195E+00
  -.16600000E+01  .93785554E+00
  -.16300000E+01  .92372547E+00
  -.16000000E+01  .90944811E+00
  -.15700000E+01  .89501967E+00
  -.15400000E+01  .88043623E+00
  -.15100000E+01  .86569372E+00
  -.14800000E+01  .85078789E+00
  -.14500000E+01  .83571437E+00
  -.14200000E+01  .82046856E+00
  -.13900000E+01  .80504572E+00
  -.13600000E+01  .78944088E+00
  -.13300000E+01  .77364891E+00
  -.13000000E+01  .75766442E+00
  -.12700000E+01  .74148182E+00
  -.12400000E+01  .72509529E+00
  -.12100000E+01  .70849873E+00
  -.11800000E+01  .69168580E+00
  -.11500000E+01  .67464987E+00
  -.11200000E+01  .65738401E+00
  -.10900000E+01  .63988098E+00
  -.10600000E+01  .62213321E+00
  -.10300000E+01  .60413278E+00
  -.10000000E+01  .58587139E+00
  -.97000000E+00  .56734035E+00
  -.94000000E+00  .54853056E+00
  -.91000000E+00  .52943245E+00
  -.88000000E+00  .51003601E+00
  -.85000000E+00  .49033070E+00
  -.82000000E+00  .47030546E+00
  -.79000000E+00  .44994864E+00
  -.76000000E+00  .42924800E+00
  -.73000000E+00  .40819065E+00
  -.70000000E+00  .38676298E+00
  -.67000000E+00  .36495067E+00
  -.64000000E+00  .34273858E+00
  -.61000000E+00  .32011074E+00
  -.58000000E+00  .29705026E+00
  -.55000000E+00  .27353925E+00
  -.52000000E+00  .24955879E+00
  -.49000000E+00  .22508881E+00
  -.46000000E+00  .20010805E+00
  -.43000000E+00  .17459391E+00
  -.40000000E+00  .14852236E+00
  -.37000000E+00  .12186787E+00
  -.34000000E+00  .94603212E-01
  -.31000000E+00  .66699394E-01
  -.28000000E+00  .38125449E-01
  -.25000000E+00  .88483025E-02
  -.22000000E+00 -.21167428E-01
  -.19000000E+00 -.51959637E-01
  -.16000000E+00 -.83568959E-01
  -.13000000E+00 -.11603902E+00
  -.10000000E+00 -.14941673E+00
  -.70000000E-01 -.18375259E+00
  -.40000000E-01 -.21910104E+00
  -.10000000E-01 -.25552087E+00
   .20000000E-01 -.29307566E+00
   .50000000E-01 -.33183426E+00
   .80000000E-01 -.37187140E+00
   .11000000E+00 -.41326828E+00
   .14000000E+00 -.45611330E+00
   .17000000E+00 -.50050293E+00
   .20000000E+00 -.54654260E+00
   .23000000E+00 -.59434777E+00
   .26000000E+00 -.64404522E+00
   .29000000E+00 -.69577438E+00
   .32000000E+00 -.74968905E+00
   .35000000E+00 -.80595924E+00
   .38000000E+00 -.86477340E+00
   .41000000E+00 -.92634097E+00
   .44000000E+00 -.99089546E+00
   .47000000E+00 -.10586979E+01
   .50000000E+00 -.11300412E+01
   .53000000E+00 -.12052550E+01
   .56000000E+00 -.12847117E+01
   .59000000E+00 -.13688336E+01
   .62000000E+00 -.14581018E+01
   .65000000E+00 -.15530664E+01
   .68000000E+00 -.16543597E+01
   .71000000E+00 -.17627120E+01
   .74000000E+00 -.18789713E+01
   .77000000E+00 -.20041284E+01
   .80000000E+00 -.21393477E+01
   .83000000E+00 -.22860075E+01
   .86000000E+00 -.24457515E+01
   .89000000E+00 -.26205556E+01
   .92000000E+00 -.28128164E+01
   .95000000E+00 -.30254701E+01
   .98000000E+00 -.32621526E+01
   .10100000E+01 -.35274216E+01
   .10400000E+01 -.38270690E+01
   .10700000E+01 -.41685681E+01
   .11000000E+01 -.45617327E+01
   .11300000E+01 -.50197105E+01
   .11600000E+01 -.55605308E+01
   .11900000E+01 -.62096019E+01
   .12200000E+01 -.70039168E+01
   .12500000E+01 -.79995060E+01
   .12800000E+01 -.92854909E+01
   .13100000E+01 -.11012747E+02
   .13400000E+01 -.13458602E+02
   .13700000E+01 -.17194419E+02
   .14000000E+01 -.23615862E+02
   .14300000E+01 -.37267980E+02
   .14600000E+01 -.86226537E+02
   .14900000E+01  .29532167E+03
   .15200000E+01  .55123028E+02
   .15500000E+01  .30590039E+02
   .15800000E+01  .21251672E+02
   .16100000E+01  .16324865E+02
   .16400000E+01  .13277762E+02
   .16700000E+01  .11204780E+02
   .17000000E+01  .97015280E+01
   .17300000E+01  .85602239E+01
   .17600000E+01  .76631552E+01
   .17900000E+01  .69386473E+01
   .18200000E+01  .63405606E+01
   .18500000E+01  .58378485E+01
   .18800000E+01  .54088525E+01
   .19100000E+01  .50380027E+01
   .19400000E+01  .47138164E+01
   .19700000E+01  .44276483E+01
   .20000000E+01  .41728503E+01
Core Pot   L  =        1.00000  -3.70512
  -.40000000E+01  .15722136E+01
  -.39700000E+01  .15329522E+01
  -.39400000E+01  .14864665E+01
  -.39100000E+01  .14299676E+01
  -.38800000E+01  .13590116E+01
  -.38500000E+01  .12660578E+01
  -.38200000E+01  .11372023E+01
  -.37900000E+01  .94367105E+00
  -.37600000E+01  .61468358E+00
  -.37300000E+01 -.83259835E-01
  -.37000000E+01 -.26459070E+01
  -.36700000E+01  .14437637E+02
  -.36400000E+01  .43926913E+01
  -.36100000E+01  .32296042E+01
  -.35800000E+01  .27749936E+01
  -.35500000E+01  .25299147E+01
  -.35200000E+01  .23748445E+01
  -.34900000E+01  .22666312E+01
  -.34600000E+01  .21858980E+01
  -.34300000E+01  .21226513E+01
  -.34000000E+01  .20712139E+01
  -.33700000E+01  .20281220E+01
  -.33400000E+01  .19911421E+01
  -.33100000E+01  .19587691E+01
  -.32800000E+01  .19299521E+01
  -.32500000E+01  .19039345E+01
  -.32200000E+01  .18801581E+01
  -.31900000E+01  .18582020E+01
  -.31600000E+01  .18377424E+01
  -.31300000E+01  .18185266E+01
  -.31000000E+01  .18003543E+01
  -.30700000E+01  .17830644E+01
  -.30400000E+01  .17665262E+01
  -.30100000E+01  .17506324E+01
  -.29800000E+01  .17352938E+01
  -.29500000E+01  .17204363E+01
  -.29200000E+01  .17059969E+01
  -.28900000E+01  .16919224E+01
  -.28600000E+01  .16781674E+01
  -.28300000E+01  .16646926E+01
  -.28000000E+01  .16514641E+01
  -.27700000E+01  .16384524E+01
  -.27400000E+01  .16256317E+01
  -.27100000E+01  .16129792E+01
  -.26800000E+01  .16004750E+01
  -.26500000E+01  .15881012E+01
  -.26200000E+01  .15758419E+01
  -.25900000E+01  .15636830E+01
  -.25600000E+01  .15516117E+01
  -.25300000E+01  .15396164E+01
  -.25000000E+01  .15276867E+01
  -.24700000E+01  .15158133E+01
  -.24400000E+01  .15039874E+01
  -.24100000E+01  .14922012E+01
  -.23800000E+01  .14804473E+01
  -.23500000E+01  .14687192E+01
  -.23200000E+01  .14570106E+01
  -.22900000E+01  .14453159E+01
  -.22600000E+01  .14336296E+01
  -.22300000E+01  .14219469E+01
  -.22000000E+01  .14102630E+01
  -.21700000E+01  .13985736E+01
  -.21400000E+01  .13868746E+01
  -.21100000E+01  .13751621E+01
  -.20800000E+01  .13634324E+01
  -.20500000E+01  .13516820E+01
  -.20200000E+01  .13399076E+01
  -.19900000E+01  .13281060E+01
  -.19600000E+01  .13162741E+01
  -.19300000E+01  .13044089E+01
  -.19000000E+01  .12925077E+01
  -.18700000E+01  .12805677E+01
  -.18400000E+01  .12685862E+01
  -.18100000E+01  .12565606E+01
  -.17800000E+01  .12444884E+01
  -.17500000E+01  .12323671E+01
  -.17200000E+01  .12201944E+01
  -.16900000E+01  .12079678E+01
  -.16600000E+01  .11956850E+01
  -.16300000E+01  .11833437E+01
  -.16000000E+01  .11709416E+01
  -.15700000E+01  .11584764E+01
  -.15400000E+01  .11459460E+01
  -.15100000E+01  .11333480E+01
  -.14800000E+01  .11206802E+01
  -.14500000E+01  .11079404E+01
  -.14200000E+01  .10951264E+01
  -.13900000E+01  .10822359E+01
  -.13600000E+01  .10692667E+01
  -.13300000E+01  .10562165E+01
  -.13000000E+01  .10430831E+01
  -.12700000E+01  .10298641E+01
  -.12400000E+01  .10165574E+01
  -.12100000E+01  .10031604E+01
  -.11800000E+01  .98967091E+00
  -.11500000E+01  .97608648E+00
  -.11200000E+01  .96240468E+00
  -.10900000E+01  .94862304E+00
  -.10600000E+01  .93473906E+00
  -.10300000E+01  .92075018E+00
  -.10000000E+01  .90665380E+00
  -.97000000E+00  .89244727E+00
  -.94000000E+00  .87812790E+00
  -.91000000E+00  .86369293E+00
  -.88000000E+00  .84913953E+00
  -.85000000E+00  .83446484E+00
  -.82000000E+00  .81966590E+00
  -.79000000E+00  .80473969E+00
  -.76000000E+00  .78968314E+00
  -.73000000E+00  .77449308E+00
  -.70000000E+00  .75916625E+00
  -.67000000E+00  .74369934E+00
  -.64000000E+00  .72808891E+00
  -.61000000E+00  .71233146E+00
  -.58000000E+00  .69642338E+00
  -.55000000E+00  .68036095E+00
  -.52000000E+00  .66414035E+00
  -.49000000E+00  .64775766E+00
  -.46000000E+00  .63120882E+00
  -.43000000E+00  .61448968E+00
  -.40000000E+00  .59759591E+00
  -.37000000E+00  .58052310E+00
  -.34000000E+00  .56326668E+00
  -.31000000E+00  .54582191E+00
  -.28000000E+00  .52818393E+00
  -.25000000E+00  .51034771E+00
  -.22000000E+00  .49230803E+00
  -.19000000E+00  .47405953E+00
  -.16000000E+00  .45559664E+00
  -.13000000E+00  .43691360E+00
  -.10000000E+00  .41800446E+00
  -.70000000E-01  .39886302E+00
  -.40000000E-01  .37948294E+00
  -.10000000E-01  .35985754E+00
   .20000000E-01  .33997998E+00
   .50000000E-01  .31984311E+00
   .80000000E-01  .29943955E+00
   .11000000E+00  .27876160E+00
   .14000000E+00  .25780130E+00
   .17000000E+00  .23655035E+00
   .20000000E+00  .21500012E+00
   .23000000E+00  .19314165E+00
   .26000000E+00  .17096562E+00
   .29000000E+00  .14846230E+00
   .32000000E+00  .12562157E+00
   .35000000E+00  .10243291E+00
   .38000000E+00  .78885299E-01
   .41000000E+00  .54967288E-01
   .44000000E+00  .30666907E-01
   .47000000E+00  .59716626E-02
   .50000000E+00 -.19131498E-01
   .53000000E+00 -.44656218E-01
   .56000000E+00 -.70616764E-01
   .59000000E+00 -.97028063E-01
   .62000000E+00 -.12390574E+00
   .65000000E+00 -.15126618E+00
   .68000000E+00 -.17912653E+00
   .71000000E+00 -.20750478E+00
   .74000000E+00 -.23641983E+00
   .77000000E+00 -.26589151E+00
   .80000000E+00 -.29594065E+00
   .83000000E+00 -.32658915E+00
   .86000000E+00 -.35786006E+00
   .89000000E+00 -.38977765E+00
   .92000000E+00 -.42236748E+00
   .95000000E+00 -.45565650E+00
   .98000000E+00 -.48967315E+00
   .10100000E+01 -.52444743E+00
   .10400000E+01 -.56001109E+00
   .10700000E+01 -.59639765E+00
   .11000000E+01 -.63364264E+00
   .11300000E+01 -.67178364E+00
   .11600000E+01 -.71086054E+00
   .11900000E+01 -.75091564E+00
   .12200000E+01 -.79199386E+00
   .12500000E+01 -.83414297E+00
   .12800000E+01 -.87741379E+00
   .13100000E+01 -.92186045E+00
   .13400000E+01 -.96754067E+00
   .13700000E+01 -.10145161E+01
   .14000000E+01 -.10628524E+01
   .14300000E+01 -.11126202E+01
   .14600000E+01 -.11638948E+01
   .14900000E+01 -.12167572E+01
   .15200000E+01 -.12712940E+01
   .15500000E+01 -.13275987E+01
   .15800000E+01 -.13857717E+01
   .16100000E+01 -.14459213E+01
   .16400000E+01 -.15081646E+01
   .16700000E+01 -.15726278E+01
   .17000000E+01 -.16394478E+01
   .17300000E+01 -.17087732E+01
   .17600000E+01 -.17807653E+01
   .17900000E+01 -.18555995E+01
   .18200000E+01 -.19334674E+01
   .18500000E+01 -.20145781E+01
   .18800000E+01 -.20991605E+01
   .19100000E+01 -.21874658E+01
   .19400000E+01 -.22797701E+01
   .19700000E+01 -.23763776E+01
   .20000000E+01 -.24776245E+01
Potential  L  =        1.00000  -3.70512
  -.40000000E+01  .11208284E+01
  -.39700000E+01  .10430917E+01
  -.39400000E+01  .95212229E+00
  -.39100000E+01  .84381173E+00
  -.38800000E+01  .71214969E+00
  -.38500000E+01  .54798212E+00
  -.38200000E+01  .33664369E+00
  -.37900000E+01  .53075861E-01
  -.37600000E+01 -.34936270E+00
  -.37300000E+01 -.96850623E+00
  -.37000000E+01 -.20501895E+01
  -.36700000E+01 -.44383098E+01
  -.36400000E+01 -.14216715E+02
  -.36100000E+01  .30927381E+02
  -.35800000E+01  .94658684E+01
  -.35500000E+01  .62178705E+01
  -.35200000E+01  .49009335E+01
  -.34900000E+01  .41850435E+01
  -.34600000E+01  .37335130E+01
  -.34300000E+01  .34215474E+01
  -.34000000E+01  .31922138E+01
  -.33700000E+01  .30158334E+01
  -.33400000E+01  .28754164E+01
  -.33100000E+01  .27605351E+01
  -.32800000E+01  .26644349E+01
  -.32500000E+01  .25825476E+01
  -.32200000E+01  .25116734E+01
  -.31900000E+01  .24495021E+01
  -.31600000E+01  .23943309E+01
  -.31300000E+01  .23448672E+01
  -.31000000E+01  .23001164E+01
  -.30700000E+01  .22593029E+01
  -.30400000E+01  .22218129E+01
  -.30100000E+01  .21871501E+01
  -.29800000E+01  .21549120E+01
  -.29500000E+01  .21247682E+01
  -.29200000E+01  .20964446E+01
  -.28900000E+01  .20697124E+01
  -.28600000E+01  .20443783E+01
  -.28300000E+01  .20202788E+01
  -.28000000E+01  .19972739E+01
  -.27700000E+01  .19752434E+01
  -.27400000E+01  .19540834E+01
  -.27100000E+01  .19337035E+01
  -.26800000E+01  .19140251E+01
  -.26500000E+01  .18949788E+01
  -.26200000E+01  .18765039E+01
  -.25900000E+01  .18585464E+01
  -.25600000E+01  .18410584E+01
  -.25300000E+01  .18239973E+01
  -.25000000E+01  .18073250E+01
  -.24700000E+01  .17910071E+01
  -.24400000E+01  .17750130E+01
  -.24100000E+01  .17593147E+01
  -.23800000E+01  .17438870E+01
  -.23500000E+01  .17287072E+01
  -.23200000E+01  .17137543E+01
  -.22900000E+01  .16990093E+01
  -.22600000E+01  .16844549E+01
  -.22300000E+01  .16700750E+01
  -.22000000E+01  .16558550E+01
  -.21700000E+01  .16417814E+01
  -.21400000E+01  .16278417E+01
  -.21100000E+01  .16140243E+01
  -.20800000E+01  .16003185E+01
  -.20500000E+01  .15867143E+01
  -.20200000E+01  .15732024E+01
  -.19900000E+01  .15597741E+01
  -.19600000E+01  .15464215E+01
  -.19300000E+01  .15331367E+01
  -.19000000E+01  .15199128E+01
  -.18700000E+01  .15067429E+01
  -.18400000E+01  .14936208E+01
  -.18100000E+01  .14805405E+01
  -.17800000E+01  .14674963E+01
  -.17500000E+01  .14544829E+01
  -.17200000E+01  .14414951E+01
  -.16900000E+01  .14285282E+01
  -.16600000E+01  .14155774E+01
  -.16300000E+01  .14026384E+01
  -.16000000E+01  .13897069E+01
  -.15700000E+01  .13767789E+01
  -.15400000E+01  .13638505E+01
  -.15100000E+01  .13509179E+01
  -.14800000E+01  .13379774E+01
  -.14500000E+01  .13250257E+01
  -.14200000E+01  .13120593E+01
  -.13900000E+01  .12990748E+01
  -.13600000E+01  .12860692E+01
  -.13300000E+01  .12730393E+01
  -.13000000E+01  .12599820E+01
  -.12700000E+01  .12468944E+01
  -.12400000E+01  .12337735E+01
  -.12100000E+01  .12206166E+01
  -.11800000E+01  .12074208E+01
  -.11500000E+01  .11941834E+01
  -.11200000E+01  .11809016E+01
  -.10900000E+01  .11675727E+01
  -.10600000E+01  .11541941E+01
  -.10300000E+01  .11407631E+01
  -.10000000E+01  .11272771E+01
  -.97000000E+00  .11137336E+01
  -.94000000E+00  .11001298E+01
  -.91000000E+00  .10864632E+01
  -.88000000E+00  .10727313E+01
  -.85000000E+00  .10589314E+01
  -.82000000E+00  .10450610E+01
  -.79000000E+00  .10311174E+01
  -.76000000E+00  .10170980E+01
  -.73000000E+00  .10030002E+01
  -.70000000E+00  .98882136E+00
  -.67000000E+00  .97455880E+00
  -.64000000E+00  .96020982E+00
  -.61000000E+00  .94577171E+00
  -.58000000E+00  .93124170E+00
  -.55000000E+00  .91661700E+00
  -.52000000E+00  .90189479E+00
  -.49000000E+00  .88707220E+00
  -.46000000E+00  .87214630E+00
  -.43000000E+00  .85711413E+00
  -.40000000E+00  .84197268E+00
  -.37000000E+00  .82671888E+00
  -.34000000E+00  .81134958E+00
  -.31000000E+00  .79586161E+00
  -.28000000E+00  .78025169E+00
  -.25000000E+00  .76451650E+00
  -.22000000E+00  .74865263E+00
  -.19000000E+00  .73265660E+00
  -.16000000E+00  .71652483E+00
  -.13000000E+00  .70025368E+00
  -.10000000E+00  .68383939E+00
  -.70000000E-01  .66727813E+00
  -.40000000E-01  .65056594E+00
  -.10000000E-01  .63369878E+00
   .20000000E-01  .61667249E+00
   .50000000E-01  .59948279E+00
   .80000000E-01  .58212527E+00
   .11000000E+00  .56459539E+00
   .14000000E+00  .54688851E+00
   .17000000E+00  .52899980E+00
   .20000000E+00  .51092431E+00
   .23000000E+00  .49265692E+00
   .26000000E+00  .47419236E+00
   .29000000E+00  .45552519E+00
   .32000000E+00  .43664977E+00
   .35000000E+00  .41756024E+00
   .38000000E+00  .39825068E+00
   .41000000E+00  .37871482E+00
   .44000000E+00  .35894628E+00
   .47000000E+00  .33893828E+00
   .50000000E+00  .31868398E+00
   .53000000E+00  .29817622E+00
   .56000000E+00  .27740757E+00
   .59000000E+00  .25637032E+00
   .62000000E+00  .23505651E+00
   .65000000E+00  .21345782E+00
   .68000000E+00  .19156562E+00
   .71000000E+00  .16937097E+00
   .74000000E+00  .14686453E+00
   .77000000E+00  .12403662E+00
   .80000000E+00  .10087714E+00
   .83000000E+00  .77375569E-01
   .86000000E+00  .53520943E-01
   .89000000E+00  .29301872E-01
   .92000000E+00  .47064310E-02
   .95000000E+00 -.20277814E-01
   .98000000E+00 -.45663839E-01
   .10100000E+01 -.71465220E-01
   .10400000E+01 -.97696130E-01
   .10700000E+01 -.12437140E+00
   .11000000E+01 -.15150655E+00
   .11300000E+01 -.17911783E+00
   .11600000E+01 -.20722228E+00
   .11900000E+01 -.23583772E+00
   .12200000E+01 -.26498291E+00
   .12500000E+01 -.29467749E+00
   .12800000E+01 -.32494212E+00
   .13100000E+01 -.35579852E+00
   .13400000E+01 -.38726947E+00
   .13700000E+01 -.41937904E+00
   .14000000E+01 -.45215250E+00
   .14300000E+01 -.48561654E+00
   .14600000E+01 -.51979929E+00
   .14900000E+01 -.55473045E+00
   .15200000E+01 -.59044138E+00
   .15500000E+01 -.62696524E+00
   .15800000E+01 -.66433712E+00
   .16100000E+01 -.70259419E+00
   .16400000E+01 -.74177582E+00
   .16700000E+01 -.78192380E+00
   .17000000E+01 -.82308248E+00
   .17300000E+01 -.86529901E+00
   .17600000E+01 -.90862353E+00
   .17900000E+01 -.95310947E+00
   .18200000E+01 -.99881374E+00
   .18500000E+01 -.10457971E+01
   .18800000E+01 -.10941244E+01
   .19100000E+01 -.11438651E+01
   .19400000E+01 -.11950935E+01
   .19700000E+01 -.12478892E+01
   .20000000E+01 -.13023377E+01
Core Pot   L  =        2.00000   -.24876
  -.40000000E+01  .20299491E+01
  -.39700000E+01  .20224720E+01
  -.39400000E+01  .20149652E+01
  -.39100000E+01  .20074283E+01
  -.38800000E+01  .19998609E+01
  -.38500000E+01  .19922627E+01
  -.38200000E+01  .19846331E+01
  -.37900000E+01  .19769717E+01
  -.37600000E+01  .19692782E+01
  -.37300000E+01  .19615520E+01
  -.37000000E+01  .19537927E+01
  -.36700000E+01  .19459998E+01
  -.36400000E+01  .19381729E+01
  -.36100000E+01  .19303113E+01
  -.35800000E+01  .19224147E+01
  -.35500000E+01  .19144825E+01
  -.35200000E+01  .19065141E+01
  -.34900000E+01  .18985090E+01
  -.34600000E+01  .18904665E+01
  -.34300000E+01  .18823862E+01
  -.34000000E+01  .18742674E+01
  -.33700000E+01  .18661095E+01
  -.33400000E+01  .18579119E+01
  -.33100000E+01  .18496738E+01
  -.32800000E+01  .18413946E+01
  -.32500000E+01  .18330736E+01
  -.32200000E+01  .18247101E+01
  -.31900000E+01  .18163033E+01
  -.31600000E+01  .18078525E+01
  -.31300000E+01  .17993568E+01
  -.31000000E+01  .17908155E+01
  -.30700000E+01  .17822277E+01
  -.30400000E+01  .17735925E+01
  -.30100000E+01  .17649090E+01
  -.29800000E+01  .17561763E+01
  -.29500000E+01  .17473934E+01
  -.29200000E+01  .17385594E+01
  -.28900000E+01  .17296731E+01
  -.28600000E+01  .17207335E+01
  -.28300000E+01  .17117396E+01
  -.28000000E+01  .17026901E+01
  -.27700000E+01  .16935838E+01
  -.27400000E+01  .16844195E+01
  -.27100000E+01  .16751960E+01
  -.26800000E+01  .16659118E+01
  -.26500000E+01  .16565656E+01
  -.26200000E+01  .16471560E+01
  -.25900000E+01  .16376813E+01
  -.25600000E+01  .16281402E+01
  -.25300000E+01  .16185308E+01
  -.25000000E+01  .16088515E+01
  -.24700000E+01  .15991006E+01
  -.24400000E+01  .15892761E+01
  -.24100000E+01  .15793761E+01
  -.23800000E+01  .15693986E+01
  -.23500000E+01  .15593415E+01
  -.23200000E+01  .15492025E+01
  -.22900000E+01  .15389793E+01
  -.22600000E+01  .15286694E+01
  -.22300000E+01  .15182703E+01
  -.22000000E+01  .15077793E+01
  -.21700000E+01  .14971936E+01
  -.21400000E+01  .14865101E+01
  -.21100000E+01  .14757257E+01
  -.20800000E+01  .14648371E+01
  -.20500000E+01  .14538409E+01
  -.20200000E+01  .14427333E+01
  -.19900000E+01  .14315105E+01
  -.19600000E+01  .14201682E+01
  -.19300000E+01  .14087023E+01
  -.19000000E+01  .13971080E+01
  -.18700000E+01  .13853804E+01
  -.18400000E+01  .13735143E+01
  -.18100000E+01  .13615042E+01
  -.17800000E+01  .13493442E+01
  -.17500000E+01  .13370279E+01
  -.17200000E+01  .13245487E+01
  -.16900000E+01  .13118994E+01
  -.16600000E+01  .12990723E+01
  -.16300000E+01  .12860592E+01
  -.16000000E+01  .12728512E+01
  -.15700000E+01  .12594389E+01
  -.15400000E+01  .12458119E+01
  -.15100000E+01  .12319594E+01
  -.14800000E+01  .12178693E+01
  -.14500000E+01  .12035289E+01
  -.14200000E+01  .11889241E+01
  -.13900000E+01  .11740398E+01
  -.13600000E+01  .11588595E+01
  -.13300000E+01  .11433653E+01
  -.13000000E+01  .11275375E+01
  -.12700000E+01  .11113546E+01
  -.12400000E+01  .10947931E+01
  -.12100000E+01  .10778271E+01
  -.11800000E+01  .10604279E+01
  -.11500000E+01  .10425640E+01
  -.11200000E+01  .10242003E+01
  -.10900000E+01  .10052979E+01
  -.10600000E+01  .98581337E+00
  -.10300000E+01  .96569816E+00
  -.10000000E+01  .94489772E+00
  -.97000000E+00  .92335063E+00
  -.94000000E+00  .90098741E+00
  -.91000000E+00  .87772919E+00
  -.88000000E+00  .85348601E+00
  -.85000000E+00  .82815482E+00
  -.82000000E+00  .80161698E+00
  -.79000000E+00  .77373517E+00
  -.76000000E+00  .74434955E+00
  -.73000000E+00  .71327293E+00
  -.70000000E+00  .68028465E+00
  -.67000000E+00  .64512267E+00
  -.64000000E+00  .60747339E+00
  -.61000000E+00  .56695829E+00
  -.58000000E+00  .52311623E+00
  -.55000000E+00  .47537935E+00
  -.52000000E+00  .42304050E+00
  -.49000000E+00  .36520749E+00
  -.46000000E+00  .30073839E+00
  -.43000000E+00  .22814734E+00
  -.40000000E+00  .14546456E+00
  -.37000000E+00  .50021606E-01
  -.34000000E+00 -.61888586E-01
  -.31000000E+00 -.19557179E+00
  -.28000000E+00 -.35889871E+00
  -.25000000E+00 -.56406835E+00
  -.22000000E+00 -.83105806E+00
  -.19000000E+00 -.11949996E+01
  -.16000000E+00 -.17239130E+01
  -.13000000E+00 -.25689522E+01
  -.10000000E+00 -.41473000E+01
  -.70000000E-01 -.81872802E+01
  -.40000000E-01 -.41765861E+02
  -.10000000E-01  .16963496E+02
   .20000000E-01  .76762438E+01
   .50000000E-01  .51905824E+01
   .80000000E-01  .40319875E+01
   .11000000E+00  .33582244E+01
   .14000000E+00  .29152847E+01
   .17000000E+00  .26001913E+01
   .20000000E+00  .23632717E+01
   .23000000E+00  .21776195E+01
   .26000000E+00  .20273917E+01
   .29000000E+00  .19026523E+01
   .32000000E+00  .17968536E+01
   .35000000E+00  .17055051E+01
   .38000000E+00  .16254244E+01
   .41000000E+00  .15542927E+01
   .44000000E+00  .14903805E+01
   .47000000E+00  .14323712E+01
   .50000000E+00  .13792451E+01
   .53000000E+00  .13301994E+01
   .56000000E+00  .12845938E+01
   .59000000E+00  .12419111E+01
   .62000000E+00  .12017287E+01
   .65000000E+00  .11636981E+01
   .68000000E+00  .11275288E+01
   .71000000E+00  .10929771E+01
   .74000000E+00  .10598366E+01
   .77000000E+00  .10279312E+01
   .80000000E+00  .99711005E+00
   .83000000E+00  .96724252E+00
   .86000000E+00  .93821525E+00
   .89000000E+00  .90992916E+00
   .92000000E+00  .88229716E+00
   .95000000E+00  .85524234E+00
   .98000000E+00  .82869643E+00
   .10100000E+01  .80259856E+00
   .10400000E+01  .77689417E+00
   .10700000E+01  .75153415E+00
   .11000000E+01  .72647411E+00
   .11300000E+01  .70167373E+00
   .11600000E+01  .67709625E+00
   .11900000E+01  .65270798E+00
   .12200000E+01  .62847797E+00
   .12500000E+01  .60437758E+00
   .12800000E+01  .58038029E+00
   .13100000E+01  .55646138E+00
   .13400000E+01  .53259770E+00
   .13700000E+01  .50876755E+00
   .14000000E+01  .48495042E+00
   .14300000E+01  .46112690E+00
   .14600000E+01  .43727851E+00
   .14900000E+01  .41338758E+00
   .15200000E+01  .38943721E+00
   .15500000E+01  .36541110E+00
   .15800000E+01  .34129343E+00
   .16100000E+01  .31706888E+00
   .16400000E+01  .29272251E+00
   .16700000E+01  .26823967E+00
   .17000000E+01  .24360599E+00
   .17300000E+01  .21880728E+00
   .17600000E+01  .19382949E+00
   .17900000E+01  .16865865E+00
   .18200000E+01  .14328085E+00
   .18500000E+01  .11768217E+00
   .18800000E+01  .91848646E-01
   .19100000E+01  .65766207E-01
   .19400000E+01  .39420668E-01
   .19700000E+01  .12797661E-01
   .20000000E+01 -.14117390E-01
Potential  L  =        2.00000   -.24876
  -.40000000E+01  .19596428E+01
  -.39700000E+01  .19513224E+01
  -.39400000E+01  .19429580E+01
  -.39100000E+01  .19345490E+01
  -.38800000E+01  .19260946E+01
  -.38500000E+01  .19175941E+01
  -.38200000E+01  .19090468E+01
  -.37900000E+01  .19004518E+01
  -.37600000E+01  .18918084E+01
  -.37300000E+01  .18831158E+01
  -.37000000E+01  .18743730E+01
  -.36700000E+01  .18655793E+01
  -.36400000E+01  .18567337E+01
  -.36100000E+01  .18478354E+01
  -.35800000E+01  .18388834E+01
  -.35500000E+01  .18298767E+01
  -.35200000E+01  .18208143E+01
  -.34900000E+01  .18116953E+01
  -.34600000E+01  .18025186E+01
  -.34300000E+01  .17932831E+01
  -.34000000E+01  .17839877E+01
  -.33700000E+01  .17746312E+01
  -.33400000E+01  .17652126E+01
  -.33100000E+01  .17557305E+01
  -.32800000E+01  .17461838E+01
  -.32500000E+01  .17365711E+01
  -.32200000E+01  .17268912E+01
  -.31900000E+01  .17171427E+01
  -.31600000E+01  .17073241E+01
  -.31300000E+01  .16974341E+01
  -.31000000E+01  .16874712E+01
  -.30700000E+01  .16774337E+01
  -.30400000E+01  .16673202E+01
  -.30100000E+01  .16571290E+01
  -.29800000E+01  .16468584E+01
  -.29500000E+01  .16365067E+01
  -.29200000E+01  .16260720E+01
  -.28900000E+01  .16155525E+01
  -.28600000E+01  .16049462E+01
  -.28300000E+01  .15942513E+01
  -.28000000E+01  .15834655E+01
  -.27700000E+01  .15725868E+01
  -.27400000E+01  .15616130E+01
  -.27100000E+01  .15505417E+01
  -.26800000E+01  .15393707E+01
  -.26500000E+01  .15280974E+01
  -.26200000E+01  .15167193E+01
  -.25900000E+01  .15052337E+01
  -.25600000E+01  .14936381E+01
  -.25300000E+01  .14819293E+01
  -.25000000E+01  .14701047E+01
  -.24700000E+01  .14581610E+01
  -.24400000E+01  .14460951E+01
  -.24100000E+01  .14339036E+01
  -.23800000E+01  .14215833E+01
  -.23500000E+01  .14091303E+01
  -.23200000E+01  .13965411E+01
  -.22900000E+01  .13838118E+01
  -.22600000E+01  .13709383E+01
  -.22300000E+01  .13579164E+01
  -.22000000E+01  .13447417E+01
  -.21700000E+01  .13314096E+01
  -.21400000E+01  .13179154E+01
  -.21100000E+01  .13042541E+01
  -.20800000E+01  .12904204E+01
  -.20500000E+01  .12764089E+01
  -.20200000E+01  .12622140E+01
  -.19900000E+01  .12478296E+01
  -.19600000E+01  .12332494E+01
  -.19300000E+01  .12184671E+01
  -.19000000E+01  .12034756E+01
  -.18700000E+01  .11882679E+01
  -.18400000E+01  .11728363E+01
  -.18100000E+01  .11571730E+01
  -.17800000E+01  .11412696E+01
  -.17500000E+01  .11251175E+01
  -.17200000E+01  .11087072E+01
  -.16900000E+01  .10920293E+01
  -.16600000E+01  .10750735E+01
  -.16300000E+01  .10578289E+01
  -.16000000E+01  .10402843E+01
  -.15700000E+01  .10224277E+01
  -.15400000E+01  .10042463E+01
  -.15100000E+01  .98572677E+00
  -.14800000E+01  .96685494E+00
  -.14500000E+01  .94761575E+00
  -.14200000E+01  .92799328E+00
  -.13900000E+01  .90797059E+00
  -.13600000E+01  .88752974E+00
  -.13300000E+01  .86665160E+00
  -.13000000E+01  .84531585E+00
  -.12700000E+01  .82350083E+00
  -.12400000E+01  .80118344E+00
  -.12100000E+01  .77833901E+00
  -.11800000E+01  .75494118E+00
  -.11500000E+01  .73096173E+00
  -.11200000E+01  .70637046E+00
  -.10900000E+01  .68113493E+00
  -.10600000E+01  .65522034E+00
  -.10300000E+01  .62858923E+00
  -.10000000E+01  .60120127E+00
  -.97000000E+00  .57301299E+00
  -.94000000E+00  .54397738E+00
  -.91000000E+00  .51404365E+00
  -.88000000E+00  .48315666E+00
  -.85000000E+00  .45125681E+00
  -.82000000E+00  .41827906E+00
  -.79000000E+00  .38415266E+00
  -.76000000E+00  .34880041E+00
  -.73000000E+00  .31213791E+00
  -.70000000E+00  .27407276E+00
  -.67000000E+00  .23450328E+00
  -.64000000E+00  .19331785E+00
  -.61000000E+00  .15039322E+00
  -.58000000E+00  .10559314E+00
  -.55000000E+00  .58766529E-01
  -.52000000E+00  .97454546E-02
  -.49000000E+00 -.41657330E-01
  -.46000000E+00 -.95651229E-01
  -.43000000E+00 -.15247119E+00
  -.40000000E+00 -.21238171E+00
  -.37000000E+00 -.27568167E+00
  -.34000000E+00 -.34271009E+00
  -.31000000E+00 -.41385309E+00
  -.28000000E+00 -.48955242E+00
  -.25000000E+00 -.57031579E+00
  -.22000000E+00 -.65672976E+00
  -.19000000E+00 -.74947555E+00
  -.16000000E+00 -.84934907E+00
  -.13000000E+00 -.95728602E+00
  -.10000000E+00 -.10743941E+01
  -.70000000E-01 -.12019943E+01
  -.40000000E-01 -.13416751E+01
  -.10000000E-01 -.14953635E+01
   .20000000E-01 -.16654205E+01
   .50000000E-01 -.18547704E+01
   .80000000E-01 -.20670798E+01
   .11000000E+00 -.23070087E+01
   .14000000E+00 -.25805717E+01
   .17000000E+00 -.28956687E+01
   .20000000E+00 -.32628866E+01
   .23000000E+00 -.36967476E+01
   .26000000E+00 -.42177253E+01
   .29000000E+00 -.48556416E+01
   .32000000E+00 -.56556900E+01
   .35000000E+00 -.66898041E+01
   .38000000E+00 -.80798692E+01
   .41000000E+00 -.10050189E+02
   .44000000E+00 -.13063671E+02
   .47000000E+00 -.18254038E+02
   .50000000E+00 -.29331266E+02
   .53000000E+00 -.69524703E+02
   .56000000E+00  .22552073E+03
   .59000000E+00  .44569515E+02
   .62000000E+00  .25192655E+02
   .65000000E+00  .17771973E+02
   .68000000E+00  .13847350E+02
   .71000000E+00  .11417101E+02
   .74000000E+00  .97627268E+01
   .77000000E+00  .85627026E+01
   .80000000E+00  .76515889E+01
   .83000000E+00  .69355668E+01
   .86000000E+00  .63574663E+01
   .89000000E+00  .58804627E+01
   .92000000E+00  .54797658E+01
   .95000000E+00  .51380748E+01
   .98000000E+00  .48429474E+01
   .10100000E+01  .45852104E+01
   .10400000E+01  .43579467E+01
   .10700000E+01  .41558458E+01
   .11000000E+01  .39747592E+01
   .11300000E+01  .38114033E+01
   .11600000E+01  .36631423E+01
   .11900000E+01  .35278370E+01
   .12200000E+01  .34037326E+01
   .12500000E+01  .32893763E+01
   .12800000E+01  .31835550E+01
   .13100000E+01  .30852478E+01
   .13400000E+01  .29935891E+01
   .13700000E+01  .29078406E+01
   .14000000E+01  .28273682E+01
   .14300000E+01  .27516247E+01
   .14600000E+01  .26801350E+01
   .14900000E+01  .26124849E+01
   .15200000E+01  .25483114E+01
   .15500000E+01  .24872951E+01
   .15800000E+01  .24291539E+01
   .16100000E+01  .23736376E+01
   .16400000E+01  .23205234E+01
   .16700000E+01  .22696125E+01
   .17000000E+01  .22207268E+01
   .17300000E+01  .21737062E+01
   .17600000E+01  .21284065E+01
   .17900000E+01  .20846973E+01
   .18200000E+01  .20424606E+01
   .18500000E+01  .20015891E+01
   .18800000E+01  .19619853E+01
   .19100000E+01  .19235600E+01
   .19400000E+01  .18862317E+01
   .19700000E+01  .18499259E+01
   .20000000E+01  .18145740E+01
Core Pot   L  =        3.00000    .00000
  -.40000000E+01  .23031063E+01
  -.39700000E+01  .22967480E+01
  -.39400000E+01  .22903735E+01
  -.39100000E+01  .22839826E+01
  -.38800000E+01  .22775752E+01
  -.38500000E+01  .22711512E+01
  -.38200000E+01  .22647104E+01
  -.37900000E+01  .22582528E+01
  -.37600000E+01  .22517781E+01
  -.37300000E+01  .22452864E+01
  -.37000000E+01  .22387774E+01
  -.36700000E+01  .22322511E+01
  -.36400000E+01  .22257072E+01
  -.36100000E+01  .22191457E+01
  -.35800000E+01  .22125664E+01
  -.35500000E+01  .22059692E+01
  -.35200000E+01  .21993540E+01
  -.34900000E+01  .21927205E+01
  -.34600000E+01  .21860688E+01
  -.34300000E+01  .21793986E+01
  -.34000000E+01  .21727097E+01
  -.33700000E+01  .21660021E+01
  -.33400000E+01  .21592756E+01
  -.33100000E+01  .21525301E+01
  -.32800000E+01  .21457653E+01
  -.32500000E+01  .21389812E+01
  -.32200000E+01  .21321776E+01
  -.31900000E+01  .21253542E+01
  -.31600000E+01  .21185111E+01
  -.31300000E+01  .21116479E+01
  -.31000000E+01  .21047646E+01
  -.30700000E+01  .20978610E+01
  -.30400000E+01  .20909369E+01
  -.30100000E+01  .20839921E+01
  -.29800000E+01  .20770265E+01
  -.29500000E+01  .20700398E+01
  -.29200000E+01  .20630320E+01
  -.28900000E+01  .20560028E+01
  -.28600000E+01  .20489521E+01
  -.28300000E+01  .20418797E+01
  -.28000000E+01  .20347853E+01
  -.27700000E+01  .20276688E+01
  -.27400000E+01  .20205300E+01
  -.27100000E+01  .20133687E+01
  -.26800000E+01  .20061848E+01
  -.26500000E+01  .19989779E+01
  -.26200000E+01  .19917480E+01
  -.25900000E+01  .19844947E+01
  -.25600000E+01  .19772180E+01
  -.25300000E+01  .19699175E+01
  -.25000000E+01  .19625931E+01
  -.24700000E+01  .19552446E+01
  -.24400000E+01  .19478717E+01
  -.24100000E+01  .19404742E+01
  -.23800000E+01  .19330519E+01
  -.23500000E+01  .19256046E+01
  -.23200000E+01  .19181320E+01
  -.22900000E+01  .19106339E+01
  -.22600000E+01  .19031100E+01
  -.22300000E+01  .18955601E+01
  -.22000000E+01  .18879840E+01
  -.21700000E+01  .18803814E+01
  -.21400000E+01  .18727520E+01
  -.21100000E+01  .18650957E+01
  -.20800000E+01  .18574120E+01
  -.20500000E+01  .18497009E+01
  -.20200000E+01  .18419619E+01
  -.19900000E+01  .18341949E+01
  -.19600000E+01  .18263995E+01
  -.19300000E+01  .18185755E+01
  -.19000000E+01  .18107225E+01
  -.18700000E+01  .18028404E+01
  -.18400000E+01  .17949287E+01
  -.18100000E+01  .17869872E+01
  -.17800000E+01  .17790156E+01
  -.17500000E+01  .17710136E+01
  -.17200000E+01  .17629809E+01
  -.16900000E+01  .17549171E+01
  -.16600000E+01  .17468219E+01
  -.16300000E+01  .17386950E+01
  -.16000000E+01  .17305360E+01
  -.15700000E+01  .17223446E+01
  -.15400000E+01  .17141205E+01
  -.15100000E+01  .17058634E+01
  -.14800000E+01  .16975727E+01
  -.14500000E+01  .16892483E+01
  -.14200000E+01  .16808896E+01
  -.13900000E+01  .16724964E+01
  -.13600000E+01  .16640683E+01
  -.13300000E+01  .16556048E+01
  -.13000000E+01  .16471056E+01
  -.12700000E+01  .16385703E+01
  -.12400000E+01  .16299984E+01
  -.12100000E+01  .16213896E+01
  -.11800000E+01  .16127433E+01
  -.11500000E+01  .16040593E+01
  -.11200000E+01  .15953370E+01
  -.10900000E+01  .15865760E+01
  -.10600000E+01  .15777758E+01
  -.10300000E+01  .15689360E+01
  -.10000000E+01  .15600561E+01
  -.97000000E+00  .15511356E+01
  -.94000000E+00  .15421741E+01
  -.91000000E+00  .15331709E+01
  -.88000000E+00  .15241258E+01
  -.85000000E+00  .15150380E+01
  -.82000000E+00  .15059071E+01
  -.79000000E+00  .14967325E+01
  -.76000000E+00  .14875137E+01
  -.73000000E+00  .14782502E+01
  -.70000000E+00  .14689413E+01
  -.67000000E+00  .14595865E+01
  -.64000000E+00  .14501852E+01
  -.61000000E+00  .14407368E+01
  -.58000000E+00  .14312407E+01
  -.55000000E+00  .14216963E+01
  -.52000000E+00  .14121028E+01
  -.49000000E+00  .14024598E+01
  -.46000000E+00  .13927664E+01
  -.43000000E+00  .13830220E+01
  -.40000000E+00  .13732260E+01
  -.37000000E+00  .13633776E+01
  -.34000000E+00  .13534761E+01
  -.31000000E+00  .13435207E+01
  -.28000000E+00  .13335108E+01
  -.25000000E+00  .13234455E+01
  -.22000000E+00  .13133241E+01
  -.19000000E+00  .13031458E+01
  -.16000000E+00  .12929096E+01
  -.13000000E+00  .12826149E+01
  -.10000000E+00  .12722608E+01
  -.70000000E-01  .12618464E+01
  -.40000000E-01  .12513707E+01
  -.10000000E-01  .12408329E+01
   .20000000E-01  .12302321E+01
   .50000000E-01  .12195673E+01
   .80000000E-01  .12088376E+01
   .11000000E+00  .11980418E+01
   .14000000E+00  .11871791E+01
   .17000000E+00  .11762484E+01
   .20000000E+00  .11652486E+01
   .23000000E+00  .11541785E+01
   .26000000E+00  .11430373E+01
   .29000000E+00  .11318235E+01
   .32000000E+00  .11205362E+01
   .35000000E+00  .11091740E+01
   .38000000E+00  .10977359E+01
   .41000000E+00  .10862204E+01
   .44000000E+00  .10746264E+01
   .47000000E+00  .10629524E+01
   .50000000E+00  .10511973E+01
   .53000000E+00  .10393595E+01
   .56000000E+00  .10274376E+01
   .59000000E+00  .10154302E+01
   .62000000E+00  .10033359E+01
   .65000000E+00  .99115297E+00
   .68000000E+00  .97887996E+00
   .71000000E+00  .96651523E+00
   .74000000E+00  .95405713E+00
   .77000000E+00  .94150395E+00
   .80000000E+00  .92885395E+00
   .83000000E+00  .91610533E+00
   .86000000E+00  .90325626E+00
   .89000000E+00  .89030484E+00
   .92000000E+00  .87724913E+00
   .95000000E+00  .86408713E+00
   .98000000E+00  .85081679E+00
   .10100000E+01  .83743599E+00
   .10400000E+01  .82394256E+00
   .10700000E+01  .81033428E+00
   .11000000E+01  .79660883E+00
   .11300000E+01  .78276385E+00
   .11600000E+01  .76879692E+00
   .11900000E+01  .75470551E+00
   .12200000E+01  .74048705E+00
   .12500000E+01  .72613887E+00
   .12800000E+01  .71165824E+00
   .13100000E+01  .69704232E+00
   .13400000E+01  .68228821E+00
   .13700000E+01  .66739290E+00
   .14000000E+01  .65235329E+00
   .14300000E+01  .63716618E+00
   .14600000E+01  .62182828E+00
   .14900000E+01  .60633618E+00
   .15200000E+01  .59068636E+00
   .15500000E+01  .57487519E+00
   .15800000E+01  .55889892E+00
   .16100000E+01  .54275367E+00
   .16400000E+01  .52643543E+00
   .16700000E+01  .50994005E+00
   .17000000E+01  .49326324E+00
   .17300000E+01  .47640058E+00
   .17600000E+01  .45934745E+00
   .17900000E+01  .44209911E+00
   .18200000E+01  .42465064E+00
   .18500000E+01  .40699690E+00
   .18800000E+01  .38913265E+00
   .19100000E+01  .37105239E+00
   .19400000E+01  .35275042E+00
   .19700000E+01  .33422084E+00
   .20000000E+01  .31545752E+00
Potential  L  =        3.00000    .00000
  -.40000000E+01  .23041524E+01
  -.39700000E+01  .22978087E+01
  -.39400000E+01  .22914486E+01
  -.39100000E+01  .22850724E+01
  -.38800000E+01  .22786800E+01
  -.38500000E+01  .22722713E+01
  -.38200000E+01  .22658460E+01
  -.37900000E+01  .22594042E+01
  -.37600000E+01  .22529456E+01
  -.37300000E+01  .22464703E+01
  -.37000000E+01  .22399779E+01
  -.36700000E+01  .22334685E+01
  -.36400000E+01  .22269419E+01
  -.36100000E+01  .22203979E+01
  -.35800000E+01  .22138365E+01
  -.35500000E+01  .22072575E+01
  -.35200000E+01  .22006607E+01
  -.34900000E+01  .21940462E+01
  -.34600000E+01  .21874136E+01
  -.34300000E+01  .21807629E+01
  -.34000000E+01  .21740939E+01
  -.33700000E+01  .21674065E+01
  -.33400000E+01  .21607006E+01
  -.33100000E+01  .21539760E+01
  -.32800000E+01  .21472326E+01
  -.32500000E+01  .21404702E+01
  -.32200000E+01  .21336887E+01
  -.31900000E+01  .21268879E+01
  -.31600000E+01  .21200677E+01
  -.31300000E+01  .21132279E+01
  -.31000000E+01  .21063684E+01
  -.30700000E+01  .20994890E+01
  -.30400000E+01  .20925895E+01
  -.30100000E+01  .20856699E+01
  -.29800000E+01  .20787298E+01
  -.29500000E+01  .20717693E+01
  -.29200000E+01  .20647880E+01
  -.28900000E+01  .20577859E+01
  -.28600000E+01  .20507627E+01
  -.28300000E+01  .20437183E+01
  -.28000000E+01  .20366525E+01
  -.27700000E+01  .20295651E+01
  -.27400000E+01  .20224560E+01
  -.27100000E+01  .20153249E+01
  -.26800000E+01  .20081718E+01
  -.26500000E+01  .20009963E+01
  -.26200000E+01  .19937983E+01
  -.25900000E+01  .19865777E+01
  -.25600000E+01  .19793341E+01
  -.25300000E+01  .19720675E+01
  -.25000000E+01  .19647776E+01
  -.24700000E+01  .19574642E+01
  -.24400000E+01  .19501271E+01
  -.24100000E+01  .19427662E+01
  -.23800000E+01  .19353811E+01
  -.23500000E+01  .19279717E+01
  -.23200000E+01  .19205378E+01
  -.22900000E+01  .19130791E+01
  -.22600000E+01  .19055954E+01
  -.22300000E+01  .18980865E+01
  -.22000000E+01  .18905522E+01
  -.21700000E+01  .18829922E+01
  -.21400000E+01  .18754063E+01
  -.21100000E+01  .18677943E+01
  -.20800000E+01  .18601558E+01
  -.20500000E+01  .18524908E+01
  -.20200000E+01  .18447988E+01
  -.19900000E+01  .18370798E+01
  -.19600000E+01  .18293333E+01
  -.19300000E+01  .18215592E+01
  -.19000000E+01  .18137571E+01
  -.18700000E+01  .18059269E+01
  -.18400000E+01  .17980682E+01
  -.18100000E+01  .17901808E+01
  -.17800000E+01  .17822644E+01
  -.17500000E+01  .17743187E+01
  -.17200000E+01  .17663434E+01
  -.16900000E+01  .17583382E+01
  -.16600000E+01  .17503029E+01
  -.16300000E+01  .17422370E+01
  -.16000000E+01  .17341404E+01
  -.15700000E+01  .17260127E+01
  -.15400000E+01  .17178536E+01
  -.15100000E+01  .17096627E+01
  -.14800000E+01  .17014398E+01
  -.14500000E+01  .16931845E+01
  -.14200000E+01  .16848965E+01
  -.13900000E+01  .16765754E+01
  -.13600000E+01  .16682209E+01
  -.13300000E+01  .16598327E+01
  -.13000000E+01  .16514103E+01
  -.12700000E+01  .16429534E+01
  -.12400000E+01  .16344617E+01
  -.12100000E+01  .16259348E+01
  -.11800000E+01  .16173722E+01
  -.11500000E+01  .16087736E+01
  -.11200000E+01  .16001387E+01
  -.10900000E+01  .15914669E+01
  -.10600000E+01  .15827579E+01
  -.10300000E+01  .15740114E+01
  -.10000000E+01  .15652267E+01
  -.97000000E+00  .15564036E+01
  -.94000000E+00  .15475416E+01
  -.91000000E+00  .15386403E+01
  -.88000000E+00  .15296992E+01
  -.85000000E+00  .15207178E+01
  -.82000000E+00  .15116956E+01
  -.79000000E+00  .15026323E+01
  -.76000000E+00  .14935273E+01
  -.73000000E+00  .14843801E+01
  -.70000000E+00  .14751903E+01
  -.67000000E+00  .14659573E+01
  -.64000000E+00  .14566805E+01
  -.61000000E+00  .14473596E+01
  -.58000000E+00  .14379939E+01
  -.55000000E+00  .14285828E+01
  -.52000000E+00  .14191259E+01
  -.49000000E+00  .14096226E+01
  -.46000000E+00  .14000722E+01
  -.43000000E+00  .13904743E+01
  -.40000000E+00  .13808281E+01
  -.37000000E+00  .13711331E+01
  -.34000000E+00  .13613887E+01
  -.31000000E+00  .13515942E+01
  -.28000000E+00  .13417490E+01
  -.25000000E+00  .13318525E+01
  -.22000000E+00  .13219039E+01
  -.19000000E+00  .13119025E+01
  -.16000000E+00  .13018477E+01
  -.13000000E+00  .12917388E+01
  -.10000000E+00  .12815751E+01
  -.70000000E-01  .12713557E+01
  -.40000000E-01  .12610800E+01
  -.10000000E-01  .12507471E+01
   .20000000E-01  .12403563E+01
   .50000000E-01  .12299068E+01
   .80000000E-01  .12193978E+01
   .11000000E+00  .12088284E+01
   .14000000E+00  .11981978E+01
   .17000000E+00  .11875051E+01
   .20000000E+00  .11767495E+01
   .23000000E+00  .11659299E+01
   .26000000E+00  .11550456E+01
   .29000000E+00  .11440955E+01
   .32000000E+00  .11330786E+01
   .35000000E+00  .11219941E+01
   .38000000E+00  .11108408E+01
   .41000000E+00  .10996178E+01
   .44000000E+00  .10883241E+01
   .47000000E+00  .10769584E+01
   .50000000E+00  .10655198E+01
   .53000000E+00  .10540070E+01
   .56000000E+00  .10424191E+01
   .59000000E+00  .10307547E+01
   .62000000E+00  .10190126E+01
   .65000000E+00  .10071918E+01
   .68000000E+00  .99529076E+00
   .71000000E+00  .98330836E+00
   .74000000E+00  .97124324E+00
   .77000000E+00  .95909405E+00
   .80000000E+00  .94685941E+00
   .83000000E+00  .93453790E+00
   .86000000E+00  .92212807E+00
   .89000000E+00  .90962845E+00
   .92000000E+00  .89703750E+00
   .95000000E+00  .88435368E+00
   .98000000E+00  .87157539E+00
   .10100000E+01  .85870098E+00
   .10400000E+01  .84572879E+00
   .10700000E+01  .83265710E+00
   .11000000E+01  .81948415E+00
   .11300000E+01  .80620812E+00
   .11600000E+01  .79282716E+00
   .11900000E+01  .77933937E+00
   .12200000E+01  .76574280E+00
   .12500000E+01  .75203544E+00
   .12800000E+01  .73821525E+00
   .13100000E+01  .72428010E+00
   .13400000E+01  .71022783E+00
   .13700000E+01  .69605621E+00
   .14000000E+01  .68176295E+00
   .14300000E+01  .66734571E+00
   .14600000E+01  .65280206E+00
   .14900000E+01  .63812953E+00
   .15200000E+01  .62332555E+00
   .15500000E+01  .60838752E+00
   .15800000E+01  .59331271E+00
   .16100000E+01  .57809836E+00
   .16400000E+01  .56274145E+00
   .16700000E+01  .54723935E+00
   .17000000E+01  .53158888E+00
   .17300000E+01  .51578691E+00
   .17600000E+01  .49983023E+00
   .17900000E+01  .48371553E+00
   .18200000E+01  .46743941E+00
   .18500000E+01  .45099834E+00
   .18800000E+01  .43438871E+00
   .19100000E+01  .41760677E+00
   .19400000E+01  .40064867E+00
   .19700000E+01  .38351043E+00
   .20000000E+01  .36618796E+00
Core Pot   L  =        4.00000    .00000
  -.40000000E+01  .26035631E+01
  -.39700000E+01  .25980000E+01
  -.39400000E+01  .25924245E+01
  -.39100000E+01  .25868368E+01
  -.38800000E+01  .25812410E+01
  -.38500000E+01  .25756335E+01
  -.38200000E+01  .25700146E+01
  -.37900000E+01  .25643848E+01
  -.37600000E+01  .25587422E+01
  -.37300000E+01  .25530920E+01
  -.37000000E+01  .25474275E+01
  -.36700000E+01  .25417527E+01
  -.36400000E+01  .25360669E+01
  -.36100000E+01  .25303716E+01
  -.35800000E+01  .25246629E+01
  -.35500000E+01  .25189432E+01
  -.35200000E+01  .25132113E+01
  -.34900000E+01  .25074681E+01
  -.34600000E+01  .25017135E+01
  -.34300000E+01  .24959457E+01
  -.34000000E+01  .24901689E+01
  -.33700000E+01  .24843785E+01
  -.33400000E+01  .24785762E+01
  -.33100000E+01  .24727606E+01
  -.32800000E+01  .24669356E+01
  -.32500000E+01  .24610962E+01
  -.32200000E+01  .24552455E+01
  -.31900000E+01  .24493843E+01
  -.31600000E+01  .24435087E+01
  -.31300000E+01  .24376209E+01
  -.31000000E+01  .24317205E+01
  -.30700000E+01  .24258062E+01
  -.30400000E+01  .24198820E+01
  -.30100000E+01  .24139429E+01
  -.29800000E+01  .24079930E+01
  -.29500000E+01  .24020292E+01
  -.29200000E+01  .23960525E+01
  -.28900000E+01  .23900613E+01
  -.28600000E+01  .23840592E+01
  -.28300000E+01  .23780420E+01
  -.28000000E+01  .23720135E+01
  -.27700000E+01  .23659713E+01
  -.27400000E+01  .23599146E+01
  -.27100000E+01  .23538450E+01
  -.26800000E+01  .23477618E+01
  -.26500000E+01  .23416631E+01
  -.26200000E+01  .23355538E+01
  -.25900000E+01  .23294277E+01
  -.25600000E+01  .23232890E+01
  -.25300000E+01  .23171381E+01
  -.25000000E+01  .23109711E+01
  -.24700000E+01  .23047898E+01
  -.24400000E+01  .22985948E+01
  -.24100000E+01  .22923853E+01
  -.23800000E+01  .22861611E+01
  -.23500000E+01  .22799211E+01
  -.23200000E+01  .22736679E+01
  -.22900000E+01  .22674010E+01
  -.22600000E+01  .22611179E+01
  -.22300000E+01  .22548201E+01
  -.22000000E+01  .22485070E+01
  -.21700000E+01  .22421789E+01
  -.21400000E+01  .22358359E+01
  -.21100000E+01  .22294771E+01
  -.20800000E+01  .22231018E+01
  -.20500000E+01  .22167122E+01
  -.20200000E+01  .22103084E+01
  -.19900000E+01  .22038873E+01
  -.19600000E+01  .21974503E+01
  -.19300000E+01  .21909975E+01
  -.19000000E+01  .21845286E+01
  -.18700000E+01  .21780435E+01
  -.18400000E+01  .21715421E+01
  -.18100000E+01  .21650244E+01
  -.17800000E+01  .21584901E+01
  -.17500000E+01  .21519392E+01
  -.17200000E+01  .21453716E+01
  -.16900000E+01  .21387871E+01
  -.16600000E+01  .21321857E+01
  -.16300000E+01  .21255672E+01
  -.16000000E+01  .21189315E+01
  -.15700000E+01  .21122785E+01
  -.15400000E+01  .21056080E+01
  -.15100000E+01  .20989200E+01
  -.14800000E+01  .20922142E+01
  -.14500000E+01  .20854907E+01
  -.14200000E+01  .20787492E+01
  -.13900000E+01  .20719897E+01
  -.13600000E+01  .20652119E+01
  -.13300000E+01  .20584158E+01
  -.13000000E+01  .20516013E+01
  -.12700000E+01  .20447681E+01
  -.12400000E+01  .20379162E+01
  -.12100000E+01  .20310455E+01
  -.11800000E+01  .20241557E+01
  -.11500000E+01  .20172468E+01
  -.11200000E+01  .20103185E+01
  -.10900000E+01  .20033709E+01
  -.10600000E+01  .19964036E+01
  -.10300000E+01  .19894166E+01
  -.10000000E+01  .19824098E+01
  -.97000000E+00  .19753829E+01
  -.94000000E+00  .19683358E+01
  -.91000000E+00  .19612684E+01
  -.88000000E+00  .19541806E+01
  -.85000000E+00  .19470720E+01
  -.82000000E+00  .19399427E+01
  -.79000000E+00  .19327923E+01
  -.76000000E+00  .19256209E+01
  -.73000000E+00  .19184281E+01
  -.70000000E+00  .19112139E+01
  -.67000000E+00  .19039781E+01
  -.64000000E+00  .18967204E+01
  -.61000000E+00  .18894408E+01
  -.58000000E+00  .18821390E+01
  -.55000000E+00  .18748149E+01
  -.52000000E+00  .18674683E+01
  -.49000000E+00  .18600989E+01
  -.46000000E+00  .18527067E+01
  -.43000000E+00  .18452915E+01
  -.40000000E+00  .18378530E+01
  -.37000000E+00  .18303910E+01
  -.34000000E+00  .18229054E+01
  -.31000000E+00  .18153960E+01
  -.28000000E+00  .18078625E+01
  -.25000000E+00  .18003048E+01
  -.22000000E+00  .17927227E+01
  -.19000000E+00  .17851159E+01
  -.16000000E+00  .17774843E+01
  -.13000000E+00  .17698276E+01
  -.10000000E+00  .17621457E+01
  -.70000000E-01  .17544382E+01
  -.40000000E-01  .17467051E+01
  -.10000000E-01  .17389460E+01
   .20000000E-01  .17311607E+01
   .50000000E-01  .17233491E+01
   .80000000E-01  .17155108E+01
   .11000000E+00  .17076457E+01
   .14000000E+00  .16997535E+01
   .17000000E+00  .16918340E+01
   .20000000E+00  .16838869E+01
   .23000000E+00  .16759119E+01
   .26000000E+00  .16679089E+01
   .29000000E+00  .16598776E+01
   .32000000E+00  .16518177E+01
   .35000000E+00  .16437289E+01
   .38000000E+00  .16356110E+01
   .41000000E+00  .16274637E+01
   .44000000E+00  .16192868E+01
   .47000000E+00  .16110800E+01
   .50000000E+00  .16028429E+01
   .53000000E+00  .15945754E+01
   .56000000E+00  .15862770E+01
   .59000000E+00  .15779477E+01
   .62000000E+00  .15695869E+01
   .65000000E+00  .15611945E+01
   .68000000E+00  .15527700E+01
   .71000000E+00  .15443134E+01
   .74000000E+00  .15358241E+01
   .77000000E+00  .15273019E+01
   .80000000E+00  .15187465E+01
   .83000000E+00  .15101575E+01
   .86000000E+00  .15015346E+01
   .89000000E+00  .14928775E+01
   .92000000E+00  .14841858E+01
   .95000000E+00  .14754592E+01
   .98000000E+00  .14666973E+01
   .10100000E+01  .14578998E+01
   .10400000E+01  .14490662E+01
   .10700000E+01  .14401964E+01
   .11000000E+01  .14312897E+01
   .11300000E+01  .14223460E+01
   .11600000E+01  .14133648E+01
   .11900000E+01  .14043456E+01
   .12200000E+01  .13952882E+01
   .12500000E+01  .13861921E+01
   .12800000E+01  .13770569E+01
   .13100000E+01  .13678821E+01
   .13400000E+01  .13586674E+01
   .13700000E+01  .13494123E+01
   .14000000E+01  .13401164E+01
   .14300000E+01  .13307792E+01
   .14600000E+01  .13214003E+01
   .14900000E+01  .13119793E+01
   .15200000E+01  .13025156E+01
   .15500000E+01  .12930088E+01
   .15800000E+01  .12834584E+01
   .16100000E+01  .12738639E+01
   .16400000E+01  .12642248E+01
   .16700000E+01  .12545406E+01
   .17000000E+01  .12448109E+01
   .17300000E+01  .12350350E+01
   .17600000E+01  .12252124E+01
   .17900000E+01  .12153426E+01
   .18200000E+01  .12054251E+01
   .18500000E+01  .11954593E+01
   .18800000E+01  .11854446E+01
   .19100000E+01  .11753804E+01
   .19400000E+01  .11652662E+01
   .19700000E+01  .11551013E+01
   .20000000E+01  .11448851E+01
Potential  L  =        4.00000    .00000
  -.40000000E+01  .26038569E+01
  -.39700000E+01  .25982931E+01
  -.39400000E+01  .25927207E+01
  -.39100000E+01  .25871372E+01
  -.38800000E+01  .25815445E+01
  -.38500000E+01  .25759394E+01
  -.38200000E+01  .25703231E+01
  -.37900000E+01  .25646965E+01
  -.37600000E+01  .25590570E+01
  -.37300000E+01  .25534080E+01
  -.37000000E+01  .25477477E+01
  -.36700000E+01  .25420766E+01
  -.36400000E+01  .25363957E+01
  -.36100000E+01  .25307019E+01
  -.35800000E+01  .25249954E+01
  -.35500000E+01  .25192798E+01
  -.35200000E+01  .25135503E+01
  -.34900000E+01  .25078106E+01
  -.34600000E+01  .25020593E+01
  -.34300000E+01  .24962960E+01
  -.34000000E+01  .24905213E+01
  -.33700000E+01  .24847349E+01
  -.33400000E+01  .24789367E+01
  -.33100000E+01  .24731275E+01
  -.32800000E+01  .24673035E+01
  -.32500000E+01  .24614696E+01
  -.32200000E+01  .24556241E+01
  -.31900000E+01  .24497637E+01
  -.31600000E+01  .24438934E+01
  -.31300000E+01  .24380087E+01
  -.31000000E+01  .24321138E+01
  -.30700000E+01  .24262054E+01
  -.30400000E+01  .24202829E+01
  -.30100000E+01  .24143493E+01
  -.29800000E+01  .24084037E+01
  -.29500000E+01  .24024443E+01
  -.29200000E+01  .23964721E+01
  -.28900000E+01  .23904870E+01
  -.28600000E+01  .23844873E+01
  -.28300000E+01  .23784761E+01
  -.28000000E+01  .23724514E+01
  -.27700000E+01  .23664139E+01
  -.27400000E+01  .23603620E+01
  -.27100000E+01  .23542992E+01
  -.26800000E+01  .23482198E+01
  -.26500000E+01  .23421281E+01
  -.26200000E+01  .23360223E+01
  -.25900000E+01  .23299045E+01
  -.25600000E+01  .23237714E+01
  -.25300000E+01  .23176244E+01
  -.25000000E+01  .23114623E+01
  -.24700000E+01  .23052869E+01
  -.24400000E+01  .22990976E+01
  -.24100000E+01  .22928939E+01
  -.23800000E+01  .22866759E+01
  -.23500000E+01  .22804435E+01
  -.23200000E+01  .22741964E+01
  -.22900000E+01  .22679346E+01
  -.22600000E+01  .22616575E+01
  -.22300000E+01  .22553666E+01
  -.22000000E+01  .22490615E+01
  -.21700000E+01  .22427402E+01
  -.21400000E+01  .22364027E+01
  -.21100000E+01  .22300504E+01
  -.20800000E+01  .22236839E+01
  -.20500000E+01  .22173014E+01
  -.20200000E+01  .22109037E+01
  -.19900000E+01  .22044901E+01
  -.19600000E+01  .21980608E+01
  -.19300000E+01  .21916156E+01
  -.19000000E+01  .21851544E+01
  -.18700000E+01  .21786771E+01
  -.18400000E+01  .21721837E+01
  -.18100000E+01  .21656743E+01
  -.17800000E+01  .21591483E+01
  -.17500000E+01  .21526056E+01
  -.17200000E+01  .21460463E+01
  -.16900000E+01  .21394705E+01
  -.16600000E+01  .21328779E+01
  -.16300000E+01  .21262684E+01
  -.16000000E+01  .21196417E+01
  -.15700000E+01  .21129978E+01
  -.15400000E+01  .21063368E+01
  -.15100000E+01  .20996583E+01
  -.14800000E+01  .20929633E+01
  -.14500000E+01  .20862496E+01
  -.14200000E+01  .20795167E+01
  -.13900000E+01  .20727676E+01
  -.13600000E+01  .20660001E+01
  -.13300000E+01  .20592145E+01
  -.13000000E+01  .20524102E+01
  -.12700000E+01  .20455878E+01
  -.12400000E+01  .20387472E+01
  -.12100000E+01  .20318876E+01
  -.11800000E+01  .20250092E+01
  -.11500000E+01  .20181114E+01
  -.11200000E+01  .20111953E+01
  -.10900000E+01  .20042593E+01
  -.10600000E+01  .19973041E+01
  -.10300000E+01  .19903294E+01
  -.10000000E+01  .19833346E+01
  -.97000000E+00  .19763208E+01
  -.94000000E+00  .19692864E+01
  -.91000000E+00  .19622321E+01
  -.88000000E+00  .19551573E+01
  -.85000000E+00  .19480623E+01
  -.82000000E+00  .19409467E+01
  -.79000000E+00  .19338103E+01
  -.76000000E+00  .19266530E+01
  -.73000000E+00  .19194746E+01
  -.70000000E+00  .19122750E+01
  -.67000000E+00  .19050540E+01
  -.64000000E+00  .18978115E+01
  -.61000000E+00  .18905469E+01
  -.58000000E+00  .18832610E+01
  -.55000000E+00  .18759527E+01
  -.52000000E+00  .18686224E+01
  -.49000000E+00  .18612693E+01
  -.46000000E+00  .18538937E+01
  -.43000000E+00  .18464953E+01
  -.40000000E+00  .18390741E+01
  -.37000000E+00  .18316296E+01
  -.34000000E+00  .18241618E+01
  -.31000000E+00  .18166704E+01
  -.28000000E+00  .18091554E+01
  -.25000000E+00  .18016164E+01
  -.22000000E+00  .17940532E+01
  -.19000000E+00  .17864659E+01
  -.16000000E+00  .17788539E+01
  -.13000000E+00  .17712173E+01
  -.10000000E+00  .17635556E+01
  -.70000000E-01  .17558688E+01
  -.40000000E-01  .17481568E+01
  -.10000000E-01  .17404190E+01
   .20000000E-01  .17326556E+01
   .50000000E-01  .17248661E+01
   .80000000E-01  .17170503E+01
   .11000000E+00  .17092081E+01
   .14000000E+00  .17013392E+01
   .17000000E+00  .16934434E+01
   .20000000E+00  .16855204E+01
   .23000000E+00  .16775700E+01
   .26000000E+00  .16695920E+01
   .29000000E+00  .16615860E+01
   .32000000E+00  .16535520E+01
   .35000000E+00  .16454895E+01
   .38000000E+00  .16373984E+01
   .41000000E+00  .16292784E+01
   .44000000E+00  .16211292E+01
   .47000000E+00  .16129506E+01
   .50000000E+00  .16047423E+01
   .53000000E+00  .15965040E+01
   .56000000E+00  .15882354E+01
   .59000000E+00  .15799363E+01
   .62000000E+00  .15716064E+01
   .65000000E+00  .15632453E+01
   .68000000E+00  .15548528E+01
   .71000000E+00  .15464287E+01
   .74000000E+00  .15379725E+01
   .77000000E+00  .15294841E+01
   .80000000E+00  .15209630E+01
   .83000000E+00  .15124090E+01
   .86000000E+00  .15038217E+01
   .89000000E+00  .14952008E+01
   .92000000E+00  .14865461E+01
   .95000000E+00  .14778571E+01
   .98000000E+00  .14691335E+01
   .10100000E+01  .14603749E+01
   .10400000E+01  .14515812E+01
   .10700000E+01  .14427518E+01
   .11000000E+01  .14338864E+01
   .11300000E+01  .14249847E+01
   .11600000E+01  .14160463E+01
   .11900000E+01  .14070707E+01
   .12200000E+01  .13980577E+01
   .12500000E+01  .13890069E+01
   .12800000E+01  .13799178E+01
   .13100000E+01  .13707901E+01
   .13400000E+01  .13616233E+01
   .13700000E+01  .13524170E+01
   .14000000E+01  .13431709E+01
   .14300000E+01  .13338844E+01
   .14600000E+01  .13245572E+01
   .14900000E+01  .13151889E+01
   .15200000E+01  .13057789E+01
   .15500000E+01  .12963269E+01
   .15800000E+01  .12868324E+01
   .16100000E+01  .12772948E+01
   .16400000E+01  .12677138E+01
   .16700000E+01  .12580889E+01
   .17000000E+01  .12484195E+01
   .17300000E+01  .12387052E+01
   .17600000E+01  .12289455E+01
   .17900000E+01  .12191398E+01
   .18200000E+01  .12092877E+01
   .18500000E+01  .11993885E+01
   .18800000E+01  .11894418E+01
   .19100000E+01  .11794470E+01
   .19400000E+01  .11694036E+01
   .19700000E+01  .11593110E+01
   .20000000E+01  .11491686E+01
KBPotential  L  =      1.00000  -7.41024
  -.40000000E+01  .15751045E+01
  -.39700000E+01  .15357937E+01
  -.39400000E+01  .14892488E+01
  -.39100000E+01  .14326771E+01
  -.38800000E+01  .13616293E+01
  -.38500000E+01  .12685324E+01
  -.38200000E+01  .11395082E+01
  -.37900000E+01  .94573081E+00
  -.37600000E+01  .61635009E+00
  -.37300000E+01 -.82308922E-01
  -.37000000E+01 -.26461426E+01
  -.36700000E+01  .14488727E+02
  -.36400000E+01  .44012377E+01
  -.36100000E+01  .32355126E+01
  -.35800000E+01  .27800020E+01
  -.35500000E+01  .25344436E+01
  -.35200000E+01  .23791037E+01
  -.34900000E+01  .22707080E+01
  -.34600000E+01  .21898420E+01
  -.34300000E+01  .21264931E+01
  -.34000000E+01  .20749738E+01
  -.33700000E+01  .20318142E+01
  -.33400000E+01  .19947766E+01
  -.33100000E+01  .19623535E+01
  -.32800000E+01  .19335000E+01
  -.32500000E+01  .19074417E+01
  -.32200000E+01  .18836280E+01
  -.31900000E+01  .18616373E+01
  -.31600000E+01  .18411454E+01
  -.31300000E+01  .18218993E+01
  -.31000000E+01  .18036978E+01
  -.30700000E+01  .17863748E+01
  -.30400000E+01  .17698097E+01
  -.30100000E+01  .17538896E+01
  -.29800000E+01  .17385265E+01
  -.29500000E+01  .17236468E+01
  -.29200000E+01  .17091825E+01
  -.28900000E+01  .16950796E+01
  -.28600000E+01  .16813001E+01
  -.28300000E+01  .16678009E+01
  -.28000000E+01  .16545510E+01
  -.27700000E+01  .16415148E+01
  -.27400000E+01  .16286695E+01
  -.27100000E+01  .16159927E+01
  -.26800000E+01  .16034636E+01
  -.26500000E+01  .15910648E+01
  -.26200000E+01  .15787804E+01
  -.25900000E+01  .15665959E+01
  -.25600000E+01  .15544988E+01
  -.25300000E+01  .15424776E+01
  -.25000000E+01  .15305217E+01
  -.24700000E+01  .15186217E+01
  -.24400000E+01  .15067690E+01
  -.24100000E+01  .14949555E+01
  -.23800000E+01  .14831740E+01
  -.23500000E+01  .14714179E+01
  -.23200000E+01  .14596812E+01
  -.22900000E+01  .14479576E+01
  -.22600000E+01  .14362423E+01
  -.22300000E+01  .14245299E+01
  -.22000000E+01  .14128160E+01
  -.21700000E+01  .14010961E+01
  -.21400000E+01  .13893662E+01
  -.21100000E+01  .13776224E+01
  -.20800000E+01  .13658608E+01
  -.20500000E+01  .13540781E+01
  -.20200000E+01  .13422709E+01
  -.19900000E+01  .13304361E+01
  -.19600000E+01  .13185706E+01
  -.19300000E+01  .13066712E+01
  -.19000000E+01  .12947354E+01
  -.18700000E+01  .12827602E+01
  -.18400000E+01  .12707430E+01
  -.18100000E+01  .12586813E+01
  -.17800000E+01  .12465725E+01
  -.17500000E+01  .12344141E+01
  -.17200000E+01  .12222038E+01
  -.16900000E+01  .12099391E+01
  -.16600000E+01  .11976177E+01
  -.16300000E+01  .11852374E+01
  -.16000000E+01  .11727958E+01
  -.15700000E+01  .11602907E+01
  -.15400000E+01  .11477198E+01
  -.15100000E+01  .11350810E+01
  -.14800000E+01  .11223719E+01
  -.14500000E+01  .11095904E+01
  -.14200000E+01  .10967343E+01
  -.13900000E+01  .10838013E+01
  -.13600000E+01  .10707893E+01
  -.13300000E+01  .10576959E+01
  -.13000000E+01  .10445189E+01
  -.12700000E+01  .10312561E+01
  -.12400000E+01  .10179051E+01
  -.12100000E+01  .10044637E+01
  -.11800000E+01  .99092958E+00
  -.11500000E+01  .97730023E+00
  -.11200000E+01  .96357333E+00
  -.10900000E+01  .94974643E+00
  -.10600000E+01  .93581707E+00
  -.10300000E+01  .92178273E+00
  -.10000000E+01  .90764087E+00
  -.97000000E+00  .89338886E+00
  -.94000000E+00  .87902407E+00
  -.91000000E+00  .86454377E+00
  -.88000000E+00  .84994518E+00
  -.85000000E+00  .83522556E+00
  -.82000000E+00  .82038197E+00
  -.79000000E+00  .80541152E+00
  -.76000000E+00  .79031110E+00
  -.73000000E+00  .77507768E+00
  -.70000000E+00  .75970812E+00
  -.67000000E+00  .74419912E+00
  -.64000000E+00  .72854734E+00
  -.61000000E+00  .71274946E+00
  -.58000000E+00  .69680188E+00
  -.55000000E+00  .68070105E+00
  -.52000000E+00  .66444327E+00
  -.49000000E+00  .64802473E+00
  -.46000000E+00  .63144154E+00
  -.43000000E+00  .61468966E+00
  -.40000000E+00  .59776497E+00
  -.37000000E+00  .58066318E+00
  -.34000000E+00  .56337992E+00
  -.31000000E+00  .54591064E+00
  -.28000000E+00  .52825069E+00
  -.25000000E+00  .51039524E+00
  -.22000000E+00  .49233933E+00
  -.19000000E+00  .47407782E+00
  -.16000000E+00  .45560542E+00
  -.13000000E+00  .43691664E+00
  -.10000000E+00  .41800583E+00
  -.70000000E-01  .39886714E+00
  -.40000000E-01  .37949451E+00
  -.10000000E-01  .35988167E+00
   .20000000E-01  .34002216E+00
   .50000000E-01  .31990924E+00
   .80000000E-01  .29953595E+00
   .11000000E+00  .27889510E+00
   .14000000E+00  .25797920E+00
   .17000000E+00  .23678049E+00
   .20000000E+00  .21529093E+00
   .23000000E+00  .19350217E+00
   .26000000E+00  .17140551E+00
   .29000000E+00  .14899197E+00
   .32000000E+00  .12625214E+00
   .35000000E+00  .10317630E+00
   .38000000E+00  .79754303E-01
   .41000000E+00  .55975603E-01
   .44000000E+00  .31829212E-01
   .47000000E+00  .73036869E-02
   .50000000E+00 -.17612907E-01
   .53000000E+00 -.42932993E-01
   .56000000E+00 -.68669582E-01
   .59000000E+00 -.94836177E-01
   .62000000E+00 -.12144693E+00
   .65000000E+00 -.14851662E+00
   .68000000E+00 -.17606069E+00
   .71000000E+00 -.20409529E+00
   .74000000E+00 -.23263731E+00
   .77000000E+00 -.26170446E+00
   .80000000E+00 -.29131527E+00
   .83000000E+00 -.32148917E+00
   .86000000E+00 -.35224643E+00
   .89000000E+00 -.38360862E+00
   .92000000E+00 -.41559810E+00
   .95000000E+00 -.44823847E+00
   .98000000E+00 -.48155453E+00
   .10100000E+01 -.51557236E+00
   .10400000E+01 -.55031943E+00
   .10700000E+01 -.58582467E+00
   .11000000E+01 -.62211860E+00
   .11300000E+01 -.65923338E+00
   .11600000E+01 -.69720299E+00
   .11900000E+01 -.73606333E+00
   .12200000E+01 -.77585236E+00
   .12500000E+01 -.81661023E+00
   .12800000E+01 -.85837949E+00
   .13100000E+01 -.90120522E+00
   .13400000E+01 -.94513524E+00
   .13700000E+01 -.99022038E+00
   .14000000E+01 -.10365146E+01
   .14300000E+01 -.10840754E+01
   .14600000E+01 -.11329638E+01
   .14900000E+01 -.11832452E+01
   .15200000E+01 -.12349891E+01
   .15500000E+01 -.12882697E+01
   .15800000E+01 -.13431666E+01
   .16100000E+01 -.13997650E+01
   .16400000E+01 -.14581561E+01
   .16700000E+01 -.15184377E+01
   .17000000E+01 -.15807153E+01
   .17300000E+01 -.16451018E+01
   .17600000E+01 -.17117194E+01
   .17900000E+01 -.17806999E+01
   .18200000E+01 -.18521855E+01
   .18500000E+01 -.19263303E+01
   .18800000E+01 -.20033013E+01
   .19100000E+01 -.20832800E+01
   .19400000E+01 -.21664637E+01
   .19700000E+01 -.22530673E+01
   .20000000E+01 -.23433258E+01
KBPotential  L  =      2.00000   -.49752
  -.40000000E+01  .20297738E+01
  -.39700000E+01  .20222961E+01
  -.39400000E+01  .20147888E+01
  -.39100000E+01  .20072514E+01
  -.38800000E+01  .19996836E+01
  -.38500000E+01  .19920849E+01
  -.38200000E+01  .19844550E+01
  -.37900000E+01  .19767934E+01
  -.37600000E+01  .19690993E+01
  -.37300000E+01  .19613730E+01
  -.37000000E+01  .19536135E+01
  -.36700000E+01  .19458206E+01
  -.36400000E+01  .19379936E+01
  -.36100000E+01  .19301321E+01
  -.35800000E+01  .19222355E+01
  -.35500000E+01  .19143033E+01
  -.35200000E+01  .19063351E+01
  -.34900000E+01  .18983302E+01
  -.34600000E+01  .18902898E+01
  -.34300000E+01  .18822098E+01
  -.34000000E+01  .18740928E+01
  -.33700000E+01  .18659352E+01
  -.33400000E+01  .18577380E+01
  -.33100000E+01  .18495004E+01
  -.32800000E+01  .18412226E+01
  -.32500000E+01  .18329022E+01
  -.32200000E+01  .18245393E+01
  -.31900000E+01  .18161331E+01
  -.31600000E+01  .18076830E+01
  -.31300000E+01  .17991895E+01
  -.31000000E+01  .17906490E+01
  -.30700000E+01  .17820620E+01
  -.30400000E+01  .17734276E+01
  -.30100000E+01  .17647451E+01
  -.29800000E+01  .17560134E+01
  -.29500000E+01  .17472315E+01
  -.29200000E+01  .17383985E+01
  -.28900000E+01  .17295134E+01
  -.28600000E+01  .17205749E+01
  -.28300000E+01  .17115822E+01
  -.28000000E+01  .17025339E+01
  -.27700000E+01  .16934289E+01
  -.27400000E+01  .16842659E+01
  -.27100000E+01  .16750437E+01
  -.26800000E+01  .16657609E+01
  -.26500000E+01  .16564162E+01
  -.26200000E+01  .16470079E+01
  -.25900000E+01  .16375348E+01
  -.25600000E+01  .16279951E+01
  -.25300000E+01  .16183873E+01
  -.25000000E+01  .16087097E+01
  -.24700000E+01  .15989603E+01
  -.24400000E+01  .15891375E+01
  -.24100000E+01  .15792392E+01
  -.23800000E+01  .15692634E+01
  -.23500000E+01  .15592080E+01
  -.23200000E+01  .15490708E+01
  -.22900000E+01  .15388494E+01
  -.22600000E+01  .15285413E+01
  -.22300000E+01  .15181441E+01
  -.22000000E+01  .15076549E+01
  -.21700000E+01  .14970710E+01
  -.21400000E+01  .14863894E+01
  -.21100000E+01  .14756069E+01
  -.20800000E+01  .14647203E+01
  -.20500000E+01  .14537260E+01
  -.20200000E+01  .14426203E+01
  -.19900000E+01  .14313994E+01
  -.19600000E+01  .14200592E+01
  -.19300000E+01  .14085952E+01
  -.19000000E+01  .13970028E+01
  -.18700000E+01  .13852772E+01
  -.18400000E+01  .13734130E+01
  -.18100000E+01  .13614049E+01
  -.17800000E+01  .13492468E+01
  -.17500000E+01  .13369325E+01
  -.17200000E+01  .13244553E+01
  -.16900000E+01  .13118079E+01
  -.16600000E+01  .12989827E+01
  -.16300000E+01  .12859715E+01
  -.16000000E+01  .12727654E+01
  -.15700000E+01  .12593549E+01
  -.15400000E+01  .12457298E+01
  -.15100000E+01  .12318791E+01
  -.14800000E+01  .12177908E+01
  -.14500000E+01  .12034521E+01
  -.14200000E+01  .11888490E+01
  -.13900000E+01  .11739663E+01
  -.13600000E+01  .11587877E+01
  -.13300000E+01  .11432950E+01
  -.13000000E+01  .11274688E+01
  -.12700000E+01  .11112874E+01
  -.12400000E+01  .10947273E+01
  -.12100000E+01  .10777626E+01
  -.11800000E+01  .10603647E+01
  -.11500000E+01  .10425020E+01
  -.11200000E+01  .10241395E+01
  -.10900000E+01  .10052382E+01
  -.10600000E+01  .98575467E+00
  -.10300000E+01  .96564037E+00
  -.10000000E+01  .94484077E+00
  -.97000000E+00  .92329442E+00
  -.94000000E+00  .90093184E+00
  -.91000000E+00  .87767416E+00
  -.88000000E+00  .85343141E+00
  -.85000000E+00  .82810055E+00
  -.82000000E+00  .80156291E+00
  -.79000000E+00  .77368118E+00
  -.76000000E+00  .74429553E+00
  -.73000000E+00  .71321873E+00
  -.70000000E+00  .68023013E+00
  -.67000000E+00  .64506767E+00
  -.64000000E+00  .60741777E+00
  -.61000000E+00  .56690191E+00
  -.58000000E+00  .52305889E+00
  -.55000000E+00  .47532090E+00
  -.52000000E+00  .42298075E+00
  -.49000000E+00  .36514626E+00
  -.46000000E+00  .30067549E+00
  -.43000000E+00  .22808261E+00
  -.40000000E+00  .14539781E+00
  -.37000000E+00  .49952707E-01
  -.34000000E+00 -.61959736E-01
  -.31000000E+00 -.19564520E+00
  -.28000000E+00 -.35897420E+00
  -.25000000E+00 -.56412367E+00
  -.22000000E+00 -.83111419E+00
  -.19000000E+00 -.11950558E+01
  -.16000000E+00 -.17239462E+01
  -.13000000E+00 -.25690652E+01
  -.10000000E+00 -.41474019E+01
  -.70000000E-01 -.81874037E+01
  -.40000000E-01 -.41765824E+02
  -.10000000E-01  .16964112E+02
   .20000000E-01  .76763185E+01
   .50000000E-01  .51905731E+01
   .80000000E-01  .40319598E+01
   .11000000E+00  .33581701E+01
   .14000000E+00  .29151995E+01
   .17000000E+00  .26000984E+01
   .20000000E+00  .23631718E+01
   .23000000E+00  .21775127E+01
   .26000000E+00  .20272781E+01
   .29000000E+00  .19025318E+01
   .32000000E+00  .17967260E+01
   .35000000E+00  .17053717E+01
   .38000000E+00  .16252827E+01
   .41000000E+00  .15541444E+01
   .44000000E+00  .14902232E+01
   .47000000E+00  .14322059E+01
   .50000000E+00  .13790714E+01
   .53000000E+00  .13300173E+01
   .56000000E+00  .12844030E+01
   .59000000E+00  .12417113E+01
   .62000000E+00  .12015198E+01
   .65000000E+00  .11634797E+01
   .68000000E+00  .11272173E+01
   .71000000E+00  .10927414E+01
   .74000000E+00  .10595909E+01
   .77000000E+00  .10276751E+01
   .80000000E+00  .99684147E+00
   .83000000E+00  .96696410E+00
   .86000000E+00  .93792584E+00
   .89000000E+00  .90962852E+00
   .92000000E+00  .88198200E+00
   .95000000E+00  .85491569E+00
   .98000000E+00  .82835812E+00
   .10100000E+01  .80224844E+00
   .10400000E+01  .77653212E+00
   .10700000E+01  .75116012E+00
   .11000000E+01  .72608807E+00
   .11300000E+01  .70127563E+00
   .11600000E+01  .67668470E+00
   .11900000E+01  .65228449E+00
   .12200000E+01  .62804259E+00
   .12500000E+01  .60393046E+00
   .12800000E+01  .57992162E+00
   .13100000E+01  .55599136E+00
   .13400000E+01  .53211661E+00
   .13700000E+01  .50827571E+00
   .14000000E+01  .48444826E+00
   .14300000E+01  .46061486E+00
   .14600000E+01  .43674699E+00
   .14900000E+01  .41284720E+00
   .15200000E+01  .38888868E+00
   .15500000E+01  .36485518E+00
   .15800000E+01  .34073104E+00
   .16100000E+01  .31650104E+00
   .16400000E+01  .29215034E+00
   .16700000E+01  .26766445E+00
   .17000000E+01  .24302912E+00
   .17300000E+01  .21823031E+00
   .17600000E+01  .19325413E+00
   .17900000E+01  .16808680E+00
   .18200000E+01  .14271460E+00
   .18500000E+01  .11712381E+00
   .18800000E+01  .91300684E-01
   .19100000E+01  .65231398E-01
   .19400000E+01  .38902022E-01
   .19700000E+01  .12298473E-01
   .20000000E+01 -.14593577E-01
KBPotential  L  =       .00000   -.60722
  -.40000000E+01  .17558436E+01
  -.39700000E+01  .17472955E+01
  -.39400000E+01  .17387082E+01
  -.39100000E+01  .17300812E+01
  -.38800000E+01  .17214140E+01
  -.38500000E+01  .17127061E+01
  -.38200000E+01  .17039569E+01
  -.37900000E+01  .16951661E+01
  -.37600000E+01  .16863329E+01
  -.37300000E+01  .16774569E+01
  -.37000000E+01  .16685376E+01
  -.36700000E+01  .16595743E+01
  -.36400000E+01  .16505666E+01
  -.36100000E+01  .16415137E+01
  -.35800000E+01  .16324152E+01
  -.35500000E+01  .16232703E+01
  -.35200000E+01  .16140786E+01
  -.34900000E+01  .16048393E+01
  -.34600000E+01  .15955518E+01
  -.34300000E+01  .15862155E+01
  -.34000000E+01  .15768296E+01
  -.33700000E+01  .15673935E+01
  -.33400000E+01  .15579065E+01
  -.33100000E+01  .15483679E+01
  -.32800000E+01  .15387770E+01
  -.32500000E+01  .15291329E+01
  -.32200000E+01  .15194350E+01
  -.31900000E+01  .15096824E+01
  -.31600000E+01  .14998744E+01
  -.31300000E+01  .14900102E+01
  -.31000000E+01  .14800888E+01
  -.30700000E+01  .14701096E+01
  -.30400000E+01  .14600715E+01
  -.30100000E+01  .14499738E+01
  -.29800000E+01  .14398155E+01
  -.29500000E+01  .14295956E+01
  -.29200000E+01  .14193134E+01
  -.28900000E+01  .14089677E+01
  -.28600000E+01  .13985576E+01
  -.28300000E+01  .13880820E+01
  -.28000000E+01  .13775400E+01
  -.27700000E+01  .13669305E+01
  -.27400000E+01  .13562523E+01
  -.27100000E+01  .13455045E+01
  -.26800000E+01  .13346858E+01
  -.26500000E+01  .13237950E+01
  -.26200000E+01  .13128310E+01
  -.25900000E+01  .13017926E+01
  -.25600000E+01  .12906785E+01
  -.25300000E+01  .12794874E+01
  -.25000000E+01  .12682180E+01
  -.24700000E+01  .12568689E+01
  -.24400000E+01  .12454389E+01
  -.24100000E+01  .12339263E+01
  -.23800000E+01  .12223299E+01
  -.23500000E+01  .12106481E+01
  -.23200000E+01  .11988793E+01
  -.22900000E+01  .11870221E+01
  -.22600000E+01  .11750747E+01
  -.22300000E+01  .11630356E+01
  -.22000000E+01  .11509030E+01
  -.21700000E+01  .11386752E+01
  -.21400000E+01  .11263504E+01
  -.21100000E+01  .11139268E+01
  -.20800000E+01  .11014024E+01
  -.20500000E+01  .10887753E+01
  -.20200000E+01  .10760436E+01
  -.19900000E+01  .10632051E+01
  -.19600000E+01  .10502579E+01
  -.19300000E+01  .10371995E+01
  -.19000000E+01  .10240280E+01
  -.18700000E+01  .10107408E+01
  -.18400000E+01  .99733572E+00
  -.18100000E+01  .98381029E+00
  -.17800000E+01  .97016197E+00
  -.17500000E+01  .95638819E+00
  -.17200000E+01  .94248627E+00
  -.16900000E+01  .92845347E+00
  -.16600000E+01  .91428696E+00
  -.16300000E+01  .89998381E+00
  -.16000000E+01  .88554101E+00
  -.15700000E+01  .87095546E+00
  -.15400000E+01  .85622394E+00
  -.15100000E+01  .84134316E+00
  -.14800000E+01  .82630969E+00
  -.14500000E+01  .81112001E+00
  -.14200000E+01  .79577047E+00
  -.13900000E+01  .78025730E+00
  -.13600000E+01  .76457663E+00
  -.13300000E+01  .74872440E+00
  -.13000000E+01  .73269646E+00
  -.12700000E+01  .71648851E+00
  -.12400000E+01  .70009610E+00
  -.12100000E+01  .68351461E+00
  -.11800000E+01  .66673925E+00
  -.11500000E+01  .64976509E+00
  -.11200000E+01  .63258701E+00
  -.10900000E+01  .61519966E+00
  -.10600000E+01  .59759756E+00
  -.10300000E+01  .57977497E+00
  -.10000000E+01  .56172598E+00
  -.97000000E+00  .54344442E+00
  -.94000000E+00  .52492389E+00
  -.91000000E+00  .50615776E+00
  -.88000000E+00  .48713912E+00
  -.85000000E+00  .46786079E+00
  -.82000000E+00  .44831531E+00
  -.79000000E+00  .42849491E+00
  -.76000000E+00  .40839152E+00
  -.73000000E+00  .38799670E+00
  -.70000000E+00  .36730168E+00
  -.67000000E+00  .34629732E+00
  -.64000000E+00  .32497408E+00
  -.61000000E+00  .30332202E+00
  -.58000000E+00  .28133076E+00
  -.55000000E+00  .25898946E+00
  -.52000000E+00  .23628679E+00
  -.49000000E+00  .21321091E+00
  -.46000000E+00  .18974944E+00
  -.43000000E+00  .16588943E+00
  -.40000000E+00  .14161729E+00
  -.37000000E+00  .11691883E+00
  -.34000000E+00  .91779150E-01
  -.31000000E+00  .66182622E-01
  -.28000000E+00  .40112855E-01
  -.25000000E+00  .13552638E-01
  -.22000000E+00 -.13516124E-01
  -.19000000E+00 -.41112442E-01
  -.16000000E+00 -.69256324E-01
  -.13000000E+00 -.97968832E-01
  -.10000000E+00 -.12727215E+00
  -.70000000E-01 -.15718968E+00
  -.40000000E-01 -.18774611E+00
  -.10000000E-01 -.21896748E+00
   .20000000E-01 -.25088133E+00
   .50000000E-01 -.28351678E+00
   .80000000E-01 -.31690466E+00
   .11000000E+00 -.35107758E+00
   .14000000E+00 -.38607016E+00
   .17000000E+00 -.42191916E+00
   .20000000E+00 -.45866351E+00
   .23000000E+00 -.49634469E+00
   .26000000E+00 -.53500686E+00
   .29000000E+00 -.57469698E+00
   .32000000E+00 -.61546516E+00
   .35000000E+00 -.65736489E+00
   .38000000E+00 -.70045332E+00
   .41000000E+00 -.74479161E+00
   .44000000E+00 -.79044525E+00
   .47000000E+00 -.83748449E+00
   .50000000E+00 -.88598475E+00
   .53000000E+00 -.93602713E+00
   .56000000E+00 -.98769900E+00
   .59000000E+00 -.10410944E+01
   .62000000E+00 -.10963151E+01
   .65000000E+00 -.11534709E+01
   .68000000E+00 -.12126810E+01
   .71000000E+00 -.12740746E+01
   .74000000E+00 -.13377921E+01
   .77000000E+00 -.14039863E+01
   .80000000E+00 -.14728241E+01
   .83000000E+00 -.15444877E+01
   .86000000E+00 -.16191769E+01
   .89000000E+00 -.16971106E+01
   .92000000E+00 -.17785301E+01
   .95000000E+00 -.18637010E+01
   .98000000E+00 -.19529171E+01
   .10100000E+01 -.20465041E+01
   .10400000E+01 -.21448238E+01
   .10700000E+01 -.22482796E+01
   .11000000E+01 -.23573221E+01
   .11300000E+01 -.24724573E+01
   .11600000E+01 -.25942539E+01
   .11900000E+01 -.27233548E+01
   .12200000E+01 -.28604887E+01
   .12500000E+01 -.30064852E+01
   .12800000E+01 -.31622932E+01
   .13100000E+01 -.33290023E+01
   .13400000E+01 -.35078712E+01
   .13700000E+01 -.37003611E+01
   .14000000E+01 -.39081773E+01
   .14300000E+01 -.41333247E+01
   .14600000E+01 -.43781747E+01
   .14900000E+01 -.46455538E+01
   .15200000E+01 -.49388584E+01
   .15500000E+01 -.52622057E+01
   .15800000E+01 -.56206363E+01
   .16100000E+01 -.60203885E+01
   .16400000E+01 -.64692760E+01
   .16700000E+01 -.69772201E+01
   .17000000E+01 -.75570105E+01
   .17300000E+01 -.82254240E+01
   .17600000E+01 -.90049111E+01
   .17900000E+01 -.99262131E+01
   .18200000E+01 -.11032582E+02
   .18500000E+01 -.12386865E+02
   .18800000E+01 -.14084023E+02
   .19100000E+01 -.16274644E+02
   .19400000E+01 -.19212671E+02
   .19700000E+01 -.23362428E+02
   .20000000E+01 -.29673441E+02
KBPotential  L  =      3.00000    .00000
  -.40000000E+01  .23041524E+01
  -.39700000E+01  .22978087E+01
  -.39400000E+01  .22914486E+01
  -.39100000E+01  .22850724E+01
  -.38800000E+01  .22786800E+01
  -.38500000E+01  .22722713E+01
  -.38200000E+01  .22658460E+01
  -.37900000E+01  .22594042E+01
  -.37600000E+01  .22529456E+01
  -.37300000E+01  .22464703E+01
  -.37000000E+01  .22399779E+01
  -.36700000E+01  .22334685E+01
  -.36400000E+01  .22269419E+01
  -.36100000E+01  .22203979E+01
  -.35800000E+01  .22138365E+01
  -.35500000E+01  .22072575E+01
  -.35200000E+01  .22006607E+01
  -.34900000E+01  .21940462E+01
  -.34600000E+01  .21874136E+01
  -.34300000E+01  .21807629E+01
  -.34000000E+01  .21740939E+01
  -.33700000E+01  .21674065E+01
  -.33400000E+01  .21607006E+01
  -.33100000E+01  .21539760E+01
  -.32800000E+01  .21472326E+01
  -.32500000E+01  .21404702E+01
  -.32200000E+01  .21336887E+01
  -.31900000E+01  .21268879E+01
  -.31600000E+01  .21200677E+01
  -.31300000E+01  .21132279E+01
  -.31000000E+01  .21063684E+01
  -.30700000E+01  .20994890E+01
  -.30400000E+01  .20925895E+01
  -.30100000E+01  .20856699E+01
  -.29800000E+01  .20787298E+01
  -.29500000E+01  .20717693E+01
  -.29200000E+01  .20647880E+01
  -.28900000E+01  .20577859E+01
  -.28600000E+01  .20507627E+01
  -.28300000E+01  .20437183E+01
  -.28000000E+01  .20366525E+01
  -.27700000E+01  .20295651E+01
  -.27400000E+01  .20224560E+01
  -.27100000E+01  .20153249E+01
  -.26800000E+01  .20081718E+01
  -.26500000E+01  .20009963E+01
  -.26200000E+01  .19937983E+01
  -.25900000E+01  .19865777E+01
  -.25600000E+01  .19793341E+01
  -.25300000E+01  .19720675E+01
  -.25000000E+01  .19647776E+01
  -.24700000E+01  .19574642E+01
  -.24400000E+01  .19501271E+01
  -.24100000E+01  .19427662E+01
  -.23800000E+01  .19353811E+01
  -.23500000E+01  .19279717E+01
  -.23200000E+01  .19205378E+01
  -.22900000E+01  .19130791E+01
  -.22600000E+01  .19055954E+01
  -.22300000E+01  .18980865E+01
  -.22000000E+01  .18905522E+01
  -.21700000E+01  .18829922E+01
  -.21400000E+01  .18754063E+01
  -.21100000E+01  .18677943E+01
  -.20800000E+01  .18601558E+01
  -.20500000E+01  .18524908E+01
  -.20200000E+01  .18447988E+01
  -.19900000E+01  .18370798E+01
  -.19600000E+01  .18293333E+01
  -.19300000E+01  .18215592E+01
  -.19000000E+01  .18137571E+01
  -.18700000E+01  .18059269E+01
  -.18400000E+01  .17980682E+01
  -.18100000E+01  .17901808E+01
  -.17800000E+01  .17822644E+01
  -.17500000E+01  .17743187E+01
  -.17200000E+01  .17663434E+01
  -.16900000E+01  .17583382E+01
  -.16600000E+01  .17503029E+01
  -.16300000E+01  .17422370E+01
  -.16000000E+01  .17341404E+01
  -.15700000E+01  .17260127E+01
  -.15400000E+01  .17178536E+01
  -.15100000E+01  .17096627E+01
  -.14800000E+01  .17014398E+01
  -.14500000E+01  .16931845E+01
  -.14200000E+01  .16848965E+01
  -.13900000E+01  .16765754E+01
  -.13600000E+01  .16682209E+01
  -.13300000E+01  .16598327E+01
  -.13000000E+01  .16514103E+01
  -.12700000E+01  .16429534E+01
  -.12400000E+01  .16344617E+01
  -.12100000E+01  .16259348E+01
  -.11800000E+01  .16173722E+01
  -.11500000E+01  .16087736E+01
  -.11200000E+01  .16001387E+01
  -.10900000E+01  .15914669E+01
  -.10600000E+01  .15827579E+01
  -.10300000E+01  .15740114E+01
  -.10000000E+01  .15652267E+01
  -.97000000E+00  .15564036E+01
  -.94000000E+00  .15475416E+01
  -.91000000E+00  .15386403E+01
  -.88000000E+00  .15296992E+01
  -.85000000E+00  .15207178E+01
  -.82000000E+00  .15116956E+01
  -.79000000E+00  .15026323E+01
  -.76000000E+00  .14935273E+01
  -.73000000E+00  .14843801E+01
  -.70000000E+00  .14751903E+01
  -.67000000E+00  .14659573E+01
  -.64000000E+00  .14566805E+01
  -.61000000E+00  .14473596E+01
  -.58000000E+00  .14379939E+01
  -.55000000E+00  .14285828E+01
  -.52000000E+00  .14191259E+01
  -.49000000E+00  .14096226E+01
  -.46000000E+00  .14000722E+01
  -.43000000E+00  .13904743E+01
  -.40000000E+00  .13808281E+01
  -.37000000E+00  .13711331E+01
  -.34000000E+00  .13613887E+01
  -.31000000E+00  .13515942E+01
  -.28000000E+00  .13417490E+01
  -.25000000E+00  .13318525E+01
  -.22000000E+00  .13219039E+01
  -.19000000E+00  .13119025E+01
  -.16000000E+00  .13018477E+01
  -.13000000E+00  .12917388E+01
  -.10000000E+00  .12815751E+01
  -.70000000E-01  .12713557E+01
  -.40000000E-01  .12610800E+01
  -.10000000E-01  .12507471E+01
   .20000000E-01  .12403563E+01
   .50000000E-01  .12299068E+01
   .80000000E-01  .12193978E+01
   .11000000E+00  .12088284E+01
   .14000000E+00  .11981978E+01
   .17000000E+00  .11875051E+01
   .20000000E+00  .11767495E+01
   .23000000E+00  .11659299E+01
   .26000000E+00  .11550456E+01
   .29000000E+00  .11440955E+01
   .32000000E+00  .11330786E+01
   .35000000E+00  .11219941E+01
   .38000000E+00  .11108408E+01
   .41000000E+00  .10996178E+01
   .44000000E+00  .10883241E+01
   .47000000E+00  .10769584E+01
   .50000000E+00  .10655198E+01
   .53000000E+00  .10540070E+01
   .56000000E+00  .10424191E+01
   .59000000E+00  .10307547E+01
   .62000000E+00  .10190126E+01
   .65000000E+00  .10071918E+01
   .68000000E+00  .99529076E+00
   .71000000E+00  .98330836E+00
   .74000000E+00  .97124324E+00
   .77000000E+00  .95909405E+00
   .80000000E+00  .94685941E+00
   .83000000E+00  .93453790E+00
   .86000000E+00  .92212807E+00
   .89000000E+00  .90962845E+00
   .92000000E+00  .89703750E+00
   .95000000E+00  .88435368E+00
   .98000000E+00  .87157539E+00
   .10100000E+01  .85870098E+00
   .10400000E+01  .84572879E+00
   .10700000E+01  .83265710E+00
   .11000000E+01  .81948415E+00
   .11300000E+01  .80620812E+00
   .11600000E+01  .79282716E+00
   .11900000E+01  .77933937E+00
   .12200000E+01  .76574280E+00
   .12500000E+01  .75203544E+00
   .12800000E+01  .73821525E+00
   .13100000E+01  .72428010E+00
   .13400000E+01  .71022783E+00
   .13700000E+01  .69605621E+00
   .14000000E+01  .68176295E+00
   .14300000E+01  .66734571E+00
   .14600000E+01  .65280206E+00
   .14900000E+01  .63812953E+00
   .15200000E+01  .62332555E+00
   .15500000E+01  .60838752E+00
   .15800000E+01  .59331271E+00
   .16100000E+01  .57809836E+00
   .16400000E+01  .56274145E+00
   .16700000E+01  .54723935E+00
   .17000000E+01  .53158888E+00
   .17300000E+01  .51578691E+00
   .17600000E+01  .49983023E+00
   .17900000E+01  .48371553E+00
   .18200000E+01  .46743941E+00
   .18500000E+01  .45099834E+00
   .18800000E+01  .43438871E+00
   .19100000E+01  .41760677E+00
   .19400000E+01  .40064867E+00
   .19700000E+01  .38351043E+00
   .20000000E+01  .36618796E+00
KBPotential  L  =      4.00000    .00000
  -.40000000E+01  .26038569E+01
  -.39700000E+01  .25982931E+01
  -.39400000E+01  .25927207E+01
  -.39100000E+01  .25871372E+01
  -.38800000E+01  .25815445E+01
  -.38500000E+01  .25759394E+01
  -.38200000E+01  .25703231E+01
  -.37900000E+01  .25646965E+01
  -.37600000E+01  .25590570E+01
  -.37300000E+01  .25534080E+01
  -.37000000E+01  .25477477E+01
  -.36700000E+01  .25420766E+01
  -.36400000E+01  .25363957E+01
  -.36100000E+01  .25307019E+01
  -.35800000E+01  .25249954E+01
  -.35500000E+01  .25192798E+01
  -.35200000E+01  .25135503E+01
  -.34900000E+01  .25078106E+01
  -.34600000E+01  .25020593E+01
  -.34300000E+01  .24962960E+01
  -.34000000E+01  .24905213E+01
  -.33700000E+01  .24847349E+01
  -.33400000E+01  .24789367E+01
  -.33100000E+01  .24731275E+01
  -.32800000E+01  .24673035E+01
  -.32500000E+01  .24614696E+01
  -.32200000E+01  .24556241E+01
  -.31900000E+01  .24497637E+01
  -.31600000E+01  .24438934E+01
  -.31300000E+01  .24380087E+01
  -.31000000E+01  .24321138E+01
  -.30700000E+01  .24262054E+01
  -.30400000E+01  .24202829E+01
  -.30100000E+01  .24143493E+01
  -.29800000E+01  .24084037E+01
  -.29500000E+01  .24024443E+01
  -.29200000E+01  .23964721E+01
  -.28900000E+01  .23904870E+01
  -.28600000E+01  .23844873E+01
  -.28300000E+01  .23784761E+01
  -.28000000E+01  .23724514E+01
  -.27700000E+01  .23664139E+01
  -.27400000E+01  .23603620E+01
  -.27100000E+01  .23542992E+01
  -.26800000E+01  .23482198E+01
  -.26500000E+01  .23421281E+01
  -.26200000E+01  .23360223E+01
  -.25900000E+01  .23299045E+01
  -.25600000E+01  .23237714E+01
  -.25300000E+01  .23176244E+01
  -.25000000E+01  .23114623E+01
  -.24700000E+01  .23052869E+01
  -.24400000E+01  .22990976E+01
  -.24100000E+01  .22928939E+01
  -.23800000E+01  .22866759E+01
  -.23500000E+01  .22804435E+01
  -.23200000E+01  .22741964E+01
  -.22900000E+01  .22679346E+01
  -.22600000E+01  .22616575E+01
  -.22300000E+01  .22553666E+01
  -.22000000E+01  .22490615E+01
  -.21700000E+01  .22427402E+01
  -.21400000E+01  .22364027E+01
  -.21100000E+01  .22300504E+01
  -.20800000E+01  .22236839E+01
  -.20500000E+01  .22173014E+01
  -.20200000E+01  .22109037E+01
  -.19900000E+01  .22044901E+01
  -.19600000E+01  .21980608E+01
  -.19300000E+01  .21916156E+01
  -.19000000E+01  .21851544E+01
  -.18700000E+01  .21786771E+01
  -.18400000E+01  .21721837E+01
  -.18100000E+01  .21656743E+01
  -.17800000E+01  .21591483E+01
  -.17500000E+01  .21526056E+01
  -.17200000E+01  .21460463E+01
  -.16900000E+01  .21394705E+01
  -.16600000E+01  .21328779E+01
  -.16300000E+01  .21262684E+01
  -.16000000E+01  .21196417E+01
  -.15700000E+01  .21129978E+01
  -.15400000E+01  .21063368E+01
  -.15100000E+01  .20996583E+01
  -.14800000E+01  .20929633E+01
  -.14500000E+01  .20862496E+01
  -.14200000E+01  .20795167E+01
  -.13900000E+01  .20727676E+01
  -.13600000E+01  .20660001E+01
  -.13300000E+01  .20592145E+01
  -.13000000E+01  .20524102E+01
  -.12700000E+01  .20455878E+01
  -.12400000E+01  .20387472E+01
  -.12100000E+01  .20318876E+01
  -.11800000E+01  .20250092E+01
  -.11500000E+01  .20181114E+01
  -.11200000E+01  .20111953E+01
  -.10900000E+01  .20042593E+01
  -.10600000E+01  .19973041E+01
  -.10300000E+01  .19903294E+01
  -.10000000E+01  .19833346E+01
  -.97000000E+00  .19763208E+01
  -.94000000E+00  .19692864E+01
  -.91000000E+00  .19622321E+01
  -.88000000E+00  .19551573E+01
  -.85000000E+00  .19480623E+01
  -.82000000E+00  .19409467E+01
  -.79000000E+00  .19338103E+01
  -.76000000E+00  .19266530E+01
  -.73000000E+00  .19194746E+01
  -.70000000E+00  .19122750E+01
  -.67000000E+00  .19050540E+01
  -.64000000E+00  .18978115E+01
  -.61000000E+00  .18905469E+01
  -.58000000E+00  .18832610E+01
  -.55000000E+00  .18759527E+01
  -.52000000E+00  .18686224E+01
  -.49000000E+00  .18612693E+01
  -.46000000E+00  .18538937E+01
  -.43000000E+00  .18464953E+01
  -.40000000E+00  .18390741E+01
  -.37000000E+00  .18316296E+01
  -.34000000E+00  .18241618E+01
  -.31000000E+00  .18166704E+01
  -.28000000E+00  .18091554E+01
  -.25000000E+00  .18016164E+01
  -.22000000E+00  .17940532E+01
  -.19000000E+00  .17864659E+01
  -.16000000E+00  .17788539E+01
  -.13000000E+00  .17712173E+01
  -.10000000E+00  .17635556E+01
  -.70000000E-01  .17558688E+01
  -.40000000E-01  .17481568E+01
  -.10000000E-01  .17404190E+01
   .20000000E-01  .17326556E+01
   .50000000E-01  .17248661E+01
   .80000000E-01  .17170503E+01
   .11000000E+00  .17092081E+01
   .14000000E+00  .17013392E+01
   .17000000E+00  .16934434E+01
   .20000000E+00  .16855204E+01
   .23000000E+00  .16775700E+01
   .26000000E+00  .16695920E+01
   .29000000E+00  .16615860E+01
   .32000000E+00  .16535520E+01
   .35000000E+00  .16454895E+01
   .38000000E+00  .16373984E+01
   .41000000E+00  .16292784E+01
   .44000000E+00  .16211292E+01
   .47000000E+00  .16129506E+01
   .50000000E+00  .16047423E+01
   .53000000E+00  .15965040E+01
   .56000000E+00  .15882354E+01
   .59000000E+00  .15799363E+01
   .62000000E+00  .15716064E+01
   .65000000E+00  .15632453E+01
   .68000000E+00  .15548528E+01
   .71000000E+00  .15464287E+01
   .74000000E+00  .15379725E+01
   .77000000E+00  .15294841E+01
   .80000000E+00  .15209630E+01
   .83000000E+00  .15124090E+01
   .86000000E+00  .15038217E+01
   .89000000E+00  .14952008E+01
   .92000000E+00  .14865461E+01
   .95000000E+00  .14778571E+01
   .98000000E+00  .14691335E+01
   .10100000E+01  .14603749E+01
   .10400000E+01  .14515812E+01
   .10700000E+01  .14427518E+01
   .11000000E+01  .14338864E+01
   .11300000E+01  .14249847E+01
   .11600000E+01  .14160463E+01
   .11900000E+01  .14070707E+01
   .12200000E+01  .13980577E+01
   .12500000E+01  .13890069E+01
   .12800000E+01  .13799178E+01
   .13100000E+01  .13707901E+01
   .13400000E+01  .13616233E+01
   .13700000E+01  .13524170E+01
   .14000000E+01  .13431709E+01
   .14300000E+01  .13338844E+01
   .14600000E+01  .13245572E+01
   .14900000E+01  .13151889E+01
   .15200000E+01  .13057789E+01
   .15500000E+01  .12963269E+01
   .15800000E+01  .12868324E+01
   .16100000E+01  .12772948E+01
   .16400000E+01  .12677138E+01
   .16700000E+01  .12580889E+01
   .17000000E+01  .12484195E+01
   .17300000E+01  .12387052E+01
   .17600000E+01  .12289455E+01
   .17900000E+01  .12191398E+01
   .18200000E+01  .12092877E+01
   .18500000E+01  .11993885E+01
   .18800000E+01  .11894418E+01
   .19100000E+01  .11794470E+01
   .19400000E+01  .11694036E+01
   .19700000E+01  .11593110E+01
   .20000000E+01  .11491686E+01
