K:  3s3p4s                              
  .360307387E-03  .366053469E-03  .371891119E-03  .377821796E-03  .383846979E-03
  .389968173E-03  .396186906E-03  .402504730E-03  .408923223E-03  .415443986E-03
  .422068647E-03  .428798860E-03  .435636304E-03  .442582685E-03  .449639738E-03
  .456809222E-03  .464092928E-03  .471492672E-03  .479010300E-03  .486647689E-03
  .494406743E-03  .502289398E-03  .510297620E-03  .518433408E-03  .526698789E-03
  .535095826E-03  .543626613E-03  .552293278E-03  .561097980E-03  .570042917E-03
  .579130318E-03  .588362449E-03  .597741612E-03  .607270145E-03  .616950423E-03
  .626784859E-03  .636775906E-03  .646926052E-03  .657237827E-03  .667713803E-03
  .678356588E-03  .689168835E-03  .700153239E-03  .711312535E-03  .722649505E-03
  .734166972E-03  .745867806E-03  .757754921E-03  .769831278E-03  .782099885E-03
  .794563797E-03  .807226119E-03  .820090002E-03  .833158651E-03  .846435319E-03
  .859923312E-03  .873625987E-03  .887546755E-03  .901689082E-03  .916056487E-03
  .930652546E-03  .945480892E-03  .960545215E-03  .975849262E-03  .991396842E-03
  .100719182E-02  .102323813E-02  .103953977E-02  .105610078E-02  .107292528E-02
  .109001747E-02  .110738158E-02  .112502195E-02  .114294295E-02  .116114903E-02
  .117964474E-02  .119843466E-02  .121752346E-02  .123691589E-02  .125661677E-02
  .127663099E-02  .129696353E-02  .131761944E-02  .133860385E-02  .135992198E-02
  .138157911E-02  .140358063E-02  .142593201E-02  .144863879E-02  .147170661E-02
  .149514120E-02  .151894838E-02  .154313406E-02  .156770424E-02  .159266502E-02
  .161802259E-02  .164378325E-02  .166995339E-02  .169653951E-02  .172354819E-02
  .175098614E-02  .177886016E-02  .180717718E-02  .183594420E-02  .186516837E-02
  .189485692E-02  .192501723E-02  .195565676E-02  .198678312E-02  .201840401E-02
  .205052727E-02  .208316086E-02  .211631287E-02  .214999151E-02  .218420513E-02
  .221896219E-02  .225427131E-02  .229014123E-02  .232658082E-02  .236359913E-02
  .240120529E-02  .243940864E-02  .247821861E-02  .251764481E-02  .255769701E-02
  .259838511E-02  .263971917E-02  .268170942E-02  .272436624E-02  .276770019E-02
  .281172197E-02  .285644248E-02  .290187276E-02  .294802405E-02  .299490774E-02
  .304253544E-02  .309091889E-02  .314007007E-02  .319000110E-02  .324072432E-02
  .329225226E-02  .334459763E-02  .339777337E-02  .345179260E-02  .350666864E-02
  .356241505E-02  .361904558E-02  .367657420E-02  .373501510E-02  .379438270E-02
  .385469163E-02  .391595677E-02  .397819322E-02  .404141632E-02  .410564166E-02
  .417088505E-02  .423716258E-02  .430449058E-02  .437288562E-02  .444236456E-02
  .451294449E-02  .458464280E-02  .465747714E-02  .473146544E-02  .480662589E-02
  .488297699E-02  .496053753E-02  .503932658E-02  .511936353E-02  .520066803E-02
  .528326010E-02  .536716002E-02  .545238842E-02  .553896623E-02  .562691473E-02
  .571625552E-02  .580701055E-02  .589920208E-02  .599285276E-02  .608798558E-02
  .618462388E-02  .628279137E-02  .638251213E-02  .648381062E-02  .658671169E-02
  .669124056E-02  .679742285E-02  .690528459E-02  .701485221E-02  .712615255E-02
  .723921287E-02  .735406087E-02  .747072465E-02  .758923278E-02  .770961426E-02
  .783189854E-02  .795611555E-02  .808229567E-02  .821046974E-02  .834066911E-02
  .847292560E-02  .860727153E-02  .874373973E-02  .888236352E-02  .902317677E-02
  .916621386E-02  .931150969E-02  .945909974E-02  .960902000E-02  .976130706E-02
  .991599806E-02  .100731307E-01  .102327433E-01  .103948747E-01  .105595645E-01
  .107268528E-01  .108967803E-01  .110693883E-01  .112447190E-01  .114228149E-01
  .116037194E-01  .117874765E-01  .119741309E-01  .121637279E-01  .123563137E-01
  .125519349E-01  .127506392E-01  .129524748E-01  .131574906E-01  .133657365E-01
  .135772630E-01  .137921214E-01  .140103637E-01  .142320430E-01  .144572128E-01
  .146859279E-01  .149182435E-01  .151542160E-01  .153939024E-01  .156373608E-01
  .158846500E-01  .161358300E-01  .163909614E-01  .166501058E-01  .169133260E-01
  .171806854E-01  .174522487E-01  .177280814E-01  .180082501E-01  .182928224E-01
  .185818669E-01  .188754533E-01  .191736523E-01  .194765359E-01  .197841769E-01
  .200966495E-01  .204140288E-01  .207363912E-01  .210638143E-01  .213963767E-01
  .217341585E-01  .220772407E-01  .224257058E-01  .227796375E-01  .231391207E-01
  .235042416E-01  .238750878E-01  .242517482E-01  .246343131E-01  .250228742E-01
  .254175245E-01  .258183584E-01  .262254719E-01  .266389623E-01  .270589286E-01
  .274854710E-01  .279186916E-01  .283586937E-01  .288055824E-01  .292594643E-01
  .297204476E-01  .301886424E-01  .306641601E-01  .311471140E-01  .316376191E-01
  .321357921E-01  .326417517E-01  .331556180E-01  .336775132E-01  .342075613E-01
  .347458883E-01  .352926217E-01  .358478914E-01  .364118291E-01  .369845684E-01
  .375662450E-01  .381569966E-01  .387569631E-01  .393662864E-01  .399851106E-01
  .406135819E-01  .412518489E-01  .419000621E-01  .425583746E-01  .432269416E-01
  .439059207E-01  .445954720E-01  .452957578E-01  .460069430E-01  .467291948E-01
  .474626830E-01  .482075801E-01  .489640609E-01  .497323031E-01  .505124869E-01
  .513047951E-01  .521094136E-01  .529265306E-01  .537563376E-01  .545990285E-01
  .554548005E-01  .563238534E-01  .572063903E-01  .581026171E-01  .590127428E-01
  .599369795E-01  .608755426E-01  .618286506E-01  .627965252E-01  .637793915E-01
  .647774779E-01  .657910161E-01  .668202413E-01  .678653922E-01  .689267111E-01
  .700044437E-01  .710988396E-01  .722101518E-01  .733386371E-01  .744845563E-01
  .756481739E-01  .768297581E-01  .780295815E-01  .792479203E-01  .804850549E-01
  .817412699E-01  .830168540E-01  .843121001E-01  .856273054E-01  .869627717E-01
  .883188048E-01  .896957152E-01  .910938181E-01  .925134329E-01  .939548839E-01
  .954185003E-01  .969046157E-01  .984135689E-01  .999457033E-01  .101501368E+00
  .103080916E+00  .104684706E+00  .106313102E+00  .107966474E+00  .109645196E+00
  .111349648E+00  .113080216E+00  .114837290E+00  .116621268E+00  .118432551E+00
  .120271548E+00  .122138673E+00  .124034346E+00  .125958993E+00  .127913046E+00
  .129896944E+00  .131911130E+00  .133956056E+00  .136032180E+00  .138139965E+00
  .140279881E+00  .142452407E+00  .144658025E+00  .146897228E+00  .149170512E+00
  .151478383E+00  .153821352E+00  .156199939E+00  .158614671E+00  .161066081E+00
  .163554712E+00  .166081112E+00  .168645839E+00  .171249456E+00  .173892537E+00
  .176575663E+00  .179299422E+00  .182064412E+00  .184871237E+00  .187720512E+00
  .190612859E+00  .193548909E+00  .196529301E+00  .199554686E+00  .202625719E+00
  .205743068E+00  .208907410E+00  .212119429E+00  .215379819E+00  .218689286E+00
  .222048544E+00  .225458315E+00  .228919334E+00  .232432345E+00  .235998101E+00
  .239617367E+00  .243290918E+00  .247019537E+00  .250804022E+00  .254645178E+00
  .258543824E+00  .262500788E+00  .266516909E+00  .270593038E+00  .274730039E+00
  .278928784E+00  .283190161E+00  .287515066E+00  .291904410E+00  .296359113E+00
  .300880110E+00  .305468348E+00  .310124784E+00  .314850392E+00  .319646156E+00
  .324513073E+00  .329452153E+00  .334464421E+00  .339550915E+00  .344712684E+00
  .349950794E+00  .355266323E+00  .360660364E+00  .366134023E+00  .371688422E+00
  .377324697E+00  .383043997E+00  .388847488E+00  .394736349E+00  .400711776E+00
  .406774980E+00  .412927186E+00  .419169635E+00  .425503585E+00  .431930310E+00
  .438451098E+00  .445067255E+00  .451780103E+00  .458590981E+00  .465501243E+00
  .472512263E+00  .479625429E+00  .486842149E+00  .494163846E+00  .501591961E+00
  .509127955E+00  .516773304E+00  .524529504E+00  .532398068E+00  .540380529E+00
  .548478438E+00  .556693364E+00  .565026895E+00  .573480639E+00  .582056224E+00
  .590755294E+00  .599579517E+00  .608530579E+00  .617610184E+00  .626820059E+00
  .636161950E+00  .645637624E+00  .655248868E+00  .664997491E+00  .674885322E+00
  .684914210E+00  .695086029E+00  .705402670E+00  .715866049E+00  .726478103E+00
  .737240790E+00  .748156090E+00  .759226008E+00  .770452568E+00  .781837819E+00
  .793383832E+00  .805092700E+00  .816966540E+00  .829007494E+00  .841217723E+00
  .853599416E+00  .866154784E+00  .878886060E+00  .891795504E+00  .904885398E+00
  .918158049E+00  .931615789E+00  .945260972E+00  .959095981E+00  .973123220E+00
  .987345118E+00  .100176413E+01  .101638274E+01  .103120345E+01  .104622879E+01
  .106146132E+01  .107690362E+01  .109255829E+01  .110842798E+01  .112451533E+01
  .114082304E+01  .115735381E+01  .117411038E+01  .119109551E+01  .120831200E+01
  .122576266E+01  .124345032E+01  .126137787E+01  .127954818E+01  .129796419E+01
  .131662884E+01  .133554510E+01  .135471597E+01  .137414448E+01  .139383368E+01
  .141378666E+01  .143400651E+01  .145449637E+01  .147525940E+01  .149629878E+01
  .151761773E+01  .153921947E+01  .156110728E+01  .158328444E+01  .160575428E+01
  .162852012E+01  .165158533E+01  .167495332E+01  .169862750E+01  .172261130E+01
  .174690821E+01  .177152171E+01  .179645532E+01  .182171259E+01  .184729708E+01
  .187321239E+01  .189946212E+01  .192604993E+01  .195297947E+01  .198025444E+01
  .200787853E+01  .203585549E+01  .206418906E+01  .209288302E+01  .212194118E+01
  .215136735E+01  .218116537E+01  .221133910E+01  .224189242E+01  .227282924E+01
  .230415347E+01  .233586905E+01  .236797994E+01  .240049011E+01  .243340356E+01
  .246672429E+01  .250045632E+01  .253460371E+01  .256917049E+01  .260416075E+01
  .263957856E+01  .267542801E+01  .271171323E+01  .274843831E+01  .278560741E+01
  .282322464E+01  .286129417E+01  .289982015E+01  .293880674E+01  .297825812E+01
  .301817846E+01  .305857194E+01  .309944275E+01  .314079508E+01  .318263311E+01
  .322496104E+01  .326778305E+01  .331110334E+01  .335492608E+01  .339925547E+01
  .344409568E+01  .348945088E+01  .353532523E+01  .358172289E+01  .362864800E+01
  .367610470E+01  .372409710E+01  .377262931E+01  .382170542E+01  .387132950E+01
  .392150561E+01  .397223778E+01  .402353002E+01  .407538632E+01  .412781064E+01
  .418080692E+01  .423437907E+01  .428853095E+01  .434326642E+01  .439858927E+01
  .445450330E+01  .451101222E+01  .456811974E+01  .462582950E+01  .468414512E+01
  .474307016E+01  .480260813E+01  .486276249E+01  .492353664E+01  .498493396E+01
  .504695772E+01  .510961117E+01  .517289748E+01  .523681977E+01  .530138106E+01
  .536658433E+01  .543243248E+01  .549892834E+01  .556607465E+01  .563387408E+01
  .570232920E+01  .577144252E+01  .584121643E+01  .591165327E+01  .598275523E+01
  .605452446E+01  .612696296E+01  .620007266E+01  .627385536E+01  .634831278E+01
  .642344649E+01  .649925796E+01  .657574855E+01  .665291948E+01  .673077185E+01
  .680930664E+01  .688852468E+01  .696842667E+01  .704901318E+01  .713028461E+01
  .721224124E+01  .729488319E+01  .737821042E+01  .746222273E+01  .754691976E+01
  .763230100E+01  .771836574E+01  .780511313E+01  .789254211E+01  .798065146E+01
  .806943976E+01  .815890543E+01  .824904665E+01  .833986145E+01  .843134763E+01
  .852350279E+01  .861632433E+01  .870980943E+01  .880395505E+01  .889875792E+01
  .899421458E+01  .909032130E+01  .918707413E+01  .928446890E+01  .938250117E+01
  .948116627E+01  .958045927E+01  .968037501E+01  .978090804E+01  .988205267E+01
  .998380292E+01  .100861526E+02  .101890951E+02  .102926237E+02  .103967314E+02
  .105014107E+02  .106066540E+02  .107124535E+02  .108188007E+02  .109256872E+02
  .110331042E+02  .111410425E+02  .112494925E+02  .113584446E+02  .114678886E+02
  .115778141E+02  .116882103E+02  .117990661E+02  .119103701E+02  .120221106E+02
  .121342754E+02  .122468521E+02  .123598279E+02  .124731897E+02  .125869240E+02
  .127010169E+02  .128154542E+02  .129302215E+02  .130453036E+02  .131606855E+02
  .132763514E+02  .133922852E+02  .135084708E+02  .136248912E+02  .137415293E+02
  .138583678E+02  .139753886E+02  .140925736E+02  .142099041E+02  .143273612E+02
  .144449255E+02  .145625773E+02  .146802963E+02  .147980623E+02  .149158542E+02
  .150336509E+02  .151514307E+02  .152691718E+02  .153868517E+02  .155044477E+02
  .156219367E+02  .157392954E+02  .158565000E+02  .159735262E+02  .160903496E+02
  .162069454E+02  .163232883E+02  .164393529E+02  .165551131E+02  .166705430E+02
  .167856158E+02  .169003048E+02  .170145828E+02  .171284224E+02  .172417957E+02
  .173546747E+02  .174670311E+02  .175788362E+02  .176900611E+02  .178006767E+02
  .179106534E+02  .180199618E+02  .181285718E+02  .182364533E+02  .183435761E+02
  .184499095E+02  .185554228E+02  .186600852E+02  .187638654E+02  .188667324E+02
  .189686547E+02  .190696007E+02  .191695390E+02  .192684376E+02  .193662650E+02
  .194629890E+02  .195585779E+02  .196529996E+02  .197462222E+02  .198382136E+02
  .199289419E+02  .200183751E+02  .201064812E+02  .201932285E+02  .202785852E+02
  .203625196E+02  .204450002E+02  .205259956E+02  .206054746E+02  .206834062E+02
  .207597597E+02  .208345043E+02  .209076098E+02  .209790462E+02  .210487837E+02
  .211167929E+02  .211830447E+02  .212475104E+02  .213101619E+02  .213709711E+02
  .214299107E+02  .214869537E+02  .215420738E+02  .215952449E+02  .216464418E+02
  .216956396E+02  .217428143E+02  .217879422E+02  .218310005E+02  .218719670E+02
  .219108203E+02  .219475397E+02  .219821051E+02  .220144976E+02  .220446988E+02
  .220726911E+02  .220984582E+02  .221219843E+02  .221432548E+02  .221622558E+02
  .221789748E+02  .221933999E+02  .222055205E+02  .222153272E+02  .222228113E+02
  .222279657E+02  .222307841E+02  .222312617E+02  .222293945E+02  .222251802E+02
  .222186176E+02  .222097066E+02  .221984487E+02  .221848465E+02  .221689042E+02
  .221506272E+02  .221300224E+02  .221070981E+02  .220818641E+02  .220543315E+02
  .220245132E+02  .219924233E+02  .219580776E+02  .219214934E+02  .218826896E+02
  .218416865E+02  .217985062E+02  .217531724E+02  .217057101E+02  .216561463E+02
  .216045095E+02  .215508296E+02  .214951386E+02  .214374697E+02  .213778581E+02
  .213163403E+02  .212529549E+02  .211877417E+02  .211207424E+02  .210520003E+02
  .209815604E+02  .209094693E+02  .208357750E+02  .207605275E+02  .206837782E+02
  .206055800E+02  .205259876E+02  .204450570E+02  .203628460E+02  .202794137E+02
  .201948208E+02  .201091294E+02  .200224031E+02  .199347068E+02  .198461071E+02
  .197566714E+02  .196664690E+02  .195755700E+02  .194840460E+02  .193919697E+02
  .192994150E+02  .192064568E+02  .191131713E+02  .190196353E+02  .189259271E+02
  .188321253E+02  .187383099E+02  .186445613E+02  .185509609E+02  .184575906E+02
  .183645329E+02  .182718711E+02  .181796887E+02  .180880697E+02  .179970985E+02
  .179068597E+02  .178174382E+02  .177289189E+02  .176413867E+02  .175549268E+02
  .174696239E+02  .173855626E+02  .173028275E+02  .172215026E+02  .171416714E+02
  .170634171E+02  .169868220E+02  .169119681E+02  .168389363E+02  .167678066E+02
  .166986583E+02  .166315694E+02  .165666169E+02  .165038765E+02  .164434225E+02
  .163853279E+02  .163296641E+02  .162765009E+02  .162259066E+02  .161779473E+02
  .161326876E+02  .160901899E+02  .160505147E+02  .160137202E+02  .159798624E+02
  .159489949E+02  .159211690E+02  .158964335E+02  .158748344E+02  .158564151E+02
  .158412165E+02  .158292763E+02  .158206294E+02  .158153076E+02  .158133399E+02
  .158147519E+02  .158195659E+02  .158278011E+02  .158394732E+02  .158545946E+02
  .158731740E+02  .158952168E+02  .159207246E+02  .159496954E+02  .159821233E+02
  .160179991E+02  .160573093E+02  .161000369E+02  .161461607E+02  .161956560E+02
  .162484939E+02  .163046414E+02  .163640620E+02  .164267148E+02  .164925550E+02
  .165615339E+02  .166335987E+02  .167086927E+02  .167867551E+02  .168677212E+02
  .169515223E+02  .170380860E+02  .171273356E+02  .172191910E+02  .173135680E+02
  .174103787E+02  .175095315E+02  .176109312E+02  .177144789E+02  .178200723E+02
  .179276056E+02  .180369696E+02  .181480519E+02  .182607368E+02  .183749055E+02
  .184904362E+02  .186072043E+02  .187250823E+02  .188439400E+02  .189636447E+02
  .190840612E+02  .192050519E+02  .193264772E+02  .194481953E+02  .195700625E+02
  .196919332E+02  .198136605E+02  .199350955E+02  .200560886E+02  .201764884E+02
  .202961428E+02  .204148989E+02  .205326029E+02  .206491007E+02  .207642376E+02
  .208778590E+02  .209898099E+02  .210999360E+02  .212080829E+02  .213140971E+02
  .214178254E+02  .215191159E+02  .216178175E+02  .217137807E+02  .218068571E+02
  .218969001E+02  .219837651E+02  .220673092E+02  .221473920E+02  .222238752E+02
  .222966234E+02  .223655036E+02  .224303861E+02  .224911440E+02  .225476540E+02
  .225997959E+02  .226474534E+02  .226905139E+02  .227288688E+02  .227624138E+02
  .227910485E+02  .228146773E+02  .228332090E+02  .228465573E+02  .228546406E+02
  .228573825E+02  .228547115E+02  .228465617E+02  .228328723E+02  .228135882E+02
  .227886598E+02  .227580433E+02  .227217006E+02  .226795995E+02  .226317140E+02
  .225780240E+02  .225185153E+02  .224531803E+02  .223820173E+02  .223050310E+02
  .222222325E+02  .221336390E+02  .220392742E+02  .219391682E+02  .218333574E+02
  .217218846E+02  .216047990E+02  .214821559E+02  .213540172E+02  .212204509E+02
  .210815311E+02  .209373383E+02  .207879589E+02  .206334853E+02  .204740159E+02
  .203096549E+02  .201405122E+02  .199667035E+02  .197883496E+02  .196055770E+02
  .194185174E+02  .192273075E+02  .190320890E+02  .188330083E+02  .186302164E+02
  .184238689E+02  .182141255E+02  .180011499E+02  .177851100E+02  .175661769E+02
  .173445254E+02  .171203336E+02  .168937825E+02  .166650558E+02  .164343398E+02
  .162018233E+02  .159676969E+02  .157321530E+02  .154953858E+02  .152575906E+02
  .150189638E+02  .147797026E+02  .145400048E+02  .143000681E+02  .140600907E+02
  .138202700E+02  .135808033E+02  .133418866E+02  .131037152E+02  .128664827E+02
  .126303814E+02  .123956015E+02  .121623309E+02  .119307552E+02  .117010575E+02
  .114734176E+02  .112480123E+02  .110250149E+02  .108045951E+02  .105869186E+02
  .103721469E+02  .101604373E+02  .995194239E+01  .974680996E+01  .954518293E+01
  .934719893E+01  .915299033E+01  .896268388E+01  .877640076E+01  .859425619E+01
  .841635952E+01  .824281393E+01  .807371643E+01  .790915764E+01  .774922185E+01
  .759398674E+01  .744352353E+01  .729789670E+01  .715716415E+01  .702137700E+01
  .689057969E+01  .676480990E+01  .664409856E+01  .652846990E+01  .641794144E+01
  .631252403E+01  .621222191E+01  .611703273E+01  .602694763E+01  .594195132E+01
  .586202207E+01  .578713190E+01  .571724653E+01  .565232554E+01  .559232236E+01
  .553718441E+01  .548685313E+01  .544126404E+01  .540034679E+01  .536402526E+01
  .533221758E+01  .530483623E+01  .528178810E+01  .526297460E+01  .524829175E+01
  .523763033E+01  .523087602E+01  .522790964E+01  .522860728E+01  .523284066E+01
  .524047735E+01  .525138113E+01  .526541226E+01  .528242796E+01  .530228263E+01
  .532482836E+01  .534991518E+01  .537739151E+01  .540710441E+01  .543889999E+01
  .547262361E+01  .550812029E+01  .554523482E+01  .558381218E+01  .562369760E+01
  .566473695E+01  .570677680E+01  .574966481E+01  .579324973E+01  .583738179E+01
  .588191273E+01  .592669618E+01  .597158765E+01  .601644489E+01  .606112794E+01
  .610549945E+01  .614942472E+01  .619277199E+01  .623541252E+01  .627722084E+01
  .631807482E+01  .635785594E+01  .639644928E+01  .643374385E+01  .646963253E+01
  .650401241E+01  .653678467E+01  .656785493E+01  .659713314E+01  .662453386E+01
  .664997616E+01  .667338391E+01  .669468560E+01  .671381465E+01  .673070921E+01
  .674531241E+01  .675757221E+01  .676744158E+01  .677487832E+01  .677984527E+01
  .678231007E+01  .678224535E+01  .677962851E+01  .677444185E+01  .676667234E+01
  .675631172E+01  .674335632E+01  .672780707E+01  .670966932E+01  .668895285E+01
  .666567166E+01  .663984401E+01  .661149213E+01  .658064228E+01  .654732446E+01
  .651157245E+01  .647342349E+01  .643291835E+01  .639010099E+01  .634501858E+01
  .629772121E+01  .624826186E+01  .619669618E+01  .614308235E+01  .608748092E+01
  .602995467E+01  .597056843E+01  .590938893E+01  .584648466E+01  .578192569E+01
  .571578351E+01  .564813082E+01  .557904137E+01  .550859035E+01  .543685249E+01
  .536390532E+01  .528982422E+01  .521468776E+01  .513857203E+01  .506155573E+01
  .498371520E+01  .490512880E+01  .482587247E+01  .474602385E+01  .466565787E+01
  .458485104E+01  .450367679E+01  .442221005E+01  .434052244E+01  .425868658E+01
  .417677211E+01  .409484912E+01  .401298464E+01  .393124600E+01  .384969727E+01
  .376840274E+01  .368742323E+01  .360681969E+01  .352664949E+01  .344697002E+01
  .336783496E+01  .328929794E+01  .321140878E+01  .313421723E+01  .305776911E+01
  .298211011E+01  .290728199E+01  .283332634E+01  .276028074E+01  .268818260E+01
  .261706535E+01  .254696221E+01  .247790239E+01  .240991497E+01  .234302499E+01
  .227725740E+01  .221263314E+01  .214917311E+01  .208689424E+01  .202581346E+01
  .196594379E+01  .190729809E+01  .184988635E+01  .179371699E+01  .173879663E+01
  .168513017E+01  .163272081E+01  .158157007E+01  .153167791E+01  .148304272E+01
  .143566141E+01  .138952943E+01  .134464086E+01  .130098844E+01  .125856364E+01
  .121735672E+01  .117735677E+01  .113855179E+01  .110092875E+01  .106447360E+01
  .102917141E+01  .995006345E+00  .961961794E+00  .930020366E+00  .899163994E+00
  .869373952E+00  .840630945E+00  .812915123E+00  .786206176E+00  .760483345E+00
  .735725506E+00  .711911185E+00  .689018643E+00  .667025881E+00  .645910724E+00
  .625650827E+00  .606223753E+00  .587606977E+00  .569777960E+00  .552714151E+00
  .536393062E+00  .520792259E+00  .505889441E+00  .491662426E+00  .478089226E+00
  .465148030E+00  .452817279E+00  .441075643E+00  .429902093E+00  .419275873E+00
  .409176571E+00  .399584088E+00  .390478701E+00  .381841026E+00  .373652085E+00
  .365893256E+00  .358546335E+00  .351593483E+00  .345017284E+00  .338800684E+00
  .332927042E+00  .327380068E+00  .322143871E+00  .317202891E+00  .312541942E+00
  .308146151E+00  .304000998E+00  .300092254E+00  .296406028E+00  .292928709E+00
  .289647020E+00  .286547960E+00  .283618868E+00  .280847370E+00  .278221446E+00
  .275729383E+00  .273359839E+00  .271101802E+00  .268944651E+00  .266878111E+00
  .264892317E+00  .262977764E+00  .261125363E+00  .259326392E+00  .257572548E+00
  .255855893E+00  .254168906E+00  .252504422E+00  .250855686E+00  .249216289E+00
  .247580218E+00  .245941795E+00  .244295726E+00  .242637036E+00  .240961119E+00
  .239263675E+00  .237540763E+00  .235788728E+00  .234004264E+00  .232184337E+00
  .230326248E+00  .228427561E+00  .226486155E+00  .224500174E+00  .222468047E+00
  .220388467E+00  .218260404E+00  .216083061E+00  .213855940E+00  .211578715E+00
  .209251394E+00  .206874124E+00  .204447348E+00  .201971677E+00  .199447964E+00
  .196877243E+00  .194260761E+00  .191599905E+00  .188896312E+00  .186151667E+00
  .183367939E+00  .180547113E+00  .177691399E+00  .174803051E+00  .171884484E+00
  .168938159E+00  .165966671E+00  .162972604E+00  .159958709E+00  .156927650E+00
  .153882254E+00  .150825255E+00  .147759490E+00  .144687719E+00  .141612761E+00
  .138537343E+00  .135464242E+00  .132396111E+00  .129335646E+00  .126285402E+00
  .123247960E+00  .120225761E+00  .117221218E+00  .114236655E+00  .111274318E+00
  .108336367E+00  .105424873E+00  .102541820E+00  .996890976E-01  .968685008E-01
  .940817303E-01  .913303900E-01  .886159872E-01  .859399325E-01  .833035400E-01
  .807080280E-01  .781545200E-01  .756440455E-01  .731775418E-01  .707558554E-01
  .683797441E-01  .660498785E-01  .637668446E-01  .615311457E-01  .593432050E-01
  .572033682E-01  .551119054E-01  .530690146E-01  .510748232E-01  .491293919E-01
  .472327162E-01  .453847298E-01  .435853071E-01  .418342656E-01  .401313688E-01
  .384763285E-01  .368688076E-01  .353084225E-01  .337947453E-01  .323273067E-01
  .309055979E-01  .295290731E-01  .281971515E-01  .269092200E-01  .256646346E-01
  .244627232E-01  .233027870E-01  .221841029E-01  .211059252E-01  .200674875E-01
  .190680047E-01  .181066744E-01  .171826793E-01  .162951882E-01  .154433580E-01
  .146263355E-01  .138432587E-01  .130932587E-01  .123754607E-01  .116889863E-01
  .110329543E-01  .104064823E-01  .980868844E-02  .923869240E-02  .869561689E-02
  .817858896E-02  .768674120E-02  .721921304E-02  .677515184E-02  .635371409E-02
  .595406645E-02  .557538675E-02  .521686504E-02  .487770444E-02  .455712202E-02
  .425434964E-02  .396863462E-02  .369924049E-02  .344544756E-02  .320655349E-02
  .298187381E-02  .277074229E-02  .257251138E-02  .238655245E-02  .221225605E-02
  .204903213E-02  .189631011E-02  .175353898E-02  .162018731E-02  .149574321E-02
  .137971421E-02  .127162717E-02  .117102808E-02  .107748181E-02  .990571880E-03
  .909900134E-03  .835086422E-03  .765768227E-03  .701600274E-03  .642254116E-03
  .587417693E-03  .536794876E-03  .490104995E-03  .447082354E-03  .407475736E-03
  .371047894E-03  .337575050E-03  .306846376E-03  .278663484E-03  .252839911E-03
  .229200611E-03  .207581452E-03  .187828710E-03  .169798587E-03  .153356719E-03
  .138377710E-03  .124744667E-03  .112348752E-03  .101088745E-03  .908706176E-04
  .816071267E-04  .732174171E-04  .656266412E-04  .587655927E-04  .525703556E-04
  .469819682E-04  .419461021E-04  .374127560E-04  .333359647E-04  .296735219E-04
  .263867179E-04  .234400914E-04  .208011943E-04  .184403707E-04  .163305476E-04
  .144470395E-04  .127673637E-04  .112710677E-04  .993956808E-05  .875599937E-05
  .770507321E-05  .677294739E-05  .594710387E-05  .521623560E-05  .457014152E-05
  .399962942E-05  .349642610E-05  .305309448E-05  .266295716E-05  .232002610E-05
  .201893801E-05  .175489506E-05  .152361047E-05  .132125887E-05  .114443084E-05
  .990091435E-06  .855542486E-06  .738388199E-06  .636503975E-06  .548008097E-06
  .471236089E-06  .404717521E-06  .347155067E-06  .297405601E-06  .254463186E-06
  .217443769E-06  .185571432E-06  .158166074E-06  .134632367E-06  .114449890E-06
  .971643180E-07  .823795651E-07  .697507896E-07  .589781772E-07  .498014215E-07
  .419948326E-07  .353630073E-07  .297370032E-07  .249709628E-07  .209391387E-07
  .175332768E-07  .146603176E-07  .122403799E-07  .102049956E-07  .849556497E-08
  .706200968E-08  .586159726E-08  .485791875E-08  .401999999E-08  .332153072E-08
  .274019674E-08  .225710235E-08  .185627166E-08  .152421866E-08  .124957727E-08
  .102278334E-08  .835801992E-09  .681894016E-09  .555416168E-09  .451650720E-09
  .366660214E-09  .297163902E-09  .240432814E-09  .194200811E-09  .156589302E-09
  .126043652E-09  .101279546E-09  .812378411E-10  .650466295E-10  .519894116E-10
  .414784500E-10  .330324994E-10  .262582243E-10  .208347382E-10  .165007235E-10
  .130437930E-10  .102916280E-10  .810470068E-11  .637024302E-11  .499728915E-11
  .391260226E-11  .305733407E-11  .238429087E-11  .185570028E-11  .144139082E-11
  .111731078E-11  .864325821E-12  .667244702E-12  .514031524E-12  .395170134E-12
  .303152338E-12  .232066700E-12  .177268844E-12  .135117690E-12  .102764872E-12
  .779870043E-13  .590523541E-13  .446151025E-13  .336316748E-13  .252946788E-13
  .189808653E-13  .142102276E-13  .106139298E-13  .790921604E-14  .587982692E-14
  .436075099E-14  .322637893E-14  .238132366E-14  .175332335E-14  .128776801E-14
  .943488693E-15  .689525893E-15  .502655636E-15  .365500393E-15  .265090155E-15
  .191769213E-15  .138367696E-15  .995753869E-16  .714696442E-16  .511604489E-16
  .365242150E-16  .260047024E-16  .184645147E-16  .130746298E-16  .923244668E-17
  .650115389E-17  .456499776E-17  .319637223E-17  .223167465E-17  .155364280E-17
  .107847027E-17  .746434547E-18  .515100075E-18  .354403100E-18  .243107880E-18
  .166259208E-18  .113356641E-18  .770499159E-19  .522096261E-19  .352672334E-19
  .237478169E-19  .159403001E-19  .106654384E-19  .711310442E-20  .472853545E-20
  .313306756E-20  .206907901E-20  .136187442E-20  .893383858E-21  .584074803E-21
  .380554062E-21  .247098362E-21  .159888410E-21  .103096903E-21  .662435456E-22
  .424129565E-22  .270581538E-22  .172000583E-22  .108938459E-22  .687447279E-23
  .432206839E-23  .270722929E-23  .168937715E-23  .105022719E-23  .650401834E-24
  .401244227E-24  .246576086E-24  .150936649E-24  .920293603E-25  .558897681E-25
  .338063714E-25  .203662556E-25  .122195755E-25  .730161873E-26  .434496201E-26
  .257479225E-26  .151940392E-26  .892821173E-27  .522397555E-27  .304346505E-27
  .176543211E-27  .101961007E-27  .586276326E-28  .335614233E-28  .191263749E-28
  .108508464E-28  .612798216E-29  .344491426E-29  .192765984E-29  .107363662E-29
  .595172582E-30  .328375553E-30  .180311949E-30  .985342792E-31  .535849155E-31
  .289983453E-31  .156157302E-31  .836744011E-32  .446115019E-32  .236650560E-32
  .124898464E-32  .655809626E-33  .342571899E-33  .178016772E-33  .920210501E-34
  .473164574E-34  .242001234E-34  .123107543E-34  .622866147E-35  .313421567E-35
  .156844059E-35  .780536322E-36  .386264386E-36  .190074222E-36  .930013233E-37
  .452441651E-37  .218838438E-37  .105233034E-37  .503069226E-38  .239072787E-38
  .112937629E-38  .530313347E-39  .247508938E-39  .114813396E-39  .529317590E-40
  .242516200E-40  .110419113E-40  .499580023E-41  .224595603E-41  .100325356E-41
  .445257423E-42  .196327065E-42  .859993369E-43  .374225307E-43  .161760078E-43
  .694522831E-44  .296179747E-44  .125445279E-44  .527666737E-45  .220418310E-45
  .914311330E-46  .376595190E-46  .154015784E-46  .625375497E-47  .252102321E-47
  .100890013E-47  .400801798E-48  .158050512E-48  .618616268E-49  .240314607E-49
  .926502156E-50  .354481814E-50  .134584913E-50  .507022361E-51  .189521897E-51
  .702855794E-52  .258595179E-52  .943831831E-53  .341712723E-53  .122713527E-53
  .437081666E-54  .154399244E-54  .540907451E-55  .187942365E-55  .647749691E-56
  .221595693E-56  .755285285E-57  .257582469E-57  .903567355E-58  .342191272E-58
  .162211559E-58  .122630730E-58  .000000000E+00  .000000000E+00  .000000000E+00
  .000000000E+00  .000000000E+00  .000000000E+00  .000000000E+00  .000000000E+00
  .000000000E+00  .000000000E+00  .000000000E+00  .000000000E+00  .000000000E+00
  .000000000E+00  .000000000E+00  .000000000E+00  .000000000E+00  .000000000E+00
  .000000000E+00  .000000000E+00  .000000000E+00  .000000000E+00  .000000000E+00
  .000000000E+00  .000000000E+00  .000000000E+00  .000000000E+00  .000000000E+00
  .000000000E+00  .000000000E+00  .000000000E+00  .000000000E+00  .000000000E+00
  .000000000E+00  .000000000E+00  .000000000E+00  .000000000E+00  .000000000E+00
  .000000000E+00  .000000000E+00  .000000000E+00  .000000000E+00  .000000000E+00
  .000000000E+00  .000000000E+00  .000000000E+00  .000000000E+00  .000000000E+00
  .000000000E+00  .000000000E+00  .000000000E+00  .000000000E+00  .000000000E+00
  .000000000E+00  .000000000E+00  .000000000E+00  .000000000E+00  .000000000E+00
  .000000000E+00  .000000000E+00  .000000000E+00  .000000000E+00  .000000000E+00
  .000000000E+00  .000000000E+00  .000000000E+00  .000000000E+00  .000000000E+00
  .000000000E+00  .000000000E+00  .000000000E+00  .000000000E+00  .000000000E+00
  .000000000E+00  .000000000E+00  .000000000E+00  .000000000E+00  .000000000E+00
  .000000000E+00  .000000000E+00  .000000000E+00  .000000000E+00  .000000000E+00
  .000000000E+00  .000000000E+00  .000000000E+00  .000000000E+00  .000000000E+00
  .000000000E+00  .000000000E+00  .000000000E+00  .000000000E+00  .000000000E+00
  .000000000E+00  .000000000E+00  .000000000E+00  .000000000E+00  .000000000E+00
  .000000000E+00  .000000000E+00  .000000000E+00  .000000000E+00  .000000000E+00
  .000000000E+00  .000000000E+00  .000000000E+00  .000000000E+00  .000000000E+00
  .000000000E+00  .000000000E+00  .000000000E+00  .000000000E+00  .000000000E+00
  .000000000E+00  .000000000E+00  .000000000E+00  .000000000E+00  .000000000E+00
  .000000000E+00  .000000000E+00  .000000000E+00  .000000000E+00  .000000000E+00
  .000000000E+00  .000000000E+00  .000000000E+00  .000000000E+00  .000000000E+00
  .000000000E+00  .000000000E+00  .000000000E+00  .000000000E+00  .000000000E+00
  .000000000E+00  .000000000E+00  .000000000E+00  .000000000E+00  .000000000E+00
  .000000000E+00  .000000000E+00  .000000000E+00  .000000000E+00  .000000000E+00
  .000000000E+00  .000000000E+00  .000000000E+00  .000000000E+00  .000000000E+00
  .000000000E+00  .000000000E+00  .000000000E+00  .000000000E+00  .000000000E+00
  .000000000E+00  .000000000E+00  .000000000E+00  .000000000E+00  .000000000E+00
  .000000000E+00  .000000000E+00  .000000000E+00  .000000000E+00  .000000000E+00
  .000000000E+00  .000000000E+00  .000000000E+00  .000000000E+00  .000000000E+00
