Mo: 4p5s4d                              
  .113492921E-01  .115226773E-01  .116987048E-01  .118774147E-01  .120588477E-01
  .122430452E-01  .124300491E-01  .126199021E-01  .128126473E-01  .130083286E-01
  .132069907E-01  .134086786E-01  .136134383E-01  .138213165E-01  .140323603E-01
  .142466179E-01  .144641378E-01  .146849697E-01  .149091637E-01  .151367707E-01
  .153678426E-01  .156024318E-01  .158405916E-01  .160823761E-01  .163278403E-01
  .165770399E-01  .168300315E-01  .170868724E-01  .173476211E-01  .176123367E-01
  .178810793E-01  .181539097E-01  .184308900E-01  .187120829E-01  .189975522E-01
  .192873626E-01  .195815798E-01  .198802704E-01  .201835022E-01  .204913438E-01
  .208038650E-01  .211211365E-01  .214432301E-01  .217702188E-01  .221021765E-01
  .224391784E-01  .227813008E-01  .231286209E-01  .234812173E-01  .238391698E-01
  .242025592E-01  .245714677E-01  .249459786E-01  .253261765E-01  .257121473E-01
  .261039782E-01  .265017575E-01  .269055751E-01  .273155221E-01  .277316910E-01
  .281541756E-01  .285830711E-01  .290184744E-01  .294604835E-01  .299091981E-01
  .303647191E-01  .308271493E-01  .312965927E-01  .317731550E-01  .322569436E-01
  .327480671E-01  .332466362E-01  .337527630E-01  .342665613E-01  .347881465E-01
  .353176358E-01  .358551484E-01  .364008048E-01  .369547276E-01  .375170412E-01
  .380878717E-01  .386673474E-01  .392555981E-01  .398527557E-01  .404589543E-01
  .410743296E-01  .416990195E-01  .423331639E-01  .429769050E-01  .436303868E-01
  .442937555E-01  .449671597E-01  .456507499E-01  .463446791E-01  .470491023E-01
  .477641770E-01  .484900630E-01  .492269224E-01  .499749198E-01  .507342220E-01
  .515049987E-01  .522874216E-01  .530816653E-01  .538879069E-01  .547063261E-01
  .555371052E-01  .563804292E-01  .572364860E-01  .581054660E-01  .589875627E-01
  .598829722E-01  .607918936E-01  .617145290E-01  .626510833E-01  .636017647E-01
  .645667842E-01  .655463560E-01  .665406975E-01  .675500293E-01  .685745750E-01
  .696145619E-01  .706702204E-01  .717417842E-01  .728294906E-01  .739335804E-01
  .750542978E-01  .761918907E-01  .773466105E-01  .785187124E-01  .797084553E-01
  .809161020E-01  .821419189E-01  .833861765E-01  .846491492E-01  .859311154E-01
  .872323576E-01  .885531625E-01  .898938208E-01  .912546275E-01  .926358821E-01
  .940378882E-01  .954609540E-01  .969053921E-01  .983715197E-01  .998596586E-01
  .101370135E+00  .102903281E+00  .104459432E+00  .106038929E+00  .107642118E+00
  .109269350E+00  .110920981E+00  .112597372E+00  .114298889E+00  .116025905E+00
  .117778796E+00  .119557945E+00  .121363740E+00  .123196575E+00  .125056849E+00
  .126944968E+00  .128861342E+00  .130806389E+00  .132780531E+00  .134784198E+00
  .136817824E+00  .138881852E+00  .140976729E+00  .143102910E+00  .145260856E+00
  .147451033E+00  .149673917E+00  .151929989E+00  .154219736E+00  .156543653E+00
  .158902242E+00  .161296013E+00  .163725482E+00  .166191173E+00  .168693618E+00
  .171233355E+00  .173810931E+00  .176426900E+00  .179081826E+00  .181776278E+00
  .184510835E+00  .187286084E+00  .190102620E+00  .192961047E+00  .195861976E+00
  .198806028E+00  .201793834E+00  .204826032E+00  .207903269E+00  .211026203E+00
  .214195499E+00  .217411832E+00  .220675889E+00  .223988364E+00  .227349961E+00
  .230761395E+00  .234223390E+00  .237736682E+00  .241302014E+00  .244920143E+00
  .248591836E+00  .252317868E+00  .256099028E+00  .259936114E+00  .263829936E+00
  .267781317E+00  .271791089E+00  .275860095E+00  .279989193E+00  .284179251E+00
  .288431149E+00  .292745779E+00  .297124047E+00  .301566870E+00  .306075178E+00
  .310649914E+00  .315292035E+00  .320002510E+00  .324782322E+00  .329632468E+00
  .334553957E+00  .339547814E+00  .344615077E+00  .349756799E+00  .354974046E+00
  .360267901E+00  .365639459E+00  .371089833E+00  .376620149E+00  .382231549E+00
  .387925192E+00  .393702250E+00  .399563913E+00  .405511388E+00  .411545896E+00
  .417668676E+00  .423880984E+00  .430184093E+00  .436579293E+00  .443067890E+00
  .449651210E+00  .456330596E+00  .463107410E+00  .469983029E+00  .476958853E+00
  .484036298E+00  .491216800E+00  .498501814E+00  .505892813E+00  .513391294E+00
  .520998769E+00  .528716772E+00  .536546860E+00  .544490606E+00  .552549608E+00
  .560725483E+00  .569019869E+00  .577434428E+00  .585970842E+00  .594630815E+00
  .603416075E+00  .612328373E+00  .621369479E+00  .630541192E+00  .639845330E+00
  .649283737E+00  .658858280E+00  .668570851E+00  .678423367E+00  .688417768E+00
  .698556023E+00  .708840121E+00  .719272082E+00  .729853948E+00  .740587791E+00
  .751475706E+00  .762519818E+00  .773722277E+00  .785085262E+00  .796610979E+00
  .808301662E+00  .820159574E+00  .832187006E+00  .844386280E+00  .856759745E+00
  .869309781E+00  .882038797E+00  .894949234E+00  .908043562E+00  .921324283E+00
  .934793928E+00  .948455064E+00  .962310287E+00  .976362224E+00  .990613538E+00
  .100506692E+01  .101972510E+01  .103459085E+01  .104966694E+01  .106495622E+01
  .108046155E+01  .109618582E+01  .111213198E+01  .112830298E+01  .114470185E+01
  .116133161E+01  .117819535E+01  .119529618E+01  .121263726E+01  .123022178E+01
  .124805297E+01  .126613409E+01  .128446845E+01  .130305941E+01  .132191033E+01
  .134102466E+01  .136040584E+01  .138005740E+01  .139998287E+01  .142018585E+01
  .144066996E+01  .146143888E+01  .148249632E+01  .150384604E+01  .152549183E+01
  .154743755E+01  .156968707E+01  .159224434E+01  .161511331E+01  .163829803E+01
  .166180255E+01  .168563098E+01  .170978748E+01  .173427625E+01  .175910155E+01
  .178426767E+01  .180977896E+01  .183563981E+01  .186185465E+01  .188842798E+01
  .191536433E+01  .194266829E+01  .197034449E+01  .199839762E+01  .202683241E+01
  .205565365E+01  .208486616E+01  .211447485E+01  .214448464E+01  .217490052E+01
  .220572753E+01  .223697076E+01  .226863536E+01  .230072653E+01  .233324951E+01
  .236620960E+01  .239961217E+01  .243346262E+01  .246776641E+01  .250252906E+01
  .253775615E+01  .257345330E+01  .260962618E+01  .264628054E+01  .268342217E+01
  .272105691E+01  .275919066E+01  .279782937E+01  .283697908E+01  .287664583E+01
  .291683576E+01  .295755505E+01  .299880993E+01  .304060670E+01  .308295170E+01
  .312585135E+01  .316931211E+01  .321334050E+01  .325794309E+01  .330312652E+01
  .334889747E+01  .339526271E+01  .344222902E+01  .348980327E+01  .353799238E+01
  .358680332E+01  .363624311E+01  .368631886E+01  .373703769E+01  .378840681E+01
  .384043348E+01  .389312499E+01  .394648873E+01  .400053210E+01  .405526259E+01
  .411068773E+01  .416681509E+01  .422365234E+01  .428120714E+01  .433948726E+01
  .439850049E+01  .445825469E+01  .451875775E+01  .458001765E+01  .464204237E+01
  .470483999E+01  .476841861E+01  .483278639E+01  .489795154E+01  .496392231E+01
  .503070701E+01  .509831398E+01  .516675162E+01  .523602838E+01  .530615274E+01
  .537713323E+01  .544897842E+01  .552169693E+01  .559529741E+01  .566978856E+01
  .574517911E+01  .582147784E+01  .589869355E+01  .597683509E+01  .605591134E+01
  .613593122E+01  .621690365E+01  .629883763E+01  .638174214E+01  .646562624E+01
  .655049896E+01  .663636939E+01  .672324664E+01  .681113984E+01  .690005813E+01
  .699001067E+01  .708100665E+01  .717305525E+01  .726616570E+01  .736034720E+01
  .745560898E+01  .755196028E+01  .764941033E+01  .774796838E+01  .784764365E+01
  .794844540E+01  .805038285E+01  .815346523E+01  .825770175E+01  .836310161E+01
  .846967401E+01  .857742812E+01  .868637309E+01  .879651804E+01  .890787208E+01
  .902044428E+01  .913424368E+01  .924927928E+01  .936556006E+01  .948309494E+01
  .960189281E+01  .972196248E+01  .984331275E+01  .996595234E+01  .100898899E+02
  .102151341E+02  .103416934E+02  .104695762E+02  .105987911E+02  .107293463E+02
  .108612500E+02  .109945103E+02  .111291354E+02  .112651332E+02  .114025116E+02
  .115412782E+02  .116814407E+02  .118230068E+02  .119659837E+02  .121103788E+02
  .122561992E+02  .124034520E+02  .125521440E+02  .127022820E+02  .128538726E+02
  .130069222E+02  .131614371E+02  .133174234E+02  .134748871E+02  .136338339E+02
  .137942693E+02  .139561989E+02  .141196277E+02  .142845608E+02  .144510029E+02
  .146189587E+02  .147884324E+02  .149594283E+02  .151319501E+02  .153060015E+02
  .154815860E+02  .156587066E+02  .158373664E+02  .160175678E+02  .161993132E+02
  .163826047E+02  .165674440E+02  .167538327E+02  .169417718E+02  .171312623E+02
  .173223047E+02  .175148991E+02  .177090456E+02  .179047435E+02  .181019920E+02
  .183007901E+02  .185011360E+02  .187030280E+02  .189064637E+02  .191114404E+02
  .193179550E+02  .195260040E+02  .197355835E+02  .199466891E+02  .201593161E+02
  .203734592E+02  .205891127E+02  .208062706E+02  .210249262E+02  .212450725E+02
  .214667018E+02  .216898062E+02  .219143771E+02  .221404054E+02  .223678815E+02
  .225967954E+02  .228271363E+02  .230588931E+02  .232920540E+02  .235266067E+02
  .237625384E+02  .239998355E+02  .242384840E+02  .244784693E+02  .247197762E+02
  .249623886E+02  .252062903E+02  .254514639E+02  .256978919E+02  .259455557E+02
  .261944364E+02  .264445142E+02  .266957687E+02  .269481789E+02  .272017230E+02
  .274563786E+02  .277121225E+02  .279689308E+02  .282267792E+02  .284856422E+02
  .287454938E+02  .290063074E+02  .292680554E+02  .295307096E+02  .297942412E+02
  .300586202E+02  .303238164E+02  .305897984E+02  .308565342E+02  .311239910E+02
  .313921353E+02  .316609327E+02  .319303481E+02  .322003456E+02  .324708885E+02
  .327419392E+02  .330134595E+02  .332854103E+02  .335577517E+02  .338304431E+02
  .341034428E+02  .343767088E+02  .346501979E+02  .349238661E+02  .351976690E+02
  .354715609E+02  .357454957E+02  .360194264E+02  .362933050E+02  .365670831E+02
  .368407113E+02  .371141393E+02  .373873164E+02  .376601909E+02  .379327104E+02
  .382048217E+02  .384764709E+02  .387476036E+02  .390181643E+02  .392880970E+02
  .395573452E+02  .398258513E+02  .400935574E+02  .403604047E+02  .406263339E+02
  .408912851E+02  .411551977E+02  .414180106E+02  .416796620E+02  .419400896E+02
  .421992307E+02  .424570220E+02  .427133995E+02  .429682991E+02  .432216560E+02
  .434734051E+02  .437234807E+02  .439718169E+02  .442183476E+02  .444630060E+02
  .447057253E+02  .449464384E+02  .451850778E+02  .454215761E+02  .456558653E+02
  .458878778E+02  .461175454E+02  .463448001E+02  .465695740E+02  .467917988E+02
  .470114067E+02  .472283296E+02  .474424999E+02  .476538498E+02  .478623119E+02
  .480678191E+02  .482703046E+02  .484697018E+02  .486659447E+02  .488589674E+02
  .490487049E+02  .492350925E+02  .494180660E+02  .495975622E+02  .497735182E+02
  .499458720E+02  .501145624E+02  .502795291E+02  .504407126E+02  .505980545E+02
  .507514972E+02  .509009844E+02  .510464608E+02  .511878724E+02  .513251663E+02
  .514582910E+02  .515871964E+02  .517118339E+02  .518321561E+02  .519481176E+02
  .520596742E+02  .521667837E+02  .522694055E+02  .523675007E+02  .524610326E+02
  .525499661E+02  .526342684E+02  .527139085E+02  .527888576E+02  .528590893E+02
  .529245793E+02  .529853055E+02  .530412484E+02  .530923909E+02  .531387184E+02
  .531802188E+02  .532168827E+02  .532487034E+02  .532756770E+02  .532978024E+02
  .533150814E+02  .533275185E+02  .533351215E+02  .533379012E+02  .533358713E+02
  .533290489E+02  .533174541E+02  .533011105E+02  .532800447E+02  .532542869E+02
  .532238706E+02  .531888327E+02  .531492137E+02  .531050576E+02  .530564118E+02
  .530033275E+02  .529458594E+02  .528840659E+02  .528180090E+02  .527477546E+02
  .526733722E+02  .525949350E+02  .525125199E+02  .524262079E+02  .523360835E+02
  .522422351E+02  .521447548E+02  .520437386E+02  .519392861E+02  .518315010E+02
  .517204906E+02  .516063658E+02  .514892414E+02  .513692359E+02  .512464714E+02
  .511210737E+02  .509931723E+02  .508629000E+02  .507303934E+02  .505957924E+02
  .504592404E+02  .503208840E+02  .501808732E+02  .500393613E+02  .498965046E+02
  .497524625E+02  .496073974E+02  .494614745E+02  .493148619E+02  .491677303E+02
  .490202530E+02  .488726058E+02  .487249668E+02  .485775164E+02  .484304371E+02
  .482839133E+02  .481381312E+02  .479932789E+02  .478495457E+02  .477071227E+02
  .475662020E+02  .474269766E+02  .472896408E+02  .471543893E+02  .470214175E+02
  .468909211E+02  .467630961E+02  .466381383E+02  .465162434E+02  .463976067E+02
  .462824229E+02  .461708857E+02  .460631880E+02  .459595212E+02  .458600755E+02
  .457650392E+02  .456745988E+02  .455889384E+02  .455082400E+02  .454326829E+02
  .453624434E+02  .452976948E+02  .452386070E+02  .451853465E+02  .451380757E+02
  .450969530E+02  .450621325E+02  .450337639E+02  .450119917E+02  .449969556E+02
  .449887900E+02  .449876235E+02  .449935792E+02  .450067739E+02  .450273183E+02
  .450553163E+02  .450908652E+02  .451340554E+02  .451849700E+02  .452436844E+02
  .453102666E+02  .453847766E+02  .454672662E+02  .455577791E+02  .456563502E+02
  .457630059E+02  .458777635E+02  .460006314E+02  .461316086E+02  .462706847E+02
  .464178397E+02  .465730439E+02  .467362577E+02  .469074315E+02  .470865056E+02
  .472734099E+02  .474680642E+02  .476703778E+02  .478802495E+02  .480975675E+02
  .483222095E+02  .485540424E+02  .487929225E+02  .490386956E+02  .492911967E+02
  .495502500E+02  .498156693E+02  .500872579E+02  .503648083E+02  .506481029E+02
  .509369136E+02  .512310022E+02  .515301202E+02  .518340094E+02  .521424018E+02
  .524550197E+02  .527715762E+02  .530917748E+02  .534153105E+02  .537418694E+02
  .540711292E+02  .544027592E+02  .547364212E+02  .550717693E+02  .554084501E+02
  .557461038E+02  .560843638E+02  .564228575E+02  .567612064E+02  .570990267E+02
  .574359301E+02  .577715232E+02  .581054093E+02  .584371876E+02  .587664547E+02
  .590928044E+02  .594158287E+02  .597351180E+02  .600502617E+02  .603608491E+02
  .606664694E+02  .609667125E+02  .612611700E+02  .615494350E+02  .618311034E+02
  .621057741E+02  .623730498E+02  .626325376E+02  .628838495E+02  .631266031E+02
  .633604224E+02  .635849381E+02  .637997884E+02  .640046198E+02  .641990875E+02
  .643828561E+02  .645556002E+02  .647170050E+02  .648667672E+02  .650045951E+02
  .651302096E+02  .652433446E+02  .653437479E+02  .654311811E+02  .655054210E+02
  .655662593E+02  .656135040E+02  .656469790E+02  .656665254E+02  .656720015E+02
  .656632832E+02  .656402650E+02  .656028596E+02  .655509989E+02  .654846343E+02
  .654037366E+02  .653082969E+02  .651983262E+02  .650738565E+02  .649349401E+02
  .647816506E+02  .646140825E+02  .644323515E+02  .642365946E+02  .640269703E+02
  .638036583E+02  .635668596E+02  .633167966E+02  .630537128E+02  .627778729E+02
  .624895623E+02  .621890870E+02  .618767735E+02  .615529685E+02  .612180383E+02
  .608723686E+02  .605163642E+02  .601504483E+02  .597750621E+02  .593906644E+02
  .589977307E+02  .585967529E+02  .581882386E+02  .577727102E+02  .573507043E+02
  .569227710E+02  .564894728E+02  .560513843E+02  .556090907E+02  .551631873E+02
  .547142785E+02  .542629768E+02  .538099015E+02  .533556782E+02  .529009375E+02
  .524463137E+02  .519924442E+02  .515399678E+02  .510895241E+02  .506417519E+02
  .501972885E+02  .497567680E+02  .493208204E+02  .488900706E+02  .484651366E+02
  .480466291E+02  .476351494E+02  .472312891E+02  .468356282E+02  .464487342E+02
  .460711609E+02  .457034475E+02  .453461168E+02  .449996747E+02  .446646087E+02
  .443413872E+02  .440304579E+02  .437322473E+02  .434471593E+02  .431755746E+02
  .429178493E+02  .426743145E+02  .424452750E+02  .422310090E+02  .420317668E+02
  .418477703E+02  .416792124E+02  .415262565E+02  .413890354E+02  .412676516E+02
  .411621760E+02  .410726482E+02  .409990756E+02  .409414338E+02  .408996656E+02
  .408736816E+02  .408633597E+02  .408685452E+02  .408890510E+02  .409246575E+02
  .409751131E+02  .410401344E+02  .411194065E+02  .412125834E+02  .413192888E+02
  .414391166E+02  .415716312E+02  .417163688E+02  .418728379E+02  .420405204E+02
  .422188724E+02  .424073249E+02  .426052858E+02  .428121401E+02  .430272517E+02
  .432499641E+02  .434796025E+02  .437154742E+02  .439568708E+02  .442030689E+02
  .444533324E+02  .447069130E+02  .449630527E+02  .452209846E+02  .454799347E+02
  .457391238E+02  .459977687E+02  .462550838E+02  .465102832E+02  .467625819E+02
  .470111976E+02  .472553524E+02  .474942742E+02  .477271987E+02  .479533707E+02
  .481720460E+02  .483824927E+02  .485839929E+02  .487758443E+02  .489573615E+02
  .491278778E+02  .492867463E+02  .494333416E+02  .495670607E+02  .496873248E+02
  .497935802E+02  .498852997E+02  .499619832E+02  .500231598E+02  .500683876E+02
  .500972555E+02  .501093835E+02  .501044238E+02  .500820615E+02  .500420151E+02
  .499840370E+02  .499079141E+02  .498134682E+02  .497005563E+02  .495690708E+02
  .494189395E+02  .492501260E+02  .490626295E+02  .488564847E+02  .486317616E+02
  .483885653E+02  .481270357E+02  .478473470E+02  .475497073E+02  .472343581E+02
  .469015733E+02  .465516591E+02  .461849527E+02  .458018216E+02  .454026629E+02
  .449879021E+02  .445579921E+02  .441134123E+02  .436546671E+02  .431822854E+02
  .426968183E+02  .421988390E+02  .416889403E+02  .411677346E+02  .406358510E+02
  .400939353E+02  .395426472E+02  .389826602E+02  .384146587E+02  .378393381E+02
  .372574013E+02  .366695594E+02  .360765278E+02  .354790270E+02  .348777791E+02
  .342735077E+02  .336669352E+02  .330587824E+02  .324497661E+02  .318405985E+02
  .312319846E+02  .306246221E+02  .300191986E+02  .294163920E+02  .288168672E+02
  .282212766E+02  .276302573E+02  .270444315E+02  .264644037E+02  .258907612E+02
  .253240717E+02  .247648834E+02  .242137232E+02  .236710965E+02  .231374860E+02
  .226133512E+02  .220991274E+02  .215952257E+02  .211020315E+02  .206199053E+02
  .201491808E+02  .196901661E+02  .192431420E+02  .188083631E+02  .183860564E+02
  .179764226E+02  .175796347E+02  .171958393E+02  .168251558E+02  .164676772E+02
  .161234700E+02  .157925748E+02  .154750063E+02  .151707540E+02  .148797827E+02
  .146020329E+02  .143374211E+02  .140858411E+02  .138471637E+02  .136212383E+02
  .134078928E+02  .132069349E+02  .130181524E+02  .128413145E+02  .126761719E+02
  .125224583E+02  .123798906E+02  .122481702E+02  .121269837E+02  .120160039E+02
  .119148905E+02  .118232912E+02  .117408426E+02  .116671714E+02  .116018951E+02
  .115446234E+02  .114949590E+02  .114524989E+02  .114168353E+02  .113875570E+02
  .113642503E+02  .113465001E+02  .113338913E+02  .113260094E+02  .113224421E+02
  .113227796E+02  .113266164E+02  .113335514E+02  .113431895E+02  .113551416E+02
  .113690263E+02  .113844700E+02  .114011078E+02  .114185841E+02  .114365532E+02
  .114546798E+02  .114726398E+02  .114901203E+02  .115068206E+02  .115224521E+02
  .115367389E+02  .115494180E+02  .115602399E+02  .115689683E+02  .115753809E+02
  .115792691E+02  .115804384E+02  .115787083E+02  .115739126E+02  .115658990E+02
  .115545296E+02  .115396805E+02  .115212417E+02  .114991171E+02  .114732244E+02
  .114434946E+02  .114098721E+02  .113723142E+02  .113307910E+02  .112852849E+02
  .112357907E+02  .111823142E+02  .111248734E+02  .110634963E+02  .109982221E+02
  .109290996E+02  .108561875E+02  .107795533E+02  .106992733E+02  .106154318E+02
  .105281209E+02  .104374398E+02  .103434943E+02  .102463962E+02  .101462631E+02
  .100432175E+02  .993738684E+01  .982890217E+01  .971789854E+01  .960451384E+01
  .948888881E+01  .937116611E+01  .925149035E+01  .913000714E+01  .900686313E+01
  .888220516E+01  .875618024E+01  .862893481E+01  .850061468E+01  .837136436E+01
  .824132703E+01  .811064394E+01  .797945432E+01  .784789491E+01  .771609984E+01
  .758420027E+01  .745232422E+01  .732059631E+01  .718913761E+01  .705806540E+01
  .692749307E+01  .679752992E+01  .666828109E+01  .653984740E+01  .641232531E+01
  .628580675E+01  .616037920E+01  .603612551E+01  .591312396E+01  .579144819E+01
  .567116725E+01  .555234554E+01  .543504290E+01  .531931463E+01  .520521143E+01
  .509277973E+01  .498206148E+01  .487309434E+01  .476591177E+01  .466054309E+01
  .455701361E+01  .445534472E+01  .435555401E+01  .425765541E+01  .416165927E+01
  .406757252E+01  .397539880E+01  .388513858E+01  .379678931E+01  .371034555E+01
  .362579913E+01  .354313925E+01  .346235267E+01  .338342381E+01  .330633492E+01
  .323106622E+01  .315759600E+01  .308590082E+01  .301595559E+01  .294773371E+01
  .288120726E+01  .281634702E+01  .275312272E+01  .269150303E+01  .263145581E+01
  .257294809E+01  .251594631E+01  .246041632E+01  .240632355E+01  .235363307E+01
  .230230970E+01  .225231810E+01  .220362286E+01  .215618854E+01  .210997984E+01
  .206496154E+01  .202109871E+01  .197835664E+01  .193670104E+01  .189609793E+01
  .185651388E+01  .181791588E+01  .178027152E+01  .174354893E+01  .170771692E+01
  .167274490E+01  .163860301E+01  .160526205E+01  .157269364E+01  .154087005E+01
  .150976444E+01  .147935063E+01  .144960337E+01  .142049811E+01  .139201119E+01
  .136411972E+01  .133680167E+01  .131003580E+01  .128380172E+01  .125807981E+01
  .123285132E+01  .120809824E+01  .118380340E+01  .115995037E+01  .113652354E+01
  .111350800E+01  .109088963E+01  .106865499E+01  .104679141E+01  .102528684E+01
  .100412999E+01  .983310134E+00  .962817272E+00  .942641939E+00  .922775347E+00
  .903209204E+00  .883935856E+00  .864948101E+00  .846239332E+00  .827803352E+00
  .809634516E+00  .791727546E+00  .774077672E+00  .756680449E+00  .739531898E+00
  .722628320E+00  .705966441E+00  .689543223E+00  .673356018E+00  .657402366E+00
  .641680159E+00  .626187440E+00  .610922561E+00  .595883989E+00  .581070463E+00
  .566480800E+00  .552114052E+00  .537969317E+00  .524045893E+00  .510343091E+00
  .496860391E+00  .483597254E+00  .470553284E+00  .457728036E+00  .445121182E+00
  .432732318E+00  .420561133E+00  .408607218E+00  .396870237E+00  .385349732E+00
  .374045302E+00  .362956405E+00  .352082541E+00  .341423049E+00  .330977304E+00
  .320744518E+00  .310723908E+00  .300914485E+00  .291315323E+00  .281925343E+00
  .272743379E+00  .263768168E+00  .254998358E+00  .246432502E+00  .238069059E+00
  .229906396E+00  .221942787E+00  .214176416E+00  .206605377E+00  .199227678E+00
  .192041241E+00  .185043908E+00  .178233442E+00  .171607531E+00  .165163789E+00
  .158899766E+00  .152812944E+00  .146900746E+00  .141160540E+00  .135589640E+00
  .130185314E+00  .124944784E+00  .119865234E+00  .114943814E+00  .110177639E+00
  .105563799E+00  .101099362E+00  .967813739E-01  .926068672E-01  .885728618E-01
  .846763692E-01  .809143965E-01  .772839491E-01  .737820341E-01  .704056637E-01
  .671518573E-01  .640176453E-01  .610000708E-01  .580961927E-01  .553030880E-01
  .526178539E-01  .500376099E-01  .475595000E-01  .451806942E-01  .428983909E-01
  .407098180E-01  .386122346E-01  .366029327E-01  .346792383E-01  .328385129E-01
  .310781547E-01  .293955994E-01  .277883219E-01  .262538369E-01  .247896997E-01
  .233935076E-01  .220629001E-01  .207955604E-01  .195892155E-01  .184416370E-01
  .173506419E-01  .163140932E-01  .153299000E-01  .143960186E-01  .135104521E-01
  .126712515E-01  .118765157E-01  .111243916E-01  .104130744E-01  .974080797E-02
  .910588444E-02  .850664466E-02  .794147791E-02  .740882188E-02  .690716249E-02
  .643503364E-02  .599101699E-02  .557374152E-02  .518188325E-02  .481416466E-02
  .446935426E-02  .414626601E-02  .384375866E-02  .356073510E-02  .329614167E-02
  .304896735E-02  .281824299E-02  .260304044E-02  .240247169E-02  .221568792E-02
  .204187860E-02  .188027048E-02  .173012660E-02  .159074529E-02  .146145913E-02
  .134163390E-02  .123066750E-02  .112798895E-02  .103305726E-02  .945360367E-03
  .864414120E-03  .789761165E-03  .720969915E-03  .657633501E-03  .599368743E-03
  .545815129E-03  .496633820E-03  .451506663E-03  .410135231E-03  .372239882E-03
  .337558845E-03  .305847318E-03  .276876608E-03  .250433284E-03  .226318361E-03
  .204346513E-03  .184345309E-03  .166154483E-03  .149625225E-03  .134619506E-03
  .121009428E-03  .108676603E-03  .975115566E-04  .874131658E-04  .782881156E-04
  .700503866E-04  .626207676E-04  .559263928E-04  .499003036E-04  .444810346E-04
  .396122227E-04  .352422377E-04  .313238354E-04  .278138312E-04  .246727929E-04
  .218647541E-04  .193569440E-04  .171195364E-04  .151254142E-04  .133499505E-04
  .117708040E-04  .103677295E-04  .912240105E-05  .801824887E-05  .704030737E-05
  .617507511E-05  .541038518E-05  .473528570E-05  .413992961E-05  .361547337E-05
  .315398376E-05  .274835234E-05  .239221712E-05  .207989080E-05  .180629512E-05
  .156690104E-05  .135767406E-05  .117502452E-05  .101576240E-05  .877056199E-06
  .756395698E-06  .651558226E-06  .560578121E-06  .481719162E-06  .413449683E-06
  .354420168E-06  .303443074E-06  .259474719E-06  .221599015E-06  .189012904E-06
  .161013317E-06  .136985522E-06  .116392728E-06  .987668195E-07  .837001100E-07
  .708380149E-07  .598725485E-07  .505365611E-07  .425986406E-07  .358586054E-07
  .301435294E-07  .253042381E-07  .212122262E-07  .177569504E-07  .148434530E-07
  .123902812E-07  .103276676E-07  .859593958E-08  .714413390E-08  .592878927E-08
  .491289707E-08  .406499037E-08  .335835439E-08  .277034315E-08  .228178911E-08
  .187649384E-08  .154078928E-08  .126316052E-08  .103392183E-08  .844939009E-09
  .689391782E-09  .561570736E-09  .456704148E-09  .370810496E-09  .300573064E-09
  .243233525E-09  .196501766E-09  .158479610E-09  .127596410E-09  .102554757E-09
  .822847920E-10  .659058269E-10  .526941661E-10  .420561681E-10  .335057393E-10
  .266455626E-10  .211514666E-10  .167594566E-10  .132548887E-10  .104636651E-10
  .824471084E-11  .648404789E-11  .508967117E-11  .398748856E-11  .311794775E-11
  .243327540E-11  .189522201E-11  .147322339E-11  .114290479E-11  .884866243E-12
  .683698259E-12  .527185779E-12  .405665718E-12  .311509524E-12  .238707295E-12
  .182534215E-12  .139283584E-12  .106053605E-12  .805774481E-13  .610881308E-13
  .462112843E-13  .348802576E-13  .262690451E-13  .197394162E-13  .147993331E-13
  .110703194E-13  .826191309E-14  .615170910E-14  .456980676E-14  .338671680E-14
  .250398080E-14  .184691190E-14  .135899040E-14  .997547326E-15  .730448120E-15
  .533550782E-15  .388762510E-15  .282557525E-15  .204849474E-15  .148135735E-15
  .106849697E-15  .768717275E-16  .551608839E-16  .394782876E-16  .281798794E-16
  .200615666E-16  .142438221E-16  .100859138E-16  .712232739E-17  .501576853E-17
  .352251413E-17  .246693933E-17  .172284165E-17  .119978673E-17  .833153659E-18
  .576897974E-18  .398305408E-18  .274199734E-18  .188209604E-18  .128804391E-18
  .878868383E-19  .597876341E-19  .405492896E-19  .274175985E-19  .184816061E-19
  .124194945E-19  .831977813E-20  .555587946E-20  .369842384E-20  .245410316E-20
  .162319469E-20  .107013704E-20  .703215448E-21  .460581816E-21  .300665522E-21
  .195617599E-21  .126843607E-21  .819699063E-22  .527903125E-22  .338810316E-22
  .216695649E-22  .138109456E-22  .877131474E-23  .555088642E-23  .350029438E-23
  .219927488E-23  .137681377E-23  .858775370E-24  .533679467E-24  .330419520E-24
  .203808757E-24  .125238969E-24  .766660495E-25  .467520867E-25  .284001401E-25
  .171849664E-25  .103579226E-25  .621840987E-26  .371839543E-26  .221456316E-26
  .131360096E-26  .776011639E-27  .456550471E-27  .267492380E-27  .156071015E-27
  .906791329E-28  .524629430E-28  .302234426E-28  .173367180E-28  .990163848E-29
  .563053816E-29  .318772398E-29  .179673757E-29  .100820018E-29  .563186173E-30
  .313173542E-30  .173352718E-30  .955153691E-31  .523838286E-31  .285947835E-31
  .155355297E-31  .840037993E-32  .452052828E-32  .242092028E-32  .129019785E-32
  .684226675E-33  .361072768E-33  .189593543E-33  .990533789E-34  .514890291E-34
  .266282311E-34  .137004404E-34  .701251101E-35  .357060217E-35  .180850679E-35
  .911153014E-36  .456600659E-36  .227581617E-36  .112816976E-36  .556197964E-37
  .272698567E-37  .132958318E-37  .644626066E-38  .310770814E-38  .148967914E-38
  .709978741E-39  .336416912E-39  .158478278E-39  .742165066E-40  .345501011E-40
  .159880392E-40  .735388748E-41  .336196576E-41  .152757508E-41  .689799809E-42
  .309551459E-42  .138041536E-42  .611690199E-43  .269324300E-43  .117820024E-43
  .512081753E-44  .221112348E-44  .948455303E-45  .404135867E-45  .171049124E-45
  .719073553E-46  .300234542E-46  .124496903E-46  .512675373E-47  .209646515E-47
  .851273641E-48  .343211576E-48  .137385382E-48  .545983392E-49  .215403566E-49
  .843596820E-50  .327943782E-50  .126537693E-50  .484584916E-51  .184171551E-51
  .694625751E-52  .259972662E-52  .965440564E-53  .355727072E-53  .130039116E-53
  .471595045E-54  .169658852E-54  .605439106E-55  .214306609E-55  .752494742E-56
  .262127206E-56  .906791321E-57  .312147577E-57  .107893296E-57  .390146667E-58
  .117475352E-58  .409955929E-59  .154371656E-59  .727822239E-60  .548874220E-60
  .000000000E+00  .000000000E+00  .000000000E+00  .000000000E+00  .000000000E+00
  .000000000E+00  .000000000E+00  .000000000E+00  .000000000E+00  .000000000E+00
  .000000000E+00  .000000000E+00  .000000000E+00  .000000000E+00  .000000000E+00
  .000000000E+00  .000000000E+00  .000000000E+00  .000000000E+00  .000000000E+00
  .000000000E+00  .000000000E+00  .000000000E+00  .000000000E+00  .000000000E+00
  .000000000E+00  .000000000E+00  .000000000E+00  .000000000E+00  .000000000E+00
  .000000000E+00  .000000000E+00  .000000000E+00  .000000000E+00  .000000000E+00
  .000000000E+00  .000000000E+00  .000000000E+00  .000000000E+00  .000000000E+00
  .000000000E+00  .000000000E+00  .000000000E+00  .000000000E+00  .000000000E+00
  .000000000E+00  .000000000E+00  .000000000E+00  .000000000E+00  .000000000E+00
  .000000000E+00  .000000000E+00  .000000000E+00  .000000000E+00  .000000000E+00
  .000000000E+00  .000000000E+00  .000000000E+00  .000000000E+00  .000000000E+00
  .000000000E+00  .000000000E+00  .000000000E+00  .000000000E+00  .000000000E+00
  .000000000E+00  .000000000E+00  .000000000E+00  .000000000E+00  .000000000E+00
  .000000000E+00  .000000000E+00  .000000000E+00  .000000000E+00  .000000000E+00
  .000000000E+00  .000000000E+00  .000000000E+00  .000000000E+00  .000000000E+00
  .000000000E+00  .000000000E+00  .000000000E+00  .000000000E+00  .000000000E+00
  .000000000E+00  .000000000E+00  .000000000E+00  .000000000E+00  .000000000E+00
  .000000000E+00  .000000000E+00  .000000000E+00  .000000000E+00  .000000000E+00
  .000000000E+00  .000000000E+00  .000000000E+00  .000000000E+00  .000000000E+00
  .000000000E+00  .000000000E+00  .000000000E+00  .000000000E+00  .000000000E+00
  .000000000E+00  .000000000E+00  .000000000E+00  .000000000E+00  .000000000E+00
  .000000000E+00  .000000000E+00  .000000000E+00  .000000000E+00  .000000000E+00
  .000000000E+00  .000000000E+00  .000000000E+00  .000000000E+00  .000000000E+00
  .000000000E+00  .000000000E+00  .000000000E+00  .000000000E+00  .000000000E+00
  .000000000E+00  .000000000E+00  .000000000E+00  .000000000E+00  .000000000E+00
  .000000000E+00  .000000000E+00  .000000000E+00  .000000000E+00  .000000000E+00
  .000000000E+00  .000000000E+00  .000000000E+00  .000000000E+00  .000000000E+00
  .000000000E+00  .000000000E+00  .000000000E+00  .000000000E+00  .000000000E+00
  .000000000E+00  .000000000E+00  .000000000E+00  .000000000E+00  .000000000E+00
  .000000000E+00  .000000000E+00  .000000000E+00  .000000000E+00  .000000000E+00
  .000000000E+00  .000000000E+00  .000000000E+00  .000000000E+00  .000000000E+00
  .000000000E+00  .000000000E+00  .000000000E+00  .000000000E+00  .000000000E+00
  .000000000E+00  .000000000E+00  .000000000E+00  .000000000E+00  .000000000E+00
  .000000000E+00  .000000000E+00  .000000000E+00  .000000000E+00  .000000000E+00
  .000000000E+00  .000000000E+00  .000000000E+00  .000000000E+00  .000000000E+00
  .000000000E+00  .000000000E+00  .000000000E+00  .000000000E+00  .000000000E+00
  .000000000E+00  .000000000E+00  .000000000E+00  .000000000E+00  .000000000E+00
  .000000000E+00  .000000000E+00  .000000000E+00  .000000000E+00  .000000000E+00
  .000000000E+00  .000000000E+00  .000000000E+00  .000000000E+00  .000000000E+00
  .000000000E+00  .000000000E+00  .000000000E+00  .000000000E+00  .000000000E+00
  .000000000E+00  .000000000E+00  .000000000E+00  .000000000E+00  .000000000E+00
  .000000000E+00  .000000000E+00  .000000000E+00  .000000000E+00  .000000000E+00
  .000000000E+00  .000000000E+00  .000000000E+00  .000000000E+00  .000000000E+00
  .000000000E+00  .000000000E+00  .000000000E+00  .000000000E+00  .000000000E+00
  .000000000E+00  .000000000E+00  .000000000E+00  .000000000E+00  .000000000E+00
  .000000000E+00  .000000000E+00  .000000000E+00  .000000000E+00  .000000000E+00
