Pt: s1d9                                
  .382265542E+00  .387267195E+00  .392333742E+00  .397466016E+00  .402664856E+00
  .407931116E+00  .413265657E+00  .418669354E+00  .424143089E+00  .429687760E+00
  .435304272E+00  .440993543E+00  .446756503E+00  .452594092E+00  .458507263E+00
  .464496980E+00  .470564221E+00  .476709973E+00  .482935238E+00  .489241028E+00
  .495628371E+00  .502098304E+00  .508651880E+00  .515290162E+00  .522014229E+00
  .528825172E+00  .535724096E+00  .542712118E+00  .549790372E+00  .556960003E+00
  .564222172E+00  .571578053E+00  .579028836E+00  .586575725E+00  .594219937E+00
  .601962707E+00  .609805285E+00  .617748932E+00  .625794931E+00  .633944576E+00
  .642199178E+00  .650560066E+00  .659028582E+00  .667606087E+00  .676293958E+00
  .685093589E+00  .694006390E+00  .703033790E+00  .712177234E+00  .721438184E+00
  .730818122E+00  .740318547E+00  .749940977E+00  .759686945E+00  .769558008E+00
  .779555738E+00  .789681728E+00  .799937589E+00  .810324953E+00  .820845469E+00
  .831500810E+00  .842292667E+00  .853222750E+00  .864292792E+00  .875504547E+00
  .886859788E+00  .898360311E+00  .910007934E+00  .921804495E+00  .933751855E+00
  .945851899E+00  .958106531E+00  .970517682E+00  .983087303E+00  .995817369E+00
  .100870988E+01  .102176686E+01  .103499035E+01  .104838243E+01  .106194519E+01
  .107568075E+01  .108959126E+01  .110367889E+01  .111794584E+01  .113239433E+01
  .114702661E+01  .116184496E+01  .117685168E+01  .119204910E+01  .120743958E+01
  .122302550E+01  .123880928E+01  .125479336E+01  .127098021E+01  .128737234E+01
  .130397226E+01  .132078254E+01  .133780577E+01  .135504456E+01  .137250157E+01
  .139017947E+01  .140808098E+01  .142620884E+01  .144456582E+01  .146315473E+01
  .148197841E+01  .150103973E+01  .152034160E+01  .153988695E+01  .155967876E+01
  .157972003E+01  .160001381E+01  .162056318E+01  .164137123E+01  .166244113E+01
  .168377604E+01  .170537920E+01  .172725386E+01  .174940331E+01  .177183089E+01
  .179453995E+01  .181753391E+01  .184081621E+01  .186439033E+01  .188825981E+01
  .191242819E+01  .193689909E+01  .196167615E+01  .198676304E+01  .201216350E+01
  .203788130E+01  .206392024E+01  .209028417E+01  .211697699E+01  .214400263E+01
  .217136508E+01  .219906836E+01  .222711655E+01  .225551374E+01  .228426411E+01
  .231337187E+01  .234284125E+01  .237267656E+01  .240288214E+01  .243346239E+01
  .246442175E+01  .249576470E+01  .252749578E+01  .255961958E+01  .259214073E+01
  .262506391E+01  .265839387E+01  .269213538E+01  .272629330E+01  .276087249E+01
  .279587792E+01  .283131456E+01  .286718748E+01  .290350176E+01  .294026256E+01
  .297747509E+01  .301514461E+01  .305327645E+01  .309187597E+01  .313094861E+01
  .317049985E+01  .321053524E+01  .325106037E+01  .329208091E+01  .333360257E+01
  .337563113E+01  .341817242E+01  .346123234E+01  .350481685E+01  .354893195E+01
  .359358373E+01  .363877832E+01  .368452192E+01  .373082080E+01  .377768127E+01
  .382510973E+01  .387311263E+01  .392169648E+01  .397086786E+01  .402063342E+01
  .407099987E+01  .412197398E+01  .417356260E+01  .422577263E+01  .427861106E+01
  .433208491E+01  .438620131E+01  .444096743E+01  .449639052E+01  .455247790E+01
  .460923695E+01  .466667514E+01  .472479997E+01  .478361907E+01  .484314008E+01
  .490337075E+01  .496431890E+01  .502599240E+01  .508839921E+01  .515154736E+01
  .521544494E+01  .528010014E+01  .534552121E+01  .541171646E+01  .547869430E+01
  .554646319E+01  .561503168E+01  .568440840E+01  .575460204E+01  .582562138E+01
  .589747526E+01  .597017262E+01  .604372246E+01  .611813385E+01  .619341595E+01
  .626957801E+01  .634662932E+01  .642457928E+01  .650343736E+01  .658321310E+01
  .666391613E+01  .674555615E+01  .682814293E+01  .691168635E+01  .699619633E+01
  .708168289E+01  .716815614E+01  .725562623E+01  .734410343E+01  .743359807E+01
  .752412056E+01  .761568138E+01  .770829112E+01  .780196041E+01  .789669998E+01
  .799252063E+01  .808943326E+01  .818744882E+01  .828657835E+01  .838683298E+01
  .848822389E+01  .859076236E+01  .869445974E+01  .879932747E+01  .890537703E+01
  .901262003E+01  .912106811E+01  .923073301E+01  .934162653E+01  .945376057E+01
  .956714707E+01  .968179808E+01  .979772570E+01  .991494210E+01  .100334595E+02
  .101532903E+02  .102744469E+02  .103969417E+02  .105207872E+02  .106459961E+02
  .107725810E+02  .109005547E+02  .110299299E+02  .111607196E+02  .112929367E+02
  .114265942E+02  .115617051E+02  .116982826E+02  .118363398E+02  .119758900E+02
  .121169465E+02  .122595227E+02  .124036319E+02  .125492877E+02  .126965035E+02
  .128452930E+02  .129956697E+02  .131476474E+02  .133012397E+02  .134564604E+02
  .136133234E+02  .137718424E+02  .139320314E+02  .140939044E+02  .142574752E+02
  .144227578E+02  .145897664E+02  .147585149E+02  .149290175E+02  .151012883E+02
  .152753414E+02  .154511910E+02  .156288513E+02  .158083365E+02  .159896607E+02
  .161728383E+02  .163578834E+02  .165448103E+02  .167336333E+02  .169243666E+02
  .171170244E+02  .173116210E+02  .175081706E+02  .177066874E+02  .179071857E+02
  .181096795E+02  .183141832E+02  .185207108E+02  .187292764E+02  .189398942E+02
  .191525781E+02  .193673422E+02  .195842004E+02  .198031666E+02  .200242548E+02
  .202474786E+02  .204728519E+02  .207003884E+02  .209301015E+02  .211620050E+02
  .213961121E+02  .216324364E+02  .218709911E+02  .221117893E+02  .223548443E+02
  .226001689E+02  .228477761E+02  .230976786E+02  .233498892E+02  .236044202E+02
  .238612842E+02  .241204933E+02  .243820598E+02  .246459955E+02  .249123123E+02
  .251810219E+02  .254521357E+02  .257256650E+02  .260016211E+02  .262800148E+02
  .265608569E+02  .268441580E+02  .271299284E+02  .274181782E+02  .277089175E+02
  .280021558E+02  .282979027E+02  .285961672E+02  .288969585E+02  .292002852E+02
  .295061557E+02  .298145782E+02  .301255606E+02  .304391104E+02  .307552349E+02
  .310739412E+02  .313952358E+02  .317191252E+02  .320456152E+02  .323747116E+02
  .327064197E+02  .330407444E+02  .333776903E+02  .337172616E+02  .340594620E+02
  .344042950E+02  .347517636E+02  .351018703E+02  .354546173E+02  .358100063E+02
  .361680386E+02  .365287148E+02  .368920355E+02  .372580004E+02  .376266088E+02
  .379978596E+02  .383717512E+02  .387482813E+02  .391274473E+02  .395092459E+02
  .398936732E+02  .402807248E+02  .406703958E+02  .410626807E+02  .414575732E+02
  .418550666E+02  .422551534E+02  .426578256E+02  .430630746E+02  .434708909E+02
  .438812646E+02  .442941848E+02  .447096403E+02  .451276189E+02  .455481078E+02
  .459710933E+02  .463965611E+02  .468244963E+02  .472548829E+02  .476877043E+02
  .481229430E+02  .485605809E+02  .490005990E+02  .494429772E+02  .498876950E+02
  .503347307E+02  .507840619E+02  .512356652E+02  .516895166E+02  .521455907E+02
  .526038617E+02  .530643026E+02  .535268854E+02  .539915814E+02  .544583607E+02
  .549271926E+02  .553980453E+02  .558708860E+02  .563456810E+02  .568223956E+02
  .573009938E+02  .577814389E+02  .582636930E+02  .587477172E+02  .592334714E+02
  .597209145E+02  .602100044E+02  .607006978E+02  .611929503E+02  .616867164E+02
  .621819495E+02  .626786018E+02  .631766245E+02  .636759676E+02  .641765798E+02
  .646784088E+02  .651814012E+02  .656855021E+02  .661906558E+02  .666968053E+02
  .672038922E+02  .677118573E+02  .682206398E+02  .687301779E+02  .692404087E+02
  .697512678E+02  .702626900E+02  .707746085E+02  .712869555E+02  .717996620E+02
  .723126576E+02  .728258710E+02  .733392294E+02  .738526591E+02  .743660848E+02
  .748794304E+02  .753926184E+02  .759055701E+02  .764182058E+02  .769304443E+02
  .774422037E+02  .779534005E+02  .784639503E+02  .789737675E+02  .794827654E+02
  .799908561E+02  .804979507E+02  .810039591E+02  .815087903E+02  .820123521E+02
  .825145513E+02  .830152937E+02  .835144841E+02  .840120263E+02  .845078230E+02
  .850017763E+02  .854937870E+02  .859837553E+02  .864715804E+02  .869571607E+02
  .874403937E+02  .879211763E+02  .883994045E+02  .888749735E+02  .893477782E+02
  .898177123E+02  .902846693E+02  .907485420E+02  .912092226E+02  .916666029E+02
  .921205741E+02  .925710272E+02  .930178526E+02  .934609405E+02  .939001807E+02
  .943354630E+02  .947666768E+02  .951937115E+02  .956164563E+02  .960348004E+02
  .964486331E+02  .968578438E+02  .972623220E+02  .976619573E+02  .980566398E+02
  .984462598E+02  .988307080E+02  .992098754E+02  .995836539E+02  .999519357E+02
  .100314614E+03  .100671582E+03  .101022734E+03  .101367967E+03  .101707176E+03
  .102040258E+03  .102367113E+03  .102687640E+03  .103001739E+03  .103309314E+03
  .103610269E+03  .103904508E+03  .104191938E+03  .104472470E+03  .104746012E+03
  .105012477E+03  .105271780E+03  .105523838E+03  .105768569E+03  .106005893E+03
  .106235735E+03  .106458019E+03  .106672676E+03  .106879634E+03  .107078829E+03
  .107270196E+03  .107453675E+03  .107629210E+03  .107796745E+03  .107956230E+03
  .108107617E+03  .108250862E+03  .108385925E+03  .108512768E+03  .108631358E+03
  .108741667E+03  .108843670E+03  .108937343E+03  .109022672E+03  .109099643E+03
  .109168248E+03  .109228484E+03  .109280350E+03  .109323852E+03  .109359000E+03
  .109385811E+03  .109404303E+03  .109414501E+03  .109416437E+03  .109410145E+03
  .109395667E+03  .109373048E+03  .109342341E+03  .109303602E+03  .109256895E+03
  .109202288E+03  .109139856E+03  .109069680E+03  .108991844E+03  .108906443E+03
  .108813574E+03  .108713342E+03  .108605857E+03  .108491237E+03  .108369604E+03
  .108241089E+03  .108105826E+03  .107963958E+03  .107815635E+03  .107661010E+03
  .107500245E+03  .107333509E+03  .107160975E+03  .106982825E+03  .106799246E+03
  .106610432E+03  .106416582E+03  .106217904E+03  .106014611E+03  .105806922E+03
  .105595062E+03  .105379263E+03  .105159764E+03  .104936809E+03  .104710647E+03
  .104481535E+03  .104249736E+03  .104015516E+03  .103779150E+03  .103540916E+03
  .103301100E+03  .103059990E+03  .102817883E+03  .102575077E+03  .102331879E+03
  .102088597E+03  .101845546E+03  .101603044E+03  .101361415E+03  .101120984E+03
  .100882083E+03  .100645045E+03  .100410208E+03  .100177911E+03  .999484992E+02
  .997223170E+02  .994997130E+02  .992810373E+02  .990666417E+02  .988568797E+02
  .986521058E+02  .984526753E+02  .982589443E+02  .980712688E+02  .978900048E+02
  .977155079E+02  .975481328E+02  .973882330E+02  .972361606E+02  .970922654E+02
  .969568954E+02  .968303955E+02  .967131076E+02  .966053703E+02  .965075179E+02
  .964198808E+02  .963427844E+02  .962765488E+02  .962214889E+02  .961779131E+02
  .961461235E+02  .961264155E+02  .961190767E+02  .961243872E+02  .961426186E+02
  .961740339E+02  .962188868E+02  .962774215E+02  .963498719E+02  .964364616E+02
  .965374029E+02  .966528968E+02  .967831323E+02  .969282863E+02  .970885225E+02
  .972639915E+02  .974548305E+02  .976611622E+02  .978830949E+02  .981207222E+02
  .983741221E+02  .986433569E+02  .989284728E+02  .992294998E+02  .995464505E+02
  .998793207E+02  .100228089E+03  .100592715E+03  .100973141E+03  .101369290E+03
  .101781069E+03  .102208362E+03  .102651037E+03  .103108940E+03  .103581900E+03
  .104069724E+03  .104572200E+03  .105089096E+03  .105620159E+03  .106165116E+03
  .106723675E+03  .107295522E+03  .107880323E+03  .108477723E+03  .109087349E+03
  .109708804E+03  .110341675E+03  .110985525E+03  .111639901E+03  .112304327E+03
  .112978310E+03  .113661336E+03  .114352874E+03  .115052374E+03  .115759267E+03
  .116472966E+03  .117192869E+03  .117918354E+03  .118648785E+03  .119383510E+03
  .120121861E+03  .120863156E+03  .121606698E+03  .122351779E+03  .123097675E+03
  .123843654E+03  .124588971E+03  .125332870E+03  .126074588E+03  .126813351E+03
  .127548381E+03  .128278889E+03  .129004084E+03  .129723169E+03  .130435343E+03
  .131139805E+03  .131835749E+03  .132522372E+03  .133198871E+03  .133864444E+03
  .134518294E+03  .135159627E+03  .135787658E+03  .136401604E+03  .137000695E+03
  .137584169E+03  .138151275E+03  .138701273E+03  .139233439E+03  .139747063E+03
  .140241451E+03  .140715926E+03  .141169832E+03  .141602532E+03  .142013411E+03
  .142401877E+03  .142767362E+03  .143109324E+03  .143427248E+03  .143720647E+03
  .143989063E+03  .144232071E+03  .144449274E+03  .144640311E+03  .144804855E+03
  .144942613E+03  .145053330E+03  .145136785E+03  .145192801E+03  .145221235E+03
  .145221986E+03  .145194996E+03  .145140246E+03  .145057760E+03  .144947607E+03
  .144809897E+03  .144644786E+03  .144452474E+03  .144233207E+03  .143987274E+03
  .143715012E+03  .143416803E+03  .143093074E+03  .142744297E+03  .142370992E+03
  .141973721E+03  .141553094E+03  .141109764E+03  .140644428E+03  .140157827E+03
  .139650745E+03  .139124006E+03  .138578479E+03  .138015068E+03  .137434720E+03
  .136838419E+03  .136227183E+03  .135602069E+03  .134964164E+03  .134314589E+03
  .133654494E+03  .132985060E+03  .132307492E+03  .131623020E+03  .130932898E+03
  .130238398E+03  .129540813E+03  .128841449E+03  .128141628E+03  .127442680E+03
  .126745947E+03  .126052773E+03  .125364508E+03  .124682500E+03  .124008095E+03
  .123342636E+03  .122687454E+03  .122043870E+03  .121413194E+03  .120796713E+03
  .120195699E+03  .119611397E+03  .119045029E+03  .118497785E+03  .117970823E+03
  .117465268E+03  .116982203E+03  .116522674E+03  .116087678E+03  .115678168E+03
  .115295046E+03  .114939163E+03  .114611312E+03  .114312230E+03  .114042592E+03
  .113803011E+03  .113594035E+03  .113416144E+03  .113269748E+03  .113155186E+03
  .113072725E+03  .113022554E+03  .113004788E+03  .113019463E+03  .113066535E+03
  .113145882E+03  .113257299E+03  .113400501E+03  .113575118E+03  .113780701E+03
  .114016715E+03  .114282546E+03  .114577494E+03  .114900780E+03  .115251545E+03
  .115628847E+03  .116031667E+03  .116458910E+03  .116909403E+03  .117381901E+03
  .117875086E+03  .118387571E+03  .118917904E+03  .119464567E+03  .120025980E+03
  .120600507E+03  .121186457E+03  .121782086E+03  .122385607E+03  .122995184E+03
  .123608945E+03  .124224984E+03  .124841361E+03  .125456112E+03  .126067251E+03
  .126672777E+03  .127270675E+03  .127858924E+03  .128435504E+03  .128998395E+03
  .129545590E+03  .130075093E+03  .130584931E+03  .131073154E+03  .131537843E+03
  .131977117E+03  .132389133E+03  .132772098E+03  .133124269E+03  .133443961E+03
  .133729552E+03  .133979487E+03  .134192283E+03  .134366533E+03  .134500915E+03
  .134594189E+03  .134645208E+03  .134652918E+03  .134616365E+03  .134534694E+03
  .134407158E+03  .134233115E+03  .134012038E+03  .133743509E+03  .133427229E+03
  .133063016E+03  .132650806E+03  .132190658E+03  .131682750E+03  .131127383E+03
  .130524981E+03  .129876091E+03  .129181378E+03  .128441633E+03  .127657764E+03
  .126830798E+03  .125961878E+03  .125052262E+03  .124103318E+03  .123116525E+03
  .122093465E+03  .121035822E+03  .119945380E+03  .118824013E+03  .117673684E+03
  .116496443E+03  .115294414E+03  .114069798E+03  .112824859E+03  .111561925E+03
  .110283377E+03  .108991647E+03  .107689206E+03  .106378561E+03  .105062247E+03
  .103742818E+03  .102422843E+03  .101104897E+03  .997915534E+02  .984853767E+02
  .971889149E+02  .959046931E+02  .946352044E+02  .933829042E+02  .921502016E+02
  .909394531E+02  .897529550E+02  .885929370E+02  .874615548E+02  .863608847E+02
  .852929158E+02  .842595457E+02  .832625728E+02  .823036929E+02  .813844920E+02
  .805064432E+02  .796709006E+02  .788790967E+02  .781321369E+02  .774309979E+02
  .767765229E+02  .761694204E+02  .756102611E+02  .750994767E+02  .746373578E+02
  .742240540E+02  .738595724E+02  .735437783E+02  .732763952E+02  .730570060E+02
  .728850539E+02  .727598449E+02  .726805490E+02  .726462041E+02  .726557182E+02
  .727078739E+02  .728013317E+02  .729346349E+02  .731062145E+02  .733143949E+02
  .735573990E+02  .738333548E+02  .741403016E+02  .744761965E+02  .748389217E+02
  .752262911E+02  .756360581E+02  .760659223E+02  .765135380E+02  .769765203E+02
  .774524544E+02  .779389017E+02  .784334085E+02  .789335124E+02  .794367517E+02
  .799406708E+02  .804428299E+02  .809408101E+02  .814322225E+02  .819147136E+02
  .823859742E+02  .828437438E+02  .832858193E+02  .837100594E+02  .841143924E+02
  .844968201E+02  .848554252E+02  .851883742E+02  .854939248E+02  .857704277E+02
  .860163330E+02  .862301919E+02  .864106619E+02  .865565080E+02  .866666069E+02
  .867399472E+02  .867756333E+02  .867728845E+02  .867310378E+02  .866495469E+02
  .865279832E+02  .863660348E+02  .861635067E+02  .859203184E+02  .856365038E+02
  .853122081E+02  .849476867E+02  .845433020E+02  .840995208E+02  .836169113E+02
  .830961394E+02  .825379654E+02  .819432397E+02  .813128991E+02  .806479618E+02
  .799495240E+02  .792187536E+02  .784568871E+02  .776652230E+02  .768451184E+02
  .759979821E+02  .751252710E+02  .742284832E+02  .733091549E+02  .723688522E+02
  .714091690E+02  .704317188E+02  .694381323E+02  .684300492E+02  .674091167E+02
  .663769806E+02  .653352847E+02  .642856617E+02  .632297331E+02  .621691001E+02
  .611053444E+02  .600400188E+02  .589746485E+02  .579107228E+02  .568496957E+02
  .557929786E+02  .547419411E+02  .536979046E+02  .526621431E+02  .516358772E+02
  .506202759E+02  .496164500E+02  .486254558E+02  .476482878E+02  .466858832E+02
  .457391155E+02  .448087985E+02  .438956814E+02  .430004526E+02  .421237352E+02
  .412660918E+02  .404280197E+02  .396099562E+02  .388122747E+02  .380352899E+02
  .372792548E+02  .365443651E+02  .358307576E+02  .351385146E+02  .344676625E+02
  .338181761E+02  .331899782E+02  .325829434E+02  .319968982E+02  .314316254E+02
  .308868633E+02  .303623113E+02  .298576288E+02  .293724405E+02  .289063360E+02
  .284588751E+02  .280295872E+02  .276179764E+02  .272235215E+02  .268456808E+02
  .264838921E+02  .261375773E+02  .258061428E+02  .254889837E+02  .251854846E+02
  .248950222E+02  .246169674E+02  .243506883E+02  .240955513E+02  .238509234E+02
  .236161743E+02  .233906781E+02  .231738150E+02  .229649730E+02  .227635496E+02
  .225689535E+02  .223806053E+02  .221979396E+02  .220204059E+02  .218474695E+02
  .216786130E+02  .215133366E+02  .213511596E+02  .211916205E+02  .210342782E+02
  .208787119E+02  .207245222E+02  .205713309E+02  .204187816E+02  .202665397E+02
  .201142925E+02  .199617494E+02  .198086415E+02  .196547218E+02  .194997647E+02
  .193435660E+02  .191859426E+02  .190267313E+02  .188657899E+02  .187029950E+02
  .185382428E+02  .183714477E+02  .182025421E+02  .180314754E+02  .178582140E+02
  .176827394E+02  .175050487E+02  .173251531E+02  .171430775E+02  .169588593E+02
  .167725481E+02  .165842047E+02  .163939001E+02  .162017149E+02  .160077389E+02
  .158120693E+02  .156148110E+02  .154160752E+02  .152159790E+02  .150146442E+02
  .148121974E+02  .146087683E+02  .144044897E+02  .141994969E+02  .139939266E+02
  .137879168E+02  .135816060E+02  .133751324E+02  .131686340E+02  .129622477E+02
  .127561088E+02  .125503509E+02  .123451051E+02  .121405000E+02  .119366613E+02
  .117337111E+02  .115317683E+02  .113309475E+02  .111313599E+02  .109331119E+02
  .107363058E+02  .105410390E+02  .103474049E+02  .101554913E+02  .996538192E+01
  .977715490E+01  .959088405E+01  .940663798E+01  .922448031E+01  .904446972E+01
  .886666020E+01  .869110075E+01  .851783586E+01  .834690510E+01  .817834374E+01
  .801218236E+01  .784844739E+01  .768716085E+01  .752834077E+01  .737200077E+01
  .721815166E+01  .706679908E+01  .691794719E+01  .677159434E+01  .662773840E+01
  .648637152E+01  .634748565E+01  .621106746E+01  .607710368E+01  .594557603E+01
  .581646672E+01  .568975317E+01  .556541369E+01  .544342202E+01  .532375316E+01
  .520637776E+01  .509126814E+01  .497839242E+01  .486772072E+01  .475921920E+01
  .465285632E+01  .454859673E+01  .444640772E+01  .434625290E+01  .424809879E+01
  .415190838E+01  .405764781E+01  .396527980E+01  .387477050E+01  .378608267E+01
  .369918273E+01  .361403380E+01  .353060285E+01  .344885359E+01  .336875373E+01
  .329026779E+01  .321336444E+01  .313800917E+01  .306417173E+01  .299181872E+01
  .292092110E+01  .285144668E+01  .278336773E+01  .271665332E+01  .265127708E+01
  .258720943E+01  .252442538E+01  .246289670E+01  .240259981E+01  .234350784E+01
  .228559859E+01  .222884656E+01  .217323091E+01  .211872745E+01  .206531668E+01
  .201297569E+01  .196168626E+01  .191142671E+01  .186218002E+01  .181392569E+01
  .176664786E+01  .172032711E+01  .167494868E+01  .163049416E+01  .158694980E+01
  .154429816E+01  .150252638E+01  .146161791E+01  .142156074E+01  .138233912E+01
  .134394180E+01  .130635373E+01  .126956439E+01  .123355936E+01  .119832872E+01
  .116385861E+01  .113013968E+01  .109715858E+01  .106490641E+01  .103337025E+01
  .100254163E+01  .972408003E+00  .942961245E+00  .914189112E+00  .886083795E+00
  .858633315E+00  .831830110E+00  .805662407E+00  .780122861E+00  .755199880E+00
  .730886284E+00  .707171124E+00  .684045799E+00  .661501075E+00  .639527908E+00
  .618117154E+00  .597259852E+00  .576946974E+00  .557169557E+00  .537918666E+00
  .519185394E+00  .500960858E+00  .483236200E+00  .466002585E+00  .449251202E+00
  .432973266E+00  .417160014E+00  .401802711E+00  .386892650E+00  .372421153E+00
  .358379575E+00  .344759306E+00  .331551774E+00  .318748445E+00  .306340831E+00
  .294320492E+00  .282679038E+00  .271408131E+00  .260499494E+00  .249944910E+00
  .239736227E+00  .229865363E+00  .220324308E+00  .211105125E+00  .202199961E+00
  .193601043E+00  .185300684E+00  .177291287E+00  .169565345E+00  .162115448E+00
  .154934282E+00  .148014632E+00  .141349388E+00  .134931541E+00  .128754190E+00
  .122810540E+00  .117093907E+00  .111597717E+00  .106315507E+00  .101240929E+00
  .963677463E-01  .916898374E-01  .872011958E-01  .828959300E-01  .787682637E-01
  .748125362E-01  .710232021E-01  .673948311E-01  .639221077E-01  .605998311E-01
  .574229144E-01  .543863839E-01  .514853791E-01  .487151510E-01  .460710623E-01
  .435485860E-01  .411433045E-01  .388509088E-01  .366671977E-01  .345880765E-01
  .326095560E-01  .307277516E-01  .289388820E-01  .272392684E-01  .256253330E-01
  .240935981E-01  .226406847E-01  .212633117E-01  .199582942E-01  .187225426E-01
  .175530612E-01  .164469472E-01  .154013889E-01  .144136648E-01  .134811423E-01
  .126012759E-01  .117716064E-01  .109897589E-01  .102534418E-01  .956044538E-02
  .890863980E-02  .829597412E-02  .772047451E-02  .718024273E-02  .667345457E-02
  .619835822E-02  .575327261E-02  .533658582E-02  .494675337E-02  .458229654E-02
  .424180066E-02  .392391341E-02  .362734311E-02  .335085696E-02  .309327931E-02
  .285348995E-02  .263042234E-02  .242306192E-02  .223044434E-02  .205165375E-02
  .188582113E-02  .173212257E-02  .158977758E-02  .145804748E-02  .133623375E-02
  .122367638E-02  .111975237E-02  .102387410E-02  .935487838E-03  .854072260E-03
  .779136968E-03  .710221078E-03  .646891832E-03  .588743244E-03  .535394792E-03
  .486490144E-03  .441695922E-03  .400700508E-03  .363212897E-03  .328961576E-03
  .297693459E-03  .269172852E-03  .243180463E-03  .219512452E-03  .197979520E-03
  .178406036E-03  .160629206E-03  .144498278E-03  .129873784E-03  .116626817E-03
  .104638348E-03  .937985763E-04  .840063086E-04  .751683775E-04  .671990882E-04
  .600196964E-04  .535579161E-04  .477474553E-04  .425275799E-04  .378427028E-04
  .336419993E-04  .298790458E-04  .265114813E-04  .235006920E-04  .208115152E-04
  .184119641E-04  .162729710E-04  .143681484E-04  .126735668E-04  .111675489E-04
  .983047774E-05  .864462030E-05  .759396343E-05  .666406264E-05  .584190252E-05
  .511576808E-05  .447512636E-05  .391051755E-05  .341345510E-05  .297633402E-05
  .259234693E-05  .225540732E-05  .196007933E-05  .170151376E-05  .147538973E-05
  .127786154E-05  .110551042E-05  .955300678E-06  .824539950E-06  .710843216E-06
  .612100225E-06  .526446093E-06  .452234762E-06  .388015097E-06  .332509370E-06
  .284593933E-06  .243281863E-06  .207707412E-06  .177112089E-06  .150832214E-06
  .128287813E-06  .108972710E-06  .924457133E-07  .783227742E-07  .662700264E-07
  .559976141E-07  .472542265E-07  .398222658E-07  .335135800E-07  .281657006E-07
  .236385302E-07  .198114289E-07  .165806580E-07  .138571371E-07  .115644819E-07
  .963728809E-08  .801963365E-08  .666377364E-08  .552900408E-08  .458067473E-08
  .378933262E-08  .312997989E-08  .258143195E-08  .212576306E-08  .174782824E-08
  .143485165E-08  .117607277E-08  .962442686E-09  .786363851E-09  .641467472E-09
  .522423342E-09  .424777691E-09  .344815142E-09  .279441382E-09  .226083615E-09
  .182606233E-09  .147239510E-09  .118519403E-09  .952368206E-10  .763949473E-10
  .611733994E-10  .488981801E-10  .390165350E-10  .310759483E-10  .247066288E-10
  .196069331E-10  .155312545E-10  .122799798E-10  .969117800E-11  .763372802E-11
  .600166102E-11  .470949314E-11  .368840069E-11  .288307859E-11  .224917118E-11
  .175117405E-11  .136072374E-11  .105520654E-11  .816629025E-12  .630702969E-12
  .486105474E-12  .373881958E-12  .286965440E-12  .219790261E-12  .167982356E-12
  .128111411E-12  .974929870E-13  .740308588E-13  .560916758E-13  .424055373E-13
  .319872937E-13  .240743950E-13  .180779151E-13  .135440466E-13  .101238958E-13
  .754984352E-14  .561708708E-14  .416926099E-14  .308726182E-14  .228058341E-14
  .168061477E-14  .123546840E-14  .905999209E-15  .662747507E-15  .483597246E-15
  .351986675E-15  .255544476E-15  .185052843E-15  .133661107E-15  .962909216E-16
  .691874832E-16  .495818177E-16  .354373167E-16  .252600011E-16  .179568705E-16
  .127304342E-16  .900039371E-17  .634564686E-17  .446145675E-17  .312790884E-17
  .218674550E-17  .152440093E-17  .105961223E-17  .734397864E-18  .507507375E-18
  .349679001E-18  .240216395E-18  .164524736E-18  .112342662E-18  .764773050E-19
  .519020019E-19  .351146661E-19  .236829076E-19  .159225491E-19  .106711259E-19
  .712880669E-20  .474702120E-20  .315073547E-20  .208438414E-20  .137438101E-20
  .903209546E-21  .591575549E-21  .386153943E-21  .251204512E-21  .162854270E-21
  .105211587E-21  .677342857E-22  .434532093E-22  .277773709E-22  .176931011E-22
  .112291732E-22  .710084379E-23  .447381227E-23  .280826656E-23  .175621922E-23
  .109417276E-23  .679120268E-24  .419901902E-24  .258628262E-24  .158678335E-24
  .969748729E-25  .590319380E-25  .357921098E-25  .216145441E-25  .130001798E-25
  .778722990E-26  .464550301E-26  .275984213E-26  .163276244E-26  .961909982E-27
  .564291904E-27  .329622110E-27  .191715412E-27  .111022455E-27  .640121697E-28
  .367448836E-28  .209989887E-28  .119467974E-28  .676613339E-29  .381460647E-29
  .214073606E-29  .119581678E-29  .664872101E-30  .367931700E-30  .202644810E-30
  .111077570E-30  .605930959E-31  .328934150E-31  .177691582E-31  .955167856E-32
  .510893347E-32  .271894932E-32  .143970916E-32  .758461514E-33  .397520608E-33
  .207269366E-33  .107508270E-33  .554704483E-34  .284692580E-34  .145333847E-34
  .737929485E-35  .372650421E-35  .187157854E-35  .934792181E-36  .464305029E-36
  .229326153E-36  .112627927E-36  .549998076E-37  .267041614E-37  .128907851E-37
  .618646051E-38  .295153008E-38  .139982503E-38  .659935045E-39  .309249267E-39
  .144037379E-39  .666775473E-40  .306761293E-40  .140254414E-40  .637244178E-41
  .287704554E-41  .129067561E-41  .575300561E-42  .254775382E-42  .112094050E-42
  .489945077E-43  .212730169E-43  .917496816E-44  .393052535E-44  .167241392E-44
  .706741328E-45  .296603970E-45  .123614446E-45  .511579512E-46  .210225006E-46
  .857745396E-47  .347464551E-47  .139738411E-47  .557890800E-48  .221098309E-48
  .869759130E-49  .339597324E-49  .131599837E-49  .506111514E-50  .193157068E-50
  .731513021E-51  .274886830E-51  .102489497E-51  .379115273E-52  .139124114E-52
  .506460237E-53  .182882600E-53  .655022198E-54  .232686451E-54  .819769618E-55
  .286422252E-55  .992558467E-56  .341230886E-56  .116526418E-56  .395343855E-57
  .134431333E-57  .470126385E-58  .177442586E-58  .838449146E-59  .632937896E-59
  .000000000E+00  .000000000E+00  .000000000E+00  .000000000E+00  .000000000E+00
  .000000000E+00  .000000000E+00  .000000000E+00  .000000000E+00  .000000000E+00
  .000000000E+00  .000000000E+00  .000000000E+00  .000000000E+00  .000000000E+00
  .000000000E+00  .000000000E+00  .000000000E+00  .000000000E+00  .000000000E+00
  .000000000E+00  .000000000E+00  .000000000E+00  .000000000E+00  .000000000E+00
  .000000000E+00  .000000000E+00  .000000000E+00  .000000000E+00  .000000000E+00
  .000000000E+00  .000000000E+00  .000000000E+00  .000000000E+00  .000000000E+00
  .000000000E+00  .000000000E+00  .000000000E+00  .000000000E+00  .000000000E+00
  .000000000E+00  .000000000E+00  .000000000E+00  .000000000E+00  .000000000E+00
  .000000000E+00  .000000000E+00  .000000000E+00  .000000000E+00  .000000000E+00
  .000000000E+00  .000000000E+00  .000000000E+00  .000000000E+00  .000000000E+00
  .000000000E+00  .000000000E+00  .000000000E+00  .000000000E+00  .000000000E+00
  .000000000E+00  .000000000E+00  .000000000E+00  .000000000E+00  .000000000E+00
  .000000000E+00  .000000000E+00  .000000000E+00  .000000000E+00  .000000000E+00
  .000000000E+00  .000000000E+00  .000000000E+00  .000000000E+00  .000000000E+00
  .000000000E+00  .000000000E+00  .000000000E+00  .000000000E+00  .000000000E+00
  .000000000E+00  .000000000E+00  .000000000E+00  .000000000E+00  .000000000E+00
  .000000000E+00  .000000000E+00  .000000000E+00  .000000000E+00  .000000000E+00
  .000000000E+00  .000000000E+00  .000000000E+00  .000000000E+00  .000000000E+00
  .000000000E+00  .000000000E+00  .000000000E+00  .000000000E+00  .000000000E+00
  .000000000E+00  .000000000E+00  .000000000E+00  .000000000E+00  .000000000E+00
  .000000000E+00  .000000000E+00  .000000000E+00  .000000000E+00  .000000000E+00
  .000000000E+00  .000000000E+00  .000000000E+00  .000000000E+00  .000000000E+00
  .000000000E+00  .000000000E+00  .000000000E+00  .000000000E+00  .000000000E+00
  .000000000E+00  .000000000E+00  .000000000E+00  .000000000E+00  .000000000E+00
  .000000000E+00  .000000000E+00  .000000000E+00  .000000000E+00  .000000000E+00
  .000000000E+00  .000000000E+00  .000000000E+00  .000000000E+00  .000000000E+00
  .000000000E+00  .000000000E+00  .000000000E+00  .000000000E+00  .000000000E+00
  .000000000E+00  .000000000E+00  .000000000E+00  .000000000E+00  .000000000E+00
  .000000000E+00  .000000000E+00  .000000000E+00  .000000000E+00  .000000000E+00
  .000000000E+00  .000000000E+00  .000000000E+00  .000000000E+00  .000000000E+00
  .000000000E+00  .000000000E+00  .000000000E+00  .000000000E+00  .000000000E+00
  .000000000E+00  .000000000E+00  .000000000E+00  .000000000E+00  .000000000E+00
  .000000000E+00  .000000000E+00  .000000000E+00  .000000000E+00  .000000000E+00
  .000000000E+00  .000000000E+00  .000000000E+00  .000000000E+00  .000000000E+00
  .000000000E+00  .000000000E+00  .000000000E+00  .000000000E+00  .000000000E+00
  .000000000E+00  .000000000E+00  .000000000E+00  .000000000E+00  .000000000E+00
  .000000000E+00  .000000000E+00  .000000000E+00  .000000000E+00  .000000000E+00
  .000000000E+00  .000000000E+00  .000000000E+00  .000000000E+00  .000000000E+00
  .000000000E+00  .000000000E+00  .000000000E+00  .000000000E+00  .000000000E+00
  .000000000E+00  .000000000E+00  .000000000E+00  .000000000E+00  .000000000E+00
  .000000000E+00  .000000000E+00  .000000000E+00  .000000000E+00  .000000000E+00
  .000000000E+00  .000000000E+00  .000000000E+00  .000000000E+00  .000000000E+00
  .000000000E+00  .000000000E+00  .000000000E+00  .000000000E+00  .000000000E+00
  .000000000E+00  .000000000E+00  .000000000E+00  .000000000E+00  .000000000E+00
  .000000000E+00  .000000000E+00  .000000000E+00  .000000000E+00  .000000000E+00
  .000000000E+00  .000000000E+00  .000000000E+00  .000000000E+00  .000000000E+00
  .000000000E+00  .000000000E+00  .000000000E+00  .000000000E+00  .000000000E+00
  .000000000E+00  .000000000E+00  .000000000E+00  .000000000E+00  .000000000E+00
  .000000000E+00  .000000000E+00  .000000000E+00  .000000000E+00  .000000000E+00
  .000000000E+00  .000000000E+00  .000000000E+00  .000000000E+00  .000000000E+00
  .000000000E+00  .000000000E+00  .000000000E+00  .000000000E+00  .000000000E+00
  .000000000E+00  .000000000E+00  .000000000E+00  .000000000E+00  .000000000E+00
  .000000000E+00  .000000000E+00  .000000000E+00  .000000000E+00  .000000000E+00
  .000000000E+00  .000000000E+00  .000000000E+00  .000000000E+00  .000000000E+00
  .000000000E+00  .000000000E+00  .000000000E+00  .000000000E+00  .000000000E+00
  .000000000E+00  .000000000E+00  .000000000E+00  .000000000E+00  .000000000E+00
  .000000000E+00  .000000000E+00  .000000000E+00  .000000000E+00  .000000000E+00
