  PAW Cr                                 
 100
Core Pot   L  =         .00000   -.29439
  -.40000000E+01  .17946439E+01
  -.39400000E+01  .17757264E+01
  -.38800000E+01  .17568066E+01
  -.38200000E+01  .17378641E+01
  -.37600000E+01  .17188805E+01
  -.37000000E+01  .16998395E+01
  -.36400000E+01  .16807263E+01
  -.35800000E+01  .16615274E+01
  -.35200000E+01  .16422301E+01
  -.34600000E+01  .16228227E+01
  -.34000000E+01  .16032942E+01
  -.33400000E+01  .15836342E+01
  -.32800000E+01  .15638325E+01
  -.32200000E+01  .15438794E+01
  -.31600000E+01  .15237654E+01
  -.31000000E+01  .15034813E+01
  -.30400000E+01  .14830178E+01
  -.29800000E+01  .14623658E+01
  -.29200000E+01  .14415161E+01
  -.28600000E+01  .14204597E+01
  -.28000000E+01  .13991871E+01
  -.27400000E+01  .13776891E+01
  -.26800000E+01  .13559560E+01
  -.26200000E+01  .13339782E+01
  -.25600000E+01  .13117455E+01
  -.25000000E+01  .12892477E+01
  -.24400000E+01  .12664742E+01
  -.23800000E+01  .12434139E+01
  -.23200000E+01  .12200556E+01
  -.22600000E+01  .11963874E+01
  -.22000000E+01  .11723970E+01
  -.21400000E+01  .11480716E+01
  -.20800000E+01  .11233980E+01
  -.20200000E+01  .10983621E+01
  -.19600000E+01  .10729492E+01
  -.19000000E+01  .10471441E+01
  -.18400000E+01  .10209306E+01
  -.17800000E+01  .99429187E+00
  -.17200000E+01  .96720994E+00
  -.16600000E+01  .93966604E+00
  -.16000000E+01  .91164031E+00
  -.15400000E+01  .88311175E+00
  -.14800000E+01  .85405815E+00
  -.14200000E+01  .82445597E+00
  -.13600000E+01  .79428023E+00
  -.13000000E+01  .76350441E+00
  -.12400000E+01  .73210029E+00
  -.11800000E+01  .70003785E+00
  -.11200000E+01  .66728507E+00
  -.10600000E+01  .63380777E+00
  -.10000000E+01  .59956942E+00
  -.94000000E+00  .56453092E+00
  -.88000000E+00  .52865040E+00
  -.82000000E+00  .49188287E+00
  -.76000000E+00  .45418003E+00
  -.70000000E+00  .41548987E+00
  -.64000000E+00  .37575634E+00
  -.58000000E+00  .33491892E+00
  -.52000000E+00  .29291218E+00
  -.46000000E+00  .24966524E+00
  -.40000000E+00  .20510120E+00
  -.34000000E+00  .15913647E+00
  -.28000000E+00  .11168002E+00
  -.22000000E+00  .62632531E-01
  -.16000000E+00  .11885394E-01
  -.10000000E+00 -.40680375E-01
  -.40000000E-01 -.95195440E-01
   .20000000E-01 -.15180361E+00
   .80000000E-01 -.21066357E+00
   .14000000E+00 -.27195083E+00
   .20000000E+00 -.33586007E+00
   .26000000E+00 -.40260780E+00
   .32000000E+00 -.47243558E+00
   .38000000E+00 -.54561371E+00
   .44000000E+00 -.62244568E+00
   .50000000E+00 -.70327343E+00
   .56000000E+00 -.78848370E+00
   .62000000E+00 -.87851557E+00
   .68000000E+00 -.97386970E+00
   .74000000E+00 -.10751195E+01
   .80000000E+00 -.11829250E+01
   .86000000E+00 -.12980496E+01
   .92000000E+00 -.14213815E+01
   .98000000E+00 -.15539601E+01
   .10400000E+01 -.16970098E+01
   .11000000E+01 -.18519828E+01
   .11600000E+01 -.20206152E+01
   .12200000E+01 -.22049998E+01
   .12800000E+01 -.24076825E+01
   .13400000E+01 -.26317923E+01
   .14000000E+01 -.28812185E+01
   .14600000E+01 -.31608565E+01
   .15200000E+01 -.34769558E+01
   .15800000E+01 -.38376231E+01
   .16400000E+01 -.42535678E+01
   .17000000E+01 -.47392382E+01
   .17600000E+01 -.53146087E+01
   .18200000E+01 -.60081021E+01
   .18800000E+01 -.68615851E+01
   .19400000E+01 -.79393826E+01
   .20000000E+01 -.93456706E+01
Potential  L  =         .00000   -.29439
  -.40000000E+01  .17604339E+01
  -.39400000E+01  .17436800E+01
  -.38800000E+01  .17267789E+01
  -.38200000E+01  .17097270E+01
  -.37600000E+01  .16925207E+01
  -.37000000E+01  .16751560E+01
  -.36400000E+01  .16576289E+01
  -.35800000E+01  .16399352E+01
  -.35200000E+01  .16220706E+01
  -.34600000E+01  .16040304E+01
  -.34000000E+01  .15858099E+01
  -.33400000E+01  .15674042E+01
  -.32800000E+01  .15488082E+01
  -.32200000E+01  .15300165E+01
  -.31600000E+01  .15110234E+01
  -.31000000E+01  .14918231E+01
  -.30400000E+01  .14724096E+01
  -.29800000E+01  .14527763E+01
  -.29200000E+01  .14329166E+01
  -.28600000E+01  .14128234E+01
  -.28000000E+01  .13924895E+01
  -.27400000E+01  .13719070E+01
  -.26800000E+01  .13510680E+01
  -.26200000E+01  .13299639E+01
  -.25600000E+01  .13085858E+01
  -.25000000E+01  .12869243E+01
  -.24400000E+01  .12649695E+01
  -.23800000E+01  .12427110E+01
  -.23200000E+01  .12201380E+01
  -.22600000E+01  .11972387E+01
  -.22000000E+01  .11740009E+01
  -.21400000E+01  .11504119E+01
  -.20800000E+01  .11264578E+01
  -.20200000E+01  .11021243E+01
  -.19600000E+01  .10773960E+01
  -.19000000E+01  .10522566E+01
  -.18400000E+01  .10266889E+01
  -.17800000E+01  .10006746E+01
  -.17200000E+01  .97419396E+00
  -.16600000E+01  .94722630E+00
  -.16000000E+01  .91974937E+00
  -.15400000E+01  .89173943E+00
  -.14800000E+01  .86317112E+00
  -.14200000E+01  .83401724E+00
  -.13600000E+01  .80424866E+00
  -.13000000E+01  .77383409E+00
  -.12400000E+01  .74273987E+00
  -.11800000E+01  .71092977E+00
  -.11200000E+01  .67836469E+00
  -.10600000E+01  .64500241E+00
  -.10000000E+01  .61079721E+00
  -.94000000E+00  .57569953E+00
  -.88000000E+00  .53965558E+00
  -.82000000E+00  .50260679E+00
  -.76000000E+00  .46448930E+00
  -.70000000E+00  .42523335E+00
  -.64000000E+00  .38476257E+00
  -.58000000E+00  .34299312E+00
  -.52000000E+00  .29983279E+00
  -.46000000E+00  .25517990E+00
  -.40000000E+00  .20892199E+00
  -.34000000E+00  .16093443E+00
  -.28000000E+00  .11107862E+00
  -.22000000E+00  .59199949E-01
  -.16000000E+00  .51254625E-02
  -.10000000E+00 -.51339022E-01
  -.40000000E-01 -.11041230E+00
   .20000000E-01 -.17234185E+00
   .80000000E-01 -.23740871E+00
   .14000000E+00 -.30593344E+00
   .20000000E+00 -.37828335E+00
   .26000000E+00 -.45488142E+00
   .32000000E+00 -.53621732E+00
   .38000000E+00 -.62286115E+00
   .44000000E+00 -.71548081E+00
   .50000000E+00 -.81486390E+00
   .56000000E+00 -.92194601E+00
   .62000000E+00 -.10378473E+01
   .68000000E+00 -.11639203E+01
   .74000000E+00 -.13018143E+01
   .80000000E+00 -.14535607E+01
   .86000000E+00 -.16216916E+01
   .92000000E+00 -.18094038E+01
   .98000000E+00 -.20207934E+01
   .10400000E+01 -.22611952E+01
   .11000000E+01 -.25376912E+01
   .11600000E+01 -.28598892E+01
   .12200000E+01 -.32411603E+01
   .12800000E+01 -.37006827E+01
   .13400000E+01 -.42669798E+01
   .14000000E+01 -.49844038E+01
   .14600000E+01 -.59258872E+01
   .15200000E+01 -.72203893E+01
   .15800000E+01 -.91194924E+01
   .16400000E+01 -.12188611E+02
   .17000000E+01 -.18018149E+02
   .17600000E+01 -.33471327E+02
   .18200000E+01 -.19836288E+03
   .18800000E+01  .52281614E+02
   .19400000E+01  .23396346E+02
   .20000000E+01  .15172675E+02
Core Pot   L  =        1.00000  -3.33623
  -.40000000E+01  .16834148E+01
  -.39400000E+01  .16494286E+01
  -.38800000E+01  .16115434E+01
  -.38200000E+01  .15684593E+01
  -.37600000E+01  .15182063E+01
  -.37000000E+01  .14576477E+01
  -.36400000E+01  .13814653E+01
  -.35800000E+01  .12798618E+01
  -.35200000E+01  .11325835E+01
  -.34600000E+01  .88988864E+00
  -.34000000E+01  .38815063E+00
  -.33400000E+01 -.14124289E+01
  -.32800000E+01  .10887367E+02
  -.32200000E+01  .35275000E+01
  -.31600000E+01  .26856737E+01
  -.31000000E+01  .23506557E+01
  -.30400000E+01  .21648409E+01
  -.29800000E+01  .20429263E+01
  -.29200000E+01  .19541743E+01
  -.28600000E+01  .18847966E+01
  -.28000000E+01  .18276855E+01
  -.27400000E+01  .17788043E+01
  -.26800000E+01  .17356890E+01
  -.26200000E+01  .16967499E+01
  -.25600000E+01  .16609146E+01
  -.25000000E+01  .16274326E+01
  -.24400000E+01  .15957626E+01
  -.23800000E+01  .15655037E+01
  -.23200000E+01  .15363521E+01
  -.22600000E+01  .15080729E+01
  -.22000000E+01  .14804812E+01
  -.21400000E+01  .14534290E+01
  -.20800000E+01  .14267960E+01
  -.20200000E+01  .14004833E+01
  -.19600000E+01  .13744078E+01
  -.19000000E+01  .13484996E+01
  -.18400000E+01  .13226986E+01
  -.17800000E+01  .12969526E+01
  -.17200000E+01  .12712159E+01
  -.16600000E+01  .12454478E+01
  -.16000000E+01  .12196116E+01
  -.15400000E+01  .11936742E+01
  -.14800000E+01  .11676049E+01
  -.14200000E+01  .11413753E+01
  -.13600000E+01  .11149585E+01
  -.13000000E+01  .10883292E+01
  -.12400000E+01  .10614629E+01
  -.11800000E+01  .10343359E+01
  -.11200000E+01  .10069252E+01
  -.10600000E+01  .97920783E+00
  -.10000000E+01  .95116115E+00
  -.94000000E+00  .92276245E+00
  -.88000000E+00  .89398882E+00
  -.82000000E+00  .86481702E+00
  -.76000000E+00  .83522335E+00
  -.70000000E+00  .80518353E+00
  -.64000000E+00  .77467251E+00
  -.58000000E+00  .74366439E+00
  -.52000000E+00  .71213228E+00
  -.46000000E+00  .68004813E+00
  -.40000000E+00  .64738263E+00
  -.34000000E+00  .61410503E+00
  -.28000000E+00  .58018298E+00
  -.22000000E+00  .54558237E+00
  -.16000000E+00  .51026714E+00
  -.10000000E+00  .47419911E+00
  -.40000000E-01  .43733771E+00
   .20000000E-01  .39963978E+00
   .80000000E-01  .36105930E+00
   .14000000E+00  .32154714E+00
   .20000000E+00  .28105068E+00
   .26000000E+00  .23951352E+00
   .32000000E+00  .19687507E+00
   .38000000E+00  .15307008E+00
   .44000000E+00  .10802825E+00
   .50000000E+00  .61673586E-01
   .56000000E+00  .13923848E-01
   .62000000E+00 -.35310158E-01
   .68000000E+00 -.86125359E-01
   .74000000E+00 -.13862730E+00
   .80000000E+00 -.19293116E+00
   .86000000E+00 -.24916288E+00
   .92000000E+00 -.30746053E+00
   .98000000E+00 -.36797576E+00
   .10400000E+01 -.43087560E+00
   .11000000E+01 -.49634448E+00
   .11600000E+01 -.56458654E+00
   .12200000E+01 -.63582843E+00
   .12800000E+01 -.71032247E+00
   .13400000E+01 -.78835047E+00
   .14000000E+01 -.87022814E+00
   .14600000E+01 -.95631043E+00
   .15200000E+01 -.10469979E+01
   .15800000E+01 -.11427440E+01
   .16400000E+01 -.12440649E+01
   .17000000E+01 -.13515497E+01
   .17600000E+01 -.14658747E+01
   .18200000E+01 -.15878198E+01
   .18800000E+01 -.17182892E+01
   .19400000E+01 -.18583373E+01
   .20000000E+01 -.20092014E+01
Potential  L  =        1.00000  -3.33623
  -.40000000E+01  .14742230E+01
  -.39400000E+01  .14196434E+01
  -.38800000E+01  .13575899E+01
  -.38200000E+01  .12858006E+01
  -.37600000E+01  .12009853E+01
  -.37000000E+01  .10981654E+01
  -.36400000E+01  .96943026E+00
  -.35800000E+01  .80140602E+00
  -.35200000E+01  .56955169E+00
  -.34600000E+01  .22343021E+00
  -.34000000E+01 -.35970074E+00
  -.33400000E+01 -.15768369E+01
  -.32800000E+01 -.58346672E+01
  -.32200000E+01  .30336495E+02
  -.31600000E+01  .66860009E+01
  -.31000000E+01  .44253892E+01
  -.30400000E+01  .35630040E+01
  -.29800000E+01  .31023514E+01
  -.29200000E+01  .28120213E+01
  -.28600000E+01  .26096617E+01
  -.28000000E+01  .24586077E+01
  -.27400000E+01  .23400561E+01
  -.26800000E+01  .22433720E+01
  -.26200000E+01  .21620780E+01
  -.25600000E+01  .20920155E+01
  -.25000000E+01  .20303821E+01
  -.24400000E+01  .19752239E+01
  -.23800000E+01  .19251357E+01
  -.23200000E+01  .18790808E+01
  -.22600000E+01  .18362771E+01
  -.22000000E+01  .17961233E+01
  -.21400000E+01  .17581489E+01
  -.20800000E+01  .17219804E+01
  -.20200000E+01  .16873170E+01
  -.19600000E+01  .16539138E+01
  -.19000000E+01  .16215685E+01
  -.18400000E+01  .15901129E+01
  -.17800000E+01  .15594054E+01
  -.17200000E+01  .15293256E+01
  -.16600000E+01  .14997706E+01
  -.16000000E+01  .14706512E+01
  -.15400000E+01  .14418900E+01
  -.14800000E+01  .14134186E+01
  -.14200000E+01  .13851769E+01
  -.13600000E+01  .13571108E+01
  -.13000000E+01  .13291722E+01
  -.12400000E+01  .13013169E+01
  -.11800000E+01  .12735051E+01
  -.11200000E+01  .12456997E+01
  -.10600000E+01  .12178665E+01
  -.10000000E+01  .11899737E+01
  -.94000000E+00  .11619910E+01
  -.88000000E+00  .11338898E+01
  -.82000000E+00  .11056428E+01
  -.76000000E+00  .10772236E+01
  -.70000000E+00  .10486066E+01
  -.64000000E+00  .10197668E+01
  -.58000000E+00  .99067964E+00
  -.52000000E+00  .96132065E+00
  -.46000000E+00  .93166557E+00
  -.40000000E+00  .90169001E+00
  -.34000000E+00  .87136942E+00
  -.28000000E+00  .84067888E+00
  -.22000000E+00  .80959304E+00
  -.16000000E+00  .77808591E+00
  -.10000000E+00  .74613082E+00
  -.40000000E-01  .71370022E+00
   .20000000E-01  .68076559E+00
   .80000000E-01  .64729725E+00
   .14000000E+00  .61326429E+00
   .20000000E+00  .57863432E+00
   .26000000E+00  .54337340E+00
   .32000000E+00  .50744578E+00
   .38000000E+00  .47081379E+00
   .44000000E+00  .43343756E+00
   .50000000E+00  .39527479E+00
   .56000000E+00  .35628070E+00
   .62000000E+00  .31640754E+00
   .68000000E+00  .27560419E+00
   .74000000E+00  .23381622E+00
   .80000000E+00  .19098526E+00
   .86000000E+00  .14704860E+00
   .92000000E+00  .10193885E+00
   .98000000E+00  .55583359E-01
   .10400000E+01  .79036453E-02
   .11000000E+01 -.41185194E-01
   .11600000E+01 -.91775248E-01
   .12200000E+01 -.14396650E+00
   .12800000E+01 -.19786796E+00
   .13400000E+01 -.25359849E+00
   .14000000E+01 -.31128816E+00
   .14600000E+01 -.37107955E+00
   .15200000E+01 -.43312938E+00
   .15800000E+01 -.49761035E+00
   .16400000E+01 -.56471318E+00
   .17000000E+01 -.63464917E+00
   .17600000E+01 -.70765308E+00
   .18200000E+01 -.78398645E+00
   .18800000E+01 -.86394164E+00
   .19400000E+01 -.94784652E+00
   .20000000E+01 -.10360701E+01
Core Pot   L  =        2.00000   -.21484
  -.40000000E+01  .20200377E+01
  -.39400000E+01  .20049477E+01
  -.38800000E+01  .19897343E+01
  -.38200000E+01  .19743944E+01
  -.37600000E+01  .19589242E+01
  -.37000000E+01  .19433202E+01
  -.36400000E+01  .19275784E+01
  -.35800000E+01  .19116946E+01
  -.35200000E+01  .18956647E+01
  -.34600000E+01  .18794840E+01
  -.34000000E+01  .18631477E+01
  -.33400000E+01  .18466507E+01
  -.32800000E+01  .18299876E+01
  -.32200000E+01  .18131527E+01
  -.31600000E+01  .17961398E+01
  -.31000000E+01  .17789427E+01
  -.30400000E+01  .17615542E+01
  -.29800000E+01  .17439672E+01
  -.29200000E+01  .17261738E+01
  -.28600000E+01  .17081655E+01
  -.28000000E+01  .16899334E+01
  -.27400000E+01  .16714678E+01
  -.26800000E+01  .16527584E+01
  -.26200000E+01  .16337938E+01
  -.25600000E+01  .16145620E+01
  -.25000000E+01  .15950499E+01
  -.24400000E+01  .15752432E+01
  -.23800000E+01  .15551263E+01
  -.23200000E+01  .15346825E+01
  -.22600000E+01  .15138931E+01
  -.22000000E+01  .14927379E+01
  -.21400000E+01  .14711946E+01
  -.20800000E+01  .14492386E+01
  -.20200000E+01  .14268425E+01
  -.19600000E+01  .14039761E+01
  -.19000000E+01  .13806057E+01
  -.18400000E+01  .13566935E+01
  -.17800000E+01  .13321971E+01
  -.17200000E+01  .13070685E+01
  -.16600000E+01  .12812535E+01
  -.16000000E+01  .12546905E+01
  -.15400000E+01  .12273085E+01
  -.14800000E+01  .11990263E+01
  -.14200000E+01  .11697496E+01
  -.13600000E+01  .11393686E+01
  -.13000000E+01  .11077546E+01
  -.12400000E+01  .10747554E+01
  -.11800000E+01  .10401898E+01
  -.11200000E+01  .10038400E+01
  -.10600000E+01  .96544196E+00
  -.10000000E+01  .92467198E+00
  -.94000000E+00  .88112871E+00
  -.88000000E+00  .83430807E+00
  -.82000000E+00  .78356779E+00
  -.76000000E+00  .72807618E+00
  -.70000000E+00  .66673610E+00
  -.64000000E+00  .59806934E+00
  -.58000000E+00  .52003443E+00
  -.52000000E+00  .42972913E+00
  -.46000000E+00  .32288176E+00
  -.40000000E+00  .19293341E+00
  -.34000000E+00  .29267662E-01
  -.28000000E+00 -.18650536E+00
  -.22000000E+00 -.48926479E+00
  -.16000000E+00 -.95421239E+00
  -.10000000E+00 -.17788546E+01
  -.40000000E-01 -.37020784E+01
   .20000000E-01 -.13898806E+02
   .80000000E-01  .13526188E+02
   .14000000E+00  .53206163E+01
   .20000000E+00  .35543729E+01
   .26000000E+00  .27713012E+01
   .32000000E+00  .23215866E+01
   .38000000E+00  .20245185E+01
   .44000000E+00  .18098905E+01
   .50000000E+00  .16447288E+01
   .56000000E+00  .15114951E+01
   .62000000E+00  .13999967E+01
   .68000000E+00  .13039018E+01
   .74000000E+00  .12190663E+01
   .80000000E+00  .11426610E+01
   .86000000E+00  .10726858E+01
   .92000000E+00  .10076842E+01
   .98000000E+00  .94656750E+00
   .10400000E+01  .88850378E+00
   .11000000E+01  .83284373E+00
   .11600000E+01  .77907115E+00
   .12200000E+01  .72676823E+00
   .12800000E+01  .67559114E+00
   .13400000E+01  .62525225E+00
   .14000000E+01  .57550705E+00
   .14600000E+01  .52614436E+00
   .15200000E+01  .47697888E+00
   .15800000E+01  .42784539E+00
   .16400000E+01  .37859421E+00
   .17000000E+01  .32908756E+00
   .17600000E+01  .27919658E+00
   .18200000E+01  .22879892E+00
   .18800000E+01  .17777660E+00
   .19400000E+01  .12601426E+00
   .20000000E+01  .73397550E-01
Potential  L  =        2.00000   -.21484
  -.40000000E+01  .19520760E+01
  -.39400000E+01  .19353898E+01
  -.38800000E+01  .19185273E+01
  -.38200000E+01  .19014830E+01
  -.37600000E+01  .18842509E+01
  -.37000000E+01  .18668247E+01
  -.36400000E+01  .18491980E+01
  -.35800000E+01  .18313637E+01
  -.35200000E+01  .18133146E+01
  -.34600000E+01  .17950430E+01
  -.34000000E+01  .17765407E+01
  -.33400000E+01  .17577993E+01
  -.32800000E+01  .17388095E+01
  -.32200000E+01  .17195618E+01
  -.31600000E+01  .17000460E+01
  -.31000000E+01  .16802513E+01
  -.30400000E+01  .16601662E+01
  -.29800000E+01  .16397785E+01
  -.29200000E+01  .16190752E+01
  -.28600000E+01  .15980425E+01
  -.28000000E+01  .15766655E+01
  -.27400000E+01  .15549286E+01
  -.26800000E+01  .15328149E+01
  -.26200000E+01  .15103063E+01
  -.25600000E+01  .14873834E+01
  -.25000000E+01  .14640255E+01
  -.24400000E+01  .14402102E+01
  -.23800000E+01  .14159134E+01
  -.23200000E+01  .13911092E+01
  -.22600000E+01  .13657696E+01
  -.22000000E+01  .13398641E+01
  -.21400000E+01  .13133600E+01
  -.20800000E+01  .12862215E+01
  -.20200000E+01  .12584097E+01
  -.19600000E+01  .12298824E+01
  -.19000000E+01  .12005932E+01
  -.18400000E+01  .11704916E+01
  -.17800000E+01  .11395220E+01
  -.17200000E+01  .11076233E+01
  -.16600000E+01  .10747283E+01
  -.16000000E+01  .10407626E+01
  -.15400000E+01  .10056437E+01
  -.14800000E+01  .96928006E+00
  -.14200000E+01  .93156966E+00
  -.13600000E+01  .89239834E+00
  -.13000000E+01  .85163814E+00
  -.12400000E+01  .80914491E+00
  -.11800000E+01  .76475587E+00
  -.11200000E+01  .71828629E+00
  -.10600000E+01  .66952576E+00
  -.10000000E+01  .61823351E+00
  -.94000000E+00  .56413268E+00
  -.88000000E+00  .50690325E+00
  -.82000000E+00  .44617338E+00
  -.76000000E+00  .38150807E+00
  -.70000000E+00  .31239562E+00
  -.64000000E+00  .23822972E+00
  -.58000000E+00  .15828613E+00
  -.52000000E+00  .71692917E-01
  -.46000000E+00 -.22609547E-01
  -.40000000E+00 -.12592196E+00
  -.34000000E+00 -.23985891E+00
  -.28000000E+00 -.36644975E+00
  -.22000000E+00 -.50828106E+00
  -.16000000E+00 -.66870226E+00
  -.10000000E+00 -.85212929E+00
  -.40000000E-01 -.10645062E+01
   .20000000E-01 -.13140292E+01
   .80000000E-01 -.16123249E+01
   .14000000E+00 -.19764555E+01
   .20000000E+00 -.24325172E+01
   .26000000E+00 -.30225307E+01
   .32000000E+00 -.38187779E+01
   .38000000E+00 -.49570255E+01
   .44000000E+00 -.67258361E+01
   .50000000E+00 -.98656830E+01
   .56000000E+00 -.17022854E+02
   .62000000E+00 -.49945919E+02
   .68000000E+00  .64727678E+02
   .74000000E+00  .20753011E+02
   .80000000E+00  .12721061E+02
   .86000000E+00  .93396899E+01
   .92000000E+00  .74706496E+01
   .98000000E+00  .62807364E+01
   .10400000E+01  .54537921E+01
   .11000000E+01  .48434954E+01
   .11600000E+01  .43728298E+01
   .12200000E+01  .39973830E+01
   .12800000E+01  .36897512E+01
   .13400000E+01  .34321055E+01
   .14000000E+01  .32123452E+01
   .14600000E+01  .30219681E+01
   .15200000E+01  .28548248E+01
   .15800000E+01  .27063569E+01
   .16400000E+01  .25731135E+01
   .17000000E+01  .24524335E+01
   .17600000E+01  .23422314E+01
   .18200000E+01  .22408496E+01
   .18800000E+01  .21469534E+01
   .19400000E+01  .20594556E+01
   .20000000E+01  .19774617E+01
Core Pot   L  =        3.00000    .00000
  -.40000000E+01  .22965609E+01
  -.39400000E+01  .22837849E+01
  -.38800000E+01  .22709426E+01
  -.38200000E+01  .22580331E+01
  -.37600000E+01  .22450554E+01
  -.37000000E+01  .22320084E+01
  -.36400000E+01  .22188910E+01
  -.35800000E+01  .22057023E+01
  -.35200000E+01  .21924411E+01
  -.34600000E+01  .21791062E+01
  -.34000000E+01  .21656966E+01
  -.33400000E+01  .21522109E+01
  -.32800000E+01  .21386481E+01
  -.32200000E+01  .21250069E+01
  -.31600000E+01  .21112859E+01
  -.31000000E+01  .20974840E+01
  -.30400000E+01  .20835996E+01
  -.29800000E+01  .20696315E+01
  -.29200000E+01  .20555782E+01
  -.28600000E+01  .20414382E+01
  -.28000000E+01  .20272102E+01
  -.27400000E+01  .20128924E+01
  -.26800000E+01  .19984834E+01
  -.26200000E+01  .19839816E+01
  -.25600000E+01  .19693852E+01
  -.25000000E+01  .19546925E+01
  -.24400000E+01  .19399018E+01
  -.23800000E+01  .19250112E+01
  -.23200000E+01  .19100190E+01
  -.22600000E+01  .18949231E+01
  -.22000000E+01  .18797215E+01
  -.21400000E+01  .18644123E+01
  -.20800000E+01  .18489934E+01
  -.20200000E+01  .18334624E+01
  -.19600000E+01  .18178174E+01
  -.19000000E+01  .18020558E+01
  -.18400000E+01  .17861753E+01
  -.17800000E+01  .17701736E+01
  -.17200000E+01  .17540480E+01
  -.16600000E+01  .17377959E+01
  -.16000000E+01  .17214147E+01
  -.15400000E+01  .17049015E+01
  -.14800000E+01  .16882535E+01
  -.14200000E+01  .16714676E+01
  -.13600000E+01  .16545409E+01
  -.13000000E+01  .16374700E+01
  -.12400000E+01  .16202517E+01
  -.11800000E+01  .16028826E+01
  -.11200000E+01  .15853591E+01
  -.10600000E+01  .15676776E+01
  -.10000000E+01  .15498342E+01
  -.94000000E+00  .15318251E+01
  -.88000000E+00  .15136460E+01
  -.82000000E+00  .14952928E+01
  -.76000000E+00  .14767610E+01
  -.70000000E+00  .14580460E+01
  -.64000000E+00  .14391432E+01
  -.58000000E+00  .14200474E+01
  -.52000000E+00  .14007536E+01
  -.46000000E+00  .13812565E+01
  -.40000000E+00  .13615503E+01
  -.34000000E+00  .13416293E+01
  -.28000000E+00  .13214875E+01
  -.22000000E+00  .13011185E+01
  -.16000000E+00  .12805156E+01
  -.10000000E+00  .12596720E+01
  -.40000000E-01  .12385806E+01
   .20000000E-01  .12172337E+01
   .80000000E-01  .11956235E+01
   .14000000E+00  .11737417E+01
   .20000000E+00  .11515799E+01
   .26000000E+00  .11291288E+01
   .32000000E+00  .11063790E+01
   .38000000E+00  .10833207E+01
   .44000000E+00  .10599433E+01
   .50000000E+00  .10362359E+01
   .56000000E+00  .10121870E+01
   .62000000E+00  .98778447E+00
   .68000000E+00  .96301557E+00
   .74000000E+00  .93786683E+00
   .80000000E+00  .91232411E+00
   .86000000E+00  .88637243E+00
   .92000000E+00  .85999600E+00
   .98000000E+00  .83317814E+00
   .10400000E+01  .80590117E+00
   .11000000E+01  .77814640E+00
   .11600000E+01  .74989399E+00
   .12200000E+01  .72112293E+00
   .12800000E+01  .69181088E+00
   .13400000E+01  .66193410E+00
   .14000000E+01  .63146732E+00
   .14600000E+01  .60038363E+00
   .15200000E+01  .56865434E+00
   .15800000E+01  .53624879E+00
   .16400000E+01  .50313424E+00
   .17000000E+01  .46927562E+00
   .17600000E+01  .43463536E+00
   .18200000E+01  .39917315E+00
   .18800000E+01  .36284566E+00
   .19400000E+01  .32560629E+00
   .20000000E+01  .28740479E+00
Potential  L  =        3.00000    .00000
  -.40000000E+01  .22976771E+01
  -.39400000E+01  .22849320E+01
  -.38800000E+01  .22721216E+01
  -.38200000E+01  .22592452E+01
  -.37600000E+01  .22463017E+01
  -.37000000E+01  .22332902E+01
  -.36400000E+01  .22202096E+01
  -.35800000E+01  .22070589E+01
  -.35200000E+01  .21938371E+01
  -.34600000E+01  .21805431E+01
  -.34000000E+01  .21671758E+01
  -.33400000E+01  .21537340E+01
  -.32800000E+01  .21402167E+01
  -.32200000E+01  .21266226E+01
  -.31600000E+01  .21129505E+01
  -.31000000E+01  .20991992E+01
  -.30400000E+01  .20853674E+01
  -.29800000E+01  .20714538E+01
  -.29200000E+01  .20574570E+01
  -.28600000E+01  .20433758E+01
  -.28000000E+01  .20292086E+01
  -.27400000E+01  .20149541E+01
  -.26800000E+01  .20006107E+01
  -.26200000E+01  .19861770E+01
  -.25600000E+01  .19716513E+01
  -.25000000E+01  .19570321E+01
  -.24400000E+01  .19423177E+01
  -.23800000E+01  .19275065E+01
  -.23200000E+01  .19125967E+01
  -.22600000E+01  .18975865E+01
  -.22000000E+01  .18824740E+01
  -.21400000E+01  .18672575E+01
  -.20800000E+01  .18519349E+01
  -.20200000E+01  .18365042E+01
  -.19600000E+01  .18209634E+01
  -.19000000E+01  .18053104E+01
  -.18400000E+01  .17895430E+01
  -.17800000E+01  .17736589E+01
  -.17200000E+01  .17576558E+01
  -.16600000E+01  .17415314E+01
  -.16000000E+01  .17252832E+01
  -.15400000E+01  .17089087E+01
  -.14800000E+01  .16924052E+01
  -.14200000E+01  .16757700E+01
  -.13600000E+01  .16590005E+01
  -.13000000E+01  .16420936E+01
  -.12400000E+01  .16250465E+01
  -.11800000E+01  .16078560E+01
  -.11200000E+01  .15905190E+01
  -.10600000E+01  .15730323E+01
  -.10000000E+01  .15553925E+01
  -.94000000E+00  .15375960E+01
  -.88000000E+00  .15196393E+01
  -.82000000E+00  .15015185E+01
  -.76000000E+00  .14832299E+01
  -.70000000E+00  .14647694E+01
  -.64000000E+00  .14461329E+01
  -.58000000E+00  .14273160E+01
  -.52000000E+00  .14083143E+01
  -.46000000E+00  .13891231E+01
  -.40000000E+00  .13697376E+01
  -.34000000E+00  .13501529E+01
  -.28000000E+00  .13303637E+01
  -.22000000E+00  .13103646E+01
  -.16000000E+00  .12901501E+01
  -.10000000E+00  .12697143E+01
  -.40000000E-01  .12490512E+01
   .20000000E-01  .12281544E+01
   .80000000E-01  .12070174E+01
   .14000000E+00  .11856334E+01
   .20000000E+00  .11639951E+01
   .26000000E+00  .11420952E+01
   .32000000E+00  .11199260E+01
   .38000000E+00  .10974792E+01
   .44000000E+00  .10747464E+01
   .50000000E+00  .10517189E+01
   .56000000E+00  .10283873E+01
   .62000000E+00  .10047420E+01
   .68000000E+00  .98077287E+00
   .74000000E+00  .95646927E+00
   .80000000E+00  .93182011E+00
   .86000000E+00  .90681372E+00
   .92000000E+00  .88143788E+00
   .98000000E+00  .85567975E+00
   .10400000E+01  .82952583E+00
   .11000000E+01  .80296193E+00
   .11600000E+01  .77597313E+00
   .12200000E+01  .74854371E+00
   .12800000E+01  .72065710E+00
   .13400000E+01  .69229584E+00
   .14000000E+01  .66344149E+00
   .14600000E+01  .63407459E+00
   .15200000E+01  .60417457E+00
   .15800000E+01  .57371964E+00
   .16400000E+01  .54268662E+00
   .17000000E+01  .51105136E+00
   .17600000E+01  .47878781E+00
   .18200000E+01  .44586845E+00
   .18800000E+01  .41226405E+00
   .19400000E+01  .37794349E+00
   .20000000E+01  .34287364E+00
Core Pot   L  =        4.00000    .00000
  -.40000000E+01  .25995162E+01
  -.39400000E+01  .25883572E+01
  -.38800000E+01  .25771550E+01
  -.38200000E+01  .25659091E+01
  -.37600000E+01  .25546190E+01
  -.37000000E+01  .25432842E+01
  -.36400000E+01  .25319042E+01
  -.35800000E+01  .25204785E+01
  -.35200000E+01  .25090067E+01
  -.34600000E+01  .24974882E+01
  -.34000000E+01  .24859224E+01
  -.33400000E+01  .24743088E+01
  -.32800000E+01  .24626469E+01
  -.32200000E+01  .24509361E+01
  -.31600000E+01  .24391759E+01
  -.31000000E+01  .24273656E+01
  -.30400000E+01  .24155047E+01
  -.29800000E+01  .24035926E+01
  -.29200000E+01  .23916287E+01
  -.28600000E+01  .23796123E+01
  -.28000000E+01  .23675427E+01
  -.27400000E+01  .23554195E+01
  -.26800000E+01  .23432418E+01
  -.26200000E+01  .23310091E+01
  -.25600000E+01  .23187206E+01
  -.25000000E+01  .23063756E+01
  -.24400000E+01  .22939735E+01
  -.23800000E+01  .22815134E+01
  -.23200000E+01  .22689947E+01
  -.22600000E+01  .22564166E+01
  -.22000000E+01  .22437784E+01
  -.21400000E+01  .22310791E+01
  -.20800000E+01  .22183182E+01
  -.20200000E+01  .22054946E+01
  -.19600000E+01  .21926076E+01
  -.19000000E+01  .21796563E+01
  -.18400000E+01  .21666399E+01
  -.17800000E+01  .21535575E+01
  -.17200000E+01  .21404081E+01
  -.16600000E+01  .21271908E+01
  -.16000000E+01  .21139047E+01
  -.15400000E+01  .21005488E+01
  -.14800000E+01  .20871222E+01
  -.14200000E+01  .20736237E+01
  -.13600000E+01  .20600524E+01
  -.13000000E+01  .20464072E+01
  -.12400000E+01  .20326871E+01
  -.11800000E+01  .20188908E+01
  -.11200000E+01  .20050174E+01
  -.10600000E+01  .19910656E+01
  -.10000000E+01  .19770342E+01
  -.94000000E+00  .19629221E+01
  -.88000000E+00  .19487280E+01
  -.82000000E+00  .19344506E+01
  -.76000000E+00  .19200886E+01
  -.70000000E+00  .19056407E+01
  -.64000000E+00  .18911055E+01
  -.58000000E+00  .18764817E+01
  -.52000000E+00  .18617678E+01
  -.46000000E+00  .18469623E+01
  -.40000000E+00  .18320638E+01
  -.34000000E+00  .18170706E+01
  -.28000000E+00  .18019813E+01
  -.22000000E+00  .17867942E+01
  -.16000000E+00  .17715075E+01
  -.10000000E+00  .17561198E+01
  -.40000000E-01  .17406291E+01
   .20000000E-01  .17250336E+01
   .80000000E-01  .17093317E+01
   .14000000E+00  .16935212E+01
   .20000000E+00  .16776004E+01
   .26000000E+00  .16615672E+01
   .32000000E+00  .16454195E+01
   .38000000E+00  .16291553E+01
   .44000000E+00  .16127723E+01
   .50000000E+00  .15962685E+01
   .56000000E+00  .15796413E+01
   .62000000E+00  .15628886E+01
   .68000000E+00  .15460078E+01
   .74000000E+00  .15289966E+01
   .80000000E+00  .15118522E+01
   .86000000E+00  .14945722E+01
   .92000000E+00  .14771536E+01
   .98000000E+00  .14595938E+01
   .10400000E+01  .14418899E+01
   .11000000E+01  .14240388E+01
   .11600000E+01  .14060375E+01
   .12200000E+01  .13878828E+01
   .12800000E+01  .13695715E+01
   .13400000E+01  .13511001E+01
   .14000000E+01  .13324653E+01
   .14600000E+01  .13136633E+01
   .15200000E+01  .12946905E+01
   .15800000E+01  .12755431E+01
   .16400000E+01  .12562171E+01
   .17000000E+01  .12367083E+01
   .17600000E+01  .12170126E+01
   .18200000E+01  .11971255E+01
   .18800000E+01  .11770426E+01
   .19400000E+01  .11567591E+01
   .20000000E+01  .11362702E+01
Potential  L  =        4.00000    .00000
  -.40000000E+01  .25998278E+01
  -.39400000E+01  .25886747E+01
  -.38800000E+01  .25774784E+01
  -.38200000E+01  .25662386E+01
  -.37600000E+01  .25549544E+01
  -.37000000E+01  .25436247E+01
  -.36400000E+01  .25322530E+01
  -.35800000E+01  .25208326E+01
  -.35200000E+01  .25093679E+01
  -.34600000E+01  .24978567E+01
  -.34000000E+01  .24862988E+01
  -.33400000E+01  .24746941E+01
  -.32800000E+01  .24630392E+01
  -.32200000E+01  .24513363E+01
  -.31600000E+01  .24395846E+01
  -.31000000E+01  .24277845E+01
  -.30400000E+01  .24159315E+01
  -.29800000E+01  .24040299E+01
  -.29200000E+01  .23920756E+01
  -.28600000E+01  .23800695E+01
  -.28000000E+01  .23680090E+01
  -.27400000E+01  .23558957E+01
  -.26800000E+01  .23437293E+01
  -.26200000E+01  .23315094E+01
  -.25600000E+01  .23192325E+01
  -.25000000E+01  .23068983E+01
  -.24400000E+01  .22945086E+01
  -.23800000E+01  .22820624E+01
  -.23200000E+01  .22695559E+01
  -.22600000E+01  .22569907E+01
  -.22000000E+01  .22443681E+01
  -.21400000E+01  .22316822E+01
  -.20800000E+01  .22189372E+01
  -.20200000E+01  .22061290E+01
  -.19600000E+01  .21932569E+01
  -.19000000E+01  .21803212E+01
  -.18400000E+01  .21673223E+01
  -.17800000E+01  .21542566E+01
  -.17200000E+01  .21411253E+01
  -.16600000E+01  .21279265E+01
  -.16000000E+01  .21146605E+01
  -.15400000E+01  .21013233E+01
  -.14800000E+01  .20879179E+01
  -.14200000E+01  .20744405E+01
  -.13600000E+01  .20608897E+01
  -.13000000E+01  .20472666E+01
  -.12400000E+01  .20335697E+01
  -.11800000E+01  .20197972E+01
  -.11200000E+01  .20059486E+01
  -.10600000E+01  .19920219E+01
  -.10000000E+01  .19780163E+01
  -.94000000E+00  .19639313E+01
  -.88000000E+00  .19497650E+01
  -.82000000E+00  .19355165E+01
  -.76000000E+00  .19211844E+01
  -.70000000E+00  .19067672E+01
  -.64000000E+00  .18922638E+01
  -.58000000E+00  .18776726E+01
  -.52000000E+00  .18629928E+01
  -.46000000E+00  .18482223E+01
  -.40000000E+00  .18333600E+01
  -.34000000E+00  .18184043E+01
  -.28000000E+00  .18033537E+01
  -.22000000E+00  .17882065E+01
  -.16000000E+00  .17729613E+01
  -.10000000E+00  .17576163E+01
  -.40000000E-01  .17421700E+01
   .20000000E-01  .17266203E+01
   .80000000E-01  .17109657E+01
   .14000000E+00  .16952043E+01
   .20000000E+00  .16793343E+01
   .26000000E+00  .16633536E+01
   .32000000E+00  .16472604E+01
   .38000000E+00  .16310525E+01
   .44000000E+00  .16147279E+01
   .50000000E+00  .15982845E+01
   .56000000E+00  .15817201E+01
   .62000000E+00  .15650322E+01
   .68000000E+00  .15482187E+01
   .74000000E+00  .15312772E+01
   .80000000E+00  .15142052E+01
   .86000000E+00  .14970001E+01
   .92000000E+00  .14796593E+01
   .98000000E+00  .14621801E+01
   .10400000E+01  .14445598E+01
   .11000000E+01  .14267955E+01
   .11600000E+01  .14088844E+01
   .12200000E+01  .13908233E+01
   .12800000E+01  .13726091E+01
   .13400000E+01  .13542386E+01
   .14000000E+01  .13357086E+01
   .14600000E+01  .13170155E+01
   .15200000E+01  .12981559E+01
   .15800000E+01  .12791262E+01
   .16400000E+01  .12599224E+01
   .17000000E+01  .12405409E+01
   .17600000E+01  .12209775E+01
   .18200000E+01  .12012282E+01
   .18800000E+01  .11812886E+01
   .19400000E+01  .11611542E+01
   .20000000E+01  .11408206E+01
KBPotential  L  =      1.00000  -6.67246
  -.40000000E+01  .16861912E+01
  -.39400000E+01  .16521720E+01
  -.38800000E+01  .16142469E+01
  -.38200000E+01  .15711150E+01
  -.37600000E+01  .15208034E+01
  -.37000000E+01  .14601713E+01
  -.36400000E+01  .13838938E+01
  -.35800000E+01  .12821610E+01
  -.35200000E+01  .11346953E+01
  -.34600000E+01  .89169856E+00
  -.34000000E+01  .38939589E+00
  -.33400000E+01 -.14124644E+01
  -.32800000E+01  .10920283E+02
  -.32200000E+01  .35339140E+01
  -.31600000E+01  .26903539E+01
  -.31000000E+01  .23547244E+01
  -.30400000E+01  .21685878E+01
  -.29800000E+01  .20464696E+01
  -.29200000E+01  .19575725E+01
  -.28600000E+01  .18880818E+01
  -.28000000E+01  .18308783E+01
  -.27400000E+01  .17819171E+01
  -.26800000E+01  .17387303E+01
  -.26200000E+01  .16997255E+01
  -.25600000E+01  .16638283E+01
  -.25000000E+01  .16302872E+01
  -.24400000E+01  .15985598E+01
  -.23800000E+01  .15682442E+01
  -.23200000E+01  .15390363E+01
  -.22600000E+01  .15107007E+01
  -.22000000E+01  .14830523E+01
  -.21400000E+01  .14559429E+01
  -.20800000E+01  .14292519E+01
  -.20200000E+01  .14028802E+01
  -.19600000E+01  .13767446E+01
  -.19000000E+01  .13507750E+01
  -.18400000E+01  .13249112E+01
  -.17800000E+01  .12991011E+01
  -.17200000E+01  .12732988E+01
  -.16600000E+01  .12474635E+01
  -.16000000E+01  .12215587E+01
  -.15400000E+01  .11955511E+01
  -.14800000E+01  .11694100E+01
  -.14200000E+01  .11431071E+01
  -.13600000E+01  .11166155E+01
  -.13000000E+01  .10899099E+01
  -.12400000E+01  .10629659E+01
  -.11800000E+01  .10357600E+01
  -.11200000E+01  .10082690E+01
  -.10600000E+01  .98047029E+00
  -.10000000E+01  .95234136E+00
  -.94000000E+00  .92385962E+00
  -.88000000E+00  .89500249E+00
  -.82000000E+00  .86574694E+00
  -.76000000E+00  .83606956E+00
  -.70000000E+00  .80594638E+00
  -.64000000E+00  .77535282E+00
  -.58000000E+00  .74426341E+00
  -.52000000E+00  .71265177E+00
  -.46000000E+00  .68049046E+00
  -.40000000E+00  .64775083E+00
  -.34000000E+00  .61440292E+00
  -.28000000E+00  .58041524E+00
  -.22000000E+00  .54575470E+00
  -.16000000E+00  .51038637E+00
  -.10000000E+00  .47427334E+00
  -.40000000E-01  .43737651E+00
   .20000000E-01  .39965438E+00
   .80000000E-01  .36106281E+00
   .14000000E+00  .32155480E+00
   .20000000E+00  .28108017E+00
   .26000000E+00  .23958526E+00
   .32000000E+00  .19701260E+00
   .38000000E+00  .15330054E+00
   .44000000E+00  .10838280E+00
   .50000000E+00  .62188045E-01
   .56000000E+00  .14639304E-01
   .62000000E+00 -.34346571E-01
   .68000000E+00 -.84859620E-01
   .74000000E+00 -.13699747E+00
   .80000000E+00 -.19086610E+00
   .86000000E+00 -.24658120E+00
   .92000000E+00 -.30426873E+00
   .98000000E+00 -.36406643E+00
   .10400000E+01 -.42612529E+00
   .11000000E+01 -.49061106E+00
   .11600000E+01 -.55770622E+00
   .12200000E+01 -.62761219E+00
   .12800000E+01 -.70055177E+00
   .13400000E+01 -.77677212E+00
   .14000000E+01 -.85654824E+00
   .14600000E+01 -.94018704E+00
   .15200000E+01 -.10280321E+01
   .15800000E+01 -.11204691E+01
   .16400000E+01 -.12179332E+01
   .17000000E+01 -.13209166E+01
   .17600000E+01 -.14299778E+01
   .18200000E+01 -.15457547E+01
   .18800000E+01 -.16689780E+01
   .19400000E+01 -.18004891E+01
   .20000000E+01 -.19412620E+01
KBPotential  L  =      2.00000   -.42968
  -.40000000E+01  .20207528E+01
  -.39400000E+01  .20056339E+01
  -.38800000E+01  .19903921E+01
  -.38200000E+01  .19750242E+01
  -.37600000E+01  .19595267E+01
  -.37000000E+01  .19438957E+01
  -.36400000E+01  .19281275E+01
  -.35800000E+01  .19122179E+01
  -.35200000E+01  .18961626E+01
  -.34600000E+01  .18799571E+01
  -.34000000E+01  .18635966E+01
  -.33400000E+01  .18470760E+01
  -.32800000E+01  .18303898E+01
  -.32200000E+01  .18135324E+01
  -.31600000E+01  .17964977E+01
  -.31000000E+01  .17792793E+01
  -.30400000E+01  .17618702E+01
  -.29800000E+01  .17442633E+01
  -.29200000E+01  .17264505E+01
  -.28600000E+01  .17084236E+01
  -.28000000E+01  .16901735E+01
  -.27400000E+01  .16716906E+01
  -.26800000E+01  .16529646E+01
  -.26200000E+01  .16339841E+01
  -.25600000E+01  .16147371E+01
  -.25000000E+01  .15952104E+01
  -.24400000E+01  .15753899E+01
  -.23800000E+01  .15552600E+01
  -.23200000E+01  .15348040E+01
  -.22600000E+01  .15140030E+01
  -.22000000E+01  .14928369E+01
  -.21400000E+01  .14712834E+01
  -.20800000E+01  .14493178E+01
  -.20200000E+01  .14269130E+01
  -.19600000E+01  .14040386E+01
  -.19000000E+01  .13806608E+01
  -.18400000E+01  .13567420E+01
  -.17800000E+01  .13322395E+01
  -.17200000E+01  .13071057E+01
  -.16600000E+01  .12812861E+01
  -.16000000E+01  .12547190E+01
  -.15400000E+01  .12273336E+01
  -.14800000E+01  .11990485E+01
  -.14200000E+01  .11697696E+01
  -.13600000E+01  .11393868E+01
  -.13000000E+01  .11077716E+01
  -.12400000E+01  .10747715E+01
  -.11800000E+01  .10402054E+01
  -.11200000E+01  .10038555E+01
  -.10600000E+01  .96545768E+00
  -.10000000E+01  .92468809E+00
  -.94000000E+00  .88114533E+00
  -.88000000E+00  .83432526E+00
  -.82000000E+00  .78358553E+00
  -.76000000E+00  .72809431E+00
  -.70000000E+00  .66675438E+00
  -.64000000E+00  .59808738E+00
  -.58000000E+00  .52004854E+00
  -.52000000E+00  .42974146E+00
  -.46000000E+00  .32289963E+00
  -.40000000E+00  .19295012E+00
  -.34000000E+00  .29282563E-01
  -.28000000E+00 -.18649304E+00
  -.22000000E+00 -.48925612E+00
  -.16000000E+00 -.95420954E+00
  -.10000000E+00 -.17788654E+01
  -.40000000E-01 -.37021550E+01
   .20000000E-01 -.13900627E+02
   .80000000E-01  .13523750E+02
   .14000000E+00  .53201311E+01
   .20000000E+00  .35540318E+01
   .26000000E+00  .27710026E+01
   .32000000E+00  .23212745E+01
   .38000000E+00  .20241802E+01
   .44000000E+00  .18095130E+01
   .50000000E+00  .16442965E+01
   .56000000E+00  .15110056E+01
   .62000000E+00  .13994474E+01
   .68000000E+00  .13032724E+01
   .74000000E+00  .12183505E+01
   .80000000E+00  .11418468E+01
   .86000000E+00  .10717606E+01
   .92000000E+00  .10066382E+01
   .98000000E+00  .94538217E+00
   .10400000E+01  .88716280E+00
   .11000000E+01  .83132932E+00
   .11600000E+01  .77736374E+00
   .12200000E+01  .72484678E+00
   .12800000E+01  .67343133E+00
   .13400000E+01  .62282855E+00
   .14000000E+01  .57279103E+00
   .14600000E+01  .52310478E+00
   .15200000E+01  .47358129E+00
   .15800000E+01  .42405191E+00
   .16400000E+01  .37436311E+00
   .17000000E+01  .32437285E+00
   .17600000E+01  .27394754E+00
   .18200000E+01  .22295954E+00
   .18800000E+01  .17128504E+00
   .19400000E+01  .11880215E+00
   .20000000E+01  .65389184E-01
KBPotential  L  =       .00000   -.58879
  -.40000000E+01  .17635210E+01
  -.39400000E+01  .17465473E+01
  -.38800000E+01  .17294204E+01
  -.38200000E+01  .17121367E+01
  -.37600000E+01  .16946924E+01
  -.37000000E+01  .16770833E+01
  -.36400000E+01  .16593055E+01
  -.35800000E+01  .16413547E+01
  -.35200000E+01  .16232263E+01
  -.34600000E+01  .16049158E+01
  -.34000000E+01  .15864184E+01
  -.33400000E+01  .15677291E+01
  -.32800000E+01  .15488427E+01
  -.32200000E+01  .15297537E+01
  -.31600000E+01  .15104567E+01
  -.31000000E+01  .14909457E+01
  -.30400000E+01  .14712147E+01
  -.29800000E+01  .14512572E+01
  -.29200000E+01  .14310667E+01
  -.28600000E+01  .14106363E+01
  -.28000000E+01  .13899586E+01
  -.27400000E+01  .13690263E+01
  -.26800000E+01  .13478313E+01
  -.26200000E+01  .13263655E+01
  -.25600000E+01  .13046203E+01
  -.25000000E+01  .12825865E+01
  -.24400000E+01  .12602548E+01
  -.23800000E+01  .12376151E+01
  -.23200000E+01  .12146572E+01
  -.22600000E+01  .11913701E+01
  -.22000000E+01  .11677423E+01
  -.21400000E+01  .11437618E+01
  -.20800000E+01  .11194160E+01
  -.20200000E+01  .10946914E+01
  -.19600000E+01  .10695740E+01
  -.19000000E+01  .10440490E+01
  -.18400000E+01  .10181008E+01
  -.17800000E+01  .99171295E+00
  -.17200000E+01  .96486801E+00
  -.16600000E+01  .93754752E+00
  -.16000000E+01  .90973201E+00
  -.15400000E+01  .88140084E+00
  -.14800000E+01  .85253211E+00
  -.14200000E+01  .82310261E+00
  -.13600000E+01  .79308766E+00
  -.13000000E+01  .76246102E+00
  -.12400000E+01  .73119476E+00
  -.11800000E+01  .69925912E+00
  -.11200000E+01  .66662235E+00
  -.10600000E+01  .63325057E+00
  -.10000000E+01  .59910751E+00
  -.94000000E+00  .56415438E+00
  -.88000000E+00  .52834959E+00
  -.82000000E+00  .49164851E+00
  -.76000000E+00  .45400314E+00
  -.70000000E+00  .41536184E+00
  -.64000000E+00  .37566896E+00
  -.58000000E+00  .33486442E+00
  -.52000000E+00  .29288326E+00
  -.46000000E+00  .24965510E+00
  -.40000000E+00  .20510360E+00
  -.34000000E+00  .15914580E+00
  -.28000000E+00  .11169134E+00
  -.22000000E+00  .62641632E-01
  -.16000000E+00  .11888863E-01
  -.10000000E+00 -.40685085E-01
  -.40000000E-01 -.95209947E-01
   .20000000E-01 -.15182860E+00
   .80000000E-01 -.21069870E+00
   .14000000E+00 -.27199475E+00
   .20000000E+00 -.33591040E+00
   .26000000E+00 -.40266135E+00
   .32000000E+00 -.47248837E+00
   .38000000E+00 -.54566136E+00
   .44000000E+00 -.62248383E+00
   .50000000E+00 -.70329849E+00
   .56000000E+00 -.78849390E+00
   .62000000E+00 -.87851260E+00
   .68000000E+00 -.97386099E+00
   .74000000E+00 -.10751216E+01
   .80000000E+00 -.11829684E+01
   .86000000E+00 -.12981859E+01
   .92000000E+00 -.14216932E+01
   .98000000E+00 -.15545758E+01
   .10400000E+01 -.16981254E+01
   .11000000E+01 -.18538934E+01
   .11600000E+01 -.20237627E+01
   .12200000E+01 -.22100437E+01
   .12800000E+01 -.24156091E+01
   .13400000E+01 -.26440831E+01
   .14000000E+01 -.29001178E+01
   .14600000E+01 -.31898034E+01
   .15200000E+01 -.35213008E+01
   .15800000E+01 -.39058577E+01
   .16400000E+01 -.43595096E+01
   .17000000E+01 -.49060952E+01
   .17600000E+01 -.55829784E+01
   .18200000E+01 -.64528807E+01
   .18800000E+01 -.76312697E+01
   .19400000E+01 -.93603366E+01
   .20000000E+01 -.12260435E+02
KBPotential  L  =      3.00000    .00000
  -.40000000E+01  .22976771E+01
  -.39400000E+01  .22849320E+01
  -.38800000E+01  .22721216E+01
  -.38200000E+01  .22592452E+01
  -.37600000E+01  .22463017E+01
  -.37000000E+01  .22332902E+01
  -.36400000E+01  .22202096E+01
  -.35800000E+01  .22070589E+01
  -.35200000E+01  .21938371E+01
  -.34600000E+01  .21805431E+01
  -.34000000E+01  .21671758E+01
  -.33400000E+01  .21537340E+01
  -.32800000E+01  .21402167E+01
  -.32200000E+01  .21266226E+01
  -.31600000E+01  .21129505E+01
  -.31000000E+01  .20991992E+01
  -.30400000E+01  .20853674E+01
  -.29800000E+01  .20714538E+01
  -.29200000E+01  .20574570E+01
  -.28600000E+01  .20433758E+01
  -.28000000E+01  .20292086E+01
  -.27400000E+01  .20149541E+01
  -.26800000E+01  .20006107E+01
  -.26200000E+01  .19861770E+01
  -.25600000E+01  .19716513E+01
  -.25000000E+01  .19570321E+01
  -.24400000E+01  .19423177E+01
  -.23800000E+01  .19275065E+01
  -.23200000E+01  .19125967E+01
  -.22600000E+01  .18975865E+01
  -.22000000E+01  .18824740E+01
  -.21400000E+01  .18672575E+01
  -.20800000E+01  .18519349E+01
  -.20200000E+01  .18365042E+01
  -.19600000E+01  .18209634E+01
  -.19000000E+01  .18053104E+01
  -.18400000E+01  .17895430E+01
  -.17800000E+01  .17736589E+01
  -.17200000E+01  .17576558E+01
  -.16600000E+01  .17415314E+01
  -.16000000E+01  .17252832E+01
  -.15400000E+01  .17089087E+01
  -.14800000E+01  .16924052E+01
  -.14200000E+01  .16757700E+01
  -.13600000E+01  .16590005E+01
  -.13000000E+01  .16420936E+01
  -.12400000E+01  .16250465E+01
  -.11800000E+01  .16078560E+01
  -.11200000E+01  .15905190E+01
  -.10600000E+01  .15730323E+01
  -.10000000E+01  .15553925E+01
  -.94000000E+00  .15375960E+01
  -.88000000E+00  .15196393E+01
  -.82000000E+00  .15015185E+01
  -.76000000E+00  .14832299E+01
  -.70000000E+00  .14647694E+01
  -.64000000E+00  .14461329E+01
  -.58000000E+00  .14273160E+01
  -.52000000E+00  .14083143E+01
  -.46000000E+00  .13891231E+01
  -.40000000E+00  .13697376E+01
  -.34000000E+00  .13501529E+01
  -.28000000E+00  .13303637E+01
  -.22000000E+00  .13103646E+01
  -.16000000E+00  .12901501E+01
  -.10000000E+00  .12697143E+01
  -.40000000E-01  .12490512E+01
   .20000000E-01  .12281544E+01
   .80000000E-01  .12070174E+01
   .14000000E+00  .11856334E+01
   .20000000E+00  .11639951E+01
   .26000000E+00  .11420952E+01
   .32000000E+00  .11199260E+01
   .38000000E+00  .10974792E+01
   .44000000E+00  .10747464E+01
   .50000000E+00  .10517189E+01
   .56000000E+00  .10283873E+01
   .62000000E+00  .10047420E+01
   .68000000E+00  .98077287E+00
   .74000000E+00  .95646927E+00
   .80000000E+00  .93182011E+00
   .86000000E+00  .90681372E+00
   .92000000E+00  .88143788E+00
   .98000000E+00  .85567975E+00
   .10400000E+01  .82952583E+00
   .11000000E+01  .80296193E+00
   .11600000E+01  .77597313E+00
   .12200000E+01  .74854371E+00
   .12800000E+01  .72065710E+00
   .13400000E+01  .69229584E+00
   .14000000E+01  .66344149E+00
   .14600000E+01  .63407459E+00
   .15200000E+01  .60417457E+00
   .15800000E+01  .57371964E+00
   .16400000E+01  .54268662E+00
   .17000000E+01  .51105136E+00
   .17600000E+01  .47878781E+00
   .18200000E+01  .44586845E+00
   .18800000E+01  .41226405E+00
   .19400000E+01  .37794349E+00
   .20000000E+01  .34287364E+00
KBPotential  L  =      4.00000    .00000
  -.40000000E+01  .25998278E+01
  -.39400000E+01  .25886747E+01
  -.38800000E+01  .25774784E+01
  -.38200000E+01  .25662386E+01
  -.37600000E+01  .25549544E+01
  -.37000000E+01  .25436247E+01
  -.36400000E+01  .25322530E+01
  -.35800000E+01  .25208326E+01
  -.35200000E+01  .25093679E+01
  -.34600000E+01  .24978567E+01
  -.34000000E+01  .24862988E+01
  -.33400000E+01  .24746941E+01
  -.32800000E+01  .24630392E+01
  -.32200000E+01  .24513363E+01
  -.31600000E+01  .24395846E+01
  -.31000000E+01  .24277845E+01
  -.30400000E+01  .24159315E+01
  -.29800000E+01  .24040299E+01
  -.29200000E+01  .23920756E+01
  -.28600000E+01  .23800695E+01
  -.28000000E+01  .23680090E+01
  -.27400000E+01  .23558957E+01
  -.26800000E+01  .23437293E+01
  -.26200000E+01  .23315094E+01
  -.25600000E+01  .23192325E+01
  -.25000000E+01  .23068983E+01
  -.24400000E+01  .22945086E+01
  -.23800000E+01  .22820624E+01
  -.23200000E+01  .22695559E+01
  -.22600000E+01  .22569907E+01
  -.22000000E+01  .22443681E+01
  -.21400000E+01  .22316822E+01
  -.20800000E+01  .22189372E+01
  -.20200000E+01  .22061290E+01
  -.19600000E+01  .21932569E+01
  -.19000000E+01  .21803212E+01
  -.18400000E+01  .21673223E+01
  -.17800000E+01  .21542566E+01
  -.17200000E+01  .21411253E+01
  -.16600000E+01  .21279265E+01
  -.16000000E+01  .21146605E+01
  -.15400000E+01  .21013233E+01
  -.14800000E+01  .20879179E+01
  -.14200000E+01  .20744405E+01
  -.13600000E+01  .20608897E+01
  -.13000000E+01  .20472666E+01
  -.12400000E+01  .20335697E+01
  -.11800000E+01  .20197972E+01
  -.11200000E+01  .20059486E+01
  -.10600000E+01  .19920219E+01
  -.10000000E+01  .19780163E+01
  -.94000000E+00  .19639313E+01
  -.88000000E+00  .19497650E+01
  -.82000000E+00  .19355165E+01
  -.76000000E+00  .19211844E+01
  -.70000000E+00  .19067672E+01
  -.64000000E+00  .18922638E+01
  -.58000000E+00  .18776726E+01
  -.52000000E+00  .18629928E+01
  -.46000000E+00  .18482223E+01
  -.40000000E+00  .18333600E+01
  -.34000000E+00  .18184043E+01
  -.28000000E+00  .18033537E+01
  -.22000000E+00  .17882065E+01
  -.16000000E+00  .17729613E+01
  -.10000000E+00  .17576163E+01
  -.40000000E-01  .17421700E+01
   .20000000E-01  .17266203E+01
   .80000000E-01  .17109657E+01
   .14000000E+00  .16952043E+01
   .20000000E+00  .16793343E+01
   .26000000E+00  .16633536E+01
   .32000000E+00  .16472604E+01
   .38000000E+00  .16310525E+01
   .44000000E+00  .16147279E+01
   .50000000E+00  .15982845E+01
   .56000000E+00  .15817201E+01
   .62000000E+00  .15650322E+01
   .68000000E+00  .15482187E+01
   .74000000E+00  .15312772E+01
   .80000000E+00  .15142052E+01
   .86000000E+00  .14970001E+01
   .92000000E+00  .14796593E+01
   .98000000E+00  .14621801E+01
   .10400000E+01  .14445598E+01
   .11000000E+01  .14267955E+01
   .11600000E+01  .14088844E+01
   .12200000E+01  .13908233E+01
   .12800000E+01  .13726091E+01
   .13400000E+01  .13542386E+01
   .14000000E+01  .13357086E+01
   .14600000E+01  .13170155E+01
   .15200000E+01  .12981559E+01
   .15800000E+01  .12791262E+01
   .16400000E+01  .12599224E+01
   .17000000E+01  .12405409E+01
   .17600000E+01  .12209775E+01
   .18200000E+01  .12012282E+01
   .18800000E+01  .11812886E+01
   .19400000E+01  .11611542E+01
   .20000000E+01  .11408206E+01
