  PAW H                                  
 100
Core Pot   L  =         .00000   -.78924
  -.20000000E+01  .51040147E+00
  -.19600000E+01  .49599875E+00
  -.19200000E+01  .48152849E+00
  -.18800000E+01  .46699007E+00
  -.18400000E+01  .45238287E+00
  -.18000000E+01  .43770624E+00
  -.17600000E+01  .42295955E+00
  -.17200000E+01  .40814215E+00
  -.16800000E+01  .39325337E+00
  -.16400000E+01  .37829255E+00
  -.16000000E+01  .36325902E+00
  -.15600000E+01  .34815208E+00
  -.15200000E+01  .33297105E+00
  -.14800000E+01  .31771522E+00
  -.14400000E+01  .30238388E+00
  -.14000000E+01  .28697631E+00
  -.13600000E+01  .27149177E+00
  -.13200000E+01  .25592954E+00
  -.12800000E+01  .24028886E+00
  -.12400000E+01  .22456896E+00
  -.12000000E+01  .20876908E+00
  -.11600000E+01  .19288844E+00
  -.11200000E+01  .17692626E+00
  -.10800000E+01  .16088171E+00
  -.10400000E+01  .14475401E+00
  -.10000000E+01  .12854232E+00
  -.96000000E+00  .11224580E+00
  -.92000000E+00  .95863624E-01
  -.88000000E+00  .79394922E-01
  -.84000000E+00  .62838829E-01
  -.80000000E+00  .46194464E-01
  -.76000000E+00  .29460935E-01
  -.72000000E+00  .12637337E-01
  -.68000000E+00 -.42772473E-02
  -.64000000E+00 -.21283748E-01
  -.60000000E+00 -.38383109E-01
  -.56000000E+00 -.55576285E-01
  -.52000000E+00 -.72864247E-01
  -.48000000E+00 -.90247979E-01
  -.44000000E+00 -.10772848E+00
  -.40000000E+00 -.12530675E+00
  -.36000000E+00 -.14298384E+00
  -.32000000E+00 -.16076076E+00
  -.28000000E+00 -.17863859E+00
  -.24000000E+00 -.19661839E+00
  -.20000000E+00 -.21470125E+00
  -.16000000E+00 -.23288827E+00
  -.12000000E+00 -.25118057E+00
  -.80000000E-01 -.26957928E+00
  -.40000000E-01 -.28808555E+00
   .12351231E-14 -.30670056E+00
   .40000000E-01 -.32542549E+00
   .80000000E-01 -.34426154E+00
   .12000000E+00 -.36320994E+00
   .16000000E+00 -.38227192E+00
   .20000000E+00 -.40144874E+00
   .24000000E+00 -.42074167E+00
   .28000000E+00 -.44015203E+00
   .32000000E+00 -.45968111E+00
   .36000000E+00 -.47933026E+00
   .40000000E+00 -.49910083E+00
   .44000000E+00 -.51899421E+00
   .48000000E+00 -.53901179E+00
   .52000000E+00 -.55915499E+00
   .56000000E+00 -.57942525E+00
   .60000000E+00 -.59982404E+00
   .64000000E+00 -.62035284E+00
   .68000000E+00 -.64101318E+00
   .72000000E+00 -.66180658E+00
   .76000000E+00 -.68273461E+00
   .80000000E+00 -.70379884E+00
   .84000000E+00 -.72500089E+00
   .88000000E+00 -.74634240E+00
   .92000000E+00 -.76782502E+00
   .96000000E+00 -.78945045E+00
   .10000000E+01 -.81122041E+00
   .10400000E+01 -.83313663E+00
   .10800000E+01 -.85520090E+00
   .11200000E+01 -.87741501E+00
   .11600000E+01 -.89978080E+00
   .12000000E+01 -.92230012E+00
   .12400000E+01 -.94497488E+00
   .12800000E+01 -.96780700E+00
   .13200000E+01 -.99079844E+00
   .13600000E+01 -.10139512E+01
   .14000000E+01 -.10372673E+01
   .14400000E+01 -.10607487E+01
   .14800000E+01 -.10843977E+01
   .15200000E+01 -.11082163E+01
   .15600000E+01 -.11322066E+01
   .16000000E+01 -.11563710E+01
   .16400000E+01 -.11807116E+01
   .16800000E+01 -.12052307E+01
   .17200000E+01 -.12299306E+01
   .17600000E+01 -.12548138E+01
   .18000000E+01 -.12798825E+01
   .18400000E+01 -.13051393E+01
   .18800000E+01 -.13305867E+01
   .19200000E+01 -.13562271E+01
   .19600000E+01 -.13820633E+01
   .20000000E+01 -.14080977E+01
Potential  L  =         .00000   -.78924
  -.20000000E+01  .58020034E+00
  -.19600000E+01  .56769452E+00
  -.19200000E+01  .55514266E+00
  -.18800000E+01  .54254444E+00
  -.18400000E+01  .52989950E+00
  -.18000000E+01  .51720750E+00
  -.17600000E+01  .50446810E+00
  -.17200000E+01  .49168094E+00
  -.16800000E+01  .47884568E+00
  -.16400000E+01  .46596194E+00
  -.16000000E+01  .45302937E+00
  -.15600000E+01  .44004760E+00
  -.15200000E+01  .42701626E+00
  -.14800000E+01  .41393497E+00
  -.14400000E+01  .40080337E+00
  -.14000000E+01  .38762107E+00
  -.13600000E+01  .37438767E+00
  -.13200000E+01  .36110280E+00
  -.12800000E+01  .34776606E+00
  -.12400000E+01  .33437705E+00
  -.12000000E+01  .32093537E+00
  -.11600000E+01  .30744061E+00
  -.11200000E+01  .29389236E+00
  -.10800000E+01  .28029021E+00
  -.10400000E+01  .26663373E+00
  -.10000000E+01  .25292251E+00
  -.96000000E+00  .23915611E+00
  -.92000000E+00  .22533410E+00
  -.88000000E+00  .21145605E+00
  -.84000000E+00  .19752151E+00
  -.80000000E+00  .18353003E+00
  -.76000000E+00  .16948116E+00
  -.72000000E+00  .15537444E+00
  -.68000000E+00  .14120942E+00
  -.64000000E+00  .12698563E+00
  -.60000000E+00  .11270258E+00
  -.56000000E+00  .98359810E-01
  -.52000000E+00  .83956831E-01
  -.48000000E+00  .69493156E-01
  -.44000000E+00  .54968291E-01
  -.40000000E+00  .40381737E-01
  -.36000000E+00  .25732989E-01
  -.32000000E+00  .11021536E-01
  -.28000000E+00 -.37531375E-02
  -.24000000E+00 -.18591554E-01
  -.20000000E+00 -.33494240E-01
  -.16000000E+00 -.48461731E-01
  -.12000000E+00 -.63494567E-01
  -.80000000E-01 -.78593293E-01
  -.40000000E-01 -.93758462E-01
   .12351231E-14 -.10899063E+00
   .40000000E-01 -.12429037E+00
   .80000000E-01 -.13965825E+00
   .12000000E+00 -.15509484E+00
   .16000000E+00 -.17060074E+00
   .20000000E+00 -.18617652E+00
   .24000000E+00 -.20182281E+00
   .28000000E+00 -.21754019E+00
   .32000000E+00 -.23332928E+00
   .36000000E+00 -.24919070E+00
   .40000000E+00 -.26512509E+00
   .44000000E+00 -.28113306E+00
   .48000000E+00 -.29721528E+00
   .52000000E+00 -.31337238E+00
   .56000000E+00 -.32960502E+00
   .60000000E+00 -.34591388E+00
   .64000000E+00 -.36229962E+00
   .68000000E+00 -.37876293E+00
   .72000000E+00 -.39530449E+00
   .76000000E+00 -.41192501E+00
   .80000000E+00 -.42862520E+00
   .84000000E+00 -.44540576E+00
   .88000000E+00 -.46226742E+00
   .92000000E+00 -.47921093E+00
   .96000000E+00 -.49623701E+00
   .10000000E+01 -.51334643E+00
   .10400000E+01 -.53053993E+00
   .10800000E+01 -.54781831E+00
   .11200000E+01 -.56518232E+00
   .11600000E+01 -.58263277E+00
   .12000000E+01 -.60017046E+00
   .12400000E+01 -.61779618E+00
   .12800000E+01 -.63551078E+00
   .13200000E+01 -.65331507E+00
   .13600000E+01 -.67120989E+00
   .14000000E+01 -.68919611E+00
   .14400000E+01 -.70727458E+00
   .14800000E+01 -.72544618E+00
   .15200000E+01 -.74371178E+00
   .15600000E+01 -.76207230E+00
   .16000000E+01 -.78052864E+00
   .16400000E+01 -.79908172E+00
   .16800000E+01 -.81773246E+00
   .17200000E+01 -.83648183E+00
   .17600000E+01 -.85533077E+00
   .18000000E+01 -.87428025E+00
   .18400000E+01 -.89333126E+00
   .18800000E+01 -.91248479E+00
   .19200000E+01 -.93174186E+00
   .19600000E+01 -.95110348E+00
   .20000000E+01 -.97057069E+00
Core Pot   L  =        1.00000   -.30000
  -.20000000E+01  .26101247E+01
  -.19600000E+01  .26040644E+01
  -.19200000E+01  .25979964E+01
  -.18800000E+01  .25919206E+01
  -.18400000E+01  .25858369E+01
  -.18000000E+01  .25797454E+01
  -.17600000E+01  .25736460E+01
  -.17200000E+01  .25675386E+01
  -.16800000E+01  .25614234E+01
  -.16400000E+01  .25553001E+01
  -.16000000E+01  .25491689E+01
  -.15600000E+01  .25430297E+01
  -.15200000E+01  .25368825E+01
  -.14800000E+01  .25307272E+01
  -.14400000E+01  .25245638E+01
  -.14000000E+01  .25183923E+01
  -.13600000E+01  .25122127E+01
  -.13200000E+01  .25060249E+01
  -.12800000E+01  .24998290E+01
  -.12400000E+01  .24936249E+01
  -.12000000E+01  .24874125E+01
  -.11600000E+01  .24811919E+01
  -.11200000E+01  .24749630E+01
  -.10800000E+01  .24687258E+01
  -.10400000E+01  .24624803E+01
  -.10000000E+01  .24562264E+01
  -.96000000E+00  .24499642E+01
  -.92000000E+00  .24436935E+01
  -.88000000E+00  .24374145E+01
  -.84000000E+00  .24311270E+01
  -.80000000E+00  .24248309E+01
  -.76000000E+00  .24185264E+01
  -.72000000E+00  .24122134E+01
  -.68000000E+00  .24058918E+01
  -.64000000E+00  .23995616E+01
  -.60000000E+00  .23932228E+01
  -.56000000E+00  .23868754E+01
  -.52000000E+00  .23805193E+01
  -.48000000E+00  .23741545E+01
  -.44000000E+00  .23677810E+01
  -.40000000E+00  .23613987E+01
  -.36000000E+00  .23550077E+01
  -.32000000E+00  .23486079E+01
  -.28000000E+00  .23421992E+01
  -.24000000E+00  .23357817E+01
  -.20000000E+00  .23293553E+01
  -.16000000E+00  .23229200E+01
  -.12000000E+00  .23164758E+01
  -.80000000E-01  .23100226E+01
  -.40000000E-01  .23035604E+01
   .12351231E-14  .22970892E+01
   .40000000E-01  .22906089E+01
   .80000000E-01  .22841195E+01
   .12000000E+00  .22776211E+01
   .16000000E+00  .22711135E+01
   .20000000E+00  .22645967E+01
   .24000000E+00  .22580707E+01
   .28000000E+00  .22515355E+01
   .32000000E+00  .22449911E+01
   .36000000E+00  .22384374E+01
   .40000000E+00  .22318743E+01
   .44000000E+00  .22253020E+01
   .48000000E+00  .22187202E+01
   .52000000E+00  .22121290E+01
   .56000000E+00  .22055284E+01
   .60000000E+00  .21989184E+01
   .64000000E+00  .21922988E+01
   .68000000E+00  .21856698E+01
   .72000000E+00  .21790311E+01
   .76000000E+00  .21723829E+01
   .80000000E+00  .21657251E+01
   .84000000E+00  .21590576E+01
   .88000000E+00  .21523804E+01
   .92000000E+00  .21456936E+01
   .96000000E+00  .21389969E+01
   .10000000E+01  .21322906E+01
   .10400000E+01  .21255744E+01
   .10800000E+01  .21188483E+01
   .11200000E+01  .21121124E+01
   .11600000E+01  .21053666E+01
   .12000000E+01  .20986109E+01
   .12400000E+01  .20918451E+01
   .12800000E+01  .20850694E+01
   .13200000E+01  .20782837E+01
   .13600000E+01  .20714879E+01
   .14000000E+01  .20646820E+01
   .14400000E+01  .20578659E+01
   .14800000E+01  .20510397E+01
   .15200000E+01  .20442033E+01
   .15600000E+01  .20373566E+01
   .16000000E+01  .20304997E+01
   .16400000E+01  .20236325E+01
   .16800000E+01  .20167549E+01
   .17200000E+01  .20098670E+01
   .17600000E+01  .20029686E+01
   .18000000E+01  .19960599E+01
   .18400000E+01  .19891406E+01
   .18800000E+01  .19822108E+01
   .19200000E+01  .19752705E+01
   .19600000E+01  .19683196E+01
   .20000000E+01  .19613581E+01
Potential  L  =        1.00000   -.30000
  -.20000000E+01  .25790819E+01
  -.19600000E+01  .25730453E+01
  -.19200000E+01  .25670010E+01
  -.18800000E+01  .25609492E+01
  -.18400000E+01  .25548897E+01
  -.18000000E+01  .25488226E+01
  -.17600000E+01  .25427478E+01
  -.17200000E+01  .25366652E+01
  -.16800000E+01  .25305750E+01
  -.16400000E+01  .25244770E+01
  -.16000000E+01  .25183713E+01
  -.15600000E+01  .25122577E+01
  -.15200000E+01  .25061364E+01
  -.14800000E+01  .25000072E+01
  -.14400000E+01  .24938701E+01
  -.14000000E+01  .24877252E+01
  -.13600000E+01  .24815723E+01
  -.13200000E+01  .24754115E+01
  -.12800000E+01  .24692428E+01
  -.12400000E+01  .24630661E+01
  -.12000000E+01  .24568814E+01
  -.11600000E+01  .24506887E+01
  -.11200000E+01  .24444879E+01
  -.10800000E+01  .24382791E+01
  -.10400000E+01  .24320621E+01
  -.10000000E+01  .24258371E+01
  -.96000000E+00  .24196039E+01
  -.92000000E+00  .24133625E+01
  -.88000000E+00  .24071130E+01
  -.84000000E+00  .24008552E+01
  -.80000000E+00  .23945892E+01
  -.76000000E+00  .23883149E+01
  -.72000000E+00  .23820324E+01
  -.68000000E+00  .23757415E+01
  -.64000000E+00  .23694423E+01
  -.60000000E+00  .23631347E+01
  -.56000000E+00  .23568187E+01
  -.52000000E+00  .23504944E+01
  -.48000000E+00  .23441615E+01
  -.44000000E+00  .23378203E+01
  -.40000000E+00  .23314705E+01
  -.36000000E+00  .23251122E+01
  -.32000000E+00  .23187454E+01
  -.28000000E+00  .23123700E+01
  -.24000000E+00  .23059860E+01
  -.20000000E+00  .22995934E+01
  -.16000000E+00  .22931921E+01
  -.12000000E+00  .22867822E+01
  -.80000000E-01  .22803636E+01
  -.40000000E-01  .22739362E+01
   .12351231E-14  .22675001E+01
   .40000000E-01  .22610552E+01
   .80000000E-01  .22546015E+01
   .12000000E+00  .22481390E+01
   .16000000E+00  .22416676E+01
   .20000000E+00  .22351874E+01
   .24000000E+00  .22286982E+01
   .28000000E+00  .22222001E+01
   .32000000E+00  .22156930E+01
   .36000000E+00  .22091769E+01
   .40000000E+00  .22026518E+01
   .44000000E+00  .21961176E+01
   .48000000E+00  .21895744E+01
   .52000000E+00  .21830220E+01
   .56000000E+00  .21764605E+01
   .60000000E+00  .21698898E+01
   .64000000E+00  .21633100E+01
   .68000000E+00  .21567209E+01
   .72000000E+00  .21501226E+01
   .76000000E+00  .21435149E+01
   .80000000E+00  .21368980E+01
   .84000000E+00  .21302717E+01
   .88000000E+00  .21236361E+01
   .92000000E+00  .21169911E+01
   .96000000E+00  .21103366E+01
   .10000000E+01  .21036727E+01
   .10400000E+01  .20969993E+01
   .10800000E+01  .20903163E+01
   .11200000E+01  .20836238E+01
   .11600000E+01  .20769218E+01
   .12000000E+01  .20702101E+01
   .12400000E+01  .20634888E+01
   .12800000E+01  .20567578E+01
   .13200000E+01  .20500171E+01
   .13600000E+01  .20432667E+01
   .14000000E+01  .20365066E+01
   .14400000E+01  .20297366E+01
   .14800000E+01  .20229568E+01
   .15200000E+01  .20161671E+01
   .15600000E+01  .20093676E+01
   .16000000E+01  .20025581E+01
   .16400000E+01  .19957387E+01
   .16800000E+01  .19889093E+01
   .17200000E+01  .19820698E+01
   .17600000E+01  .19752203E+01
   .18000000E+01  .19683608E+01
   .18400000E+01  .19614911E+01
   .18800000E+01  .19546113E+01
   .19200000E+01  .19477213E+01
   .19600000E+01  .19408210E+01
   .20000000E+01  .19339106E+01
Core Pot   L  =        2.00000    .00000
  -.20000000E+01  .41500971E+01
  -.19600000E+01  .41459675E+01
  -.19200000E+01  .41418353E+01
  -.18800000E+01  .41377002E+01
  -.18400000E+01  .41335625E+01
  -.18000000E+01  .41294220E+01
  -.17600000E+01  .41252787E+01
  -.17200000E+01  .41211327E+01
  -.16800000E+01  .41169839E+01
  -.16400000E+01  .41128324E+01
  -.16000000E+01  .41086781E+01
  -.15600000E+01  .41045210E+01
  -.15200000E+01  .41003611E+01
  -.14800000E+01  .40961985E+01
  -.14400000E+01  .40920330E+01
  -.14000000E+01  .40878648E+01
  -.13600000E+01  .40836938E+01
  -.13200000E+01  .40795199E+01
  -.12800000E+01  .40753433E+01
  -.12400000E+01  .40711638E+01
  -.12000000E+01  .40669816E+01
  -.11600000E+01  .40627965E+01
  -.11200000E+01  .40586086E+01
  -.10800000E+01  .40544179E+01
  -.10400000E+01  .40502243E+01
  -.10000000E+01  .40460279E+01
  -.96000000E+00  .40418286E+01
  -.92000000E+00  .40376265E+01
  -.88000000E+00  .40334216E+01
  -.84000000E+00  .40292138E+01
  -.80000000E+00  .40250031E+01
  -.76000000E+00  .40207896E+01
  -.72000000E+00  .40165731E+01
  -.68000000E+00  .40123539E+01
  -.64000000E+00  .40081317E+01
  -.60000000E+00  .40039066E+01
  -.56000000E+00  .39996787E+01
  -.52000000E+00  .39954478E+01
  -.48000000E+00  .39912141E+01
  -.44000000E+00  .39869775E+01
  -.40000000E+00  .39827379E+01
  -.36000000E+00  .39784954E+01
  -.32000000E+00  .39742500E+01
  -.28000000E+00  .39700017E+01
  -.24000000E+00  .39657505E+01
  -.20000000E+00  .39614963E+01
  -.16000000E+00  .39572392E+01
  -.12000000E+00  .39529791E+01
  -.80000000E-01  .39487161E+01
  -.40000000E-01  .39444501E+01
   .12351231E-14  .39401812E+01
   .40000000E-01  .39359093E+01
   .80000000E-01  .39316345E+01
   .12000000E+00  .39273566E+01
   .16000000E+00  .39230758E+01
   .20000000E+00  .39187920E+01
   .24000000E+00  .39145052E+01
   .28000000E+00  .39102155E+01
   .32000000E+00  .39059227E+01
   .36000000E+00  .39016269E+01
   .40000000E+00  .38973281E+01
   .44000000E+00  .38930263E+01
   .48000000E+00  .38887215E+01
   .52000000E+00  .38844136E+01
   .56000000E+00  .38801027E+01
   .60000000E+00  .38757888E+01
   .64000000E+00  .38714719E+01
   .68000000E+00  .38671519E+01
   .72000000E+00  .38628288E+01
   .76000000E+00  .38585027E+01
   .80000000E+00  .38541735E+01
   .84000000E+00  .38498413E+01
   .88000000E+00  .38455060E+01
   .92000000E+00  .38411676E+01
   .96000000E+00  .38368262E+01
   .10000000E+01  .38324816E+01
   .10400000E+01  .38281340E+01
   .10800000E+01  .38237832E+01
   .11200000E+01  .38194294E+01
   .11600000E+01  .38150724E+01
   .12000000E+01  .38107124E+01
   .12400000E+01  .38063492E+01
   .12800000E+01  .38019829E+01
   .13200000E+01  .37976134E+01
   .13600000E+01  .37932409E+01
   .14000000E+01  .37888652E+01
   .14400000E+01  .37844863E+01
   .14800000E+01  .37801043E+01
   .15200000E+01  .37757191E+01
   .15600000E+01  .37713308E+01
   .16000000E+01  .37669393E+01
   .16400000E+01  .37625446E+01
   .16800000E+01  .37581468E+01
   .17200000E+01  .37537457E+01
   .17600000E+01  .37493415E+01
   .18000000E+01  .37449341E+01
   .18400000E+01  .37405235E+01
   .18800000E+01  .37361097E+01
   .19200000E+01  .37316926E+01
   .19600000E+01  .37272724E+01
   .20000000E+01  .37228489E+01
Potential  L  =        2.00000    .00000
  -.20000000E+01  .41727425E+01
  -.19600000E+01  .41686483E+01
  -.19200000E+01  .41645515E+01
  -.18800000E+01  .41604520E+01
  -.18400000E+01  .41563499E+01
  -.18000000E+01  .41522451E+01
  -.17600000E+01  .41481376E+01
  -.17200000E+01  .41440274E+01
  -.16800000E+01  .41399146E+01
  -.16400000E+01  .41357991E+01
  -.16000000E+01  .41316809E+01
  -.15600000E+01  .41275600E+01
  -.15200000E+01  .41234364E+01
  -.14800000E+01  .41193101E+01
  -.14400000E+01  .41151811E+01
  -.14000000E+01  .41110494E+01
  -.13600000E+01  .41069150E+01
  -.13200000E+01  .41027779E+01
  -.12800000E+01  .40986381E+01
  -.12400000E+01  .40944955E+01
  -.12000000E+01  .40903502E+01
  -.11600000E+01  .40862022E+01
  -.11200000E+01  .40820514E+01
  -.10800000E+01  .40778979E+01
  -.10400000E+01  .40737417E+01
  -.10000000E+01  .40695827E+01
  -.96000000E+00  .40654209E+01
  -.92000000E+00  .40612564E+01
  -.88000000E+00  .40570891E+01
  -.84000000E+00  .40529191E+01
  -.80000000E+00  .40487463E+01
  -.76000000E+00  .40445707E+01
  -.72000000E+00  .40403923E+01
  -.68000000E+00  .40362111E+01
  -.64000000E+00  .40320271E+01
  -.60000000E+00  .40278404E+01
  -.56000000E+00  .40236508E+01
  -.52000000E+00  .40194585E+01
  -.48000000E+00  .40152633E+01
  -.44000000E+00  .40110653E+01
  -.40000000E+00  .40068645E+01
  -.36000000E+00  .40026609E+01
  -.32000000E+00  .39984544E+01
  -.28000000E+00  .39942452E+01
  -.24000000E+00  .39900330E+01
  -.20000000E+00  .39858181E+01
  -.16000000E+00  .39816003E+01
  -.12000000E+00  .39773796E+01
  -.80000000E-01  .39731561E+01
  -.40000000E-01  .39689297E+01
   .12351231E-14  .39647005E+01
   .40000000E-01  .39604684E+01
   .80000000E-01  .39562334E+01
   .12000000E+00  .39519955E+01
   .16000000E+00  .39477548E+01
   .20000000E+00  .39435111E+01
   .24000000E+00  .39392646E+01
   .28000000E+00  .39350152E+01
   .32000000E+00  .39307629E+01
   .36000000E+00  .39265076E+01
   .40000000E+00  .39222495E+01
   .44000000E+00  .39179884E+01
   .48000000E+00  .39137244E+01
   .52000000E+00  .39094575E+01
   .56000000E+00  .39051877E+01
   .60000000E+00  .39009149E+01
   .64000000E+00  .38966392E+01
   .68000000E+00  .38923605E+01
   .72000000E+00  .38880789E+01
   .76000000E+00  .38837943E+01
   .80000000E+00  .38795068E+01
   .84000000E+00  .38752163E+01
   .88000000E+00  .38709228E+01
   .92000000E+00  .38666263E+01
   .96000000E+00  .38623269E+01
   .10000000E+01  .38580245E+01
   .10400000E+01  .38537191E+01
   .10800000E+01  .38494107E+01
   .11200000E+01  .38450993E+01
   .11600000E+01  .38407849E+01
   .12000000E+01  .38364674E+01
   .12400000E+01  .38321470E+01
   .12800000E+01  .38278236E+01
   .13200000E+01  .38234971E+01
   .13600000E+01  .38191676E+01
   .14000000E+01  .38148350E+01
   .14400000E+01  .38104994E+01
   .14800000E+01  .38061608E+01
   .15200000E+01  .38018191E+01
   .15600000E+01  .37974743E+01
   .16000000E+01  .37931265E+01
   .16400000E+01  .37887757E+01
   .16800000E+01  .37844217E+01
   .17200000E+01  .37800647E+01
   .17600000E+01  .37757046E+01
   .18000000E+01  .37713414E+01
   .18400000E+01  .37669751E+01
   .18800000E+01  .37626057E+01
   .19200000E+01  .37582332E+01
   .19600000E+01  .37538576E+01
   .20000000E+01  .37494789E+01
Core Pot   L  =        3.00000    .00000
  -.20000000E+01  .56212919E+01
  -.19600000E+01  .56181272E+01
  -.19200000E+01  .56149611E+01
  -.18800000E+01  .56117938E+01
  -.18400000E+01  .56086251E+01
  -.18000000E+01  .56054552E+01
  -.17600000E+01  .56022839E+01
  -.17200000E+01  .55991113E+01
  -.16800000E+01  .55959375E+01
  -.16400000E+01  .55927623E+01
  -.16000000E+01  .55895858E+01
  -.15600000E+01  .55864080E+01
  -.15200000E+01  .55832289E+01
  -.14800000E+01  .55800484E+01
  -.14400000E+01  .55768667E+01
  -.14000000E+01  .55736836E+01
  -.13600000E+01  .55704992E+01
  -.13200000E+01  .55673135E+01
  -.12800000E+01  .55641265E+01
  -.12400000E+01  .55609381E+01
  -.12000000E+01  .55577484E+01
  -.11600000E+01  .55545574E+01
  -.11200000E+01  .55513651E+01
  -.10800000E+01  .55481715E+01
  -.10400000E+01  .55449765E+01
  -.10000000E+01  .55417801E+01
  -.96000000E+00  .55385825E+01
  -.92000000E+00  .55353835E+01
  -.88000000E+00  .55321832E+01
  -.84000000E+00  .55289815E+01
  -.80000000E+00  .55257785E+01
  -.76000000E+00  .55225742E+01
  -.72000000E+00  .55193685E+01
  -.68000000E+00  .55161615E+01
  -.64000000E+00  .55129531E+01
  -.60000000E+00  .55097434E+01
  -.56000000E+00  .55065324E+01
  -.52000000E+00  .55033200E+01
  -.48000000E+00  .55001062E+01
  -.44000000E+00  .54968911E+01
  -.40000000E+00  .54936746E+01
  -.36000000E+00  .54904568E+01
  -.32000000E+00  .54872377E+01
  -.28000000E+00  .54840171E+01
  -.24000000E+00  .54807952E+01
  -.20000000E+00  .54775720E+01
  -.16000000E+00  .54743474E+01
  -.12000000E+00  .54711214E+01
  -.80000000E-01  .54678941E+01
  -.40000000E-01  .54646654E+01
   .12351231E-14  .54614353E+01
   .40000000E-01  .54582039E+01
   .80000000E-01  .54549711E+01
   .12000000E+00  .54517369E+01
   .16000000E+00  .54485014E+01
   .20000000E+00  .54452645E+01
   .24000000E+00  .54420262E+01
   .28000000E+00  .54387865E+01
   .32000000E+00  .54355454E+01
   .36000000E+00  .54323030E+01
   .40000000E+00  .54290592E+01
   .44000000E+00  .54258140E+01
   .48000000E+00  .54225674E+01
   .52000000E+00  .54193194E+01
   .56000000E+00  .54160701E+01
   .60000000E+00  .54128193E+01
   .64000000E+00  .54095672E+01
   .68000000E+00  .54063137E+01
   .72000000E+00  .54030588E+01
   .76000000E+00  .53998024E+01
   .80000000E+00  .53965447E+01
   .84000000E+00  .53932856E+01
   .88000000E+00  .53900251E+01
   .92000000E+00  .53867632E+01
   .96000000E+00  .53834999E+01
   .10000000E+01  .53802352E+01
   .10400000E+01  .53769690E+01
   .10800000E+01  .53737015E+01
   .11200000E+01  .53704326E+01
   .11600000E+01  .53671622E+01
   .12000000E+01  .53638904E+01
   .12400000E+01  .53606173E+01
   .12800000E+01  .53573427E+01
   .13200000E+01  .53540667E+01
   .13600000E+01  .53507892E+01
   .14000000E+01  .53475104E+01
   .14400000E+01  .53442301E+01
   .14800000E+01  .53409484E+01
   .15200000E+01  .53376653E+01
   .15600000E+01  .53343808E+01
   .16000000E+01  .53310948E+01
   .16400000E+01  .53278074E+01
   .16800000E+01  .53245186E+01
   .17200000E+01  .53212284E+01
   .17600000E+01  .53179367E+01
   .18000000E+01  .53146435E+01
   .18400000E+01  .53113490E+01
   .18800000E+01  .53080530E+01
   .19200000E+01  .53047555E+01
   .19600000E+01  .53014567E+01
   .20000000E+01  .52981563E+01
Potential  L  =        3.00000    .00000
  -.20000000E+01  .56315357E+01
  -.19600000E+01  .56283814E+01
  -.19200000E+01  .56252259E+01
  -.18800000E+01  .56220690E+01
  -.18400000E+01  .56189109E+01
  -.18000000E+01  .56157515E+01
  -.17600000E+01  .56125908E+01
  -.17200000E+01  .56094288E+01
  -.16800000E+01  .56062656E+01
  -.16400000E+01  .56031010E+01
  -.16000000E+01  .55999352E+01
  -.15600000E+01  .55967680E+01
  -.15200000E+01  .55935996E+01
  -.14800000E+01  .55904299E+01
  -.14400000E+01  .55872589E+01
  -.14000000E+01  .55840865E+01
  -.13600000E+01  .55809129E+01
  -.13200000E+01  .55777380E+01
  -.12800000E+01  .55745618E+01
  -.12400000E+01  .55713842E+01
  -.12000000E+01  .55682054E+01
  -.11600000E+01  .55650252E+01
  -.11200000E+01  .55618438E+01
  -.10800000E+01  .55586610E+01
  -.10400000E+01  .55554770E+01
  -.10000000E+01  .55522916E+01
  -.96000000E+00  .55491049E+01
  -.92000000E+00  .55459169E+01
  -.88000000E+00  .55427276E+01
  -.84000000E+00  .55395369E+01
  -.80000000E+00  .55363450E+01
  -.76000000E+00  .55331517E+01
  -.72000000E+00  .55299571E+01
  -.68000000E+00  .55267612E+01
  -.64000000E+00  .55235639E+01
  -.60000000E+00  .55203653E+01
  -.56000000E+00  .55171654E+01
  -.52000000E+00  .55139642E+01
  -.48000000E+00  .55107617E+01
  -.44000000E+00  .55075578E+01
  -.40000000E+00  .55043525E+01
  -.36000000E+00  .55011460E+01
  -.32000000E+00  .54979381E+01
  -.28000000E+00  .54947289E+01
  -.24000000E+00  .54915183E+01
  -.20000000E+00  .54883064E+01
  -.16000000E+00  .54850932E+01
  -.12000000E+00  .54818786E+01
  -.80000000E-01  .54786626E+01
  -.40000000E-01  .54754454E+01
   .12351231E-14  .54722267E+01
   .40000000E-01  .54690068E+01
   .80000000E-01  .54657854E+01
   .12000000E+00  .54625628E+01
   .16000000E+00  .54593387E+01
   .20000000E+00  .54561134E+01
   .24000000E+00  .54528866E+01
   .28000000E+00  .54496585E+01
   .32000000E+00  .54464291E+01
   .36000000E+00  .54431983E+01
   .40000000E+00  .54399661E+01
   .44000000E+00  .54367326E+01
   .48000000E+00  .54334977E+01
   .52000000E+00  .54302614E+01
   .56000000E+00  .54270238E+01
   .60000000E+00  .54237848E+01
   .64000000E+00  .54205445E+01
   .68000000E+00  .54173027E+01
   .72000000E+00  .54140596E+01
   .76000000E+00  .54108151E+01
   .80000000E+00  .54075693E+01
   .84000000E+00  .54043220E+01
   .88000000E+00  .54010734E+01
   .92000000E+00  .53978234E+01
   .96000000E+00  .53945721E+01
   .10000000E+01  .53913193E+01
   .10400000E+01  .53880652E+01
   .10800000E+01  .53848096E+01
   .11200000E+01  .53815527E+01
   .11600000E+01  .53782944E+01
   .12000000E+01  .53750347E+01
   .12400000E+01  .53717737E+01
   .12800000E+01  .53685112E+01
   .13200000E+01  .53652473E+01
   .13600000E+01  .53619820E+01
   .14000000E+01  .53587154E+01
   .14400000E+01  .53554473E+01
   .14800000E+01  .53521778E+01
   .15200000E+01  .53489070E+01
   .15600000E+01  .53456347E+01
   .16000000E+01  .53423610E+01
   .16400000E+01  .53390860E+01
   .16800000E+01  .53358095E+01
   .17200000E+01  .53325316E+01
   .17600000E+01  .53292523E+01
   .18000000E+01  .53259715E+01
   .18400000E+01  .53226894E+01
   .18800000E+01  .53194058E+01
   .19200000E+01  .53161209E+01
   .19600000E+01  .53128345E+01
   .20000000E+01  .53095467E+01
Core Pot   L  =        4.00000    .00000
  -.20000000E+01  .70712577E+01
  -.19600000E+01  .70686848E+01
  -.19200000E+01  .70661112E+01
  -.18800000E+01  .70635369E+01
  -.18400000E+01  .70609617E+01
  -.18000000E+01  .70583859E+01
  -.17600000E+01  .70558094E+01
  -.17200000E+01  .70532330E+01
  -.16800000E+01  .70506551E+01
  -.16400000E+01  .70480764E+01
  -.16000000E+01  .70454973E+01
  -.15600000E+01  .70429175E+01
  -.15200000E+01  .70403366E+01
  -.14800000E+01  .70377545E+01
  -.14400000E+01  .70351721E+01
  -.14000000E+01  .70325891E+01
  -.13600000E+01  .70300048E+01
  -.13200000E+01  .70274203E+01
  -.12800000E+01  .70248350E+01
  -.12400000E+01  .70222490E+01
  -.12000000E+01  .70196623E+01
  -.11600000E+01  .70170752E+01
  -.11200000E+01  .70144870E+01
  -.10800000E+01  .70118981E+01
  -.10400000E+01  .70093077E+01
  -.10000000E+01  .70067173E+01
  -.96000000E+00  .70041261E+01
  -.92000000E+00  .70015342E+01
  -.88000000E+00  .69989416E+01
  -.84000000E+00  .69963483E+01
  -.80000000E+00  .69937542E+01
  -.76000000E+00  .69911593E+01
  -.72000000E+00  .69885638E+01
  -.68000000E+00  .69859674E+01
  -.64000000E+00  .69833704E+01
  -.60000000E+00  .69807726E+01
  -.56000000E+00  .69781741E+01
  -.52000000E+00  .69755748E+01
  -.48000000E+00  .69729748E+01
  -.44000000E+00  .69703740E+01
  -.40000000E+00  .69677725E+01
  -.36000000E+00  .69651743E+01
  -.32000000E+00  .69625711E+01
  -.28000000E+00  .69599675E+01
  -.24000000E+00  .69573581E+01
  -.20000000E+00  .69547528E+01
  -.16000000E+00  .69521472E+01
  -.12000000E+00  .69495405E+01
  -.80000000E-01  .69469335E+01
  -.40000000E-01  .69443252E+01
   .12351231E-14  .69417163E+01
   .40000000E-01  .69391060E+01
   .80000000E-01  .69364956E+01
   .12000000E+00  .69338843E+01
   .16000000E+00  .69312724E+01
   .20000000E+00  .69286607E+01
   .24000000E+00  .69260472E+01
   .28000000E+00  .69234329E+01
   .32000000E+00  .69208177E+01
   .36000000E+00  .69182014E+01
   .40000000E+00  .69155850E+01
   .44000000E+00  .69129677E+01
   .48000000E+00  .69103502E+01
   .52000000E+00  .69077315E+01
   .56000000E+00  .69051116E+01
   .60000000E+00  .69024913E+01
   .64000000E+00  .68998703E+01
   .68000000E+00  .68972478E+01
   .72000000E+00  .68946253E+01
   .76000000E+00  .68920025E+01
   .80000000E+00  .68893784E+01
   .84000000E+00  .68867535E+01
   .88000000E+00  .68841279E+01
   .92000000E+00  .68815045E+01
   .96000000E+00  .68788774E+01
   .10000000E+01  .68762494E+01
   .10400000E+01  .68736208E+01
   .10800000E+01  .68709913E+01
   .11200000E+01  .68683612E+01
   .11600000E+01  .68657267E+01
   .12000000E+01  .68630950E+01
   .12400000E+01  .68604625E+01
   .12800000E+01  .68578292E+01
   .13200000E+01  .68551955E+01
   .13600000E+01  .68525607E+01
   .14000000E+01  .68499246E+01
   .14400000E+01  .68472884E+01
   .14800000E+01  .68446513E+01
   .15200000E+01  .68420134E+01
   .15600000E+01  .68393747E+01
   .16000000E+01  .68367354E+01
   .16400000E+01  .68340952E+01
   .16800000E+01  .68314540E+01
   .17200000E+01  .68288124E+01
   .17600000E+01  .68261699E+01
   .18000000E+01  .68235266E+01
   .18400000E+01  .68208825E+01
   .18800000E+01  .68182376E+01
   .19200000E+01  .68155924E+01
   .19600000E+01  .68129460E+01
   .20000000E+01  .68102989E+01
Potential  L  =        4.00000    .00000
  -.20000000E+01  .70767886E+01
  -.19600000E+01  .70742197E+01
  -.19200000E+01  .70716493E+01
  -.18800000E+01  .70690786E+01
  -.18400000E+01  .70665075E+01
  -.18000000E+01  .70639358E+01
  -.17600000E+01  .70613633E+01
  -.17200000E+01  .70587867E+01
  -.16800000E+01  .70562128E+01
  -.16400000E+01  .70536382E+01
  -.16000000E+01  .70510628E+01
  -.15600000E+01  .70484909E+01
  -.15200000E+01  .70459141E+01
  -.14800000E+01  .70433365E+01
  -.14400000E+01  .70407582E+01
  -.14000000E+01  .70381792E+01
  -.13600000E+01  .70355994E+01
  -.13200000E+01  .70330191E+01
  -.12800000E+01  .70304382E+01
  -.12400000E+01  .70278563E+01
  -.12000000E+01  .70252737E+01
  -.11600000E+01  .70226904E+01
  -.11200000E+01  .70201055E+01
  -.10800000E+01  .70175207E+01
  -.10400000E+01  .70149352E+01
  -.10000000E+01  .70123490E+01
  -.96000000E+00  .70097620E+01
  -.92000000E+00  .70071743E+01
  -.88000000E+00  .70045858E+01
  -.84000000E+00  .70019966E+01
  -.80000000E+00  .69994068E+01
  -.76000000E+00  .69968162E+01
  -.72000000E+00  .69942248E+01
  -.68000000E+00  .69916327E+01
  -.64000000E+00  .69890399E+01
  -.60000000E+00  .69864463E+01
  -.56000000E+00  .69838520E+01
  -.52000000E+00  .69812570E+01
  -.48000000E+00  .69786612E+01
  -.44000000E+00  .69760647E+01
  -.40000000E+00  .69734674E+01
  -.36000000E+00  .69708694E+01
  -.32000000E+00  .69682703E+01
  -.28000000E+00  .69656713E+01
  -.24000000E+00  .69630708E+01
  -.20000000E+00  .69604706E+01
  -.16000000E+00  .69578688E+01
  -.12000000E+00  .69552662E+01
  -.80000000E-01  .69526633E+01
  -.40000000E-01  .69500595E+01
   .12351231E-14  .69474512E+01
   .40000000E-01  .69448457E+01
   .80000000E-01  .69422396E+01
   .12000000E+00  .69396322E+01
   .16000000E+00  .69370285E+01
   .20000000E+00  .69344203E+01
   .24000000E+00  .69318113E+01
   .28000000E+00  .69292015E+01
   .32000000E+00  .69265913E+01
   .36000000E+00  .69239798E+01
   .40000000E+00  .69213671E+01
   .44000000E+00  .69187543E+01
   .48000000E+00  .69161407E+01
   .52000000E+00  .69135265E+01
   .56000000E+00  .69109120E+01
   .60000000E+00  .69082961E+01
   .64000000E+00  .69056795E+01
   .68000000E+00  .69030621E+01
   .72000000E+00  .69004441E+01
   .76000000E+00  .68978241E+01
   .80000000E+00  .68952045E+01
   .84000000E+00  .68925841E+01
   .88000000E+00  .68899630E+01
   .92000000E+00  .68873412E+01
   .96000000E+00  .68847186E+01
   .10000000E+01  .68820960E+01
   .10400000E+01  .68794719E+01
   .10800000E+01  .68768469E+01
   .11200000E+01  .68742213E+01
   .11600000E+01  .68715939E+01
   .12000000E+01  .68689667E+01
   .12400000E+01  .68663388E+01
   .12800000E+01  .68637108E+01
   .13200000E+01  .68610813E+01
   .13600000E+01  .68584512E+01
   .14000000E+01  .68558202E+01
   .14400000E+01  .68531889E+01
   .14800000E+01  .68505564E+01
   .15200000E+01  .68479231E+01
   .15600000E+01  .68452855E+01
   .16000000E+01  .68426507E+01
   .16400000E+01  .68400188E+01
   .16800000E+01  .68373824E+01
   .17200000E+01  .68347453E+01
   .17600000E+01  .68321075E+01
   .18000000E+01  .68294689E+01
   .18400000E+01  .68268295E+01
   .18800000E+01  .68241893E+01
   .19200000E+01  .68215482E+01
   .19600000E+01  .68189065E+01
   .20000000E+01  .68162645E+01
KBPotential  L  =       .00000  -1.57848
  -.20000000E+01  .62082217E+00
  -.19600000E+01  .60737318E+00
  -.19200000E+01  .59385349E+00
  -.18800000E+01  .58026248E+00
  -.18400000E+01  .56659953E+00
  -.18000000E+01  .55286402E+00
  -.17600000E+01  .53905533E+00
  -.17200000E+01  .52517281E+00
  -.16800000E+01  .51121581E+00
  -.16400000E+01  .49718367E+00
  -.16000000E+01  .48307575E+00
  -.15600000E+01  .46889141E+00
  -.15200000E+01  .45462988E+00
  -.14800000E+01  .44029051E+00
  -.14400000E+01  .42587262E+00
  -.14000000E+01  .41137550E+00
  -.13600000E+01  .39679842E+00
  -.13200000E+01  .38214068E+00
  -.12800000E+01  .36740154E+00
  -.12400000E+01  .35258026E+00
  -.12000000E+01  .33767608E+00
  -.11600000E+01  .32268826E+00
  -.11200000E+01  .30761601E+00
  -.10800000E+01  .29245856E+00
  -.10400000E+01  .27721513E+00
  -.10000000E+01  .26188490E+00
  -.96000000E+00  .24646708E+00
  -.92000000E+00  .23096083E+00
  -.88000000E+00  .21536534E+00
  -.84000000E+00  .19967976E+00
  -.80000000E+00  .18390323E+00
  -.76000000E+00  .16803489E+00
  -.72000000E+00  .15207388E+00
  -.68000000E+00  .13601929E+00
  -.64000000E+00  .11987024E+00
  -.60000000E+00  .10362581E+00
  -.56000000E+00  .87285076E-01
  -.52000000E+00  .70847110E-01
  -.48000000E+00  .54310962E-01
  -.44000000E+00  .37675672E-01
  -.40000000E+00  .20940267E-01
  -.36000000E+00  .41037605E-02
  -.32000000E+00 -.12834847E-01
  -.28000000E+00 -.29876569E-01
  -.24000000E+00 -.47022432E-01
  -.20000000E+00 -.64273477E-01
  -.16000000E+00 -.81630760E-01
  -.12000000E+00 -.99095352E-01
  -.80000000E-01 -.11666834E+00
  -.40000000E-01 -.13435082E+00
   .12351231E-14 -.15214390E+00
   .40000000E-01 -.17004873E+00
   .80000000E-01 -.18806645E+00
   .12000000E+00 -.20619818E+00
   .16000000E+00 -.22444517E+00
   .20000000E+00 -.24280860E+00
   .24000000E+00 -.26128966E+00
   .28000000E+00 -.27988959E+00
   .32000000E+00 -.29860965E+00
   .36000000E+00 -.31745109E+00
   .40000000E+00 -.33641521E+00
   .44000000E+00 -.35550330E+00
   .48000000E+00 -.37471670E+00
   .52000000E+00 -.39405673E+00
   .56000000E+00 -.41352477E+00
   .60000000E+00 -.43312219E+00
   .64000000E+00 -.45285041E+00
   .68000000E+00 -.47271083E+00
   .72000000E+00 -.49270492E+00
   .76000000E+00 -.51283413E+00
   .80000000E+00 -.53309995E+00
   .84000000E+00 -.55350389E+00
   .88000000E+00 -.57404749E+00
   .92000000E+00 -.59473231E+00
   .96000000E+00 -.61555992E+00
   .10000000E+01 -.63653193E+00
   .10400000E+01 -.65764997E+00
   .10800000E+01 -.67891570E+00
   .11200000E+01 -.70033080E+00
   .11600000E+01 -.72189697E+00
   .12000000E+01 -.74361595E+00
   .12400000E+01 -.76548950E+00
   .12800000E+01 -.78751941E+00
   .13200000E+01 -.80970749E+00
   .13600000E+01 -.83205559E+00
   .14000000E+01 -.85456558E+00
   .14400000E+01 -.87723938E+00
   .14800000E+01 -.90007892E+00
   .15200000E+01 -.92308616E+00
   .15600000E+01 -.94626311E+00
   .16000000E+01 -.96961179E+00
   .16400000E+01 -.99313427E+00
   .16800000E+01 -.10168327E+01
   .17200000E+01 -.10407091E+01
   .17600000E+01 -.10647657E+01
   .18000000E+01 -.10890047E+01
   .18400000E+01 -.11134284E+01
   .18800000E+01 -.11380390E+01
   .19200000E+01 -.11628388E+01
   .19600000E+01 -.11878303E+01
   .20000000E+01 -.12130157E+01
KBPotential  L  =      1.00000   -.60000
  -.20000000E+01  .25768238E+01
  -.19600000E+01  .25708061E+01
  -.19200000E+01  .25647823E+01
  -.18800000E+01  .25587525E+01
  -.18400000E+01  .25527167E+01
  -.18000000E+01  .25466748E+01
  -.17600000E+01  .25406269E+01
  -.17200000E+01  .25345728E+01
  -.16800000E+01  .25285126E+01
  -.16400000E+01  .25224463E+01
  -.16000000E+01  .25163739E+01
  -.15600000E+01  .25102952E+01
  -.15200000E+01  .25042104E+01
  -.14800000E+01  .24981194E+01
  -.14400000E+01  .24920222E+01
  -.14000000E+01  .24859188E+01
  -.13600000E+01  .24798091E+01
  -.13200000E+01  .24736931E+01
  -.12800000E+01  .24675708E+01
  -.12400000E+01  .24614422E+01
  -.12000000E+01  .24553073E+01
  -.11600000E+01  .24491661E+01
  -.11200000E+01  .24430184E+01
  -.10800000E+01  .24368644E+01
  -.10400000E+01  .24307040E+01
  -.10000000E+01  .24245372E+01
  -.96000000E+00  .24183640E+01
  -.92000000E+00  .24121842E+01
  -.88000000E+00  .24059980E+01
  -.84000000E+00  .23998054E+01
  -.80000000E+00  .23936062E+01
  -.76000000E+00  .23874004E+01
  -.72000000E+00  .23811882E+01
  -.68000000E+00  .23749693E+01
  -.64000000E+00  .23687439E+01
  -.60000000E+00  .23625118E+01
  -.56000000E+00  .23562731E+01
  -.52000000E+00  .23500278E+01
  -.48000000E+00  .23437758E+01
  -.44000000E+00  .23375171E+01
  -.40000000E+00  .23312518E+01
  -.36000000E+00  .23249796E+01
  -.32000000E+00  .23187008E+01
  -.28000000E+00  .23124152E+01
  -.24000000E+00  .23061228E+01
  -.20000000E+00  .22998235E+01
  -.16000000E+00  .22935175E+01
  -.12000000E+00  .22872046E+01
  -.80000000E-01  .22808848E+01
  -.40000000E-01  .22745582E+01
   .12351231E-14  .22682246E+01
   .40000000E-01  .22618842E+01
   .80000000E-01  .22555367E+01
   .12000000E+00  .22491824E+01
   .16000000E+00  .22428210E+01
   .20000000E+00  .22364526E+01
   .24000000E+00  .22300772E+01
   .28000000E+00  .22236947E+01
   .32000000E+00  .22173051E+01
   .36000000E+00  .22109085E+01
   .40000000E+00  .22045047E+01
   .44000000E+00  .21980938E+01
   .48000000E+00  .21916757E+01
   .52000000E+00  .21852505E+01
   .56000000E+00  .21788181E+01
   .60000000E+00  .21723784E+01
   .64000000E+00  .21659315E+01
   .68000000E+00  .21594773E+01
   .72000000E+00  .21530158E+01
   .76000000E+00  .21465470E+01
   .80000000E+00  .21400709E+01
   .84000000E+00  .21335875E+01
   .88000000E+00  .21270966E+01
   .92000000E+00  .21205984E+01
   .96000000E+00  .21140927E+01
   .10000000E+01  .21075796E+01
   .10400000E+01  .21010590E+01
   .10800000E+01  .20945309E+01
   .11200000E+01  .20879953E+01
   .11600000E+01  .20814522E+01
   .12000000E+01  .20749015E+01
   .12400000E+01  .20683432E+01
   .12800000E+01  .20617773E+01
   .13200000E+01  .20552038E+01
   .13600000E+01  .20486226E+01
   .14000000E+01  .20420338E+01
   .14400000E+01  .20354372E+01
   .14800000E+01  .20288330E+01
   .15200000E+01  .20222210E+01
   .15600000E+01  .20156012E+01
   .16000000E+01  .20089736E+01
   .16400000E+01  .20023382E+01
   .16800000E+01  .19956949E+01
   .17200000E+01  .19890438E+01
   .17600000E+01  .19823848E+01
   .18000000E+01  .19757179E+01
   .18400000E+01  .19690430E+01
   .18800000E+01  .19623602E+01
   .19200000E+01  .19556693E+01
   .19600000E+01  .19489705E+01
   .20000000E+01  .19422636E+01
KBPotential  L  =      2.00000    .00000
  -.20000000E+01  .41727425E+01
  -.19600000E+01  .41686483E+01
  -.19200000E+01  .41645515E+01
  -.18800000E+01  .41604520E+01
  -.18400000E+01  .41563499E+01
  -.18000000E+01  .41522451E+01
  -.17600000E+01  .41481376E+01
  -.17200000E+01  .41440274E+01
  -.16800000E+01  .41399146E+01
  -.16400000E+01  .41357991E+01
  -.16000000E+01  .41316809E+01
  -.15600000E+01  .41275600E+01
  -.15200000E+01  .41234364E+01
  -.14800000E+01  .41193101E+01
  -.14400000E+01  .41151811E+01
  -.14000000E+01  .41110494E+01
  -.13600000E+01  .41069150E+01
  -.13200000E+01  .41027779E+01
  -.12800000E+01  .40986381E+01
  -.12400000E+01  .40944955E+01
  -.12000000E+01  .40903502E+01
  -.11600000E+01  .40862022E+01
  -.11200000E+01  .40820514E+01
  -.10800000E+01  .40778979E+01
  -.10400000E+01  .40737417E+01
  -.10000000E+01  .40695827E+01
  -.96000000E+00  .40654209E+01
  -.92000000E+00  .40612564E+01
  -.88000000E+00  .40570891E+01
  -.84000000E+00  .40529191E+01
  -.80000000E+00  .40487463E+01
  -.76000000E+00  .40445707E+01
  -.72000000E+00  .40403923E+01
  -.68000000E+00  .40362111E+01
  -.64000000E+00  .40320271E+01
  -.60000000E+00  .40278404E+01
  -.56000000E+00  .40236508E+01
  -.52000000E+00  .40194585E+01
  -.48000000E+00  .40152633E+01
  -.44000000E+00  .40110653E+01
  -.40000000E+00  .40068645E+01
  -.36000000E+00  .40026609E+01
  -.32000000E+00  .39984544E+01
  -.28000000E+00  .39942452E+01
  -.24000000E+00  .39900330E+01
  -.20000000E+00  .39858181E+01
  -.16000000E+00  .39816003E+01
  -.12000000E+00  .39773796E+01
  -.80000000E-01  .39731561E+01
  -.40000000E-01  .39689297E+01
   .12351231E-14  .39647005E+01
   .40000000E-01  .39604684E+01
   .80000000E-01  .39562334E+01
   .12000000E+00  .39519955E+01
   .16000000E+00  .39477548E+01
   .20000000E+00  .39435111E+01
   .24000000E+00  .39392646E+01
   .28000000E+00  .39350152E+01
   .32000000E+00  .39307629E+01
   .36000000E+00  .39265076E+01
   .40000000E+00  .39222495E+01
   .44000000E+00  .39179884E+01
   .48000000E+00  .39137244E+01
   .52000000E+00  .39094575E+01
   .56000000E+00  .39051877E+01
   .60000000E+00  .39009149E+01
   .64000000E+00  .38966392E+01
   .68000000E+00  .38923605E+01
   .72000000E+00  .38880789E+01
   .76000000E+00  .38837943E+01
   .80000000E+00  .38795068E+01
   .84000000E+00  .38752163E+01
   .88000000E+00  .38709228E+01
   .92000000E+00  .38666263E+01
   .96000000E+00  .38623269E+01
   .10000000E+01  .38580245E+01
   .10400000E+01  .38537191E+01
   .10800000E+01  .38494107E+01
   .11200000E+01  .38450993E+01
   .11600000E+01  .38407849E+01
   .12000000E+01  .38364674E+01
   .12400000E+01  .38321470E+01
   .12800000E+01  .38278236E+01
   .13200000E+01  .38234971E+01
   .13600000E+01  .38191676E+01
   .14000000E+01  .38148350E+01
   .14400000E+01  .38104994E+01
   .14800000E+01  .38061608E+01
   .15200000E+01  .38018191E+01
   .15600000E+01  .37974743E+01
   .16000000E+01  .37931265E+01
   .16400000E+01  .37887757E+01
   .16800000E+01  .37844217E+01
   .17200000E+01  .37800647E+01
   .17600000E+01  .37757046E+01
   .18000000E+01  .37713414E+01
   .18400000E+01  .37669751E+01
   .18800000E+01  .37626057E+01
   .19200000E+01  .37582332E+01
   .19600000E+01  .37538576E+01
   .20000000E+01  .37494789E+01
KBPotential  L  =      3.00000    .00000
  -.20000000E+01  .56315357E+01
  -.19600000E+01  .56283814E+01
  -.19200000E+01  .56252259E+01
  -.18800000E+01  .56220690E+01
  -.18400000E+01  .56189109E+01
  -.18000000E+01  .56157515E+01
  -.17600000E+01  .56125908E+01
  -.17200000E+01  .56094288E+01
  -.16800000E+01  .56062656E+01
  -.16400000E+01  .56031010E+01
  -.16000000E+01  .55999352E+01
  -.15600000E+01  .55967680E+01
  -.15200000E+01  .55935996E+01
  -.14800000E+01  .55904299E+01
  -.14400000E+01  .55872589E+01
  -.14000000E+01  .55840865E+01
  -.13600000E+01  .55809129E+01
  -.13200000E+01  .55777380E+01
  -.12800000E+01  .55745618E+01
  -.12400000E+01  .55713842E+01
  -.12000000E+01  .55682054E+01
  -.11600000E+01  .55650252E+01
  -.11200000E+01  .55618438E+01
  -.10800000E+01  .55586610E+01
  -.10400000E+01  .55554770E+01
  -.10000000E+01  .55522916E+01
  -.96000000E+00  .55491049E+01
  -.92000000E+00  .55459169E+01
  -.88000000E+00  .55427276E+01
  -.84000000E+00  .55395369E+01
  -.80000000E+00  .55363450E+01
  -.76000000E+00  .55331517E+01
  -.72000000E+00  .55299571E+01
  -.68000000E+00  .55267612E+01
  -.64000000E+00  .55235639E+01
  -.60000000E+00  .55203653E+01
  -.56000000E+00  .55171654E+01
  -.52000000E+00  .55139642E+01
  -.48000000E+00  .55107617E+01
  -.44000000E+00  .55075578E+01
  -.40000000E+00  .55043525E+01
  -.36000000E+00  .55011460E+01
  -.32000000E+00  .54979381E+01
  -.28000000E+00  .54947289E+01
  -.24000000E+00  .54915183E+01
  -.20000000E+00  .54883064E+01
  -.16000000E+00  .54850932E+01
  -.12000000E+00  .54818786E+01
  -.80000000E-01  .54786626E+01
  -.40000000E-01  .54754454E+01
   .12351231E-14  .54722267E+01
   .40000000E-01  .54690068E+01
   .80000000E-01  .54657854E+01
   .12000000E+00  .54625628E+01
   .16000000E+00  .54593387E+01
   .20000000E+00  .54561134E+01
   .24000000E+00  .54528866E+01
   .28000000E+00  .54496585E+01
   .32000000E+00  .54464291E+01
   .36000000E+00  .54431983E+01
   .40000000E+00  .54399661E+01
   .44000000E+00  .54367326E+01
   .48000000E+00  .54334977E+01
   .52000000E+00  .54302614E+01
   .56000000E+00  .54270238E+01
   .60000000E+00  .54237848E+01
   .64000000E+00  .54205445E+01
   .68000000E+00  .54173027E+01
   .72000000E+00  .54140596E+01
   .76000000E+00  .54108151E+01
   .80000000E+00  .54075693E+01
   .84000000E+00  .54043220E+01
   .88000000E+00  .54010734E+01
   .92000000E+00  .53978234E+01
   .96000000E+00  .53945721E+01
   .10000000E+01  .53913193E+01
   .10400000E+01  .53880652E+01
   .10800000E+01  .53848096E+01
   .11200000E+01  .53815527E+01
   .11600000E+01  .53782944E+01
   .12000000E+01  .53750347E+01
   .12400000E+01  .53717737E+01
   .12800000E+01  .53685112E+01
   .13200000E+01  .53652473E+01
   .13600000E+01  .53619820E+01
   .14000000E+01  .53587154E+01
   .14400000E+01  .53554473E+01
   .14800000E+01  .53521778E+01
   .15200000E+01  .53489070E+01
   .15600000E+01  .53456347E+01
   .16000000E+01  .53423610E+01
   .16400000E+01  .53390860E+01
   .16800000E+01  .53358095E+01
   .17200000E+01  .53325316E+01
   .17600000E+01  .53292523E+01
   .18000000E+01  .53259715E+01
   .18400000E+01  .53226894E+01
   .18800000E+01  .53194058E+01
   .19200000E+01  .53161209E+01
   .19600000E+01  .53128345E+01
   .20000000E+01  .53095467E+01
KBPotential  L  =      4.00000    .00000
  -.20000000E+01  .70767886E+01
  -.19600000E+01  .70742197E+01
  -.19200000E+01  .70716493E+01
  -.18800000E+01  .70690786E+01
  -.18400000E+01  .70665075E+01
  -.18000000E+01  .70639358E+01
  -.17600000E+01  .70613633E+01
  -.17200000E+01  .70587867E+01
  -.16800000E+01  .70562128E+01
  -.16400000E+01  .70536382E+01
  -.16000000E+01  .70510628E+01
  -.15600000E+01  .70484909E+01
  -.15200000E+01  .70459141E+01
  -.14800000E+01  .70433365E+01
  -.14400000E+01  .70407582E+01
  -.14000000E+01  .70381792E+01
  -.13600000E+01  .70355994E+01
  -.13200000E+01  .70330191E+01
  -.12800000E+01  .70304382E+01
  -.12400000E+01  .70278563E+01
  -.12000000E+01  .70252737E+01
  -.11600000E+01  .70226904E+01
  -.11200000E+01  .70201055E+01
  -.10800000E+01  .70175207E+01
  -.10400000E+01  .70149352E+01
  -.10000000E+01  .70123490E+01
  -.96000000E+00  .70097620E+01
  -.92000000E+00  .70071743E+01
  -.88000000E+00  .70045858E+01
  -.84000000E+00  .70019966E+01
  -.80000000E+00  .69994068E+01
  -.76000000E+00  .69968162E+01
  -.72000000E+00  .69942248E+01
  -.68000000E+00  .69916327E+01
  -.64000000E+00  .69890399E+01
  -.60000000E+00  .69864463E+01
  -.56000000E+00  .69838520E+01
  -.52000000E+00  .69812570E+01
  -.48000000E+00  .69786612E+01
  -.44000000E+00  .69760647E+01
  -.40000000E+00  .69734674E+01
  -.36000000E+00  .69708694E+01
  -.32000000E+00  .69682703E+01
  -.28000000E+00  .69656713E+01
  -.24000000E+00  .69630708E+01
  -.20000000E+00  .69604706E+01
  -.16000000E+00  .69578688E+01
  -.12000000E+00  .69552662E+01
  -.80000000E-01  .69526633E+01
  -.40000000E-01  .69500595E+01
   .12351231E-14  .69474512E+01
   .40000000E-01  .69448457E+01
   .80000000E-01  .69422396E+01
   .12000000E+00  .69396322E+01
   .16000000E+00  .69370285E+01
   .20000000E+00  .69344203E+01
   .24000000E+00  .69318113E+01
   .28000000E+00  .69292015E+01
   .32000000E+00  .69265913E+01
   .36000000E+00  .69239798E+01
   .40000000E+00  .69213671E+01
   .44000000E+00  .69187543E+01
   .48000000E+00  .69161407E+01
   .52000000E+00  .69135265E+01
   .56000000E+00  .69109120E+01
   .60000000E+00  .69082961E+01
   .64000000E+00  .69056795E+01
   .68000000E+00  .69030621E+01
   .72000000E+00  .69004441E+01
   .76000000E+00  .68978241E+01
   .80000000E+00  .68952045E+01
   .84000000E+00  .68925841E+01
   .88000000E+00  .68899630E+01
   .92000000E+00  .68873412E+01
   .96000000E+00  .68847186E+01
   .10000000E+01  .68820960E+01
   .10400000E+01  .68794719E+01
   .10800000E+01  .68768469E+01
   .11200000E+01  .68742213E+01
   .11600000E+01  .68715939E+01
   .12000000E+01  .68689667E+01
   .12400000E+01  .68663388E+01
   .12800000E+01  .68637108E+01
   .13200000E+01  .68610813E+01
   .13600000E+01  .68584512E+01
   .14000000E+01  .68558202E+01
   .14400000E+01  .68531889E+01
   .14800000E+01  .68505564E+01
   .15200000E+01  .68479231E+01
   .15600000E+01  .68452855E+01
   .16000000E+01  .68426507E+01
   .16400000E+01  .68400188E+01
   .16800000E+01  .68373824E+01
   .17200000E+01  .68347453E+01
   .17600000E+01  .68321075E+01
   .18000000E+01  .68294689E+01
   .18400000E+01  .68268295E+01
   .18800000E+01  .68241893E+01
   .19200000E+01  .68215482E+01
   .19600000E+01  .68189065E+01
   .20000000E+01  .68162645E+01
