H: Z=3/2 to saturate dangling bonds     
  .774231099E-08  .786233244E-08  .798421443E-08  .810798580E-08  .823367585E-08
  .836131431E-08  .849093138E-08  .862255775E-08  .875622454E-08  .889196340E-08
  .902980644E-08  .916978629E-08  .931193605E-08  .945628938E-08  .960288042E-08
  .975174387E-08  .990291495E-08  .100564294E-07  .102123236E-07  .103706345E-07
  .105313994E-07  .106946564E-07  .108604442E-07  .110288019E-07  .111997695E-07
  .113733873E-07  .115496965E-07  .117287387E-07  .119105564E-07  .120951926E-07
  .122826909E-07  .124730957E-07  .126664521E-07  .128628058E-07  .130622033E-07
  .132646917E-07  .134703191E-07  .136791339E-07  .138911857E-07  .141065247E-07
  .143252017E-07  .145472685E-07  .147727777E-07  .150017826E-07  .152343374E-07
  .154704971E-07  .157103177E-07  .159538558E-07  .162011692E-07  .164523162E-07
  .167073563E-07  .169663500E-07  .172293584E-07  .174964437E-07  .177676693E-07
  .180430993E-07  .183227987E-07  .186068339E-07  .188952720E-07  .191881813E-07
  .194856311E-07  .197876917E-07  .200944347E-07  .204059325E-07  .207222590E-07
  .210434890E-07  .213696984E-07  .217009645E-07  .220373656E-07  .223789813E-07
  .227258925E-07  .230781812E-07  .234359309E-07  .237992260E-07  .241681527E-07
  .245427982E-07  .249232511E-07  .253096015E-07  .257019407E-07  .261003616E-07
  .265049585E-07  .269158271E-07  .273330647E-07  .277567698E-07  .281870428E-07
  .286239856E-07  .290677014E-07  .295182952E-07  .299758737E-07  .304405451E-07
  .309124195E-07  .313916083E-07  .318782250E-07  .323723848E-07  .328742045E-07
  .333838028E-07  .339013005E-07  .344268198E-07  .349604851E-07  .355024228E-07
  .360527609E-07  .366116297E-07  .371791615E-07  .377554906E-07  .383407532E-07
  .389350878E-07  .395386351E-07  .401515379E-07  .407739411E-07  .414059920E-07
  .420478402E-07  .426996376E-07  .433615382E-07  .440336988E-07  .447162783E-07
  .454094383E-07  .461133427E-07  .468281581E-07  .475540536E-07  .482912009E-07
  .490397745E-07  .497999513E-07  .505719114E-07  .513558372E-07  .521519144E-07
  .529603311E-07  .537812787E-07  .546149514E-07  .554615465E-07  .563212641E-07
  .571943078E-07  .580808840E-07  .589812025E-07  .598954763E-07  .608239217E-07
  .617667584E-07  .627242093E-07  .636965011E-07  .646838637E-07  .656865307E-07
  .667047393E-07  .677387304E-07  .687887486E-07  .698550424E-07  .709378639E-07
  .720374694E-07  .731541189E-07  .742880767E-07  .754396110E-07  .766089942E-07
  .777965029E-07  .790024182E-07  .802270252E-07  .814706136E-07  .827334777E-07
  .840159162E-07  .853182325E-07  .866407346E-07  .879837354E-07  .893475527E-07
  .907325090E-07  .921389319E-07  .935671542E-07  .950175137E-07  .964903536E-07
  .979860221E-07  .995048732E-07  .101047266E-06  .102613566E-06  .104204142E-06
  .105819373E-06  .107459638E-06  .109125328E-06  .110816835E-06  .112534559E-06
  .114278908E-06  .116050293E-06  .117849134E-06  .119675856E-06  .121530891E-06
  .123414678E-06  .125327663E-06  .127270298E-06  .129243043E-06  .131246364E-06
  .133280735E-06  .135346637E-06  .137444560E-06  .139574999E-06  .141738458E-06
  .143935448E-06  .146166491E-06  .148432113E-06  .150732850E-06  .153069246E-06
  .155441854E-06  .157851236E-06  .160297960E-06  .162782607E-06  .165305762E-06
  .167868025E-06  .170469999E-06  .173112301E-06  .175795556E-06  .178520398E-06
  .181287472E-06  .184097432E-06  .186950943E-06  .189848680E-06  .192791328E-06
  .195779583E-06  .198814151E-06  .201895752E-06  .205025113E-06  .208202974E-06
  .211430087E-06  .214707216E-06  .218035135E-06  .221414632E-06  .224846505E-06
  .228331567E-06  .231870641E-06  .235464564E-06  .239114188E-06  .242820374E-06
  .246583999E-06  .250405953E-06  .254287140E-06  .258228479E-06  .262230900E-06
  .266295351E-06  .270422793E-06  .274614201E-06  .278870568E-06  .283192899E-06
  .287582217E-06  .292039559E-06  .296565981E-06  .301162551E-06  .305830358E-06
  .310570505E-06  .315384113E-06  .320272320E-06  .325236282E-06  .330277173E-06
  .335396185E-06  .340594528E-06  .345873432E-06  .351234145E-06  .356677935E-06
  .362206088E-06  .367819913E-06  .373520735E-06  .379309904E-06  .385188789E-06
  .391158778E-06  .397221285E-06  .403377742E-06  .409629605E-06  .415978352E-06
  .422425485E-06  .428972527E-06  .435621028E-06  .442372558E-06  .449228714E-06
  .456191117E-06  .463261414E-06  .470441275E-06  .477732399E-06  .485136509E-06
  .492655356E-06  .500290717E-06  .508044398E-06  .515918232E-06  .523914080E-06
  .532033833E-06  .540279410E-06  .548652760E-06  .557155864E-06  .565790731E-06
  .574559403E-06  .583463953E-06  .592506486E-06  .601689139E-06  .611014083E-06
  .620483523E-06  .630099697E-06  .639864879E-06  .649781377E-06  .659851534E-06
  .670077732E-06  .680462388E-06  .691007956E-06  .701716930E-06  .712591840E-06
  .723635258E-06  .734849793E-06  .746238097E-06  .757802861E-06  .769546819E-06
  .781472746E-06  .793583463E-06  .805881830E-06  .818370756E-06  .831053191E-06
  .843932133E-06  .857010627E-06  .870291764E-06  .883778681E-06  .897474568E-06
  .911382660E-06  .925506246E-06  .939848662E-06  .954413298E-06  .969203598E-06
  .984223055E-06  .999475219E-06  .101496370E-05  .103069214E-05  .104666428E-05
  .106288388E-05  .107935478E-05  .109608087E-05  .111306610E-05  .113031448E-05
  .114783009E-05  .116561708E-05  .118367963E-05  .120202203E-05  .122064860E-05
  .123956375E-05  .125877195E-05  .127827773E-05  .129808570E-05  .131820054E-05
  .133862702E-05  .135936994E-05  .138043422E-05  .140182482E-05  .142354682E-05
  .144560532E-05  .146800556E-05  .149075281E-05  .151385246E-05  .153730995E-05
  .156113084E-05  .158532075E-05  .160988539E-05  .163483058E-05  .166016219E-05
  .168588621E-05  .171200873E-05  .173853591E-05  .176547401E-05  .179282941E-05
  .182060856E-05  .184881802E-05  .187746446E-05  .190655465E-05  .193609545E-05
  .196609384E-05  .199655690E-05  .202749184E-05  .205890596E-05  .209080668E-05
  .212320153E-05  .215609816E-05  .218950434E-05  .222342797E-05  .225787705E-05
  .229285971E-05  .232838422E-05  .236445898E-05  .240109249E-05  .243829340E-05
  .247607051E-05  .251443273E-05  .255338912E-05  .259294889E-05  .263312136E-05
  .267391602E-05  .271534252E-05  .275741062E-05  .280013027E-05  .284351154E-05
  .288756468E-05  .293230009E-05  .297772833E-05  .302386012E-05  .307070637E-05
  .311827812E-05  .316658660E-05  .321564322E-05  .326545957E-05  .331604739E-05
  .336741863E-05  .341958542E-05  .347256006E-05  .352635507E-05  .358098314E-05
  .363645716E-05  .369279024E-05  .374999565E-05  .380808690E-05  .386707771E-05
  .392698200E-05  .398781389E-05  .404958776E-05  .411231817E-05  .417601992E-05
  .424070806E-05  .430639784E-05  .437310477E-05  .444084458E-05  .450963326E-05
  .457948704E-05  .465042240E-05  .472245607E-05  .479560506E-05  .486988662E-05
  .494531827E-05  .502191780E-05  .509970330E-05  .517869310E-05  .525890585E-05
  .534036046E-05  .542307615E-05  .550707242E-05  .559236910E-05  .567898629E-05
  .576694443E-05  .585626427E-05  .594696687E-05  .603907361E-05  .613260623E-05
  .622758678E-05  .632403765E-05  .642198160E-05  .652144172E-05  .662244146E-05
  .672500464E-05  .682915544E-05  .693491842E-05  .704231851E-05  .715138103E-05
  .726213170E-05  .737459663E-05  .748880233E-05  .760477573E-05  .772254416E-05
  .784213538E-05  .796357759E-05  .808689940E-05  .821212989E-05  .833929858E-05
  .846843542E-05  .859957087E-05  .873273583E-05  .886796167E-05  .900528027E-05
  .914472398E-05  .928632567E-05  .943011870E-05  .957613695E-05  .972441482E-05
  .987498726E-05  .100278897E-04  .101831583E-04  .103408294E-04  .105009404E-04
  .106635289E-04  .108286331E-04  .109962921E-04  .111665452E-04  .113394327E-04
  .115149951E-04  .116932739E-04  .118743110E-04  .120581491E-04  .122448314E-04
  .124344020E-04  .126269055E-04  .128223871E-04  .130208930E-04  .132224698E-04
  .134271650E-04  .136350269E-04  .138461043E-04  .140604469E-04  .142781052E-04
  .144991304E-04  .147235746E-04  .149514905E-04  .151829319E-04  .154179531E-04
  .156566096E-04  .158989574E-04  .161450536E-04  .163949561E-04  .166487237E-04
  .169064160E-04  .171680939E-04  .174338187E-04  .177036530E-04  .179776604E-04
  .182559051E-04  .185384528E-04  .188253698E-04  .191167236E-04  .194125829E-04
  .197130170E-04  .200180967E-04  .203278938E-04  .206424811E-04  .209619325E-04
  .212863231E-04  .216157293E-04  .219502284E-04  .222898992E-04  .226348214E-04
  .229850761E-04  .233407456E-04  .237019136E-04  .240686650E-04  .244410858E-04
  .248192637E-04  .252032875E-04  .255932474E-04  .259892351E-04  .263913436E-04
  .267996673E-04  .272143022E-04  .276353458E-04  .280628967E-04  .284970556E-04
  .289379244E-04  .293856066E-04  .298402073E-04  .303018333E-04  .307705930E-04
  .312465965E-04  .317299554E-04  .322207833E-04  .327191955E-04  .332253088E-04
  .337392421E-04  .342611160E-04  .347910530E-04  .353291775E-04  .358756156E-04
  .364304958E-04  .369939480E-04  .375661046E-04  .381470998E-04  .387370698E-04
  .393361530E-04  .399444900E-04  .405622234E-04  .411894980E-04  .418264611E-04
  .424732619E-04  .431300521E-04  .437969857E-04  .444742190E-04  .451619107E-04
  .458602222E-04  .465693170E-04  .472893613E-04  .480205238E-04  .487629760E-04
  .495168917E-04  .502824476E-04  .510598231E-04  .518492002E-04  .526507638E-04
  .534647018E-04  .542912046E-04  .551304659E-04  .559826821E-04  .568480529E-04
  .577267808E-04  .586190715E-04  .595251339E-04  .604451800E-04  .613794253E-04
  .623280882E-04  .632913909E-04  .642695587E-04  .652628204E-04  .662714085E-04
  .672955588E-04  .683355109E-04  .693915080E-04  .704637971E-04  .715526288E-04
  .726582579E-04  .737809426E-04  .749209456E-04  .760785332E-04  .772539761E-04
  .784475489E-04  .796595305E-04  .808902041E-04  .821398572E-04  .834087818E-04
  .846972742E-04  .860056354E-04  .873341710E-04  .886831911E-04  .900530108E-04
  .914439497E-04  .928563328E-04  .942904895E-04  .957467546E-04  .972254680E-04
  .987269747E-04  .100251625E-03  .101799775E-03  .103371784E-03  .104968021E-03
  .106588858E-03  .108234671E-03  .109905846E-03  .111602771E-03  .113325842E-03
  .115075461E-03  .116852035E-03  .118655979E-03  .120487712E-03  .122347662E-03
  .124236261E-03  .126153950E-03  .128101175E-03  .130078390E-03  .132086054E-03
  .134124636E-03  .136194609E-03  .138296455E-03  .140430664E-03  .142597732E-03
  .144798163E-03  .147032469E-03  .149301170E-03  .151604793E-03  .153943873E-03
  .156318955E-03  .158730591E-03  .161179340E-03  .163665773E-03  .166190467E-03
  .168754008E-03  .171356991E-03  .174000022E-03  .176683714E-03  .179408690E-03
  .182175583E-03  .184985035E-03  .187837697E-03  .190734233E-03  .193675313E-03
  .196661620E-03  .199693847E-03  .202772696E-03  .205898882E-03  .209073129E-03
  .212296174E-03  .215568762E-03  .218891652E-03  .222265615E-03  .225691431E-03
  .229169893E-03  .232701808E-03  .236287993E-03  .239929278E-03  .243626505E-03
  .247380531E-03  .251192224E-03  .255062465E-03  .258992149E-03  .262982185E-03
  .267033496E-03  .271147018E-03  .275323701E-03  .279564511E-03  .283870427E-03
  .288242444E-03  .292681571E-03  .297188833E-03  .301765271E-03  .306411941E-03
  .311129915E-03  .315920282E-03  .320784146E-03  .325722629E-03  .330736870E-03
  .335828024E-03  .340997265E-03  .346245784E-03  .351574790E-03  .356985510E-03
  .362479191E-03  .368057097E-03  .373720511E-03  .379470738E-03  .385309101E-03
  .391236941E-03  .397255623E-03  .403366530E-03  .409571067E-03  .415870660E-03
  .422266756E-03  .428760825E-03  .435354357E-03  .442048868E-03  .448845892E-03
  .455746991E-03  .462753748E-03  .469867769E-03  .477090687E-03  .484424157E-03
  .491869860E-03  .499429503E-03  .507104817E-03  .514897560E-03  .522809517E-03
  .530842499E-03  .538998344E-03  .547278918E-03  .555686116E-03  .564221859E-03
  .572888100E-03  .581686819E-03  .590620027E-03  .599689763E-03  .608898100E-03
  .618247140E-03  .627739015E-03  .637375894E-03  .647159972E-03  .657093482E-03
  .667178689E-03  .677417890E-03  .687813419E-03  .698367643E-03  .709082966E-03
  .719961826E-03  .731006701E-03  .742220101E-03  .753604578E-03  .765162719E-03
  .776897153E-03  .788810544E-03  .800905599E-03  .813185063E-03  .825651726E-03
  .838308415E-03  .851158001E-03  .864203398E-03  .877447564E-03  .890893500E-03
  .904544251E-03  .918402910E-03  .932472613E-03  .946756544E-03  .961257934E-03
  .975980063E-03  .990926260E-03  .100609990E-02  .102150441E-02  .103714328E-02
  .105302002E-02  .106913823E-02  .108550153E-02  .110211363E-02  .111897825E-02
  .113609921E-02  .115348036E-02  .117112560E-02  .118903892E-02  .120722434E-02
  .122568595E-02  .124442790E-02  .126345440E-02  .128276972E-02  .130237820E-02
  .132228424E-02  .134249231E-02  .136300693E-02  .138383270E-02  .140497429E-02
  .142643643E-02  .144822393E-02  .147034166E-02  .149279456E-02  .151558766E-02
  .153872604E-02  .156221488E-02  .158605941E-02  .161026496E-02  .163483693E-02
  .165978078E-02  .168510209E-02  .171080648E-02  .173689968E-02  .176338749E-02
  .179027581E-02  .181757061E-02  .184527795E-02  .187340398E-02  .190195495E-02
  .193093719E-02  .196035713E-02  .199022128E-02  .202053625E-02  .205130876E-02
  .208254561E-02  .211425372E-02  .214644008E-02  .217911181E-02  .221227611E-02
  .224594031E-02  .228011183E-02  .231479820E-02  .235000705E-02  .238574615E-02
  .242202334E-02  .245884661E-02  .249622405E-02  .253416386E-02  .257267438E-02
  .261176405E-02  .265144143E-02  .269171523E-02  .273259426E-02  .277408746E-02
  .281620390E-02  .285895280E-02  .290234349E-02  .294638543E-02  .299108823E-02
  .303646164E-02  .308251553E-02  .312925995E-02  .317670504E-02  .322486113E-02
  .327373868E-02  .332334830E-02  .337370074E-02  .342480694E-02  .347667795E-02
  .352932500E-02  .358275950E-02  .363699297E-02  .369203715E-02  .374790391E-02
  .380460531E-02  .386215355E-02  .392056105E-02  .397984036E-02  .404000424E-02
  .410106560E-02  .416303757E-02  .422593344E-02  .428976669E-02  .435455099E-02
  .442030022E-02  .448702842E-02  .455474986E-02  .462347899E-02  .469323049E-02
  .476401921E-02  .483586023E-02  .490876884E-02  .498276053E-02  .505785103E-02
  .513405628E-02  .521139242E-02  .528987584E-02  .536952316E-02  .545035121E-02
  .553237708E-02  .561561808E-02  .570009177E-02  .578581593E-02  .587280862E-02
  .596108813E-02  .605067300E-02  .614158205E-02  .623383432E-02  .632744914E-02
  .642244610E-02  .651884507E-02  .661666618E-02  .671592982E-02  .681665670E-02
  .691886778E-02  .702258431E-02  .712782786E-02  .723462025E-02  .734298364E-02
  .745294045E-02  .756451344E-02  .767772565E-02  .779260047E-02  .790916157E-02
  .802743296E-02  .814743896E-02  .826920423E-02  .839275377E-02  .851811290E-02
  .864530728E-02  .877436293E-02  .890530621E-02  .903816383E-02  .917296287E-02
  .930973074E-02  .944849527E-02  .958928460E-02  .973212729E-02  .987705226E-02
  .100240888E-01  .101732666E-01  .103246158E-01  .104781669E-01  .106339507E-01
  .107919985E-01  .109523421E-01  .111150135E-01  .112800454E-01  .114474706E-01
  .116173226E-01  .117896352E-01  .119644427E-01  .121417798E-01  .123216817E-01
  .125041840E-01  .126893228E-01  .128771347E-01  .130676567E-01  .132609262E-01
  .134569814E-01  .136558607E-01  .138576029E-01  .140622477E-01  .142698350E-01
  .144804052E-01  .146939993E-01  .149106589E-01  .151304260E-01  .153533432E-01
  .155794536E-01  .158088009E-01  .160414291E-01  .162773832E-01  .165167084E-01
  .167594506E-01  .170056562E-01  .172553723E-01  .175086465E-01  .177655271E-01
  .180260627E-01  .182903029E-01  .185582975E-01  .188300973E-01  .191057536E-01
  .193853180E-01  .196688433E-01  .199563824E-01  .202479893E-01  .205437183E-01
  .208436245E-01  .211477637E-01  .214561923E-01  .217689674E-01  .220861469E-01
  .224077891E-01  .227339532E-01  .230646992E-01  .234000876E-01  .237401796E-01
  .240850374E-01  .244347236E-01  .247893016E-01  .251488359E-01  .255133912E-01
  .258830333E-01  .262578286E-01  .266378444E-01  .270231487E-01  .274138103E-01
  .278098988E-01  .282114844E-01  .286186384E-01  .290314327E-01  .294499401E-01
  .298742341E-01  .303043892E-01  .307404805E-01  .311825843E-01  .316307772E-01
  .320851372E-01  .325457428E-01  .330126735E-01  .334860096E-01  .339658323E-01
  .344522237E-01  .349452667E-01  .354450451E-01  .359516438E-01  .364651484E-01
  .369856453E-01  .375132221E-01  .380479671E-01  .385899697E-01  .391393199E-01
  .396961090E-01  .402604291E-01  .408323732E-01  .414120352E-01  .419995101E-01
  .425948938E-01  .431982831E-01  .438097758E-01  .444294707E-01  .450574675E-01
  .456938671E-01  .463387710E-01  .469922820E-01  .476545039E-01  .483255411E-01
  .490054995E-01  .496944858E-01  .503926075E-01  .510999734E-01  .518166933E-01
  .525428777E-01  .532786384E-01  .540240881E-01  .547793407E-01  .555445108E-01
  .563197143E-01  .571050679E-01  .579006896E-01  .587066981E-01  .595232134E-01
  .603503563E-01  .611882488E-01  .620370139E-01  .628967755E-01  .637676587E-01
  .646497894E-01  .655432947E-01  .664483027E-01  .673649424E-01  .682933440E-01
  .692336385E-01  .701859580E-01  .711504358E-01  .721272059E-01  .731164034E-01
  .741181644E-01  .751326260E-01  .761599264E-01  .772002045E-01  .782536005E-01
  .793202552E-01  .804003107E-01  .814939098E-01  .826011965E-01  .837223154E-01
  .848574122E-01  .860066337E-01  .871701272E-01  .883480413E-01  .895405252E-01
  .907477291E-01  .919698041E-01  .932069019E-01  .944591754E-01  .957267780E-01
  .970098642E-01  .983085890E-01  .996231084E-01  .100953579E+00  .102300158E+00
  .103663005E+00  .105042276E+00  .106438133E+00  .107850736E+00  .109280244E+00
  .110726821E+00  .112190627E+00  .113671826E+00  .115170581E+00  .116687055E+00
  .118221413E+00  .119773820E+00  .121344440E+00  .122933440E+00  .124540986E+00
  .126167243E+00  .127812380E+00  .129476562E+00  .131159958E+00  .132862735E+00
  .134585060E+00  .136327103E+00  .138089030E+00  .139871011E+00  .141673213E+00
  .143495806E+00  .145338957E+00  .147202834E+00  .149087607E+00  .150993443E+00
  .152920510E+00  .154868976E+00  .156839009E+00  .158830774E+00  .160844440E+00
  .162880173E+00  .164938139E+00  .167018502E+00  .169121428E+00  .171247082E+00
  .173395625E+00  .175567223E+00  .177762035E+00  .179980225E+00  .182221951E+00
  .184487374E+00  .186776651E+00  .189089939E+00  .191427395E+00  .193789174E+00
  .196175428E+00  .198586311E+00  .201021972E+00  .203482560E+00  .205968224E+00
  .208479110E+00  .211015360E+00  .213577119E+00  .216164525E+00  .218777719E+00
  .221416835E+00  .224082009E+00  .226773372E+00  .229491055E+00  .232235184E+00
  .235005884E+00  .237803278E+00  .240627485E+00  .243478622E+00  .246356804E+00
  .249262140E+00  .252194739E+00  .255154706E+00  .258142143E+00  .261157146E+00
  .264199813E+00  .267270232E+00  .270368492E+00  .273494677E+00  .276648866E+00
  .279831135E+00  .283041556E+00  .286280196E+00  .289547118E+00  .292842382E+00
  .296166040E+00  .299518143E+00  .302898734E+00  .306307855E+00  .309745538E+00
  .313211813E+00  .316706705E+00  .320230232E+00  .323782408E+00  .327363238E+00
  .330972726E+00  .334610866E+00  .338277647E+00  .341973055E+00  .345697064E+00
  .349449646E+00  .353230764E+00  .357040375E+00  .360878430E+00  .364744871E+00
  .368639635E+00  .372562650E+00  .376513836E+00  .380493109E+00  .384500373E+00
  .388535526E+00  .392598458E+00  .396689052E+00  .400807180E+00  .404952706E+00
  .409125489E+00  .413325375E+00  .417552203E+00  .421805803E+00  .426085994E+00
  .430392590E+00  .434725390E+00  .439084188E+00  .443468766E+00  .447878896E+00
  .452314341E+00  .456774854E+00  .461260175E+00  .465770038E+00  .470304163E+00
  .474862260E+00  .479444029E+00  .484049158E+00  .488677325E+00  .493328195E+00
  .498001424E+00  .502696655E+00  .507413520E+00  .512151638E+00  .516910617E+00
  .521690053E+00  .526489530E+00  .531308621E+00  .536146883E+00  .541003864E+00
  .545879099E+00  .550772108E+00  .555682401E+00  .560609474E+00  .565552809E+00
  .570511877E+00  .575486135E+00  .580475027E+00  .585477982E+00  .590494417E+00
  .595523737E+00  .600565331E+00  .605618576E+00  .610682834E+00  .615757454E+00
  .620841773E+00  .625935111E+00  .631036777E+00  .636146065E+00  .641262254E+00
  .646384611E+00  .651512387E+00  .656644823E+00  .661781141E+00  .666920553E+00
  .672062255E+00  .677205430E+00  .682349248E+00  .687492862E+00  .692635414E+00
  .697776032E+00  .702913830E+00  .708047908E+00  .713177353E+00  .718301237E+00
  .723418620E+00  .728528550E+00  .733630058E+00  .738722166E+00  .743803881E+00
  .748874196E+00  .753932093E+00  .758976542E+00  .764006498E+00  .769020907E+00
  .774018700E+00  .778998797E+00  .783960108E+00  .788901529E+00  .793821946E+00
  .798720234E+00  .803595256E+00  .808445867E+00  .813270908E+00  .818069213E+00
  .822839604E+00  .827580895E+00  .832291891E+00  .836971386E+00  .841618168E+00
  .846231013E+00  .850808694E+00  .855349972E+00  .859853604E+00  .864318337E+00
  .868742914E+00  .873126071E+00  .877466539E+00  .881763041E+00  .886014299E+00
  .890219027E+00  .894375939E+00  .898483740E+00  .902541138E+00  .906546833E+00
  .910499526E+00  .914397917E+00  .918240701E+00  .922026577E+00  .925754241E+00
  .929422390E+00  .933029722E+00  .936574938E+00  .940056739E+00  .943473830E+00
  .946824918E+00  .950108716E+00  .953323940E+00  .956469310E+00  .959543554E+00
  .962545405E+00  .965473603E+00  .968326896E+00  .971104038E+00  .973803796E+00
  .976424939E+00  .978966255E+00  .981426535E+00  .983804589E+00  .986099231E+00
  .988309296E+00  .990433626E+00  .992471082E+00  .994420536E+00  .996280879E+00
  .998051016E+00  .999729871E+00  .100131638E+01  .100280951E+01  .100420824E+01
  .100551156E+01  .100671850E+01  .100782808E+01  .100883939E+01  .100975149E+01
  .101056351E+01  .101127456E+01  .101188382E+01  .101239046E+01  .101279368E+01
  .101309274E+01  .101328689E+01  .101337543E+01  .101335766E+01  .101323296E+01
  .101300068E+01  .101266026E+01  .101221112E+01  .101165276E+01  .101098466E+01
  .101020639E+01  .100931750E+01  .100831762E+01  .100720638E+01  .100598347E+01
  .100464860E+01  .100320153E+01  .100164205E+01  .999969995E+00  .998185221E+00
  .996287641E+00  .994277195E+00  .992153874E+00  .989917697E+00  .987568734E+00
  .985107086E+00  .982532906E+00  .979846377E+00  .977047734E+00  .974137246E+00
  .971115231E+00  .967982042E+00  .964738084E+00  .961383797E+00  .957919669E+00
  .954346228E+00  .950664050E+00  .946873748E+00  .942975986E+00  .938971463E+00
  .934860933E+00  .930645181E+00  .926325047E+00  .921901404E+00  .917375179E+00
  .912747332E+00  .908018876E+00  .903190857E+00  .898264375E+00  .893240559E+00
  .888120595E+00  .882905696E+00  .877597131E+00  .872196197E+00  .866704243E+00
  .861122647E+00  .855452841E+00  .849696280E+00  .843854474E+00  .837928956E+00
  .831921312E+00  .825833149E+00  .819666127E+00  .813421925E+00  .807102273E+00
  .800708920E+00  .794243663E+00  .787708319E+00  .781104748E+00  .774434828E+00
  .767700482E+00  .760903647E+00  .754046303E+00  .747130442E+00  .740158097E+00
  .733131312E+00  .726052169E+00  .718922757E+00  .711745204E+00  .704521642E+00
  .697254239E+00  .689945163E+00  .682596618E+00  .675210806E+00  .667789959E+00
  .660336308E+00  .652852110E+00  .645339618E+00  .637801109E+00  .630238854E+00
  .622655142E+00  .615052257E+00  .607432498E+00  .599798153E+00  .592151524E+00
  .584494899E+00  .576830576E+00  .569160844E+00  .561487987E+00  .553814283E+00
  .546142002E+00  .538473405E+00  .530810742E+00  .523156251E+00  .515512155E+00
  .507880664E+00  .500263970E+00  .492664247E+00  .485083649E+00  .477524310E+00
  .469988342E+00  .462477833E+00  .454994846E+00  .447541417E+00  .440119556E+00
  .432731242E+00  .425378425E+00  .418063025E+00  .410786925E+00  .403551980E+00
  .396360005E+00  .389212782E+00  .382112055E+00  .375059530E+00  .368056873E+00
  .361105711E+00  .354207630E+00  .347364174E+00  .340576843E+00  .333847095E+00
  .327176343E+00  .320565957E+00  .314017259E+00  .307531526E+00  .301109989E+00
  .294753830E+00  .288464186E+00  .282242143E+00  .276088743E+00  .270004974E+00
  .263991781E+00  .258050056E+00  .252180642E+00  .246384336E+00  .240661884E+00
  .235013981E+00  .229441277E+00  .223944369E+00  .218523809E+00  .213180097E+00
  .207913688E+00  .202724987E+00  .197614352E+00  .192582094E+00  .187628478E+00
  .182753721E+00  .177957997E+00  .173241432E+00  .168604110E+00  .164046069E+00
  .159567307E+00  .155167775E+00  .150847387E+00  .146606012E+00  .142443481E+00
  .138359587E+00  .134354080E+00  .130426677E+00  .126577055E+00  .122804857E+00
  .119109690E+00  .115491127E+00  .111948708E+00  .108481942E+00  .105090303E+00
  .101773240E+00  .985301675E-01  .953604756E-01  .922635251E-01  .892386509E-01
  .862851624E-01  .834023447E-01  .805894596E-01  .778457463E-01  .751704227E-01
  .725626862E-01  .700217148E-01  .675466682E-01  .651366882E-01  .627909005E-01
  .605084151E-01  .582883273E-01  .561297190E-01  .540316591E-01  .519932051E-01
  .500134034E-01  .480912906E-01  .462258945E-01  .444162345E-01  .426613231E-01
  .409601664E-01  .393117651E-01  .377151154E-01  .361692098E-01  .346730379E-01
  .332255874E-01  .318258447E-01  .304727961E-01  .291654280E-01  .279027282E-01
  .266836865E-01  .255072954E-01  .243725509E-01  .232784532E-01  .222240074E-01
  .212082244E-01  .202301211E-01  .192887217E-01  .183830577E-01  .175121690E-01
  .166751043E-01  .158709217E-01  .150986893E-01  .143574856E-01  .136464003E-01
  .129645345E-01  .123110013E-01  .116849265E-01  .110854484E-01  .105117189E-01
  .996290340E-02  .943818136E-02  .893674660E-02  .845780757E-02  .800058766E-02
  .756432544E-02  .714827489E-02  .675170560E-02  .637390293E-02  .601416821E-02
  .567181882E-02  .534618832E-02  .503662649E-02  .474249944E-02  .446318960E-02
  .419809574E-02  .394663295E-02  .370823263E-02  .348234238E-02  .326842596E-02
  .306596320E-02  .287444985E-02  .269339745E-02  .252233322E-02  .236079982E-02
  .220835522E-02  .206457247E-02  .192903952E-02  .180135893E-02  .168114768E-02
  .156803691E-02  .146167165E-02  .136171054E-02  .126782557E-02  .117970178E-02
  .109703694E-02  .101954130E-02  .946937258E-03  .878959026E-03  .815352351E-03
  .755874181E-03  .700292346E-03  .648385243E-03  .599941508E-03  .554759701E-03
  .512647982E-03  .473423793E-03  .436913545E-03  .402952297E-03  .371383453E-03
  .342058448E-03  .314836447E-03  .289584048E-03  .266174986E-03  .244489845E-03
  .224415773E-03  .205846208E-03  .188680604E-03  .172824170E-03  .158187606E-03
  .144686857E-03  .132242866E-03  .120781334E-03  .110232497E-03  .100530893E-03
  .916151562E-04  .834277990E-04  .759150163E-04  .690264896E-04  .627151995E-04
  .569372467E-04  .516516783E-04  .468203227E-04  .424076302E-04  .383805212E-04
  .347082405E-04  .313622188E-04  .283159393E-04  .255448122E-04  .230260543E-04
  .207385743E-04  .186628645E-04  .167808978E-04  .150760299E-04  .135329071E-04
  .121373786E-04  .108764144E-04  .973802695E-05  .871119798E-05  .778580937E-05
  .695257811E-05  .620299528E-05  .552926873E-05  .492426937E-05  .438148090E-05
  .389495276E-05  .345925618E-05  .306944317E-05  .272100831E-05  .240985308E-05
  .213225281E-05  .188482588E-05  .166450512E-05  .146851138E-05  .129432900E-05
  .113968306E-05  .100251850E-05  .880980716E-06  .773397742E-06  .678263812E-06
  .594224249E-06  .520061584E-06  .454682804E-06  .397107675E-06  .346458038E-06
  .301948028E-06  .262875133E-06  .228612036E-06  .198599181E-06  .172338002E-06
  .149384774E-06  .129345016E-06  .111868424E-06  .966442784E-07  .833972813E-07
  .718838019E-07  .618884829E-07  .532211809E-07  .457142119E-07  .392198730E-07
  .336082168E-07  .287650537E-07  .245901625E-07  .209956888E-07  .179047130E-07
  .152499730E-07  .129727241E-07  .110217253E-07  .935233672E-08  .792571887E-08
  .670812212E-08  .567025751E-08  .478674015E-08  .403559763E-08  .339783629E-08
  .285705925E-08  .239913027E-08  .201187848E-08  .168483937E-08  .140902783E-08
  .117673967E-08  .981378116E-09  .817302560E-09  .679696746E-09  .564454127E-09
  .468078287E-09  .387596577E-09  .320485319E-09  .264605125E-09  .218145052E-09
  .179574450E-09  .147601511E-09  .121137644E-09  .992668973E-10  .812197546E-10
  .663507233E-10  .541191830E-10  .440730557E-10  .358348996E-10  .290900868E-10
  .235767691E-10  .190773755E-10  .154114179E-10  .124294161E-10  .100077744E-10
  .804446889E-11  .645542340E-11  .517146928E-11  .413579789E-11  .330183302E-11
  .263145244E-11  .209350854E-11  .166259655E-11  .131803220E-11  .104300458E-11
  .823875230E-12  .649599470E-12  .511249339E-12  .401621163E-12  .314913265E-12
  .246461795E-12  .192524612E-12  .150104792E-12  .116806797E-12  .907194677E-13
  .703210255E-13  .544021021E-13  .420034881E-13  .323658918E-13  .248894701E-13
  .191012955E-13  .146292580E-13  .111811694E-13  .852806885E-14  .649091249E-14
  .492998255E-14  .373647874E-14  .282585603E-14  .213255752E-14  .160585914E-14
  .120659863E-14  .904606173E-15  .676690694E-15  .505065077E-15  .376117411E-15
  .279454381E-15  .207158216E-15  .153210829E-15  .113048570E-15  .832187489E-16
  .611152956E-16  .447757990E-16  .327260410E-16  .238611977E-16  .173552763E-16
  .125922451E-16  .911378762E-17  .657976573E-17  .473837445E-17  .340366890E-17
  .243868505E-17  .174279393E-17  .124225182E-17  .883156813E-18  .626212621E-18
  .442846061E-18  .312335844E-18  .219694897E-18  .154112609E-18  .107812054E-18
  .752139220E-19  .523264972E-19  .363018101E-19  .251135837E-19  .173242095E-19
  .119166160E-19  .817330356E-20  .558956219E-20  .381139245E-20  .259122676E-20
  .175643923E-20  .118701663E-20  .799772334E-21  .537219414E-21  .359751443E-21
  .240164388E-21  .159830447E-21  .106033913E-21  .701219347E-22  .462249227E-22
  .303739302E-22  .198937883E-22  .129871788E-22  .845049251E-23  .548034691E-23
  .354227098E-23  .228187579E-23  .146496553E-23  .937295681E-24  .597624166E-24
  .379726099E-24  .240431772E-24  .151698272E-24  .953728906E-25  .597465550E-25
  .372934351E-25  .231937725E-25  .143720157E-25  .887276468E-26  .545736298E-26
  .334408132E-26  .204140112E-26  .124143709E-26  .752061156E-27  .453837937E-27
  .272806465E-27  .163343429E-27  .974156316E-28  .578658490E-28  .342349207E-28
  .201723344E-28  .118377521E-28  .691822821E-29  .402642201E-29  .233361153E-29
  .134681730E-29  .774008178E-30  .442919628E-30  .252366953E-30  .143170577E-30
  .808675431E-31  .454756835E-31  .254597395E-31  .141900366E-31  .787322948E-32
  .434857550E-32  .239084043E-32  .130842335E-32  .712729313E-33  .386423926E-33
  .208521450E-33  .111987351E-33  .598553207E-34  .318372855E-34  .168520440E-34
  .887638427E-35  .465232577E-35  .242626414E-35  .125899290E-35  .649993325E-36
  .333870439E-36  .170613508E-36  .867357249E-37  .438646251E-37  .220670949E-37
  .110426326E-37  .549640914E-38  .272111299E-38  .133985306E-38  .656134216E-39
  .319547060E-39  .154762296E-39  .745358353E-40  .356957076E-40  .169980431E-40
  .804812876E-41  .378865298E-41  .177316592E-41  .825028832E-42  .381614179E-42
  .175467133E-42  .801979164E-43  .364339612E-43  .164515009E-43  .738312397E-44
  .329298549E-44  .145960002E-44  .642911965E-45  .281398522E-45  .122383727E-45
  .528854051E-46  .227058038E-46  .968512505E-47  .410411153E-47  .172765392E-47
  .722430302E-48  .300064449E-48  .123791302E-48  .507224426E-49  .206405804E-49
  .834127583E-50  .334740940E-50  .133391367E-50  .527795592E-51  .207347770E-51
  .808732335E-52  .313154137E-52  .120374726E-52  .459316446E-53  .173965751E-53
  .653982349E-54  .244002367E-54  .903489857E-55  .331994754E-55  .121058798E-55
  .438034708E-56  .157292155E-56  .560639323E-57  .198514902E-57  .700989524E-58
  .248180860E-58  .905530052E-59  .358183693E-59  .176928940E-59  .136221564E-59
  .000000000E+00  .000000000E+00  .000000000E+00  .000000000E+00  .000000000E+00
  .000000000E+00  .000000000E+00  .000000000E+00  .000000000E+00  .000000000E+00
  .000000000E+00  .000000000E+00  .000000000E+00  .000000000E+00  .000000000E+00
  .000000000E+00  .000000000E+00  .000000000E+00  .000000000E+00  .000000000E+00
  .000000000E+00  .000000000E+00  .000000000E+00  .000000000E+00  .000000000E+00
  .000000000E+00  .000000000E+00  .000000000E+00  .000000000E+00  .000000000E+00
  .000000000E+00  .000000000E+00  .000000000E+00  .000000000E+00  .000000000E+00
