  PAW Y                                  
 100
Core Pot   L  =         .00000  -3.39676
  -.30000000E+01  .15895490E+01
  -.29500000E+01  .15657944E+01
  -.29000000E+01  .15433450E+01
  -.28500000E+01  .15217837E+01
  -.28000000E+01  .15008330E+01
  -.27500000E+01  .14803000E+01
  -.27000000E+01  .14600461E+01
  -.26500000E+01  .14399680E+01
  -.26000000E+01  .14199868E+01
  -.25500000E+01  .14000405E+01
  -.25000000E+01  .13800789E+01
  -.24500000E+01  .13600607E+01
  -.24000000E+01  .13399509E+01
  -.23500000E+01  .13197193E+01
  -.23000000E+01  .12993391E+01
  -.22500000E+01  .12787862E+01
  -.22000000E+01  .12580382E+01
  -.21500000E+01  .12370744E+01
  -.21000000E+01  .12158746E+01
  -.20500000E+01  .11944196E+01
  -.20000000E+01  .11726903E+01
  -.19500000E+01  .11506678E+01
  -.19000000E+01  .11283330E+01
  -.18500000E+01  .11056664E+01
  -.18000000E+01  .10826482E+01
  -.17500000E+01  .10592577E+01
  -.17000000E+01  .10354736E+01
  -.16500000E+01  .10112733E+01
  -.16000000E+01  .98663353E+00
  -.15500000E+01  .96152928E+00
  -.15000000E+01  .93593424E+00
  -.14500000E+01  .90982038E+00
  -.14000000E+01  .88315778E+00
  -.13500000E+01  .85591442E+00
  -.13000000E+01  .82805590E+00
  -.12500000E+01  .79954520E+00
  -.12000000E+01  .77034235E+00
  -.11500000E+01  .74040409E+00
  -.11000000E+01  .70968348E+00
  -.10500000E+01  .67812948E+00
  -.10000000E+01  .64568642E+00
  -.95000000E+00  .61229346E+00
  -.90000000E+00  .57788389E+00
  -.85000000E+00  .54238443E+00
  -.80000000E+00  .50571433E+00
  -.75000000E+00  .46778436E+00
  -.70000000E+00  .42849564E+00
  -.65000000E+00  .38773825E+00
  -.60000000E+00  .34538963E+00
  -.55000000E+00  .30131267E+00
  -.50000000E+00  .25535342E+00
  -.45000000E+00  .20733841E+00
  -.40000000E+00  .15707143E+00
  -.35000000E+00  .10432956E+00
  -.30000000E+00  .48858493E-01
  -.25000000E+00 -.96332736E-02
  -.20000000E+00 -.71481555E-01
  -.15000000E+00 -.13707529E+00
  -.10000000E+00 -.20686754E+00
  -.50000000E-01 -.28138936E+00
  -.22898350E-14 -.36126741E+00
   .50000000E-01 -.44724656E+00
   .10000000E+00 -.54021931E+00
   .15000000E+00 -.64126433E+00
   .20000000E+00 -.75169781E+00
   .25000000E+00 -.87314290E+00
   .30000000E+00 -.10076248E+01
   .35000000E+00 -.11577038E+01
   .40000000E+00 -.13266646E+01
   .45000000E+00 -.15187926E+01
   .50000000E+00 -.17397866E+01
   .55000000E+00 -.19973945E+01
   .60000000E+00 -.23024256E+01
   .65000000E+00 -.26704292E+01
   .70000000E+00 -.31246146E+01
   .75000000E+00 -.37012304E+01
   .80000000E+00 -.44602210E+01
   .85000000E+00 -.55083747E+01
   .90000000E+00 -.70561957E+01
   .95000000E+00 -.95842058E+01
   .10000000E+01 -.14480286E+02
   .10500000E+01 -.28096506E+02
   .11000000E+01 -.27154548E+03
   .11500000E+01  .37190713E+02
   .12000000E+01  .17756670E+02
   .12500000E+01  .11795628E+02
   .13000000E+01  .88946618E+01
   .13500000E+01  .71730713E+01
   .14000000E+01  .60291712E+01
   .14500000E+01  .52110031E+01
   .15000000E+01  .45944749E+01
   .15500000E+01  .41113775E+01
   .16000000E+01  .37211086E+01
   .16500000E+01  .33979877E+01
   .17000000E+01  .31249765E+01
   .17500000E+01  .28903242E+01
   .18000000E+01  .26856630E+01
   .18500000E+01  .25048713E+01
   .19000000E+01  .23433664E+01
   .19500000E+01  .21976484E+01
   .20000000E+01  .20649974E+01
Potential  L  =         .00000  -3.39676
  -.30000000E+01  .15945160E+01
  -.29500000E+01  .15688223E+01
  -.29000000E+01  .15447069E+01
  -.28500000E+01  .15216645E+01
  -.28000000E+01  .14993584E+01
  -.27500000E+01  .14775547E+01
  -.27000000E+01  .14560844E+01
  -.26500000E+01  .14348212E+01
  -.26000000E+01  .14136678E+01
  -.25500000E+01  .13925469E+01
  -.25000000E+01  .13713955E+01
  -.24500000E+01  .13501606E+01
  -.24000000E+01  .13287965E+01
  -.23500000E+01  .13072628E+01
  -.23000000E+01  .12855226E+01
  -.22500000E+01  .12635417E+01
  -.22000000E+01  .12412876E+01
  -.21500000E+01  .12187286E+01
  -.21000000E+01  .11958332E+01
  -.20500000E+01  .11725698E+01
  -.20000000E+01  .11489062E+01
  -.19500000E+01  .11248087E+01
  -.19000000E+01  .11002423E+01
  -.18500000E+01  .10751700E+01
  -.18000000E+01  .10495520E+01
  -.17500000E+01  .10233459E+01
  -.17000000E+01  .99650557E+00
  -.16500000E+01  .96898089E+00
  -.16000000E+01  .94071693E+00
  -.15500000E+01  .91165325E+00
  -.15000000E+01  .88172297E+00
  -.14500000E+01  .85085176E+00
  -.14000000E+01  .81895662E+00
  -.13500000E+01  .78594439E+00
  -.13000000E+01  .75171004E+00
  -.12500000E+01  .71613457E+00
  -.12000000E+01  .67908248E+00
  -.11500000E+01  .64039867E+00
  -.11000000E+01  .59990459E+00
  -.10500000E+01  .55739355E+00
  -.10000000E+01  .51262476E+00
  -.95000000E+00  .46531588E+00
  -.90000000E+00  .41513342E+00
  -.85000000E+00  .36168053E+00
  -.80000000E+00  .30448093E+00
  -.75000000E+00  .24295766E+00
  -.70000000E+00  .17640519E+00
  -.65000000E+00  .10395060E+00
  -.60000000E+00  .24500957E-01
  -.55000000E+00 -.63331263E-01
  -.50000000E+00 -.16133496E+00
  -.45000000E+00 -.27185743E+00
  -.40000000E+00 -.39804132E+00
  -.35000000E+00 -.54419352E+00
  -.30000000E+00 -.71638033E+00
  -.25000000E+00 -.92342946E+00
  -.20000000E+00 -.11787048E+01
  -.15000000E+00 -.15034524E+01
  -.10000000E+00 -.19336195E+01
  -.50000000E-01 -.25352373E+01
  -.22898350E-14 -.34442261E+01
   .50000000E-01 -.49921522E+01
   .10000000E+00 -.82561833E+01
   .15000000E+00 -.19846284E+02
   .20000000E+00  .73126287E+02
   .25000000E+00  .13803924E+02
   .30000000E+00  .78737740E+01
   .35000000E+00  .56106249E+01
   .40000000E+00  .44081318E+01
   .45000000E+00  .36566582E+01
   .50000000E+00  .31385293E+01
   .55000000E+00  .27566373E+01
   .60000000E+00  .24611141E+01
   .65000000E+00  .22237170E+01
   .70000000E+00  .20272488E+01
   .75000000E+00  .18606365E+01
   .80000000E+00  .17164249E+01
   .85000000E+00  .15894081E+01
   .90000000E+00  .14758382E+01
   .95000000E+00  .13729462E+01
   .10000000E+01  .12786395E+01
   .10500000E+01  .11913054E+01
   .11000000E+01  .11096787E+01
   .11500000E+01  .10327511E+01
   .12000000E+01  .95970681E+00
   .12500000E+01  .88987705E+00
   .13000000E+01  .82270622E+00
   .13500000E+01  .75772705E+00
   .14000000E+01  .69454172E+00
   .14500000E+01  .63280757E+00
   .15000000E+01  .57222524E+00
   .15500000E+01  .51253156E+00
   .16000000E+01  .45349102E+00
   .16500000E+01  .39488979E+00
   .17000000E+01  .33653268E+00
   .17500000E+01  .27823832E+00
   .18000000E+01  .21983625E+00
   .18500000E+01  .16116376E+00
   .19000000E+01  .10206386E+00
   .19500000E+01  .42382970E-01
   .20000000E+01 -.18031095E-01
Core Pot   L  =        1.00000  -1.93643
  -.30000000E+01  .15463413E+01
  -.29500000E+01  .15276976E+01
  -.29000000E+01  .15085755E+01
  -.28500000E+01  .14889169E+01
  -.28000000E+01  .14686515E+01
  -.27500000E+01  .14476928E+01
  -.27000000E+01  .14259334E+01
  -.26500000E+01  .14032379E+01
  -.26000000E+01  .13794331E+01
  -.25500000E+01  .13542926E+01
  -.25000000E+01  .13275155E+01
  -.24500000E+01  .12986918E+01
  -.24000000E+01  .12672474E+01
  -.23500000E+01  .12323517E+01
  -.23000000E+01  .11927559E+01
  -.22500000E+01  .11464894E+01
  -.22000000E+01  .10902479E+01
  -.21500000E+01  .10180316E+01
  -.21000000E+01  .91768607E+00
  -.20500000E+01  .76027469E+00
  -.20000000E+01  .45581403E+00
  -.19500000E+01 -.48753306E+00
  -.19000000E+01  .16285689E+02
  -.18500000E+01  .26486460E+01
  -.18000000E+01  .19537572E+01
  -.17500000E+01  .16937880E+01
  -.17000000E+01  .15506471E+01
  -.16500000E+01  .14555050E+01
  -.16000000E+01  .13846272E+01
  -.15500000E+01  .13276364E+01
  -.15000000E+01  .12792712E+01
  -.14500000E+01  .12365765E+01
  -.14000000E+01  .11977615E+01
  -.13500000E+01  .11616755E+01
  -.13000000E+01  .11275429E+01
  -.12500000E+01  .10948196E+01
  -.12000000E+01  .10631110E+01
  -.11500000E+01  .10321218E+01
  -.11000000E+01  .10016246E+01
  -.10500000E+01  .97144037E+00
  -.10000000E+01  .94142386E+00
  -.95000000E+00  .91145484E+00
  -.90000000E+00  .88143126E+00
  -.85000000E+00  .85126449E+00
  -.80000000E+00  .82087573E+00
  -.75000000E+00  .79019340E+00
  -.70000000E+00  .75915105E+00
  -.65000000E+00  .72768569E+00
  -.60000000E+00  .69573651E+00
  -.55000000E+00  .66324372E+00
  -.50000000E+00  .63014762E+00
  -.45000000E+00  .59638771E+00
  -.40000000E+00  .56190192E+00
  -.35000000E+00  .52662586E+00
  -.30000000E+00  .49049203E+00
  -.25000000E+00  .45342911E+00
  -.20000000E+00  .41536112E+00
  -.15000000E+00  .37620658E+00
  -.10000000E+00  .33587761E+00
  -.50000000E-01  .29427886E+00
  -.22898350E-14  .25130638E+00
   .50000000E-01  .20684628E+00
   .10000000E+00  .16077326E+00
   .15000000E+00  .11294885E+00
   .20000000E+00  .63219377E-01
   .25000000E+00  .11413603E-01
   .30000000E+00 -.42660083E-01
   .35000000E+00 -.99217000E-01
   .40000000E+00 -.15850015E+00
   .45000000E+00 -.22078503E+00
   .50000000E+00 -.28638537E+00
   .55000000E+00 -.35566027E+00
   .60000000E+00 -.42902282E+00
   .65000000E+00 -.50695085E+00
   .70000000E+00 -.59000032E+00
   .75000000E+00 -.67882210E+00
   .80000000E+00 -.77418337E+00
   .85000000E+00 -.87699497E+00
   .90000000E+00 -.98834689E+00
   .95000000E+00 -.11095548E+01
   .10000000E+01 -.12422221E+01
   .10500000E+01 -.13883227E+01
   .11000000E+01 -.15503158E+01
   .11500000E+01 -.17313047E+01
   .12000000E+01 -.19352623E+01
   .12500000E+01 -.21673601E+01
   .13000000E+01 -.24344566E+01
   .13500000E+01 -.27458476E+01
   .14000000E+01 -.31144547E+01
   .14500000E+01 -.35587849E+01
   .15000000E+01 -.41063161E+01
   .15500000E+01 -.47996824E+01
   .16000000E+01 -.57087991E+01
   .16500000E+01 -.69568408E+01
   .17000000E+01 -.87828919E+01
   .17500000E+01 -.11720239E+02
   .18000000E+01 -.17249995E+02
   .18500000E+01 -.31590737E+02
   .19000000E+01 -.16024071E+03
   .19500000E+01  .54370318E+02
   .20000000E+01  .23610306E+02
Potential  L  =        1.00000  -1.93643
  -.30000000E+01  .15264265E+01
  -.29500000E+01  .15062968E+01
  -.29000000E+01  .14855262E+01
  -.28500000E+01  .14640314E+01
  -.28000000E+01  .14417113E+01
  -.27500000E+01  .14184419E+01
  -.27000000E+01  .13940695E+01
  -.26500000E+01  .13684006E+01
  -.26000000E+01  .13411885E+01
  -.25500000E+01  .13121124E+01
  -.25000000E+01  .12807483E+01
  -.24500000E+01  .12465221E+01
  -.24000000E+01  .12086371E+01
  -.23500000E+01  .11659535E+01
  -.23000000E+01  .11167797E+01
  -.22500000E+01  .10584925E+01
  -.22000000E+01  .98678977E+00
  -.21500000E+01  .89408914E+00
  -.21000000E+01  .76566070E+00
  -.20500000E+01  .56859850E+00
  -.20000000E+01  .21125571E+00
  -.19500000E+01 -.69352792E+00
  -.19000000E+01 -.89741656E+01
  -.18500000E+01  .44998533E+01
  -.18000000E+01  .26374609E+01
  -.17500000E+01  .21109580E+01
  -.17000000E+01  .18541589E+01
  -.16500000E+01  .16969042E+01
  -.16000000E+01  .15872033E+01
  -.15500000E+01  .15038250E+01
  -.15000000E+01  .14364785E+01
  -.14500000E+01  .13795656E+01
  -.14000000E+01  .13297787E+01
  -.13500000E+01  .12850349E+01
  -.13000000E+01  .12439551E+01
  -.12500000E+01  .12055879E+01
  -.12000000E+01  .11692541E+01
  -.11500000E+01  .11344539E+01
  -.11000000E+01  .11008096E+01
  -.10500000E+01  .10680290E+01
  -.10000000E+01  .10358810E+01
  -.95000000E+00  .10041787E+01
  -.90000000E+00  .97276796E+00
  -.85000000E+00  .94151923E+00
  -.80000000E+00  .91032117E+00
  -.75000000E+00  .87907635E+00
  -.70000000E+00  .84769781E+00
  -.65000000E+00  .81610636E+00
  -.60000000E+00  .78422854E+00
  -.55000000E+00  .75199488E+00
  -.50000000E+00  .71933856E+00
  -.45000000E+00  .68619417E+00
  -.40000000E+00  .65249671E+00
  -.35000000E+00  .61818061E+00
  -.30000000E+00  .58317891E+00
  -.25000000E+00  .54742237E+00
  -.20000000E+00  .51083866E+00
  -.15000000E+00  .47335149E+00
  -.10000000E+00  .43487973E+00
  -.50000000E-01  .39533643E+00
  -.22898350E-14  .35462773E+00
   .50000000E-01  .31265184E+00
   .10000000E+00  .26929744E+00
   .15000000E+00  .22444239E+00
   .20000000E+00  .17795191E+00
   .25000000E+00  .12967641E+00
   .30000000E+00  .79449323E-01
   .35000000E+00  .27084093E-01
   .40000000E+00 -.27629092E-01
   .45000000E+00 -.84927458E-01
   .50000000E+00 -.14508040E+00
   .55000000E+00 -.20839550E+00
   .60000000E+00 -.27522581E+00
   .65000000E+00 -.34597876E+00
   .70000000E+00 -.42112743E+00
   .75000000E+00 -.50122443E+00
   .80000000E+00 -.58691973E+00
   .85000000E+00 -.67898343E+00
   .90000000E+00 -.77833483E+00
   .95000000E+00 -.88608110E+00
   .10000000E+01 -.10035681E+01
   .10500000E+01 -.11324483E+01
   .11000000E+01 -.12747745E+01
   .11500000E+01 -.14331285E+01
   .12000000E+01 -.16108041E+01
   .12500000E+01 -.18120717E+01
   .13000000E+01 -.20425689E+01
   .13500000E+01 -.23098968E+01
   .14000000E+01 -.26245573E+01
   .14500000E+01 -.30014831E+01
   .15000000E+01 -.34626526E+01
   .15500000E+01 -.40418022E+01
   .16000000E+01 -.47935064E+01
   .16500000E+01 -.58122095E+01
   .17000000E+01 -.72767681E+01
   .17500000E+01 -.95719264E+01
   .18000000E+01 -.13704267E+02
   .18500000E+01 -.23410421E+02
   .19000000E+01 -.73905388E+02
   .19500000E+01  .67807129E+02
   .20000000E+01  .23658862E+02
Core Pot   L  =        2.00000   -.12040
  -.30000000E+01  .16971003E+01
  -.29500000E+01  .16821164E+01
  -.29000000E+01  .16669899E+01
  -.28500000E+01  .16517165E+01
  -.28000000E+01  .16362916E+01
  -.27500000E+01  .16207104E+01
  -.27000000E+01  .16049677E+01
  -.26500000E+01  .15890582E+01
  -.26000000E+01  .15729761E+01
  -.25500000E+01  .15567153E+01
  -.25000000E+01  .15402696E+01
  -.24500000E+01  .15236320E+01
  -.24000000E+01  .15067953E+01
  -.23500000E+01  .14897518E+01
  -.23000000E+01  .14724932E+01
  -.22500000E+01  .14550107E+01
  -.22000000E+01  .14372950E+01
  -.21500000E+01  .14193358E+01
  -.21000000E+01  .14011223E+01
  -.20500000E+01  .13826429E+01
  -.20000000E+01  .13638849E+01
  -.19500000E+01  .13448347E+01
  -.19000000E+01  .13254775E+01
  -.18500000E+01  .13057974E+01
  -.18000000E+01  .12857769E+01
  -.17500000E+01  .12653970E+01
  -.17000000E+01  .12446369E+01
  -.16500000E+01  .12234738E+01
  -.16000000E+01  .12018826E+01
  -.15500000E+01  .11798358E+01
  -.15000000E+01  .11573026E+01
  -.14500000E+01  .11342491E+01
  -.14000000E+01  .11106374E+01
  -.13500000E+01  .10864252E+01
  -.13000000E+01  .10615648E+01
  -.12500000E+01  .10360025E+01
  -.12000000E+01  .10096776E+01
  -.11500000E+01  .98252073E+00
  -.11000000E+01  .95445265E+00
  -.10500000E+01  .92538215E+00
  -.10000000E+01  .89520366E+00
  -.95000000E+00  .86379415E+00
  -.90000000E+00  .83100936E+00
  -.85000000E+00  .79667878E+00
  -.80000000E+00  .76059932E+00
  -.75000000E+00  .72252689E+00
  -.70000000E+00  .68216532E+00
  -.65000000E+00  .63915143E+00
  -.60000000E+00  .59303461E+00
  -.55000000E+00  .54324848E+00
  -.50000000E+00  .48907059E+00
  -.45000000E+00  .42956426E+00
  -.40000000E+00  .36349191E+00
  -.35000000E+00  .28918292E+00
  -.30000000E+00  .20432467E+00
  -.25000000E+00  .10562005E+00
  -.20000000E+00 -.11801223E-01
  -.15000000E+00 -.15545080E+00
  -.10000000E+00 -.33755753E+00
  -.50000000E-01 -.57946664E+00
  -.22898350E-14 -.92209126E+00
   .50000000E-01 -.14550224E+01
   .10000000E+00 -.24196181E+01
   .15000000E+00 -.47665846E+01
   .20000000E+00 -.19982602E+02
   .25000000E+00  .12341941E+02
   .30000000E+00  .51923619E+01
   .35000000E+00  .34409128E+01
   .40000000E+00  .26370342E+01
   .45000000E+00  .21676072E+01
   .50000000E+00  .18544040E+01
   .55000000E+00  .16265624E+01
   .60000000E+00  .14503110E+01
   .65000000E+00  .13075007E+01
   .70000000E+00  .11875004E+01
   .75000000E+00  .10836624E+01
   .80000000E+00  .99161042E+00
   .85000000E+00  .90833951E+00
   .90000000E+00  .83171237E+00
   .95000000E+00  .76016177E+00
   .10000000E+01  .69250694E+00
   .10500000E+01  .62783614E+00
   .11000000E+01  .56542896E+00
   .11500000E+01  .50470348E+00
   .12000000E+01  .44517933E+00
   .12500000E+01  .38645139E+00
   .13000000E+01  .32817044E+00
   .13500000E+01  .27002875E+00
   .14000000E+01  .21174906E+00
   .14500000E+01  .15307586E+00
   .15000000E+01  .93768381E-01
   .15500000E+01  .33594817E-01
   .16000000E+01 -.27672758E-01
   .16500000E+01 -.90262889E-01
   .17000000E+01 -.15440894E+00
   .17500000E+01 -.22035321E+00
   .18000000E+01 -.28835106E+00
   .18500000E+01 -.35867532E+00
   .19000000E+01 -.43162100E+00
   .19500000E+01 -.50751059E+00
   .20000000E+01 -.58670013E+00
Potential  L  =        2.00000   -.12040
  -.30000000E+01  .16947169E+01
  -.29500000E+01  .16796259E+01
  -.29000000E+01  .16643868E+01
  -.28500000E+01  .16489951E+01
  -.28000000E+01  .16334456E+01
  -.27500000E+01  .16177332E+01
  -.27000000E+01  .16018524E+01
  -.26500000E+01  .15857974E+01
  -.26000000E+01  .15695619E+01
  -.25500000E+01  .15531394E+01
  -.25000000E+01  .15365230E+01
  -.24500000E+01  .15197053E+01
  -.24000000E+01  .15026783E+01
  -.23500000E+01  .14854337E+01
  -.23000000E+01  .14679625E+01
  -.22500000E+01  .14502552E+01
  -.22000000E+01  .14323014E+01
  -.21500000E+01  .14140902E+01
  -.21000000E+01  .13956098E+01
  -.20500000E+01  .13768473E+01
  -.20000000E+01  .13577891E+01
  -.19500000E+01  .13384203E+01
  -.19000000E+01  .13187248E+01
  -.18500000E+01  .12986852E+01
  -.18000000E+01  .12782826E+01
  -.17500000E+01  .12574962E+01
  -.17000000E+01  .12363035E+01
  -.16500000E+01  .12146797E+01
  -.16000000E+01  .11925977E+01
  -.15500000E+01  .11700276E+01
  -.15000000E+01  .11469363E+01
  -.14500000E+01  .11232873E+01
  -.14000000E+01  .10990398E+01
  -.13500000E+01  .10741486E+01
  -.13000000E+01  .10485628E+01
  -.12500000E+01  .10222254E+01
  -.12000000E+01  .99507217E+00
  -.11500000E+01  .96703016E+00
  -.11000000E+01  .93801649E+00
  -.10500000E+01  .90793639E+00
  -.10000000E+01  .87668083E+00
  -.95000000E+00  .84412392E+00
  -.90000000E+00  .81011924E+00
  -.85000000E+00  .77449546E+00
  -.80000000E+00  .73705070E+00
  -.75000000E+00  .69754534E+00
  -.70000000E+00  .65569254E+00
  -.65000000E+00  .61114592E+00
  -.60000000E+00  .56348307E+00
  -.55000000E+00  .51218327E+00
  -.50000000E+00  .45659676E+00
  -.45000000E+00  .39590200E+00
  -.40000000E+00  .32904428E+00
  -.35000000E+00  .25464642E+00
  -.30000000E+00  .17087454E+00
  -.25000000E+00  .75230945E-01
  -.20000000E+00 -.35777009E-01
  -.15000000E+00 -.16718852E+00
  -.10000000E+00 -.32655357E+00
  -.50000000E-01 -.52572166E+00
  -.22898350E-14 -.78441386E+00
   .50000000E-01 -.11380663E+01
   .10000000E+00 -.16573866E+01
   .15000000E+00 -.25067938E+01
   .20000000E+00 -.41766358E+01
   .25000000E+00 -.90844218E+01
   .30000000E+00 -.56468616E+03
   .35000000E+00  .10939427E+02
   .40000000E+00  .57635485E+01
   .45000000E+00  .40425737E+01
   .50000000E+00  .31734952E+01
   .55000000E+00  .26431162E+01
   .60000000E+00  .22813757E+01
   .65000000E+00  .20156281E+01
   .70000000E+00  .18096230E+01
   .75000000E+00  .16432450E+01
   .80000000E+00  .15044312E+01
   .85000000E+00  .13855048E+01
   .90000000E+00  .12813441E+01
   .95000000E+00  .11883982E+01
   .10000000E+01  .11041244E+01
   .10500000E+01  .10266513E+01
   .11000000E+01  .95456856E+00
   .11500000E+01  .88678989E+00
   .12000000E+01  .82246260E+00
   .12500000E+01  .76090764E+00
   .13000000E+01  .70157005E+00
   .13500000E+01  .64399436E+00
   .14000000E+01  .58779840E+00
   .14500000E+01  .53265710E+00
   .15000000E+01  .47828980E+00
   .15500000E+01  .42445042E+00
   .16000000E+01  .37091985E+00
   .16500000E+01  .31750007E+00
   .17000000E+01  .26400903E+00
   .17500000E+01  .21027682E+00
   .18000000E+01  .15614243E+00
   .18500000E+01  .10145048E+00
   .19000000E+01  .46049255E-01
   .19500000E+01 -.10211853E-01
   .20000000E+01 -.67484420E-01
Core Pot   L  =        3.00000    .00000
  -.30000000E+01  .18712783E+01
  -.29500000E+01  .18580468E+01
  -.29000000E+01  .18447242E+01
  -.28500000E+01  .18313087E+01
  -.28000000E+01  .18177985E+01
  -.27500000E+01  .18041916E+01
  -.27000000E+01  .17904859E+01
  -.26500000E+01  .17766793E+01
  -.26000000E+01  .17627696E+01
  -.25500000E+01  .17487546E+01
  -.25000000E+01  .17346320E+01
  -.24500000E+01  .17203993E+01
  -.24000000E+01  .17060540E+01
  -.23500000E+01  .16915934E+01
  -.23000000E+01  .16770150E+01
  -.22500000E+01  .16623159E+01
  -.22000000E+01  .16474931E+01
  -.21500000E+01  .16325437E+01
  -.21000000E+01  .16174644E+01
  -.20500000E+01  .16022521E+01
  -.20000000E+01  .15869032E+01
  -.19500000E+01  .15714142E+01
  -.19000000E+01  .15557814E+01
  -.18500000E+01  .15400010E+01
  -.18000000E+01  .15240689E+01
  -.17500000E+01  .15079808E+01
  -.17000000E+01  .14917324E+01
  -.16500000E+01  .14753191E+01
  -.16000000E+01  .14587360E+01
  -.15500000E+01  .14419781E+01
  -.15000000E+01  .14250400E+01
  -.14500000E+01  .14079164E+01
  -.14000000E+01  .13906012E+01
  -.13500000E+01  .13730884E+01
  -.13000000E+01  .13553716E+01
  -.12500000E+01  .13374440E+01
  -.12000000E+01  .13192984E+01
  -.11500000E+01  .13009273E+01
  -.11000000E+01  .12823229E+01
  -.10500000E+01  .12634767E+01
  -.10000000E+01  .12443799E+01
  -.95000000E+00  .12250231E+01
  -.90000000E+00  .12053965E+01
  -.85000000E+00  .11854893E+01
  -.80000000E+00  .11652906E+01
  -.75000000E+00  .11447884E+01
  -.70000000E+00  .11239701E+01
  -.65000000E+00  .11028222E+01
  -.60000000E+00  .10813304E+01
  -.55000000E+00  .10594792E+01
  -.50000000E+00  .10372524E+01
  -.45000000E+00  .10146322E+01
  -.40000000E+00  .99159974E+00
  -.35000000E+00  .96813481E+00
  -.30000000E+00  .94421552E+00
  -.25000000E+00  .91981830E+00
  -.20000000E+00  .89491772E+00
  -.15000000E+00  .86948622E+00
  -.10000000E+00  .84349393E+00
  -.50000000E-01  .81690843E+00
  -.22898350E-14  .78969436E+00
   .50000000E-01  .76181321E+00
   .10000000E+00  .73322280E+00
   .15000000E+00  .70387694E+00
   .20000000E+00  .67372485E+00
   .25000000E+00  .64271058E+00
   .30000000E+00  .61077231E+00
   .35000000E+00  .57784154E+00
   .40000000E+00  .54384214E+00
   .45000000E+00  .50868919E+00
   .50000000E+00  .47228771E+00
   .55000000E+00  .43453102E+00
   .60000000E+00  .39529887E+00
   .65000000E+00  .35445515E+00
   .70000000E+00  .31184515E+00
   .75000000E+00  .26729219E+00
   .80000000E+00  .22059351E+00
   .85000000E+00  .17151518E+00
   .90000000E+00  .11978580E+00
   .95000000E+00  .65088562E-01
   .10000000E+01  .70511905E-02
   .10500000E+01 -.54766868E-01
   .11000000E+01 -.12089104E+00
   .11500000E+01 -.19195330E+00
   .12000000E+01 -.26872088E+00
   .12500000E+01 -.35213475E+00
   .13000000E+01 -.44336216E+00
   .13500000E+01 -.54386936E+00
   .14000000E+01 -.65552446E+00
   .14500000E+01 -.78074588E+00
   .15000000E+01 -.92272182E+00
   .15500000E+01 -.10857441E+01
   .16000000E+01 -.12757324E+01
   .16500000E+01 -.15010880E+01
   .17000000E+01 -.17741495E+01
   .17500000E+01 -.21138085E+01
   .18000000E+01 -.25505302E+01
   .18500000E+01 -.31368263E+01
   .19000000E+01 -.39716140E+01
   .19500000E+01 -.52660341E+01
   .20000000E+01 -.75656553E+01
Potential  L  =        3.00000    .00000
  -.30000000E+01  .18717559E+01
  -.29500000E+01  .18585448E+01
  -.29000000E+01  .18452439E+01
  -.28500000E+01  .18318513E+01
  -.28000000E+01  .18183653E+01
  -.27500000E+01  .18047838E+01
  -.27000000E+01  .17911050E+01
  -.26500000E+01  .17773269E+01
  -.26000000E+01  .17634474E+01
  -.25500000E+01  .17494642E+01
  -.25000000E+01  .17353753E+01
  -.24500000E+01  .17211782E+01
  -.24000000E+01  .17068706E+01
  -.23500000E+01  .16924500E+01
  -.23000000E+01  .16779139E+01
  -.22500000E+01  .16632596E+01
  -.22000000E+01  .16484843E+01
  -.21500000E+01  .16335852E+01
  -.21000000E+01  .16185594E+01
  -.20500000E+01  .16034037E+01
  -.20000000E+01  .15881150E+01
  -.19500000E+01  .15726899E+01
  -.19000000E+01  .15571251E+01
  -.18500000E+01  .15414169E+01
  -.18000000E+01  .15255616E+01
  -.17500000E+01  .15095552E+01
  -.17000000E+01  .14933939E+01
  -.16500000E+01  .14770732E+01
  -.16000000E+01  .14605889E+01
  -.15500000E+01  .14439363E+01
  -.15000000E+01  .14271106E+01
  -.14500000E+01  .14101069E+01
  -.14000000E+01  .13929198E+01
  -.13500000E+01  .13755440E+01
  -.13000000E+01  .13579736E+01
  -.12500000E+01  .13402026E+01
  -.12000000E+01  .13222248E+01
  -.11500000E+01  .13040335E+01
  -.11000000E+01  .12856218E+01
  -.10500000E+01  .12669824E+01
  -.10000000E+01  .12481077E+01
  -.95000000E+00  .12289895E+01
  -.90000000E+00  .12096194E+01
  -.85000000E+00  .11899884E+01
  -.80000000E+00  .11700870E+01
  -.75000000E+00  .11499054E+01
  -.70000000E+00  .11294330E+01
  -.65000000E+00  .11086586E+01
  -.60000000E+00  .10875704E+01
  -.55000000E+00  .10661559E+01
  -.50000000E+00  .10444020E+01
  -.45000000E+00  .10222944E+01
  -.40000000E+00  .99981825E+00
  -.35000000E+00  .97695757E+00
  -.30000000E+00  .95369541E+00
  -.25000000E+00  .93001364E+00
  -.20000000E+00  .90589292E+00
  -.15000000E+00  .88131256E+00
  -.10000000E+00  .85625041E+00
  -.50000000E-01  .83068271E+00
  -.22898350E-14  .80458394E+00
   .50000000E-01  .77792667E+00
   .10000000E+00  .75068134E+00
   .15000000E+00  .72281607E+00
   .20000000E+00  .69429641E+00
   .25000000E+00  .66508507E+00
   .30000000E+00  .63514161E+00
   .35000000E+00  .60442209E+00
   .40000000E+00  .57287872E+00
   .45000000E+00  .54045933E+00
   .50000000E+00  .50710693E+00
   .55000000E+00  .47275909E+00
   .60000000E+00  .43734726E+00
   .65000000E+00  .40079587E+00
   .70000000E+00  .36302196E+00
   .75000000E+00  .32393333E+00
   .80000000E+00  .28342783E+00
   .85000000E+00  .24139181E+00
   .90000000E+00  .19769845E+00
   .95000000E+00  .15220572E+00
   .10000000E+01  .10475404E+00
   .10500000E+01  .55163627E-01
   .11000000E+01  .32303813E-02
   .11500000E+01 -.51277130E-01
   .12000000E+01 -.10862341E+00
   .12500000E+01 -.16911189E+00
   .13000000E+01 -.23309243E+00
   .13500000E+01 -.30097068E+00
   .14000000E+01 -.37321962E+00
   .14500000E+01 -.45039433E+00
   .15000000E+01 -.53315060E+00
   .15500000E+01 -.62226903E+00
   .16000000E+01 -.71868627E+00
   .16500000E+01 -.82353628E+00
   .17000000E+01 -.93820526E+00
   .17500000E+01 -.10644062E+01
   .18000000E+01 -.12042812E+01
   .18500000E+01 -.13605455E+01
   .19000000E+01 -.15366930E+01
   .19500000E+01 -.17372970E+01
   .20000000E+01 -.19684634E+01
Core Pot   L  =        4.00000    .00000
  -.30000000E+01  .20709704E+01
  -.29500000E+01  .20591649E+01
  -.29000000E+01  .20472966E+01
  -.28500000E+01  .20353645E+01
  -.28000000E+01  .20233675E+01
  -.27500000E+01  .20113048E+01
  -.27000000E+01  .19991751E+01
  -.26500000E+01  .19869776E+01
  -.26000000E+01  .19747111E+01
  -.25500000E+01  .19623745E+01
  -.25000000E+01  .19499666E+01
  -.24500000E+01  .19374863E+01
  -.24000000E+01  .19249324E+01
  -.23500000E+01  .19123037E+01
  -.23000000E+01  .18995988E+01
  -.22500000E+01  .18868165E+01
  -.22000000E+01  .18739555E+01
  -.21500000E+01  .18610143E+01
  -.21000000E+01  .18479916E+01
  -.20500000E+01  .18348859E+01
  -.20000000E+01  .18216957E+01
  -.19500000E+01  .18084195E+01
  -.19000000E+01  .17950558E+01
  -.18500000E+01  .17816028E+01
  -.18000000E+01  .17680589E+01
  -.17500000E+01  .17544224E+01
  -.17000000E+01  .17406916E+01
  -.16500000E+01  .17268645E+01
  -.16000000E+01  .17129393E+01
  -.15500000E+01  .16989141E+01
  -.15000000E+01  .16847869E+01
  -.14500000E+01  .16705555E+01
  -.14000000E+01  .16562179E+01
  -.13500000E+01  .16417719E+01
  -.13000000E+01  .16272152E+01
  -.12500000E+01  .16125454E+01
  -.12000000E+01  .15977602E+01
  -.11500000E+01  .15828569E+01
  -.11000000E+01  .15678331E+01
  -.10500000E+01  .15526860E+01
  -.10000000E+01  .15374129E+01
  -.95000000E+00  .15220108E+01
  -.90000000E+00  .15064769E+01
  -.85000000E+00  .14908080E+01
  -.80000000E+00  .14750009E+01
  -.75000000E+00  .14590523E+01
  -.70000000E+00  .14429589E+01
  -.65000000E+00  .14267169E+01
  -.60000000E+00  .14103227E+01
  -.55000000E+00  .13937725E+01
  -.50000000E+00  .13770623E+01
  -.45000000E+00  .13601878E+01
  -.40000000E+00  .13431449E+01
  -.35000000E+00  .13259288E+01
  -.30000000E+00  .13085351E+01
  -.25000000E+00  .12909588E+01
  -.20000000E+00  .12731948E+01
  -.15000000E+00  .12552378E+01
  -.10000000E+00  .12370823E+01
  -.50000000E-01  .12187224E+01
  -.22898350E-14  .12001522E+01
   .50000000E-01  .11813653E+01
   .10000000E+00  .11623551E+01
   .15000000E+00  .11431148E+01
   .20000000E+00  .11236370E+01
   .25000000E+00  .11039141E+01
   .30000000E+00  .10839383E+01
   .35000000E+00  .10637012E+01
   .40000000E+00  .10431940E+01
   .45000000E+00  .10224074E+01
   .50000000E+00  .10013319E+01
   .55000000E+00  .97995714E+00
   .60000000E+00  .95827248E+00
   .65000000E+00  .93626657E+00
   .70000000E+00  .91392747E+00
   .75000000E+00  .89124257E+00
   .80000000E+00  .86819854E+00
   .85000000E+00  .84478129E+00
   .90000000E+00  .82097590E+00
   .95000000E+00  .79676656E+00
   .10000000E+01  .77213649E+00
   .10500000E+01  .74706789E+00
   .11000000E+01  .72154182E+00
   .11500000E+01  .69553814E+00
   .12000000E+01  .66903539E+00
   .12500000E+01  .64201069E+00
   .13000000E+01  .61443960E+00
   .13500000E+01  .58629600E+00
   .14000000E+01  .55755193E+00
   .14500000E+01  .52817743E+00
   .15000000E+01  .49814032E+00
   .15500000E+01  .46740604E+00
   .16000000E+01  .43593739E+00
   .16500000E+01  .40369424E+00
   .17000000E+01  .37063331E+00
   .17500000E+01  .33670775E+00
   .18000000E+01  .30186684E+00
   .18500000E+01  .26605553E+00
   .19000000E+01  .22921398E+00
   .19500000E+01  .19127698E+00
   .20000000E+01  .15217338E+00
Potential  L  =        4.00000    .00000
  -.30000000E+01  .20710977E+01
  -.29500000E+01  .20592956E+01
  -.29000000E+01  .20474291E+01
  -.28500000E+01  .20355022E+01
  -.28000000E+01  .20235088E+01
  -.27500000E+01  .20114504E+01
  -.27000000E+01  .19993249E+01
  -.26500000E+01  .19871303E+01
  -.26000000E+01  .19748696E+01
  -.25500000E+01  .19625367E+01
  -.25000000E+01  .19501351E+01
  -.24500000E+01  .19376602E+01
  -.24000000E+01  .19251122E+01
  -.23500000E+01  .19124880E+01
  -.23000000E+01  .18997903E+01
  -.22500000E+01  .18870136E+01
  -.22000000E+01  .18741606E+01
  -.21500000E+01  .18612254E+01
  -.21000000E+01  .18482111E+01
  -.20500000E+01  .18351136E+01
  -.20000000E+01  .18219313E+01
  -.19500000E+01  .18086631E+01
  -.19000000E+01  .17953085E+01
  -.18500000E+01  .17818658E+01
  -.18000000E+01  .17683322E+01
  -.17500000E+01  .17547061E+01
  -.17000000E+01  .17409862E+01
  -.16500000E+01  .17271698E+01
  -.16000000E+01  .17132577E+01
  -.15500000E+01  .16992444E+01
  -.15000000E+01  .16851316E+01
  -.14500000E+01  .16709134E+01
  -.14000000E+01  .16565916E+01
  -.13500000E+01  .16421603E+01
  -.13000000E+01  .16276196E+01
  -.12500000E+01  .16129680E+01
  -.12000000E+01  .15982009E+01
  -.11500000E+01  .15833166E+01
  -.11000000E+01  .15683117E+01
  -.10500000E+01  .15531866E+01
  -.10000000E+01  .15379348E+01
  -.95000000E+00  .15225568E+01
  -.90000000E+00  .15070465E+01
  -.85000000E+00  .14914034E+01
  -.80000000E+00  .14756234E+01
  -.75000000E+00  .14597044E+01
  -.70000000E+00  .14436402E+01
  -.65000000E+00  .14274309E+01
  -.60000000E+00  .14110694E+01
  -.55000000E+00  .13945553E+01
  -.50000000E+00  .13778823E+01
  -.45000000E+00  .13610471E+01
  -.40000000E+00  .13440459E+01
  -.35000000E+00  .13268731E+01
  -.30000000E+00  .13095258E+01
  -.25000000E+00  .12919992E+01
  -.20000000E+00  .12742872E+01
  -.15000000E+00  .12563844E+01
  -.10000000E+00  .12382875E+01
  -.50000000E-01  .12199893E+01
  -.22898350E-14  .12014842E+01
   .50000000E-01  .11827664E+01
   .10000000E+00  .11638294E+01
   .15000000E+00  .11446667E+01
   .20000000E+00  .11252712E+01
   .25000000E+00  .11056359E+01
   .30000000E+00  .10857530E+01
   .35000000E+00  .10656147E+01
   .40000000E+00  .10452125E+01
   .45000000E+00  .10245377E+01
   .50000000E+00  .10035813E+01
   .55000000E+00  .98233330E+00
   .60000000E+00  .96078376E+00
   .65000000E+00  .93892196E+00
   .70000000E+00  .91673665E+00
   .75000000E+00  .89421596E+00
   .80000000E+00  .87134741E+00
   .85000000E+00  .84811781E+00
   .90000000E+00  .82451318E+00
   .95000000E+00  .80051880E+00
   .10000000E+01  .77611906E+00
   .10500000E+01  .75129746E+00
   .11000000E+01  .72603647E+00
   .11500000E+01  .70031749E+00
   .12000000E+01  .67412078E+00
   .12500000E+01  .64742534E+00
   .13000000E+01  .62020878E+00
   .13500000E+01  .59244728E+00
   .14000000E+01  .56411541E+00
   .14500000E+01  .53518600E+00
   .15000000E+01  .50563001E+00
   .15500000E+01  .47541630E+00
   .16000000E+01  .44451153E+00
   .16500000E+01  .41287986E+00
   .17000000E+01  .38048278E+00
   .17500000E+01  .34727877E+00
   .18000000E+01  .31322316E+00
   .18500000E+01  .27826761E+00
   .19000000E+01  .24235986E+00
   .19500000E+01  .20544325E+00
   .20000000E+01  .16745626E+00
KBPotential  L  =       .00000  -6.79352
  -.30000000E+01  .15887708E+01
  -.29500000E+01  .15650107E+01
  -.29000000E+01  .15425559E+01
  -.28500000E+01  .15209873E+01
  -.28000000E+01  .15000287E+01
  -.27500000E+01  .14794875E+01
  -.27000000E+01  .14592253E+01
  -.26500000E+01  .14391395E+01
  -.26000000E+01  .14191500E+01
  -.25500000E+01  .13991947E+01
  -.25000000E+01  .13792252E+01
  -.24500000E+01  .13591996E+01
  -.24000000E+01  .13390824E+01
  -.23500000E+01  .13188436E+01
  -.23000000E+01  .12984568E+01
  -.22500000E+01  .12778979E+01
  -.22000000E+01  .12571443E+01
  -.21500000E+01  .12361751E+01
  -.21000000E+01  .12149710E+01
  -.20500000E+01  .11935124E+01
  -.20000000E+01  .11717803E+01
  -.19500000E+01  .11497558E+01
  -.19000000E+01  .11274202E+01
  -.18500000E+01  .11047537E+01
  -.18000000E+01  .10817361E+01
  -.17500000E+01  .10583482E+01
  -.17000000E+01  .10345680E+01
  -.16500000E+01  .10103732E+01
  -.16000000E+01  .98574044E+00
  -.15500000E+01  .96064498E+00
  -.15000000E+01  .93506052E+00
  -.14500000E+01  .90895930E+00
  -.14000000E+01  .88231147E+00
  -.13500000E+01  .85508511E+00
  -.13000000E+01  .82724598E+00
  -.12500000E+01  .79875720E+00
  -.12000000E+01  .76957887E+00
  -.11500000E+01  .73966789E+00
  -.11000000E+01  .70897742E+00
  -.10500000E+01  .67745650E+00
  -.10000000E+01  .64504952E+00
  -.95000000E+00  .61169562E+00
  -.90000000E+00  .57732822E+00
  -.85000000E+00  .54187390E+00
  -.80000000E+00  .50525175E+00
  -.75000000E+00  .46737230E+00
  -.70000000E+00  .42813631E+00
  -.65000000E+00  .38743331E+00
  -.60000000E+00  .34514000E+00
  -.55000000E+00  .30111824E+00
  -.50000000E+00  .25521272E+00
  -.45000000E+00  .20724786E+00
  -.40000000E+00  .15702555E+00
  -.35000000E+00  .10431950E+00
  -.30000000E+00  .48871251E-01
  -.25000000E+00 -.96160972E-02
  -.20000000E+00 -.71484994E-01
  -.15000000E+00 -.13713443E+00
  -.10000000E+00 -.20702919E+00
  -.50000000E-01 -.28171631E+00
  -.22898350E-14 -.36184360E+00
   .50000000E-01 -.44818396E+00
   .10000000E+00 -.54166755E+00
   .15000000E+00 -.64342405E+00
   .20000000E+00 -.75483900E+00
   .25000000E+00 -.87763135E+00
   .30000000E+00 -.10139604E+01
   .35000000E+00 -.11665761E+01
   .40000000E+00 -.13390373E+01
   .45000000E+00 -.15360327E+01
   .50000000E+00 -.17638682E+01
   .55000000E+00 -.20312316E+01
   .60000000E+00 -.23504351E+01
   .65000000E+00 -.27395267E+01
   .70000000E+00 -.32260729E+01
   .75000000E+00 -.38543892E+01
   .80000000E+00 -.47005430E+01
   .85000000E+00 -.59070025E+01
   .90000000E+00 -.77753274E+01
   .95000000E+00 -.11074263E+02
   .10000000E+01 -.18516445E+02
   .10500000E+01 -.51462747E+02
   .11000000E+01  .73063836E+02
   .11500000E+01  .21938917E+02
   .12000000E+01  .13078661E+02
   .12500000E+01  .93884104E+01
   .13000000E+01  .73573888E+01
   .13500000E+01  .60666760E+01
   .14000000E+01  .51700462E+01
   .14500000E+01  .45079550E+01
   .15000000E+01  .39966603E+01
   .15500000E+01  .35879789E+01
   .16000000E+01  .32522202E+01
   .16500000E+01  .29700880E+01
   .17000000E+01  .27284944E+01
   .17500000E+01  .25182466E+01
   .18000000E+01  .23326949E+01
   .18500000E+01  .21669082E+01
   .19000000E+01  .20171495E+01
   .19500000E+01  .18805331E+01
   .20000000E+01  .17547925E+01
KBPotential  L  =      1.00000  -3.87286
  -.30000000E+01  .15463974E+01
  -.29500000E+01  .15277526E+01
  -.29000000E+01  .15086299E+01
  -.28500000E+01  .14889697E+01
  -.28000000E+01  .14687028E+01
  -.27500000E+01  .14477431E+01
  -.27000000E+01  .14259826E+01
  -.26500000E+01  .14032860E+01
  -.26000000E+01  .13794807E+01
  -.25500000E+01  .13543387E+01
  -.25000000E+01  .13275608E+01
  -.24500000E+01  .12987364E+01
  -.24000000E+01  .12672916E+01
  -.23500000E+01  .12323947E+01
  -.23000000E+01  .11927985E+01
  -.22500000E+01  .11465323E+01
  -.22000000E+01  .10902904E+01
  -.21500000E+01  .10180742E+01
  -.21000000E+01  .91772774E+00
  -.20500000E+01  .76031602E+00
  -.20000000E+01  .45584829E+00
  -.19500000E+01 -.48757203E+00
  -.19000000E+01  .16274888E+02
  -.18500000E+01  .26485354E+01
  -.18000000E+01  .19537394E+01
  -.17500000E+01  .16937940E+01
  -.17000000E+01  .15506642E+01
  -.16500000E+01  .14555292E+01
  -.16000000E+01  .13846568E+01
  -.15500000E+01  .13276709E+01
  -.15000000E+01  .12793104E+01
  -.14500000E+01  .12366207E+01
  -.14000000E+01  .11978113E+01
  -.13500000E+01  .11617313E+01
  -.13000000E+01  .11276053E+01
  -.12500000E+01  .10948896E+01
  -.12000000E+01  .10631895E+01
  -.11500000E+01  .10322098E+01
  -.11000000E+01  .10017236E+01
  -.10500000E+01  .97155185E+00
  -.10000000E+01  .94154922E+00
  -.95000000E+00  .91159588E+00
  -.90000000E+00  .88159003E+00
  -.85000000E+00  .85144326E+00
  -.80000000E+00  .82107707E+00
  -.75000000E+00  .79041998E+00
  -.70000000E+00  .75940634E+00
  -.65000000E+00  .72797332E+00
  -.60000000E+00  .69606058E+00
  -.55000000E+00  .66360884E+00
  -.50000000E+00  .63055899E+00
  -.45000000E+00  .59685119E+00
  -.40000000E+00  .56242414E+00
  -.35000000E+00  .52721430E+00
  -.30000000E+00  .49115517E+00
  -.25000000E+00  .45417655E+00
  -.20000000E+00  .41620377E+00
  -.15000000E+00  .37715686E+00
  -.10000000E+00  .33694967E+00
  -.50000000E-01  .29548883E+00
  -.22898350E-14  .25267271E+00
   .50000000E-01  .20839014E+00
   .10000000E+00  .16251895E+00
   .15000000E+00  .11492435E+00
   .20000000E+00  .65456981E-01
   .25000000E+00  .13950712E-01
   .30000000E+00 -.39780058E-01
   .35000000E+00 -.95943474E-01
   .40000000E+00 -.15477402E+00
   .45000000E+00 -.21653698E+00
   .50000000E+00 -.28153380E+00
   .55000000E+00 -.35010862E+00
   .60000000E+00 -.42265641E+00
   .65000000E+00 -.49963282E+00
   .70000000E+00 -.58156634E+00
   .75000000E+00 -.66907386E+00
   .80000000E+00 -.76287999E+00
   .85000000E+00 -.86384170E+00
   .90000000E+00 -.97298068E+00
   .95000000E+00 -.10915243E+01
   .10000000E+01 -.12209610E+01
   .10500000E+01 -.13631140E+01
   .11000000E+01 -.15202401E+01
   .11500000E+01 -.16951684E+01
   .12000000E+01 -.18914935E+01
   .12500000E+01 -.21138538E+01
   .13000000E+01 -.23683405E+01
   .13500000E+01 -.26631148E+01
   .14000000E+01 -.30093700E+01
   .14500000E+01 -.34228846E+01
   .15000000E+01 -.39266386E+01
   .15500000E+01 -.45554520E+01
   .16000000E+01 -.53647409E+01
   .16500000E+01 -.64483886E+01
   .17000000E+01 -.79791372E+01
   .17500000E+01 -.10313402E+02
   .18000000E+01 -.14323773E+02
   .18500000E+01 -.22863872E+02
   .19000000E+01 -.53768976E+02
   .19500000E+01  .17474593E+03
   .20000000E+01  .34090684E+02
KBPotential  L  =      2.00000   -.24081
  -.30000000E+01  .16975862E+01
  -.29500000E+01  .16825965E+01
  -.29000000E+01  .16674642E+01
  -.28500000E+01  .16521849E+01
  -.28000000E+01  .16367540E+01
  -.27500000E+01  .16211666E+01
  -.27000000E+01  .16054178E+01
  -.26500000E+01  .15895019E+01
  -.26000000E+01  .15734134E+01
  -.25500000E+01  .15571461E+01
  -.25000000E+01  .15406938E+01
  -.24500000E+01  .15240494E+01
  -.24000000E+01  .15072058E+01
  -.23500000E+01  .14901552E+01
  -.23000000E+01  .14728893E+01
  -.22500000E+01  .14553995E+01
  -.22000000E+01  .14376761E+01
  -.21500000E+01  .14197092E+01
  -.21000000E+01  .14014878E+01
  -.20500000E+01  .13830003E+01
  -.20000000E+01  .13642340E+01
  -.19500000E+01  .13451753E+01
  -.19000000E+01  .13258022E+01
  -.18500000E+01  .13061136E+01
  -.18000000E+01  .12860777E+01
  -.17500000E+01  .12656892E+01
  -.17000000E+01  .12449203E+01
  -.16500000E+01  .12237482E+01
  -.16000000E+01  .12021479E+01
  -.15500000E+01  .11800917E+01
  -.15000000E+01  .11575490E+01
  -.14500000E+01  .11344858E+01
  -.14000000E+01  .11108643E+01
  -.13500000E+01  .10866421E+01
  -.13000000E+01  .10617715E+01
  -.12500000E+01  .10361963E+01
  -.12000000E+01  .10098611E+01
  -.11500000E+01  .98269396E+00
  -.11000000E+01  .95461558E+00
  -.10500000E+01  .92553479E+00
  -.10000000E+01  .89534602E+00
  -.95000000E+00  .86392632E+00
  -.90000000E+00  .83113144E+00
  -.85000000E+00  .79679093E+00
  -.80000000E+00  .76070172E+00
  -.75000000E+00  .72261980E+00
  -.70000000E+00  .68224903E+00
  -.65000000E+00  .63922268E+00
  -.60000000E+00  .59309722E+00
  -.55000000E+00  .54329950E+00
  -.50000000E+00  .48911372E+00
  -.45000000E+00  .42959969E+00
  -.40000000E+00  .36352000E+00
  -.35000000E+00  .28920404E+00
  -.30000000E+00  .20434039E+00
  -.25000000E+00  .10564155E+00
  -.20000000E+00 -.11787047E-01
  -.15000000E+00 -.15544253E+00
  -.10000000E+00 -.33755827E+00
  -.50000000E-01 -.57948338E+00
  -.22898350E-14 -.92213637E+00
   .50000000E-01 -.14551267E+01
   .10000000E+00 -.24196995E+01
   .15000000E+00 -.47674859E+01
   .20000000E+00 -.19990885E+02
   .25000000E+00  .12341975E+02
   .30000000E+00  .51930981E+01
   .35000000E+00  .34416560E+01
   .40000000E+00  .26377956E+01
   .45000000E+00  .21684117E+01
   .50000000E+00  .18552727E+01
   .55000000E+00  .16275145E+01
   .60000000E+00  .14513647E+01
   .65000000E+00  .13086746E+01
   .70000000E+00  .11888141E+01
   .75000000E+00  .10851369E+01
   .80000000E+00  .99326827E+00
   .85000000E+00  .91019535E+00
   .90000000E+00  .83380513E+00
   .95000000E+00  .76253525E+00
   .10000000E+01  .69518136E+00
   .10500000E+01  .63084872E+00
   .11000000E+01  .56882127E+00
   .11500000E+01  .50852417E+00
   .12000000E+01  .44946860E+00
   .12500000E+01  .39129171E+00
   .13000000E+01  .33362704E+00
   .13500000E+01  .27618085E+00
   .14000000E+01  .21867564E+00
   .14500000E+01  .16087480E+00
   .15000000E+01  .10255558E+00
   .15500000E+01  .43492184E-01
   .16000000E+01 -.16518752E-01
   .16500000E+01 -.77687208E-01
   .17000000E+01 -.14022213E+00
   .17500000E+01 -.20434065E+00
   .18000000E+01 -.27026048E+00
   .18500000E+01 -.33822685E+00
   .19000000E+01 -.40849089E+00
   .19500000E+01 -.48131717E+00
   .20000000E+01 -.55700314E+00
KBPotential  L  =      3.00000    .00000
  -.30000000E+01  .18717559E+01
  -.29500000E+01  .18585448E+01
  -.29000000E+01  .18452439E+01
  -.28500000E+01  .18318513E+01
  -.28000000E+01  .18183653E+01
  -.27500000E+01  .18047838E+01
  -.27000000E+01  .17911050E+01
  -.26500000E+01  .17773269E+01
  -.26000000E+01  .17634474E+01
  -.25500000E+01  .17494642E+01
  -.25000000E+01  .17353753E+01
  -.24500000E+01  .17211782E+01
  -.24000000E+01  .17068706E+01
  -.23500000E+01  .16924500E+01
  -.23000000E+01  .16779139E+01
  -.22500000E+01  .16632596E+01
  -.22000000E+01  .16484843E+01
  -.21500000E+01  .16335852E+01
  -.21000000E+01  .16185594E+01
  -.20500000E+01  .16034037E+01
  -.20000000E+01  .15881150E+01
  -.19500000E+01  .15726899E+01
  -.19000000E+01  .15571251E+01
  -.18500000E+01  .15414169E+01
  -.18000000E+01  .15255616E+01
  -.17500000E+01  .15095552E+01
  -.17000000E+01  .14933939E+01
  -.16500000E+01  .14770732E+01
  -.16000000E+01  .14605889E+01
  -.15500000E+01  .14439363E+01
  -.15000000E+01  .14271106E+01
  -.14500000E+01  .14101069E+01
  -.14000000E+01  .13929198E+01
  -.13500000E+01  .13755440E+01
  -.13000000E+01  .13579736E+01
  -.12500000E+01  .13402026E+01
  -.12000000E+01  .13222248E+01
  -.11500000E+01  .13040335E+01
  -.11000000E+01  .12856218E+01
  -.10500000E+01  .12669824E+01
  -.10000000E+01  .12481077E+01
  -.95000000E+00  .12289895E+01
  -.90000000E+00  .12096194E+01
  -.85000000E+00  .11899884E+01
  -.80000000E+00  .11700870E+01
  -.75000000E+00  .11499054E+01
  -.70000000E+00  .11294330E+01
  -.65000000E+00  .11086586E+01
  -.60000000E+00  .10875704E+01
  -.55000000E+00  .10661559E+01
  -.50000000E+00  .10444020E+01
  -.45000000E+00  .10222944E+01
  -.40000000E+00  .99981825E+00
  -.35000000E+00  .97695757E+00
  -.30000000E+00  .95369541E+00
  -.25000000E+00  .93001364E+00
  -.20000000E+00  .90589292E+00
  -.15000000E+00  .88131256E+00
  -.10000000E+00  .85625041E+00
  -.50000000E-01  .83068271E+00
  -.22898350E-14  .80458394E+00
   .50000000E-01  .77792667E+00
   .10000000E+00  .75068134E+00
   .15000000E+00  .72281607E+00
   .20000000E+00  .69429641E+00
   .25000000E+00  .66508507E+00
   .30000000E+00  .63514161E+00
   .35000000E+00  .60442209E+00
   .40000000E+00  .57287872E+00
   .45000000E+00  .54045933E+00
   .50000000E+00  .50710693E+00
   .55000000E+00  .47275909E+00
   .60000000E+00  .43734726E+00
   .65000000E+00  .40079587E+00
   .70000000E+00  .36302196E+00
   .75000000E+00  .32393333E+00
   .80000000E+00  .28342783E+00
   .85000000E+00  .24139181E+00
   .90000000E+00  .19769845E+00
   .95000000E+00  .15220572E+00
   .10000000E+01  .10475404E+00
   .10500000E+01  .55163627E-01
   .11000000E+01  .32303813E-02
   .11500000E+01 -.51277130E-01
   .12000000E+01 -.10862341E+00
   .12500000E+01 -.16911189E+00
   .13000000E+01 -.23309243E+00
   .13500000E+01 -.30097068E+00
   .14000000E+01 -.37321962E+00
   .14500000E+01 -.45039433E+00
   .15000000E+01 -.53315060E+00
   .15500000E+01 -.62226903E+00
   .16000000E+01 -.71868627E+00
   .16500000E+01 -.82353628E+00
   .17000000E+01 -.93820526E+00
   .17500000E+01 -.10644062E+01
   .18000000E+01 -.12042812E+01
   .18500000E+01 -.13605455E+01
   .19000000E+01 -.15366930E+01
   .19500000E+01 -.17372970E+01
   .20000000E+01 -.19684634E+01
KBPotential  L  =      4.00000    .00000
  -.30000000E+01  .20710977E+01
  -.29500000E+01  .20592956E+01
  -.29000000E+01  .20474291E+01
  -.28500000E+01  .20355022E+01
  -.28000000E+01  .20235088E+01
  -.27500000E+01  .20114504E+01
  -.27000000E+01  .19993249E+01
  -.26500000E+01  .19871303E+01
  -.26000000E+01  .19748696E+01
  -.25500000E+01  .19625367E+01
  -.25000000E+01  .19501351E+01
  -.24500000E+01  .19376602E+01
  -.24000000E+01  .19251122E+01
  -.23500000E+01  .19124880E+01
  -.23000000E+01  .18997903E+01
  -.22500000E+01  .18870136E+01
  -.22000000E+01  .18741606E+01
  -.21500000E+01  .18612254E+01
  -.21000000E+01  .18482111E+01
  -.20500000E+01  .18351136E+01
  -.20000000E+01  .18219313E+01
  -.19500000E+01  .18086631E+01
  -.19000000E+01  .17953085E+01
  -.18500000E+01  .17818658E+01
  -.18000000E+01  .17683322E+01
  -.17500000E+01  .17547061E+01
  -.17000000E+01  .17409862E+01
  -.16500000E+01  .17271698E+01
  -.16000000E+01  .17132577E+01
  -.15500000E+01  .16992444E+01
  -.15000000E+01  .16851316E+01
  -.14500000E+01  .16709134E+01
  -.14000000E+01  .16565916E+01
  -.13500000E+01  .16421603E+01
  -.13000000E+01  .16276196E+01
  -.12500000E+01  .16129680E+01
  -.12000000E+01  .15982009E+01
  -.11500000E+01  .15833166E+01
  -.11000000E+01  .15683117E+01
  -.10500000E+01  .15531866E+01
  -.10000000E+01  .15379348E+01
  -.95000000E+00  .15225568E+01
  -.90000000E+00  .15070465E+01
  -.85000000E+00  .14914034E+01
  -.80000000E+00  .14756234E+01
  -.75000000E+00  .14597044E+01
  -.70000000E+00  .14436402E+01
  -.65000000E+00  .14274309E+01
  -.60000000E+00  .14110694E+01
  -.55000000E+00  .13945553E+01
  -.50000000E+00  .13778823E+01
  -.45000000E+00  .13610471E+01
  -.40000000E+00  .13440459E+01
  -.35000000E+00  .13268731E+01
  -.30000000E+00  .13095258E+01
  -.25000000E+00  .12919992E+01
  -.20000000E+00  .12742872E+01
  -.15000000E+00  .12563844E+01
  -.10000000E+00  .12382875E+01
  -.50000000E-01  .12199893E+01
  -.22898350E-14  .12014842E+01
   .50000000E-01  .11827664E+01
   .10000000E+00  .11638294E+01
   .15000000E+00  .11446667E+01
   .20000000E+00  .11252712E+01
   .25000000E+00  .11056359E+01
   .30000000E+00  .10857530E+01
   .35000000E+00  .10656147E+01
   .40000000E+00  .10452125E+01
   .45000000E+00  .10245377E+01
   .50000000E+00  .10035813E+01
   .55000000E+00  .98233330E+00
   .60000000E+00  .96078376E+00
   .65000000E+00  .93892196E+00
   .70000000E+00  .91673665E+00
   .75000000E+00  .89421596E+00
   .80000000E+00  .87134741E+00
   .85000000E+00  .84811781E+00
   .90000000E+00  .82451318E+00
   .95000000E+00  .80051880E+00
   .10000000E+01  .77611906E+00
   .10500000E+01  .75129746E+00
   .11000000E+01  .72603647E+00
   .11500000E+01  .70031749E+00
   .12000000E+01  .67412078E+00
   .12500000E+01  .64742534E+00
   .13000000E+01  .62020878E+00
   .13500000E+01  .59244728E+00
   .14000000E+01  .56411541E+00
   .14500000E+01  .53518600E+00
   .15000000E+01  .50563001E+00
   .15500000E+01  .47541630E+00
   .16000000E+01  .44451153E+00
   .16500000E+01  .41287986E+00
   .17000000E+01  .38048278E+00
   .17500000E+01  .34727877E+00
   .18000000E+01  .31322316E+00
   .18500000E+01  .27826761E+00
   .19000000E+01  .24235986E+00
   .19500000E+01  .20544325E+00
   .20000000E+01  .16745626E+00
