Ca: p6s2d0.01                           
  .434830570E-03  .441757097E-03  .448793871E-03  .455942644E-03  .463205197E-03
  .470583338E-03  .478078905E-03  .485693764E-03  .493429811E-03  .501288973E-03
  .509273205E-03  .517384497E-03  .525624867E-03  .533996367E-03  .542501080E-03
  .551141124E-03  .559918648E-03  .568835838E-03  .577894913E-03  .587098127E-03
  .596447771E-03  .605946170E-03  .615595689E-03  .625398728E-03  .635357726E-03
  .645475160E-03  .655753549E-03  .666195447E-03  .676803453E-03  .687580205E-03
  .698528383E-03  .709650709E-03  .720949951E-03  .732428917E-03  .744090462E-03
  .755937485E-03  .767972931E-03  .780199793E-03  .792621109E-03  .805239968E-03
  .818059507E-03  .831082910E-03  .844313415E-03  .857754309E-03  .871408933E-03
  .885280680E-03  .899372995E-03  .913689380E-03  .928233392E-03  .943008643E-03
  .958018804E-03  .973267603E-03  .988758826E-03  .100449632E-02  .102048400E-02
  .103672582E-02  .105322583E-02  .106998811E-02  .108701684E-02  .110431623E-02
  .112189058E-02  .113974426E-02  .115788169E-02  .117630737E-02  .119502588E-02
  .121404187E-02  .123336004E-02  .125298519E-02  .127292220E-02  .129317599E-02
  .131375161E-02  .133465415E-02  .135588880E-02  .137746081E-02  .139937554E-02
  .142163843E-02  .144425498E-02  .146723082E-02  .149057163E-02  .151428319E-02
  .153837138E-02  .156284218E-02  .158770165E-02  .161295593E-02  .163861130E-02
  .166467410E-02  .169115080E-02  .171804794E-02  .174537219E-02  .177313032E-02
  .180132919E-02  .182997580E-02  .185907722E-02  .188864066E-02  .191867345E-02
  .194918301E-02  .198017689E-02  .201166276E-02  .204364842E-02  .207614177E-02
  .210915084E-02  .214268381E-02  .217674897E-02  .221135474E-02  .224650968E-02
  .228222247E-02  .231850196E-02  .235535709E-02  .239279699E-02  .243083090E-02
  .246946822E-02  .250871850E-02  .254859143E-02  .258909687E-02  .263024481E-02
  .267204542E-02  .271450903E-02  .275764610E-02  .280146730E-02  .284598344E-02
  .289120550E-02  .293714465E-02  .298381222E-02  .303121972E-02  .307937886E-02
  .312830150E-02  .317799972E-02  .322848576E-02  .327977209E-02  .333187133E-02
  .338479634E-02  .343856015E-02  .349317602E-02  .354865741E-02  .360501798E-02
  .366227161E-02  .372043241E-02  .377951471E-02  .383953304E-02  .390050219E-02
  .396243717E-02  .402535321E-02  .408926580E-02  .415419068E-02  .422014380E-02
  .428714140E-02  .435519996E-02  .442433620E-02  .449456713E-02  .456591002E-02
  .463838240E-02  .471200208E-02  .478678715E-02  .486275600E-02  .493992727E-02
  .501831992E-02  .509795321E-02  .517884669E-02  .526102021E-02  .534449395E-02
  .542928839E-02  .551542434E-02  .560292292E-02  .569180561E-02  .578209421E-02
  .587381084E-02  .596697799E-02  .606161851E-02  .615775559E-02  .625541278E-02
  .635461401E-02  .645538357E-02  .655774616E-02  .666172682E-02  .676735102E-02
  .687464461E-02  .698363384E-02  .709434539E-02  .720680633E-02  .732104418E-02
  .743708686E-02  .755496275E-02  .767470065E-02  .779632984E-02  .791988003E-02
  .804538140E-02  .817286460E-02  .830236077E-02  .843390152E-02  .856751895E-02
  .870324568E-02  .884111481E-02  .898115998E-02  .912341534E-02  .926791558E-02
  .941469593E-02  .956379214E-02  .971524056E-02  .986907808E-02  .100253422E-01
  .101840709E-01  .103453028E-01  .105090773E-01  .106754341E-01  .108444137E-01
  .110160572E-01  .111904064E-01  .113675036E-01  .115473918E-01  .117301149E-01
  .119157171E-01  .121042435E-01  .122957400E-01  .124902530E-01  .126878296E-01
  .128885179E-01  .130923665E-01  .132994248E-01  .135097430E-01  .137233721E-01
  .139403639E-01  .141607709E-01  .143846464E-01  .146120447E-01  .148430209E-01
  .150776307E-01  .153159309E-01  .155579793E-01  .158038341E-01  .160535550E-01
  .163072022E-01  .165648370E-01  .168265215E-01  .170923190E-01  .173622936E-01
  .176365104E-01  .179150356E-01  .181979362E-01  .184852805E-01  .187771377E-01
  .190735781E-01  .193746731E-01  .196804951E-01  .199911178E-01  .203066158E-01
  .206270650E-01  .209525424E-01  .212831263E-01  .216188961E-01  .219599324E-01
  .223063170E-01  .226581331E-01  .230154651E-01  .233783986E-01  .237470207E-01
  .241214197E-01  .245016853E-01  .248879085E-01  .252801818E-01  .256785990E-01
  .260832554E-01  .264942478E-01  .269116744E-01  .273356349E-01  .277662306E-01
  .282035643E-01  .286477402E-01  .290988645E-01  .295570446E-01  .300223897E-01
  .304950107E-01  .309750202E-01  .314625324E-01  .319576633E-01  .324605306E-01
  .329712540E-01  .334899547E-01  .340167561E-01  .345517831E-01  .350951628E-01
  .356470240E-01  .362074976E-01  .367767165E-01  .373548154E-01  .379419313E-01
  .385382031E-01  .391437719E-01  .397587808E-01  .403833753E-01  .410177028E-01
  .416619132E-01  .423161584E-01  .429805929E-01  .436553731E-01  .443406583E-01
  .450366097E-01  .457433912E-01  .464611690E-01  .471901121E-01  .479303916E-01
  .486821816E-01  .494456585E-01  .502210015E-01  .510083925E-01  .518080159E-01
  .526200592E-01  .534447125E-01  .542821688E-01  .551326239E-01  .559962767E-01
  .568733289E-01  .577639853E-01  .586684538E-01  .595869452E-01  .605196736E-01
  .614668564E-01  .624287140E-01  .634054702E-01  .643973520E-01  .654045901E-01
  .664274182E-01  .674660737E-01  .685207976E-01  .695918343E-01  .706794319E-01
  .717838421E-01  .729053204E-01  .740441260E-01  .752005222E-01  .763747757E-01
  .775671575E-01  .787779425E-01  .800074097E-01  .812558421E-01  .825235269E-01
  .838107556E-01  .851178238E-01  .864450317E-01  .877926836E-01  .891610886E-01
  .905505600E-01  .919614159E-01  .933939790E-01  .948485767E-01  .963255411E-01
  .978252093E-01  .993479232E-01  .100894030E+00  .102463881E+00  .104057834E+00
  .105676250E+00  .107319499E+00  .108987951E+00  .110681986E+00  .112401988E+00
  .114148345E+00  .115921453E+00  .117721712E+00  .119549529E+00  .121405316E+00
  .123289491E+00  .125202478E+00  .127144708E+00  .129116617E+00  .131118648E+00
  .133151250E+00  .135214879E+00  .137309997E+00  .139437072E+00  .141596580E+00
  .143789002E+00  .146014829E+00  .148274556E+00  .150568686E+00  .152897729E+00
  .155262202E+00  .157662631E+00  .160099548E+00  .162573492E+00  .165085011E+00
  .167634659E+00  .170223001E+00  .172850606E+00  .175518053E+00  .178225930E+00
  .180974831E+00  .183765361E+00  .186598131E+00  .189473763E+00  .192392884E+00
  .195356134E+00  .198364159E+00  .201417615E+00  .204517167E+00  .207663490E+00
  .210857267E+00  .214099192E+00  .217389966E+00  .220730303E+00  .224120924E+00
  .227562562E+00  .231055959E+00  .234601868E+00  .238201050E+00  .241854280E+00
  .245562341E+00  .249326028E+00  .253146145E+00  .257023510E+00  .260958949E+00
  .264953301E+00  .269007416E+00  .273122155E+00  .277298391E+00  .281537010E+00
  .285838908E+00  .290204994E+00  .294636188E+00  .299133424E+00  .303697649E+00
  .308329820E+00  .313030908E+00  .317801899E+00  .322643788E+00  .327557587E+00
  .332544319E+00  .337605021E+00  .342740745E+00  .347952556E+00  .353241531E+00
  .358608765E+00  .364055364E+00  .369582451E+00  .375191161E+00  .380882645E+00
  .386658071E+00  .392518618E+00  .398465483E+00  .404499879E+00  .410623032E+00
  .416836186E+00  .423140599E+00  .429537548E+00  .436028324E+00  .442614234E+00
  .449296604E+00  .456076774E+00  .462956102E+00  .469935965E+00  .477017755E+00
  .484202882E+00  .491492774E+00  .498888876E+00  .506392653E+00  .514005585E+00
  .521729174E+00  .529564937E+00  .537514413E+00  .545579157E+00  .553760745E+00
  .562060772E+00  .570480851E+00  .579022616E+00  .587687721E+00  .596477838E+00
  .605394662E+00  .614439906E+00  .623615305E+00  .632922613E+00  .642363607E+00
  .651940083E+00  .661653860E+00  .671506776E+00  .681500694E+00  .691637497E+00
  .701919088E+00  .712347394E+00  .722924366E+00  .733651975E+00  .744532215E+00
  .755567103E+00  .766758679E+00  .778109007E+00  .789620173E+00  .801294288E+00
  .813133484E+00  .825139921E+00  .837315778E+00  .849663263E+00  .862184605E+00
  .874882059E+00  .887757904E+00  .900814443E+00  .914054007E+00  .927478949E+00
  .941091648E+00  .954894510E+00  .968889963E+00  .983080466E+00  .997468498E+00
  .101205657E+01  .102684721E+01  .104184298E+01  .105704648E+01  .107246030E+01
  .108808709E+01  .110392952E+01  .111999028E+01  .113627209E+01  .115277770E+01
  .116950988E+01  .118647143E+01  .120366517E+01  .122109398E+01  .123876073E+01
  .125666832E+01  .127481971E+01  .129321785E+01  .131186574E+01  .133076640E+01
  .134992288E+01  .136933826E+01  .138901565E+01  .140895816E+01  .142916898E+01
  .144965128E+01  .147040829E+01  .149144324E+01  .151275942E+01  .153436011E+01
  .155624865E+01  .157842840E+01  .160090274E+01  .162367507E+01  .164674885E+01
  .167012753E+01  .169381462E+01  .171781362E+01  .174212809E+01  .176676161E+01
  .179171778E+01  .181700023E+01  .184261260E+01  .186855860E+01  .189484192E+01
  .192146630E+01  .194843550E+01  .197575330E+01  .200342353E+01  .203145001E+01
  .205983661E+01  .208858721E+01  .211770573E+01  .214719609E+01  .217706226E+01
  .220730823E+01  .223793798E+01  .226895556E+01  .230036501E+01  .233217040E+01
  .236437583E+01  .239698540E+01  .243000326E+01  .246343355E+01  .249728045E+01
  .253154815E+01  .256624086E+01  .260136281E+01  .263691824E+01  .267291142E+01
  .270934661E+01  .274622813E+01  .278356027E+01  .282134735E+01  .285959370E+01
  .289830369E+01  .293748165E+01  .297713196E+01  .301725900E+01  .305786716E+01
  .309896083E+01  .314054441E+01  .318262232E+01  .322519896E+01  .326827876E+01
  .331186613E+01  .335596551E+01  .340058132E+01  .344571797E+01  .349137990E+01
  .353757152E+01  .358429726E+01  .363156153E+01  .367936872E+01  .372772325E+01
  .377662950E+01  .382609185E+01  .387611467E+01  .392670231E+01  .397785912E+01
  .402958942E+01  .408189751E+01  .413478769E+01  .418826421E+01  .424233132E+01
  .429699325E+01  .435225418E+01  .440811828E+01  .446458968E+01  .452167248E+01
  .457937077E+01  .463768856E+01  .469662986E+01  .475619862E+01  .481639876E+01
  .487723415E+01  .493870861E+01  .500082592E+01  .506358980E+01  .512700394E+01
  .519107194E+01  .525579738E+01  .532118373E+01  .538723446E+01  .545395292E+01
  .552134243E+01  .558940621E+01  .565814743E+01  .572756918E+01  .579767446E+01
  .586846619E+01  .593994723E+01  .601212033E+01  .608498814E+01  .615855325E+01
  .623281813E+01  .630778516E+01  .638345661E+01  .645983465E+01  .653692134E+01
  .661471863E+01  .669322836E+01  .677245224E+01  .685239187E+01  .693304871E+01
  .701442410E+01  .709651925E+01  .717933523E+01  .726287298E+01  .734713327E+01
  .743211676E+01  .751782393E+01  .760425512E+01  .769141050E+01  .777929010E+01
  .786789376E+01  .795722117E+01  .804727183E+01  .813804506E+01  .822954002E+01
  .832175567E+01  .841469077E+01  .850834391E+01  .860271346E+01  .869779760E+01
  .879359430E+01  .889010131E+01  .898731618E+01  .908523624E+01  .918385858E+01
  .928318009E+01  .938319739E+01  .948390689E+01  .958530476E+01  .968738691E+01
  .979014902E+01  .989358650E+01  .999769451E+01  .101024679E+02  .102079014E+02
  .103139893E+02  .104207257E+02  .105281043E+02  .106361188E+02  .107447623E+02
  .108540278E+02  .109639079E+02  .110743949E+02  .111854810E+02  .112971577E+02
  .114094166E+02  .115222487E+02  .116356448E+02  .117495953E+02  .118640904E+02
  .119791199E+02  .120946731E+02  .122107393E+02  .123273071E+02  .124443651E+02
  .125619012E+02  .126799032E+02  .127983584E+02  .129172539E+02  .130365763E+02
  .131563118E+02  .132764463E+02  .133969653E+02  .135178541E+02  .136390974E+02
  .137606795E+02  .138825846E+02  .140047961E+02  .141272974E+02  .142500714E+02
  .143731004E+02  .144963666E+02  .146198516E+02  .147435367E+02  .148674029E+02
  .149914307E+02  .151156001E+02  .152398908E+02  .153642823E+02  .154887534E+02
  .156132826E+02  .157378481E+02  .158624277E+02  .159869986E+02  .161115380E+02
  .162360222E+02  .163604276E+02  .164847300E+02  .166089047E+02  .167329268E+02
  .168567710E+02  .169804117E+02  .171038226E+02  .172269775E+02  .173498495E+02
  .174724114E+02  .175946359E+02  .177164949E+02  .178379604E+02  .179590039E+02
  .180795965E+02  .181997091E+02  .183193121E+02  .184383759E+02  .185568704E+02
  .186747652E+02  .187920296E+02  .189086329E+02  .190245438E+02  .191397309E+02
  .192541626E+02  .193678070E+02  .194806320E+02  .195926053E+02  .197036945E+02
  .198138669E+02  .199230896E+02  .200313296E+02  .201385539E+02  .202447292E+02
  .203498222E+02  .204537993E+02  .205566271E+02  .206582720E+02  .207587004E+02
  .208578786E+02  .209557730E+02  .210523499E+02  .211475757E+02  .212414169E+02
  .213338398E+02  .214248112E+02  .215142977E+02  .216022662E+02  .216886835E+02
  .217735170E+02  .218567339E+02  .219383018E+02  .220181885E+02  .220963622E+02
  .221727911E+02  .222474440E+02  .223202899E+02  .223912982E+02  .224604386E+02
  .225276815E+02  .225929975E+02  .226563576E+02  .227177335E+02  .227770974E+02
  .228344220E+02  .228896805E+02  .229428469E+02  .229938957E+02  .230428021E+02
  .230895420E+02  .231340920E+02  .231764296E+02  .232165329E+02  .232543808E+02
  .232899533E+02  .233232311E+02  .233541957E+02  .233828296E+02  .234091165E+02
  .234330408E+02  .234545881E+02  .234737449E+02  .234904989E+02  .235048389E+02
  .235167548E+02  .235262377E+02  .235332799E+02  .235378749E+02  .235400175E+02
  .235397038E+02  .235369312E+02  .235316983E+02  .235240053E+02  .235138535E+02
  .235012460E+02  .234861871E+02  .234686824E+02  .234487394E+02  .234263669E+02
  .234015750E+02  .233743759E+02  .233447828E+02  .233128109E+02  .232784769E+02
  .232417991E+02  .232027973E+02  .231614933E+02  .231179104E+02  .230720735E+02
  .230240093E+02  .229737462E+02  .229213144E+02  .228667458E+02  .228100738E+02
  .227513340E+02  .226905634E+02  .226278008E+02  .225630869E+02  .224964640E+02
  .224279762E+02  .223576694E+02  .222855911E+02  .222117907E+02  .221363192E+02
  .220592294E+02  .219805757E+02  .219004144E+02  .218188031E+02  .217358013E+02
  .216514702E+02  .215658725E+02  .214790723E+02  .213911356E+02  .213021297E+02
  .212121235E+02  .211211873E+02  .210293927E+02  .209368131E+02  .208435228E+02
  .207495977E+02  .206551147E+02  .205601523E+02  .204647899E+02  .203691080E+02
  .202731883E+02  .201771135E+02  .200809672E+02  .199848339E+02  .198887991E+02
  .197929488E+02  .196973699E+02  .196021500E+02  .195073771E+02  .194131398E+02
  .193195271E+02  .192266285E+02  .191345336E+02  .190433323E+02  .189531145E+02
  .188639704E+02  .187759898E+02  .186892628E+02  .186038790E+02  .185199277E+02
  .184374979E+02  .183566781E+02  .182775562E+02  .182002195E+02  .181247546E+02
  .180512470E+02  .179797814E+02  .179104415E+02  .178433099E+02  .177784678E+02
  .177159950E+02  .176559702E+02  .175984703E+02  .175435705E+02  .174913446E+02
  .174418641E+02  .173951989E+02  .173514168E+02  .173105835E+02  .172727622E+02
  .172380142E+02  .172063979E+02  .171779696E+02  .171527827E+02  .171308881E+02
  .171123336E+02  .170971643E+02  .170854224E+02  .170771468E+02  .170723734E+02
  .170711347E+02  .170734600E+02  .170793751E+02  .170889024E+02  .171020607E+02
  .171188650E+02  .171393268E+02  .171634537E+02  .171912495E+02  .172227142E+02
  .172578436E+02  .172966297E+02  .173390603E+02  .173851192E+02  .174347859E+02
  .174880359E+02  .175448404E+02  .176051662E+02  .176689761E+02  .177362284E+02
  .178068771E+02  .178808720E+02  .179581586E+02  .180386778E+02  .181223666E+02
  .182091573E+02  .182989783E+02  .183917534E+02  .184874023E+02  .185858406E+02
  .186869797E+02  .187907268E+02  .188969851E+02  .190056537E+02  .191166281E+02
  .192297995E+02  .193450556E+02  .194622803E+02  .195813537E+02  .197021527E+02
  .198245505E+02  .199484171E+02  .200736192E+02  .202000204E+02  .203274813E+02
  .204558596E+02  .205850103E+02  .207147857E+02  .208450357E+02  .209756079E+02
  .211063477E+02  .212370983E+02  .213677011E+02  .214979961E+02  .216278212E+02
  .217570133E+02  .218854080E+02  .220128397E+02  .221391423E+02  .222641487E+02
  .223876915E+02  .225096028E+02  .226297149E+02  .227478600E+02  .228638706E+02
  .229775797E+02  .230888209E+02  .231974290E+02  .233032397E+02  .234060898E+02
  .235058179E+02  .236022643E+02  .236952711E+02  .237846826E+02  .238703453E+02
  .239521085E+02  .240298241E+02  .241033468E+02  .241725348E+02  .242372494E+02
  .242973554E+02  .243527216E+02  .244032205E+02  .244487289E+02  .244891278E+02
  .245243028E+02  .245541441E+02  .245785468E+02  .245974110E+02  .246106421E+02
  .246181505E+02  .246198527E+02  .246156703E+02  .246055309E+02  .245893683E+02
  .245671219E+02  .245387377E+02  .245041678E+02  .244633708E+02  .244163117E+02
  .243629623E+02  .243033011E+02  .242373132E+02  .241649907E+02  .240863327E+02
  .240013451E+02  .239100409E+02  .238124402E+02  .237085700E+02  .235984647E+02
  .234821656E+02  .233597211E+02  .232311867E+02  .230966251E+02  .229561059E+02
  .228097056E+02  .226575080E+02  .224996034E+02  .223360892E+02  .221670693E+02
  .219926543E+02  .218129614E+02  .216281142E+02  .214382425E+02  .212434824E+02
  .210439760E+02  .208398712E+02  .206313216E+02  .204184863E+02  .202015300E+02
  .199806222E+02  .197559377E+02  .195276558E+02  .192959605E+02  .190610400E+02
  .188230867E+02  .185822968E+02  .183388700E+02  .180930095E+02  .178449214E+02
  .175948148E+02  .173429012E+02  .170893943E+02  .168345099E+02  .165784654E+02
  .163214797E+02  .160637726E+02  .158055648E+02  .155470775E+02  .152885318E+02
  .150301491E+02  .147721499E+02  .145147543E+02  .142581811E+02  .140026478E+02
  .137483701E+02  .134955618E+02  .132444344E+02  .129951966E+02  .127480543E+02
  .125032101E+02  .122608633E+02  .120212091E+02  .117844387E+02  .115507391E+02
  .113202926E+02  .110932763E+02  .108698625E+02  .106502180E+02  .104345041E+02
  .102228758E+02  .100154825E+02  .981246721E+01  .961396630E+01  .942010960E+01
  .923102013E+01  .904681387E+01  .886759974E+01  .869347932E+01  .852454692E+01
  .836088924E+01  .820258555E+01  .804970735E+01  .790231854E+01  .776047517E+01
  .762422556E+01  .749361021E+01  .736866179E+01  .724940515E+01  .713585735E+01
  .702802768E+01  .692591766E+01  .682952116E+01  .673882435E+01  .665380585E+01
  .657443672E+01  .650068056E+01  .643249355E+01  .636982453E+01  .631261505E+01
  .626079945E+01  .621430490E+01  .617305150E+01  .613695229E+01  .610591344E+01
  .607983420E+01  .605860712E+01  .604211810E+01  .603024659E+01  .602286572E+01
  .601984254E+01  .602103824E+01  .602630847E+01  .603550360E+01  .604846913E+01
  .606504603E+01  .608507116E+01  .610837767E+01  .613479548E+01  .616415160E+01
  .619627068E+01  .623097527E+01  .626808634E+01  .630742352E+01  .634880559E+01
  .639205063E+01  .643697651E+01  .648340104E+01  .653114238E+01  .658001919E+01
  .662985105E+01  .668045855E+01  .673166373E+01  .678329016E+01  .683516338E+01
  .688711094E+01  .693896286E+01  .699055170E+01  .704171293E+01  .709228505E+01
  .714210996E+01  .719103301E+01  .723890345E+01  .728557437E+01  .733090319E+01
  .737475160E+01  .741698601E+01  .745747746E+01  .749610207E+01  .753274095E+01
  .756728059E+01  .759961276E+01  .762963492E+01  .765725003E+01  .768236697E+01
  .770490035E+01  .772477087E+01  .774190511E+01  .775623584E+01  .776770185E+01
  .777624819E+01  .778182598E+01  .778439261E+01  .778391153E+01  .778035245E+01
  .777369109E+01  .776390933E+01  .775099498E+01  .773494185E+01  .771574956E+01
  .769342355E+01  .766797486E+01  .763942017E+01  .760778149E+01  .757308622E+01
  .753536683E+01  .749466089E+01  .745101074E+01  .740446349E+01  .735507068E+01
  .730288827E+01  .724797633E+01  .719039894E+01  .713022392E+01  .706752271E+01
  .700237011E+01  .693484413E+01  .686502572E+01  .679299862E+01  .671884913E+01
  .664266589E+01  .656453968E+01  .648456323E+01  .640283096E+01  .631943881E+01
  .623448402E+01  .614806492E+01  .606028073E+01  .597123136E+01  .588101721E+01
  .578973896E+01  .569749739E+01  .560439319E+01  .551052676E+01  .541599792E+01
  .532090613E+01  .522534958E+01  .512942597E+01  .503323162E+01  .493686158E+01
  .484040960E+01  .474396771E+01  .464762637E+01  .455147409E+01  .445559752E+01
  .436008117E+01  .426500741E+01  .417045629E+01  .407650550E+01  .398323025E+01
  .389070321E+01  .379899439E+01  .370817115E+01  .361829806E+01  .352943689E+01
  .344164654E+01  .335498303E+01  .326949945E+01  .318524593E+01  .310226960E+01
  .302061466E+01  .294032226E+01  .286143060E+01  .278397485E+01  .270798728E+01
  .263349713E+01  .256053078E+01  .248911166E+01  .241926040E+01  .235099478E+01
  .228432981E+01  .221927780E+01  .215584840E+01  .209404865E+01  .203388306E+01
  .197535369E+01  .191846018E+01  .186319988E+01  .180956788E+01  .175755712E+01
  .170715845E+01  .165836075E+01  .161115098E+01  .156551429E+01  .152143409E+01
  .147889216E+01  .143786873E+01  .139834257E+01  .136029110E+01  .132369045E+01
  .128851556E+01  .125474029E+01  .122233749E+01  .119127910E+01  .116153621E+01
  .113307917E+01  .110587767E+01  .107990082E+01  .105511719E+01  .103149496E+01
  .100900189E+01  .987605472E+00  .967272948E+00  .947971363E+00  .929667638E+00
  .912328586E+00  .895920984E+00  .880411574E+00  .865767127E+00  .851954436E+00
  .838940369E+00  .826691861E+00  .815175965E+00  .804359840E+00  .794210804E+00
  .784696329E+00  .775784103E+00  .767442026E+00  .759638289E+00  .752341373E+00
  .745520140E+00  .739143840E+00  .733182203E+00  .727605448E+00  .722384381E+00
  .717490392E+00  .712895555E+00  .708572615E+00  .704495079E+00  .700637191E+00
  .696974020E+00  .693481423E+00  .690136118E+00  .686915645E+00  .683798428E+00
  .680763730E+00  .677791710E+00  .674863369E+00  .671960607E+00  .669066161E+00
  .666163661E+00  .663237565E+00  .660273215E+00  .657256764E+00  .654175235E+00
  .651016446E+00  .647769066E+00  .644422541E+00  .640967147E+00  .637393916E+00
  .633694688E+00  .629862034E+00  .625889313E+00  .621770586E+00  .617500675E+00
  .613075083E+00  .608490042E+00  .603742437E+00  .598829853E+00  .593750498E+00
  .588503248E+00  .583087570E+00  .577503569E+00  .571751901E+00  .565833829E+00
  .559751132E+00  .553506156E+00  .547101728E+00  .540541201E+00  .533828370E+00
  .526967515E+00  .519963317E+00  .512820895E+00  .505545730E+00  .498143692E+00
  .490620967E+00  .482984085E+00  .475239837E+00  .467395317E+00  .459457823E+00
  .451434906E+00  .443334272E+00  .435163821E+00  .426931560E+00  .418645633E+00
  .410314239E+00  .401945658E+00  .393548172E+00  .385130093E+00  .376699679E+00
  .368265167E+00  .359834691E+00  .351416314E+00  .343017950E+00  .334647394E+00
  .326312250E+00  .318019965E+00  .309777756E+00  .301592633E+00  .293471368E+00
  .285420480E+00  .277446225E+00  .269554586E+00  .261751261E+00  .254041654E+00
  .246430874E+00  .238923724E+00  .231524700E+00  .224237989E+00  .217067469E+00
  .210016708E+00  .203088966E+00  .196287198E+00  .189614060E+00  .183071909E+00
  .176662814E+00  .170388560E+00  .164250654E+00  .158250338E+00  .152388591E+00
  .146666141E+00  .141083476E+00  .135640851E+00  .130338300E+00  .125175642E+00
  .120152496E+00  .115268290E+00  .110522269E+00  .105913507E+00  .101440917E+00
  .971032612E-01  .928991596E-01  .888271008E-01  .848854507E-01  .810724621E-01
  .773862833E-01  .738249667E-01  .703864773E-01  .670687002E-01  .638694491E-01
  .607864730E-01  .578174634E-01  .549600612E-01  .522118631E-01  .495704279E-01
  .470332821E-01  .445979255E-01  .422618370E-01  .400224790E-01  .378773027E-01
  .358237523E-01  .338592699E-01  .319812990E-01  .301872889E-01  .284746980E-01
  .268409979E-01  .252836764E-01  .238002408E-01  .223882209E-01  .210451719E-01
  .197686773E-01  .185563512E-01  .174058411E-01  .163148299E-01  .152810381E-01
  .143022262E-01  .133761960E-01  .125007929E-01  .116739069E-01  .108934749E-01
  .101574814E-01  .946395969E-02  .881099338E-02  .819671690E-02  .761931645E-02
  .707703064E-02  .656815097E-02  .609102219E-02  .564404262E-02  .522566415E-02
  .483439232E-02  .446878616E-02  .412745789E-02  .380907259E-02  .351234774E-02
  .323605259E-02  .297900750E-02  .274008319E-02  .251819984E-02  .231232621E-02
  .212147856E-02  .194471965E-02  .178115755E-02  .162994451E-02  .149027567E-02
  .136138785E-02  .124255820E-02  .113310292E-02  .103237590E-02  .939767335E-03
  .854702404E-03  .776639868E-03  .705070720E-03  .639516822E-03  .579529558E-03
  .524688499E-03  .474600099E-03  .428896395E-03  .387233751E-03  .349291618E-03
  .314771333E-03  .283394943E-03  .254904071E-03  .229058816E-03  .205636687E-03
  .184431579E-03  .165252785E-03  .147924054E-03  .132282679E-03  .118178631E-03
  .105473732E-03  .940408636E-04  .837632212E-04  .745335974E-04  .662537095E-04
  .588335608E-04  .521908375E-04  .462503408E-04  .409434515E-04  .362076278E-04
  .319859334E-04  .282265961E-04  .248825943E-04  .219112720E-04  .192739785E-04
  .169357342E-04  .148649191E-04  .130329847E-04  .114141858E-04  .998533335E-05
  .872556588E-05  .761613823E-05  .664022741E-05  .578275380E-05  .503021696E-05
  .437054511E-05  .379295716E-05  .328783663E-05  .284661650E-05  .246167419E-05
  .212623591E-05  .183428974E-05  .158050670E-05  .136016915E-05  .116910598E-05
  .100363409E-05  .860505403E-06  .736859281E-06  .630179549E-06  .538255941E-06
  .459149463E-06  .391161361E-06  .332805341E-06  .282782744E-06  .239960389E-06
  .203350835E-06  .172094814E-06  .145445620E-06  .122755264E-06  .103462209E-06
  .870805164E-07  .731902628E-07  .614290881E-07  .514847516E-07  .430885880E-07
  .360097608E-07  .300502262E-07  .250403239E-07  .208349244E-07  .173100677E-07
  .143600338E-07  .118947954E-07  .983780536E-08  .812407778E-08  .669852734E-08
  .551453349E-08  .453270154E-08  .371979530E-08  .304781885E-08  .249322817E-08
  .203625510E-08  .166032881E-08  .135158139E-08  .109842614E-08  .891198380E-09
  .721850176E-09  .583691158E-09  .471168991E-09  .379683694E-09  .305430861E-09
  .245269548E-09  .196611108E-09  .157325851E-09  .125664789E-09  .100194161E-09
  .797407398E-10  .633462416E-10  .502293826E-10  .397543647E-10  .314047492E-10
  .247618376E-10  .194868148E-10  .153060363E-10  .119989084E-10  .938795997E-11
  .733068037E-11  .571286620E-11  .444317718E-11  .344870509E-11  .267137165E-11
  .206500599E-11  .159297857E-11  .122628939E-11  .942026619E-12  .722126412E-12
  .552377223E-12  .421622073E-12  .321120821E-12  .244041443E-12  .185055109E-12
  .140014583E-12  .105699375E-12  .796142324E-13  .598301768E-13  .448593739E-13
  .335568727E-13  .250436163E-13  .186462612E-13  .138502449E-13  .102632723E-13
  .758697470E-14  .559496544E-14  .411588952E-14  .302036208E-14  .221092855E-14
  .161436652E-14  .117579760E-14  .854195309E-15  .618966441E-15  .447356118E-15
  .322483124E-15  .231856269E-15  .166256932E-15  .118899631E-15  .848031066E-16
  .603203892E-16  .427886080E-16  .302687362E-16  .213527052E-16  .150208430E-16
  .105367997E-16  .737031921E-17  .514063888E-17  .357512397E-17  .247912390E-17
  .171406900E-17  .118160155E-17  .812112419E-18  .556484631E-18  .380164548E-18
  .258917188E-18  .175796531E-18  .118989629E-18  .802872280E-19  .540021964E-19
  .362070357E-19  .241980289E-19  .161198608E-19  .107034939E-19  .708372105E-20
  .467258774E-20  .307186444E-20  .201272082E-20  .131428693E-20  .855283622E-21
  .554665937E-21  .358461217E-21  .230850096E-21  .148143609E-21  .947301953E-22
  .603579062E-22  .383184201E-22  .242379615E-22  .152752009E-22  .959107481E-23
  .599962636E-23  .373890707E-23  .232121590E-23  .143556729E-23  .884413517E-24
  .542747121E-24  .331769499E-24  .202003308E-24  .122503871E-24  .739940092E-25
  .445127790E-25  .266685954E-25  .159121413E-25  .945487556E-26  .559457690E-26
  .329646404E-26  .193412441E-26  .112995365E-26  .657297644E-27  .380691955E-27
  .219523152E-27  .126027892E-27  .720306470E-28  .409842244E-28  .232139597E-28
  .130887763E-28  .734598889E-29  .410380625E-29  .228187906E-29  .126284862E-29
  .695578950E-30  .381295324E-30  .208007860E-30  .112923521E-30  .610040280E-31
  .327932876E-31  .175406839E-31  .933524744E-32  .494316824E-32  .260415932E-32
  .136488018E-32  .711653180E-33  .369122981E-33  .190451495E-33  .977439623E-34
  .498964040E-34  .253339937E-34  .127930581E-34  .642484194E-35  .320884535E-35
  .159372777E-35  .787116668E-36  .386548631E-36  .188751115E-36  .916379575E-37
  .442325264E-37  .212260108E-37  .101259311E-37  .480198737E-38  .226363214E-38
  .106064162E-38  .493956224E-39  .228635728E-39  .105175419E-39  .480814373E-40
  .218429863E-40  .986043667E-41  .442290743E-41  .197117397E-41  .872820881E-42
  .383959886E-42  .167797099E-42  .728447143E-43  .314125797E-43  .134548204E-43
  .572397260E-44  .241846022E-44  .101479507E-44  .422855315E-45  .174966602E-45
  .718859671E-46  .293247404E-46  .118768326E-46  .477549736E-47  .190617615E-47
  .755281131E-48  .297050278E-48  .115958174E-48  .449259218E-49  .172739164E-49
  .659107987E-50  .249555899E-50  .937557622E-51  .349478219E-51  .129243055E-51
  .474167735E-52  .172570691E-52  .622995029E-53  .223078115E-53  .792242577E-54
  .279036845E-54  .974651796E-55  .337637018E-55  .116015889E-55  .395674051E-56
  .134440790E-56  .457001525E-57  .159767145E-57  .602798027E-58  .284734181E-58
  .214909385E-58  .000000000E+00  .000000000E+00  .000000000E+00  .000000000E+00
  .000000000E+00  .000000000E+00  .000000000E+00  .000000000E+00  .000000000E+00
  .000000000E+00  .000000000E+00  .000000000E+00  .000000000E+00  .000000000E+00
  .000000000E+00  .000000000E+00  .000000000E+00  .000000000E+00  .000000000E+00
  .000000000E+00  .000000000E+00  .000000000E+00  .000000000E+00  .000000000E+00
  .000000000E+00  .000000000E+00  .000000000E+00  .000000000E+00  .000000000E+00
  .000000000E+00  .000000000E+00  .000000000E+00  .000000000E+00  .000000000E+00
  .000000000E+00  .000000000E+00  .000000000E+00  .000000000E+00  .000000000E+00
  .000000000E+00  .000000000E+00  .000000000E+00  .000000000E+00  .000000000E+00
  .000000000E+00  .000000000E+00  .000000000E+00  .000000000E+00  .000000000E+00
  .000000000E+00  .000000000E+00  .000000000E+00  .000000000E+00  .000000000E+00
  .000000000E+00  .000000000E+00  .000000000E+00  .000000000E+00  .000000000E+00
  .000000000E+00  .000000000E+00  .000000000E+00  .000000000E+00  .000000000E+00
  .000000000E+00  .000000000E+00  .000000000E+00  .000000000E+00  .000000000E+00
  .000000000E+00  .000000000E+00  .000000000E+00  .000000000E+00  .000000000E+00
  .000000000E+00  .000000000E+00  .000000000E+00  .000000000E+00  .000000000E+00
  .000000000E+00  .000000000E+00  .000000000E+00  .000000000E+00  .000000000E+00
  .000000000E+00  .000000000E+00  .000000000E+00  .000000000E+00  .000000000E+00
  .000000000E+00  .000000000E+00  .000000000E+00  .000000000E+00  .000000000E+00
  .000000000E+00  .000000000E+00  .000000000E+00  .000000000E+00  .000000000E+00
  .000000000E+00  .000000000E+00  .000000000E+00  .000000000E+00  .000000000E+00
  .000000000E+00  .000000000E+00  .000000000E+00  .000000000E+00  .000000000E+00
  .000000000E+00  .000000000E+00  .000000000E+00  .000000000E+00  .000000000E+00
  .000000000E+00  .000000000E+00  .000000000E+00  .000000000E+00  .000000000E+00
  .000000000E+00  .000000000E+00  .000000000E+00  .000000000E+00  .000000000E+00
  .000000000E+00  .000000000E+00  .000000000E+00  .000000000E+00  .000000000E+00
  .000000000E+00  .000000000E+00  .000000000E+00  .000000000E+00  .000000000E+00
  .000000000E+00  .000000000E+00  .000000000E+00  .000000000E+00  .000000000E+00
  .000000000E+00  .000000000E+00  .000000000E+00  .000000000E+00  .000000000E+00
  .000000000E+00  .000000000E+00  .000000000E+00  .000000000E+00  .000000000E+00
  .000000000E+00  .000000000E+00  .000000000E+00  .000000000E+00  .000000000E+00
  .000000000E+00  .000000000E+00  .000000000E+00  .000000000E+00  .000000000E+00
  .000000000E+00  .000000000E+00  .000000000E+00  .000000000E+00  .000000000E+00
  .000000000E+00  .000000000E+00  .000000000E+00  .000000000E+00  .000000000E+00
  .000000000E+00  .000000000E+00  .000000000E+00  .000000000E+00  .000000000E+00
  .000000000E+00  .000000000E+00  .000000000E+00  .000000000E+00  .000000000E+00
  .000000000E+00  .000000000E+00  .000000000E+00  .000000000E+00  .000000000E+00
  .000000000E+00  .000000000E+00  .000000000E+00  .000000000E+00  .000000000E+00
  .000000000E+00  .000000000E+00  .000000000E+00  .000000000E+00  .000000000E+00
  .000000000E+00  .000000000E+00  .000000000E+00  .000000000E+00  .000000000E+00
