Ho : [core=Xe4]                         
   1467.00   .002000 164.93000 125.   .10E-04 .080  400FPE 58.00000
   .7  1.0   0
  1.0   .0   .5-4055.1309 2.0000
  2.0   .0   .5 -679.4359 2.0000
  2.0  1.0  1.5 -602.5874 6.0000
  3.0   .0   .5 -152.2896 2.0000
  3.0  1.0  1.5 -128.7450 6.0000
  3.0  2.0  2.5  -98.808910.0000
  4.0   .0   .5  -30.5099 2.0000
  4.0  1.0  1.5  -22.7368 6.0000
  4.0  2.0  2.5  -12.208910.0000
  4.0  3.0  2.5    -.700910.0000
  5.0   .0   .5   -3.9795 2.0000
  6.0   .0   .5    -.3182 2.0000
  5.0  1.0  1.5   -2.1351 6.0000
  5.0  2.0  2.5    -.1633 1.0000
