  PAW Ni_pv                              
 100
Core Pot   L  =         .00000   -.32984
  -.50000000E+01  .19931637E+01
  -.49300000E+01  .19741602E+01
  -.48600000E+01  .19550937E+01
  -.47900000E+01  .19359565E+01
  -.47200000E+01  .19167410E+01
  -.46500000E+01  .18974402E+01
  -.45800000E+01  .18780473E+01
  -.45100000E+01  .18585556E+01
  -.44400000E+01  .18389590E+01
  -.43700000E+01  .18192511E+01
  -.43000000E+01  .17994259E+01
  -.42300000E+01  .17794775E+01
  -.41600000E+01  .17594001E+01
  -.40900000E+01  .17391878E+01
  -.40200000E+01  .17188349E+01
  -.39500000E+01  .16983357E+01
  -.38800000E+01  .16776845E+01
  -.38100000E+01  .16568755E+01
  -.37400000E+01  .16359029E+01
  -.36700000E+01  .16147609E+01
  -.36000000E+01  .15934437E+01
  -.35300000E+01  .15719453E+01
  -.34600000E+01  .15502596E+01
  -.33900000E+01  .15283805E+01
  -.33200000E+01  .15063017E+01
  -.32500000E+01  .14840168E+01
  -.31800000E+01  .14615193E+01
  -.31100000E+01  .14388023E+01
  -.30400000E+01  .14158592E+01
  -.29700000E+01  .13926827E+01
  -.29000000E+01  .13692655E+01
  -.28300000E+01  .13456003E+01
  -.27600000E+01  .13216793E+01
  -.26900000E+01  .12974944E+01
  -.26200000E+01  .12730374E+01
  -.25500000E+01  .12482999E+01
  -.24800000E+01  .12232729E+01
  -.24100000E+01  .11979474E+01
  -.23400000E+01  .11723138E+01
  -.22700000E+01  .11463622E+01
  -.22000000E+01  .11200825E+01
  -.21300000E+01  .10934640E+01
  -.20600000E+01  .10664956E+01
  -.19900000E+01  .10391657E+01
  -.19200000E+01  .10114624E+01
  -.18500000E+01  .98337315E+00
  -.17800000E+01  .95488476E+00
  -.17100000E+01  .92598361E+00
  -.16400000E+01  .89665540E+00
  -.15700000E+01  .86688518E+00
  -.15000000E+01  .83665730E+00
  -.14300000E+01  .80595536E+00
  -.13600000E+01  .77476217E+00
  -.12900000E+01  .74305970E+00
  -.12200000E+01  .71082899E+00
  -.11500000E+01  .67805019E+00
  -.10800000E+01  .64470237E+00
  -.10100000E+01  .61076350E+00
  -.94000000E+00  .57621042E+00
  -.87000000E+00  .54101869E+00
  -.80000000E+00  .50516252E+00
  -.73000000E+00  .46861478E+00
  -.66000000E+00  .43134665E+00
  -.59000000E+00  .39332776E+00
  -.52000000E+00  .35452596E+00
  -.45000000E+00  .31490716E+00
  -.38000000E+00  .27443522E+00
  -.31000000E+00  .23307182E+00
  -.24000000E+00  .19077621E+00
  -.17000000E+00  .14750508E+00
  -.10000000E+00  .10321230E+00
  -.30000000E-01  .57848758E-01
   .40000000E-01  .11362024E-01
   .11000000E+00 -.36303872E-01
   .18000000E+00 -.85208778E-01
   .25000000E+00 -.13541677E+00
   .32000000E+00 -.18699648E+00
   .39000000E+00 -.24002161E+00
   .46000000E+00 -.29457132E+00
   .53000000E+00 -.35073079E+00
   .60000000E+00 -.40859182E+00
   .67000000E+00 -.46825345E+00
   .74000000E+00 -.52982270E+00
   .81000000E+00 -.59341545E+00
   .88000000E+00 -.65915729E+00
   .95000000E+00 -.72718463E+00
   .10200000E+01 -.79764589E+00
   .10900000E+01 -.87070282E+00
   .11600000E+01 -.94653208E+00
   .12300000E+01 -.10253269E+01
   .13000000E+01 -.11072994E+01
   .13700000E+01 -.11926824E+01
   .14400000E+01 -.12817324E+01
   .15100000E+01 -.13747330E+01
   .15800000E+01 -.14719976E+01
   .16500000E+01 -.15738744E+01
   .17200000E+01 -.16807509E+01
   .17900000E+01 -.17930597E+01
   .18600000E+01 -.19112854E+01
   .19300000E+01 -.20359723E+01
   .20000000E+01 -.21677344E+01
Potential  L  =         .00000   -.32984
  -.50000000E+01  .19597298E+01
  -.49300000E+01  .19425106E+01
  -.48600000E+01  .19251591E+01
  -.47900000E+01  .19076726E+01
  -.47200000E+01  .18900482E+01
  -.46500000E+01  .18722831E+01
  -.45800000E+01  .18543741E+01
  -.45100000E+01  .18363181E+01
  -.44400000E+01  .18181119E+01
  -.43700000E+01  .17997522E+01
  -.43000000E+01  .17812354E+01
  -.42300000E+01  .17625580E+01
  -.41600000E+01  .17437163E+01
  -.40900000E+01  .17247065E+01
  -.40200000E+01  .17055245E+01
  -.39500000E+01  .16861663E+01
  -.38800000E+01  .16666275E+01
  -.38100000E+01  .16469037E+01
  -.37400000E+01  .16269904E+01
  -.36700000E+01  .16068827E+01
  -.36000000E+01  .15865757E+01
  -.35300000E+01  .15660643E+01
  -.34600000E+01  .15453431E+01
  -.33900000E+01  .15244065E+01
  -.33200000E+01  .15032487E+01
  -.32500000E+01  .14818637E+01
  -.31800000E+01  .14602453E+01
  -.31100000E+01  .14383869E+01
  -.30400000E+01  .14162817E+01
  -.29700000E+01  .13939226E+01
  -.29000000E+01  .13713022E+01
  -.28300000E+01  .13484127E+01
  -.27600000E+01  .13252461E+01
  -.26900000E+01  .13017939E+01
  -.26200000E+01  .12780474E+01
  -.25500000E+01  .12539972E+01
  -.24800000E+01  .12296337E+01
  -.24100000E+01  .12049468E+01
  -.23400000E+01  .11799259E+01
  -.22700000E+01  .11545598E+01
  -.22000000E+01  .11288369E+01
  -.21300000E+01  .11027448E+01
  -.20600000E+01  .10762707E+01
  -.19900000E+01  .10494010E+01
  -.19200000E+01  .10221215E+01
  -.18500000E+01  .99441710E+00
  -.17800000E+01  .96627196E+00
  -.17100000E+01  .93766936E+00
  -.16400000E+01  .90859167E+00
  -.15700000E+01  .87902022E+00
  -.15000000E+01  .84893531E+00
  -.14300000E+01  .81831605E+00
  -.13600000E+01  .78714034E+00
  -.12900000E+01  .75538473E+00
  -.12200000E+01  .72302431E+00
  -.11500000E+01  .69003266E+00
  -.10800000E+01  .65638164E+00
  -.10100000E+01  .62204130E+00
  -.94000000E+00  .58697974E+00
  -.87000000E+00  .55116290E+00
  -.80000000E+00  .51455439E+00
  -.73000000E+00  .47711531E+00
  -.66000000E+00  .43880402E+00
  -.59000000E+00  .39957580E+00
  -.52000000E+00  .35938270E+00
  -.45000000E+00  .31817316E+00
  -.38000000E+00  .27589166E+00
  -.31000000E+00  .23247832E+00
  -.24000000E+00  .18786850E+00
  -.17000000E+00  .14199229E+00
  -.10000000E+00  .94773909E-01
  -.30000000E-01  .46131154E-01
   .40000000E-01 -.40253579E-02
   .11000000E+00 -.55792990E-01
   .18000000E+00 -.10927800E+00
   .25000000E+00 -.16459658E+00
   .32000000E+00 -.22187610E+00
   .39000000E+00 -.28125641E+00
   .46000000E+00 -.34289152E+00
   .53000000E+00 -.40695136E+00
   .60000000E+00 -.47362399E+00
   .67000000E+00 -.54311803E+00
   .74000000E+00 -.61566560E+00
   .81000000E+00 -.69152573E+00
   .88000000E+00 -.77098842E+00
   .95000000E+00 -.85437940E+00
   .10200000E+01 -.94206586E+00
   .10900000E+01 -.10344633E+01
   .11600000E+01 -.11320437E+01
   .12300000E+01 -.12353455E+01
   .13000000E+01 -.13449861E+01
   .13700000E+01 -.14616763E+01
   .14400000E+01 -.15862390E+01
   .15100000E+01 -.17196327E+01
   .15800000E+01 -.18629800E+01
   .16500000E+01 -.20176045E+01
   .17200000E+01 -.21850784E+01
   .17900000E+01 -.23672834E+01
   .18600000E+01 -.25664913E+01
   .19300000E+01 -.27854700E+01
   .20000000E+01 -.30276278E+01
Core Pot   L  =        1.00000  -4.87792
  -.50000000E+01  .57947320E+00
  -.49300000E+01 -.30792119E+00
  -.48600000E+01 -.34738129E+01
  -.47900000E+01  .20175413E+02
  -.47200000E+01  .54982886E+01
  -.46500000E+01  .39408688E+01
  -.45800000E+01  .33361693E+01
  -.45100000E+01  .30092114E+01
  -.44400000E+01  .28007643E+01
  -.43700000E+01  .26537496E+01
  -.43000000E+01  .25426450E+01
  -.42300000E+01  .24543241E+01
  -.41600000E+01  .23813452E+01
  -.40900000E+01  .23191740E+01
  -.40200000E+01  .22648897E+01
  -.39500000E+01  .22165257E+01
  -.38800000E+01  .21727089E+01
  -.38100000E+01  .21324513E+01
  -.37400000E+01  .20950237E+01
  -.36700000E+01  .20598757E+01
  -.36000000E+01  .20265841E+01
  -.35300000E+01  .19948178E+01
  -.34600000E+01  .19643139E+01
  -.33900000E+01  .19348609E+01
  -.33200000E+01  .19062864E+01
  -.32500000E+01  .18784484E+01
  -.31800000E+01  .18512289E+01
  -.31100000E+01  .18245285E+01
  -.30400000E+01  .17982630E+01
  -.29700000E+01  .17723605E+01
  -.29000000E+01  .17467590E+01
  -.28300000E+01  .17214046E+01
  -.27600000E+01  .16962502E+01
  -.26900000E+01  .16712544E+01
  -.26200000E+01  .16463802E+01
  -.25500000E+01  .16215948E+01
  -.24800000E+01  .15968685E+01
  -.24100000E+01  .15721746E+01
  -.23400000E+01  .15474887E+01
  -.22700000E+01  .15227883E+01
  -.22000000E+01  .14980527E+01
  -.21300000E+01  .14732628E+01
  -.20600000E+01  .14484006E+01
  -.19900000E+01  .14234491E+01
  -.19200000E+01  .13983923E+01
  -.18500000E+01  .13732151E+01
  -.17800000E+01  .13479027E+01
  -.17100000E+01  .13224412E+01
  -.16400000E+01  .12968168E+01
  -.15700000E+01  .12710164E+01
  -.15000000E+01  .12450268E+01
  -.14300000E+01  .12188352E+01
  -.13600000E+01  .11924291E+01
  -.12900000E+01  .11657957E+01
  -.12200000E+01  .11389227E+01
  -.11500000E+01  .11117973E+01
  -.10800000E+01  .10844069E+01
  -.10100000E+01  .10567389E+01
  -.94000000E+00  .10287802E+01
  -.87000000E+00  .10005179E+01
  -.80000000E+00  .97193839E+00
  -.73000000E+00  .94302820E+00
  -.66000000E+00  .91377334E+00
  -.59000000E+00  .88415948E+00
  -.52000000E+00  .85417188E+00
  -.45000000E+00  .82379535E+00
  -.38000000E+00  .79301423E+00
  -.31000000E+00  .76181228E+00
  -.24000000E+00  .73017270E+00
  -.17000000E+00  .69807804E+00
  -.10000000E+00  .66551017E+00
  -.30000000E-01  .63245022E+00
   .40000000E-01  .59887849E+00
   .11000000E+00  .56477446E+00
   .18000000E+00  .53011665E+00
   .25000000E+00  .49488257E+00
   .32000000E+00  .45904876E+00
   .39000000E+00  .42259047E+00
   .46000000E+00  .38548179E+00
   .53000000E+00  .34769549E+00
   .60000000E+00  .30920287E+00
   .67000000E+00  .26997375E+00
   .74000000E+00  .22997625E+00
   .81000000E+00  .18917675E+00
   .88000000E+00  .14753971E+00
   .95000000E+00  .10502751E+00
   .10200000E+01  .61600334E-01
   .10900000E+01  .17215953E-01
   .11600000E+01 -.28170477E-01
   .12300000E+01 -.74606534E-01
   .13000000E+01 -.12214290E+00
   .13700000E+01 -.17083353E+00
   .14400000E+01 -.22073595E+00
   .15100000E+01 -.27191157E+00
   .15800000E+01 -.32442601E+00
   .16500000E+01 -.37834952E+00
   .17200000E+01 -.43375736E+00
   .17900000E+01 -.49073028E+00
   .18600000E+01 -.54935500E+00
   .19300000E+01 -.60972489E+00
   .20000000E+01 -.67194050E+00
Potential  L  =        1.00000  -4.87792
  -.50000000E+01 -.50718784E+00
  -.49300000E+01 -.12346677E+01
  -.48600000E+01 -.24664428E+01
  -.47900000E+01 -.50307271E+01
  -.47200000E+01 -.13764618E+02
  -.46500000E+01  .77934021E+02
  -.45800000E+01  .13340562E+02
  -.45100000E+01  .81667792E+01
  -.44400000E+01  .62436422E+01
  -.43700000E+01  .52345177E+01
  -.43000000E+01  .46093454E+01
  -.42300000E+01  .41814992E+01
  -.41600000E+01  .38684126E+01
  -.40900000E+01  .36279323E+01
  -.40200000E+01  .34362728E+01
  -.39500000E+01  .32790081E+01
  -.38800000E+01  .31468731E+01
  -.38100000E+01  .30336465E+01
  -.37400000E+01  .29349956E+01
  -.36700000E+01  .28478096E+01
  -.36000000E+01  .27697976E+01
  -.35300000E+01  .26992343E+01
  -.34600000E+01  .26347959E+01
  -.33900000E+01  .25754494E+01
  -.33200000E+01  .25203769E+01
  -.32500000E+01  .24689221E+01
  -.31800000E+01  .24205520E+01
  -.31100000E+01  .23748295E+01
  -.30400000E+01  .23313924E+01
  -.29700000E+01  .22899378E+01
  -.29000000E+01  .22502106E+01
  -.28300000E+01  .22119942E+01
  -.27600000E+01  .21751034E+01
  -.26900000E+01  .21393786E+01
  -.26200000E+01  .21046818E+01
  -.25500000E+01  .20708929E+01
  -.24800000E+01  .20379064E+01
  -.24100000E+01  .20056297E+01
  -.23400000E+01  .19739808E+01
  -.22700000E+01  .19428867E+01
  -.22000000E+01  .19122823E+01
  -.21300000E+01  .18821092E+01
  -.20600000E+01  .18523147E+01
  -.19900000E+01  .18228510E+01
  -.19200000E+01  .17936748E+01
  -.18500000E+01  .17647467E+01
  -.17800000E+01  .17360302E+01
  -.17100000E+01  .17074919E+01
  -.16400000E+01  .16791011E+01
  -.15700000E+01  .16508290E+01
  -.15000000E+01  .16226488E+01
  -.14300000E+01  .15945357E+01
  -.13600000E+01  .15664660E+01
  -.12900000E+01  .15384175E+01
  -.12200000E+01  .15103692E+01
  -.11500000E+01  .14823011E+01
  -.10800000E+01  .14541940E+01
  -.10100000E+01  .14260295E+01
  -.94000000E+00  .13977898E+01
  -.87000000E+00  .13694579E+01
  -.80000000E+00  .13410169E+01
  -.73000000E+00  .13124506E+01
  -.66000000E+00  .12837430E+01
  -.59000000E+00  .12548784E+01
  -.52000000E+00  .12258413E+01
  -.45000000E+00  .11966163E+01
  -.38000000E+00  .11671881E+01
  -.31000000E+00  .11375413E+01
  -.24000000E+00  .11076608E+01
  -.17000000E+00  .10775309E+01
  -.10000000E+00  .10471364E+01
  -.30000000E-01  .10164613E+01
   .40000000E-01  .98548983E+00
   .11000000E+00  .95420577E+00
   .18000000E+00  .92259256E+00
   .25000000E+00  .89063334E+00
   .32000000E+00  .85831077E+00
   .39000000E+00  .82560708E+00
   .46000000E+00  .79250396E+00
   .53000000E+00  .75898254E+00
   .60000000E+00  .72502330E+00
   .67000000E+00  .69060605E+00
   .74000000E+00  .65570983E+00
   .81000000E+00  .62031288E+00
   .88000000E+00  .58439254E+00
   .95000000E+00  .54792511E+00
   .10200000E+01  .51088610E+00
   .10900000E+01  .47324966E+00
   .11600000E+01  .43498890E+00
   .12300000E+01  .39607535E+00
   .13000000E+01  .35647944E+00
   .13700000E+01  .31616994E+00
   .14400000E+01  .27511397E+00
   .15100000E+01  .23327698E+00
   .15800000E+01  .19062242E+00
   .16500000E+01  .14711170E+00
   .17200000E+01  .10270399E+00
   .17900000E+01  .57356081E-01
   .18600000E+01  .11022153E-01
   .19300000E+01 -.36346482E-01
   .20000000E+01 -.84801557E-01
Core Pot   L  =        2.00000   -.34232
  -.50000000E+01  .22902778E+01
  -.49300000E+01  .22745884E+01
  -.48600000E+01  .22587748E+01
  -.47900000E+01  .22428338E+01
  -.47200000E+01  .22267616E+01
  -.46500000E+01  .22105545E+01
  -.45800000E+01  .21942086E+01
  -.45100000E+01  .21777197E+01
  -.44400000E+01  .21610834E+01
  -.43700000E+01  .21442951E+01
  -.43000000E+01  .21273499E+01
  -.42300000E+01  .21102427E+01
  -.41600000E+01  .20929680E+01
  -.40900000E+01  .20755200E+01
  -.40200000E+01  .20578926E+01
  -.39500000E+01  .20400792E+01
  -.38800000E+01  .20220730E+01
  -.38100000E+01  .20038666E+01
  -.37400000E+01  .19854520E+01
  -.36700000E+01  .19668210E+01
  -.36000000E+01  .19479644E+01
  -.35300000E+01  .19288727E+01
  -.34600000E+01  .19095356E+01
  -.33900000E+01  .18899418E+01
  -.33200000E+01  .18700795E+01
  -.32500000E+01  .18499357E+01
  -.31800000E+01  .18294965E+01
  -.31100000E+01  .18087468E+01
  -.30400000E+01  .17876701E+01
  -.29700000E+01  .17662486E+01
  -.29000000E+01  .17444628E+01
  -.28300000E+01  .17222915E+01
  -.27600000E+01  .16997114E+01
  -.26900000E+01  .16766968E+01
  -.26200000E+01  .16532197E+01
  -.25500000E+01  .16292488E+01
  -.24800000E+01  .16047497E+01
  -.24100000E+01  .15796842E+01
  -.23400000E+01  .15540094E+01
  -.22700000E+01  .15276776E+01
  -.22000000E+01  .15006352E+01
  -.21300000E+01  .14728217E+01
  -.20600000E+01  .14441686E+01
  -.19900000E+01  .14145981E+01
  -.19200000E+01  .13840212E+01
  -.18500000E+01  .13523360E+01
  -.17800000E+01  .13194247E+01
  -.17100000E+01  .12851506E+01
  -.16400000E+01  .12493541E+01
  -.15700000E+01  .12118476E+01
  -.15000000E+01  .11724089E+01
  -.14300000E+01  .11307730E+01
  -.13600000E+01  .10866209E+01
  -.12900000E+01  .10395650E+01
  -.12200000E+01  .98912983E+00
  -.11500000E+01  .93472497E+00
  -.10800000E+01  .87560837E+00
  -.10100000E+01  .81083374E+00
  -.94000000E+00  .73917503E+00
  -.87000000E+00  .65901436E+00
  -.80000000E+00  .56817151E+00
  -.73000000E+00  .46363580E+00
  -.66000000E+00  .34112846E+00
  -.59000000E+00  .19435538E+00
  -.52000000E+00  .13661188E-01
  -.45000000E+00 -.21656211E+00
  -.38000000E+00 -.52330043E+00
  -.31000000E+00 -.95760068E+00
  -.24000000E+00 -.16290841E+01
  -.17000000E+00 -.28237725E+01
  -.10000000E+00 -.55977758E+01
  -.30000000E-01 -.19705986E+02
   .40000000E-01  .20956129E+02
   .11000000E+00  .78866581E+01
   .18000000E+00  .51948115E+01
   .25000000E+00  .40216374E+01
   .32000000E+00  .33577422E+01
   .39000000E+00  .29259197E+01
   .46000000E+00  .26191716E+01
   .53000000E+00  .23874527E+01
   .60000000E+00  .22042251E+01
   .67000000E+00  .20541049E+01
   .74000000E+00  .19275573E+01
   .81000000E+00  .18183573E+01
   .88000000E+00  .17222664E+01
   .95000000E+00  .16362980E+01
   .10200000E+01  .15582859E+01
   .10900000E+01  .14866197E+01
   .11600000E+01  .14200764E+01
   .12300000E+01  .13577098E+01
   .13000000E+01  .12987755E+01
   .13700000E+01  .12426790E+01
   .14400000E+01  .11889392E+01
   .15100000E+01  .11371618E+01
   .15800000E+01  .10870200E+01
   .16500000E+01  .10382397E+01
   .17200000E+01  .99058901E+00
   .17900000E+01  .94386959E+00
   .18600000E+01  .89791020E+00
   .19300000E+01  .85256165E+00
   .20000000E+01  .80769274E+00
Potential  L  =        2.00000   -.34232
  -.50000000E+01  .20758590E+01
  -.49300000E+01  .20567759E+01
  -.48600000E+01  .20374832E+01
  -.47900000E+01  .20179746E+01
  -.47200000E+01  .19982436E+01
  -.46500000E+01  .19782832E+01
  -.45800000E+01  .19580863E+01
  -.45100000E+01  .19376454E+01
  -.44400000E+01  .19169525E+01
  -.43700000E+01  .18959995E+01
  -.43000000E+01  .18747775E+01
  -.42300000E+01  .18532776E+01
  -.41600000E+01  .18314902E+01
  -.40900000E+01  .18094053E+01
  -.40200000E+01  .17870122E+01
  -.39500000E+01  .17642998E+01
  -.38800000E+01  .17412566E+01
  -.38100000E+01  .17178700E+01
  -.37400000E+01  .16941271E+01
  -.36700000E+01  .16700141E+01
  -.36000000E+01  .16455166E+01
  -.35300000E+01  .16206192E+01
  -.34600000E+01  .15953056E+01
  -.33900000E+01  .15695585E+01
  -.33200000E+01  .15433599E+01
  -.32500000E+01  .15166902E+01
  -.31800000E+01  .14895290E+01
  -.31100000E+01  .14618543E+01
  -.30400000E+01  .14336428E+01
  -.29700000E+01  .14048698E+01
  -.29000000E+01  .13755088E+01
  -.28300000E+01  .13455316E+01
  -.27600000E+01  .13149078E+01
  -.26900000E+01  .12836052E+01
  -.26200000E+01  .12515892E+01
  -.25500000E+01  .12188225E+01
  -.24800000E+01  .11852651E+01
  -.24100000E+01  .11508741E+01
  -.23400000E+01  .11156032E+01
  -.22700000E+01  .10794023E+01
  -.22000000E+01  .10422174E+01
  -.21300000E+01  .10039900E+01
  -.20600000E+01  .96465662E+00
  -.19900000E+01  .92414842E+00
  -.19200000E+01  .88239040E+00
  -.18500000E+01  .83930081E+00
  -.17800000E+01  .79479037E+00
  -.17100000E+01  .74876133E+00
  -.16400000E+01  .70110649E+00
  -.15700000E+01  .65170797E+00
  -.15000000E+01  .60043587E+00
  -.14300000E+01  .54714672E+00
  -.13600000E+01  .49168156E+00
  -.12900000E+01  .43386389E+00
  -.12200000E+01  .37349711E+00
  -.11500000E+01  .31036157E+00
  -.10800000E+01  .24421110E+00
  -.10100000E+01  .17476886E+00
  -.94000000E+00  .10172241E+00
  -.87000000E+00  .24717751E-01
  -.80000000E+00 -.56647808E-01
  -.73000000E+00 -.14283434E+00
  -.66000000E+00 -.23436994E+00
  -.59000000E+00 -.33186375E+00
  -.52000000E+00 -.43602221E+00
  -.45000000E+00 -.54766929E+00
  -.38000000E+00 -.66777201E+00
  -.31000000E+00 -.79747294E+00
  -.24000000E+00 -.93813198E+00
  -.17000000E+00 -.10913806E+01
  -.10000000E+00 -.12591933E+01
  -.30000000E-01 -.14439829E+01
   .40000000E-01 -.16487290E+01
   .11000000E+00 -.18771555E+01
   .18000000E+00 -.21339779E+01
   .25000000E+00 -.24252575E+01
   .32000000E+00 -.27589181E+01
   .39000000E+00 -.31455216E+01
   .46000000E+00 -.35994653E+01
   .53000000E+00 -.41408968E+01
   .60000000E+00 -.47989040E+01
   .67000000E+00 -.56170933E+01
   .74000000E+00 -.66639389E+01
   .81000000E+00 -.80534590E+01
   .88000000E+00 -.99906340E+01
   .95000000E+00 -.12884718E+02
   .10200000E+01 -.17688136E+02
   .10900000E+01 -.27245099E+02
   .11600000E+01 -.55621717E+02
   .12300000E+01 -.41919083E+04
   .13000000E+01  .60162424E+02
   .13700000E+01  .30586071E+02
   .14400000E+01  .20806481E+02
   .15100000E+01  .15924567E+02
   .15800000E+01  .12993515E+02
   .16500000E+01  .11035583E+02
   .17200000E+01  .96328431E+01
   .17900000E+01  .85766904E+01
   .18600000E+01  .77513755E+01
   .19300000E+01  .70875118E+01
   .20000000E+01  .65409752E+01
Core Pot   L  =        3.00000    .00000
  -.50000000E+01  .26761915E+01
  -.49300000E+01  .26634865E+01
  -.48600000E+01  .26507265E+01
  -.47900000E+01  .26379107E+01
  -.47200000E+01  .26250385E+01
  -.46500000E+01  .26121091E+01
  -.45800000E+01  .25991219E+01
  -.45100000E+01  .25860761E+01
  -.44400000E+01  .25729710E+01
  -.43700000E+01  .25598058E+01
  -.43000000E+01  .25465798E+01
  -.42300000E+01  .25332921E+01
  -.41600000E+01  .25199421E+01
  -.40900000E+01  .25065287E+01
  -.40200000E+01  .24930513E+01
  -.39500000E+01  .24795090E+01
  -.38800000E+01  .24659009E+01
  -.38100000E+01  .24522261E+01
  -.37400000E+01  .24384837E+01
  -.36700000E+01  .24246728E+01
  -.36000000E+01  .24107924E+01
  -.35300000E+01  .23968416E+01
  -.34600000E+01  .23828193E+01
  -.33900000E+01  .23687247E+01
  -.33200000E+01  .23545565E+01
  -.32500000E+01  .23403139E+01
  -.31800000E+01  .23259957E+01
  -.31100000E+01  .23116007E+01
  -.30400000E+01  .22971280E+01
  -.29700000E+01  .22825762E+01
  -.29000000E+01  .22679443E+01
  -.28300000E+01  .22532311E+01
  -.27600000E+01  .22384352E+01
  -.26900000E+01  .22235555E+01
  -.26200000E+01  .22085906E+01
  -.25500000E+01  .21935392E+01
  -.24800000E+01  .21783999E+01
  -.24100000E+01  .21631715E+01
  -.23400000E+01  .21478523E+01
  -.22700000E+01  .21324410E+01
  -.22000000E+01  .21169361E+01
  -.21300000E+01  .21013361E+01
  -.20600000E+01  .20856392E+01
  -.19900000E+01  .20698441E+01
  -.19200000E+01  .20539489E+01
  -.18500000E+01  .20379520E+01
  -.17800000E+01  .20218517E+01
  -.17100000E+01  .20056461E+01
  -.16400000E+01  .19893334E+01
  -.15700000E+01  .19729118E+01
  -.15000000E+01  .19563792E+01
  -.14300000E+01  .19397338E+01
  -.13600000E+01  .19229734E+01
  -.12900000E+01  .19060960E+01
  -.12200000E+01  .18890993E+01
  -.11500000E+01  .18719812E+01
  -.10800000E+01  .18547394E+01
  -.10100000E+01  .18373715E+01
  -.94000000E+00  .18198751E+01
  -.87000000E+00  .18022477E+01
  -.80000000E+00  .17844867E+01
  -.73000000E+00  .17665896E+01
  -.66000000E+00  .17485535E+01
  -.59000000E+00  .17303757E+01
  -.52000000E+00  .17120533E+01
  -.45000000E+00  .16935834E+01
  -.38000000E+00  .16749627E+01
  -.31000000E+00  .16561882E+01
  -.24000000E+00  .16372566E+01
  -.17000000E+00  .16181645E+01
  -.10000000E+00  .15989085E+01
  -.30000000E-01  .15794849E+01
   .40000000E-01  .15598900E+01
   .11000000E+00  .15401200E+01
   .18000000E+00  .15201709E+01
   .25000000E+00  .15000386E+01
   .32000000E+00  .14797188E+01
   .39000000E+00  .14592072E+01
   .46000000E+00  .14384992E+01
   .53000000E+00  .14175901E+01
   .60000000E+00  .13964751E+01
   .67000000E+00  .13751489E+01
   .74000000E+00  .13536065E+01
   .81000000E+00  .13318424E+01
   .88000000E+00  .13098508E+01
   .95000000E+00  .12876261E+01
   .10200000E+01  .12651621E+01
   .10900000E+01  .12424525E+01
   .11600000E+01  .12194907E+01
   .12300000E+01  .11962700E+01
   .13000000E+01  .11727832E+01
   .13700000E+01  .11490229E+01
   .14400000E+01  .11249815E+01
   .15100000E+01  .11006510E+01
   .15800000E+01  .10760231E+01
   .16500000E+01  .10510890E+01
   .17200000E+01  .10258398E+01
   .17900000E+01  .10002659E+01
   .18600000E+01  .97435758E+00
   .19300000E+01  .94810444E+00
   .20000000E+01  .92149574E+00
Potential  L  =        3.00000    .00000
  -.50000000E+01  .26776415E+01
  -.49300000E+01  .26649693E+01
  -.48600000E+01  .26522430E+01
  -.47900000E+01  .26394618E+01
  -.47200000E+01  .26266253E+01
  -.46500000E+01  .26137326E+01
  -.45800000E+01  .26007832E+01
  -.45100000E+01  .25877763E+01
  -.44400000E+01  .25747112E+01
  -.43700000E+01  .25615873E+01
  -.43000000E+01  .25484037E+01
  -.42300000E+01  .25351597E+01
  -.41600000E+01  .25218546E+01
  -.40900000E+01  .25084876E+01
  -.40200000E+01  .24950579E+01
  -.39500000E+01  .24815647E+01
  -.38800000E+01  .24680071E+01
  -.38100000E+01  .24543844E+01
  -.37400000E+01  .24406957E+01
  -.36700000E+01  .24269401E+01
  -.36000000E+01  .24131166E+01
  -.35300000E+01  .23992245E+01
  -.34600000E+01  .23852628E+01
  -.33900000E+01  .23712304E+01
  -.33200000E+01  .23571266E+01
  -.32500000E+01  .23429501E+01
  -.31800000E+01  .23287002E+01
  -.31100000E+01  .23143756E+01
  -.30400000E+01  .22999755E+01
  -.29700000E+01  .22854986E+01
  -.29000000E+01  .22709439E+01
  -.28300000E+01  .22563102E+01
  -.27600000E+01  .22415965E+01
  -.26900000E+01  .22268015E+01
  -.26200000E+01  .22119241E+01
  -.25500000E+01  .21969629E+01
  -.24800000E+01  .21819168E+01
  -.24100000E+01  .21667845E+01
  -.23400000E+01  .21515646E+01
  -.22700000E+01  .21362558E+01
  -.22000000E+01  .21208567E+01
  -.21300000E+01  .21053659E+01
  -.20600000E+01  .20897820E+01
  -.19900000E+01  .20741034E+01
  -.19200000E+01  .20583287E+01
  -.18500000E+01  .20424563E+01
  -.17800000E+01  .20264846E+01
  -.17100000E+01  .20104120E+01
  -.16400000E+01  .19942368E+01
  -.15700000E+01  .19779573E+01
  -.15000000E+01  .19615717E+01
  -.14300000E+01  .19450783E+01
  -.13600000E+01  .19284751E+01
  -.12900000E+01  .19117604E+01
  -.12200000E+01  .18949320E+01
  -.11500000E+01  .18779882E+01
  -.10800000E+01  .18609267E+01
  -.10100000E+01  .18437455E+01
  -.94000000E+00  .18264424E+01
  -.87000000E+00  .18090152E+01
  -.80000000E+00  .17914617E+01
  -.73000000E+00  .17737794E+01
  -.66000000E+00  .17559660E+01
  -.59000000E+00  .17380189E+01
  -.52000000E+00  .17199357E+01
  -.45000000E+00  .17017137E+01
  -.38000000E+00  .16833502E+01
  -.31000000E+00  .16648425E+01
  -.24000000E+00  .16461876E+01
  -.17000000E+00  .16273827E+01
  -.10000000E+00  .16084247E+01
  -.30000000E-01  .15893105E+01
   .40000000E-01  .15700368E+01
   .11000000E+00  .15506004E+01
   .18000000E+00  .15309979E+01
   .25000000E+00  .15112256E+01
   .32000000E+00  .14912801E+01
   .39000000E+00  .14711575E+01
   .46000000E+00  .14508539E+01
   .53000000E+00  .14303655E+01
   .60000000E+00  .14096879E+01
   .67000000E+00  .13888171E+01
   .74000000E+00  .13677486E+01
   .81000000E+00  .13464778E+01
   .88000000E+00  .13250000E+01
   .95000000E+00  .13033104E+01
   .10200000E+01  .12814039E+01
   .10900000E+01  .12592754E+01
   .11600000E+01  .12369194E+01
   .12300000E+01  .12143304E+01
   .13000000E+01  .11915026E+01
   .13700000E+01  .11684299E+01
   .14400000E+01  .11451062E+01
   .15100000E+01  .11215250E+01
   .15800000E+01  .10976797E+01
   .16500000E+01  .10735633E+01
   .17200000E+01  .10491686E+01
   .17900000E+01  .10244882E+01
   .18600000E+01  .99951419E+00
   .19300000E+01  .97423858E+00
   .20000000E+01  .94865296E+00
Core Pot   L  =        4.00000    .00000
  -.50000000E+01  .30810324E+01
  -.49300000E+01  .30701198E+01
  -.48600000E+01  .30591728E+01
  -.47900000E+01  .30481913E+01
  -.47200000E+01  .30371750E+01
  -.46500000E+01  .30261235E+01
  -.45800000E+01  .30150365E+01
  -.45100000E+01  .30039138E+01
  -.44400000E+01  .29927549E+01
  -.43700000E+01  .29815596E+01
  -.43000000E+01  .29703276E+01
  -.42300000E+01  .29590584E+01
  -.41600000E+01  .29477519E+01
  -.40900000E+01  .29364075E+01
  -.40200000E+01  .29250251E+01
  -.39500000E+01  .29136042E+01
  -.38800000E+01  .29021445E+01
  -.38100000E+01  .28906456E+01
  -.37400000E+01  .28791071E+01
  -.36700000E+01  .28675287E+01
  -.36000000E+01  .28559100E+01
  -.35300000E+01  .28442506E+01
  -.34600000E+01  .28325502E+01
  -.33900000E+01  .28208083E+01
  -.33200000E+01  .28090245E+01
  -.32500000E+01  .27971984E+01
  -.31800000E+01  .27853296E+01
  -.31100000E+01  .27734177E+01
  -.30400000E+01  .27614623E+01
  -.29700000E+01  .27494629E+01
  -.29000000E+01  .27374190E+01
  -.28300000E+01  .27253304E+01
  -.27600000E+01  .27131964E+01
  -.26900000E+01  .27010166E+01
  -.26200000E+01  .26887906E+01
  -.25500000E+01  .26765179E+01
  -.24800000E+01  .26641980E+01
  -.24100000E+01  .26518304E+01
  -.23400000E+01  .26394146E+01
  -.22700000E+01  .26269501E+01
  -.22000000E+01  .26144364E+01
  -.21300000E+01  .26018729E+01
  -.20600000E+01  .25892593E+01
  -.19900000E+01  .25765948E+01
  -.19200000E+01  .25638789E+01
  -.18500000E+01  .25511112E+01
  -.17800000E+01  .25382909E+01
  -.17100000E+01  .25254176E+01
  -.16400000E+01  .25124907E+01
  -.15700000E+01  .24995095E+01
  -.15000000E+01  .24864735E+01
  -.14300000E+01  .24733820E+01
  -.13600000E+01  .24602344E+01
  -.12900000E+01  .24470300E+01
  -.12200000E+01  .24337683E+01
  -.11500000E+01  .24204485E+01
  -.10800000E+01  .24070700E+01
  -.10100000E+01  .23936321E+01
  -.94000000E+00  .23801341E+01
  -.87000000E+00  .23665753E+01
  -.80000000E+00  .23529549E+01
  -.73000000E+00  .23392723E+01
  -.66000000E+00  .23255266E+01
  -.59000000E+00  .23117171E+01
  -.52000000E+00  .22978431E+01
  -.45000000E+00  .22839036E+01
  -.38000000E+00  .22698980E+01
  -.31000000E+00  .22558254E+01
  -.24000000E+00  .22416850E+01
  -.17000000E+00  .22274759E+01
  -.10000000E+00  .22131972E+01
  -.30000000E-01  .21988480E+01
   .40000000E-01  .21844275E+01
   .11000000E+00  .21699347E+01
   .18000000E+00  .21553687E+01
   .25000000E+00  .21407285E+01
   .32000000E+00  .21260131E+01
   .39000000E+00  .21112216E+01
   .46000000E+00  .20963529E+01
   .53000000E+00  .20814060E+01
   .60000000E+00  .20663798E+01
   .67000000E+00  .20512732E+01
   .74000000E+00  .20360852E+01
   .81000000E+00  .20208146E+01
   .88000000E+00  .20054602E+01
   .95000000E+00  .19900209E+01
   .10200000E+01  .19744955E+01
   .10900000E+01  .19588827E+01
   .11600000E+01  .19431814E+01
   .12300000E+01  .19273901E+01
   .13000000E+01  .19115077E+01
   .13700000E+01  .18955327E+01
   .14400000E+01  .18794639E+01
   .15100000E+01  .18632998E+01
   .15800000E+01  .18470389E+01
   .16500000E+01  .18306799E+01
   .17200000E+01  .18142213E+01
   .17900000E+01  .17976614E+01
   .18600000E+01  .17809988E+01
   .19300000E+01  .17642319E+01
   .20000000E+01  .17473589E+01
Potential  L  =        4.00000    .00000
  -.50000000E+01  .30813710E+01
  -.49300000E+01  .30704628E+01
  -.48600000E+01  .30595208E+01
  -.47900000E+01  .30485439E+01
  -.47200000E+01  .30375324E+01
  -.46500000E+01  .30264857E+01
  -.45800000E+01  .30154044E+01
  -.45100000E+01  .30042870E+01
  -.44400000E+01  .29931333E+01
  -.43700000E+01  .29819440E+01
  -.43000000E+01  .29707179E+01
  -.42300000E+01  .29594528E+01
  -.41600000E+01  .29481523E+01
  -.40900000E+01  .29368149E+01
  -.40200000E+01  .29254390E+01
  -.39500000E+01  .29140242E+01
  -.38800000E+01  .29025713E+01
  -.38100000E+01  .28910812E+01
  -.37400000E+01  .28795506E+01
  -.36700000E+01  .28679789E+01
  -.36000000E+01  .28563679E+01
  -.35300000E+01  .28447145E+01
  -.34600000E+01  .28330221E+01
  -.33900000E+01  .28212902E+01
  -.33200000E+01  .28095148E+01
  -.32500000E+01  .27976959E+01
  -.31800000E+01  .27858374E+01
  -.31100000E+01  .27739353E+01
  -.30400000E+01  .27619889E+01
  -.29700000E+01  .27499975E+01
  -.29000000E+01  .27379635E+01
  -.28300000E+01  .27258863E+01
  -.27600000E+01  .27137612E+01
  -.26900000E+01  .27015937E+01
  -.26200000E+01  .26893790E+01
  -.25500000E+01  .26771175E+01
  -.24800000E+01  .26648087E+01
  -.24100000E+01  .26524527E+01
  -.23400000E+01  .26400492E+01
  -.22700000E+01  .26275973E+01
  -.22000000E+01  .26150964E+01
  -.21300000E+01  .26025443E+01
  -.20600000E+01  .25899455E+01
  -.19900000E+01  .25772950E+01
  -.19200000E+01  .25645931E+01
  -.18500000E+01  .25518384E+01
  -.17800000E+01  .25390342E+01
  -.17100000E+01  .25261765E+01
  -.16400000E+01  .25132653E+01
  -.15700000E+01  .25002998E+01
  -.15000000E+01  .24872801E+01
  -.14300000E+01  .24742056E+01
  -.13600000E+01  .24610753E+01
  -.12900000E+01  .24478887E+01
  -.12200000E+01  .24346451E+01
  -.11500000E+01  .24213440E+01
  -.10800000E+01  .24079849E+01
  -.10100000E+01  .23945664E+01
  -.94000000E+00  .23810890E+01
  -.87000000E+00  .23675505E+01
  -.80000000E+00  .23539516E+01
  -.73000000E+00  .23402904E+01
  -.66000000E+00  .23265671E+01
  -.59000000E+00  .23127806E+01
  -.52000000E+00  .22989300E+01
  -.45000000E+00  .22850149E+01
  -.38000000E+00  .22710341E+01
  -.31000000E+00  .22569869E+01
  -.24000000E+00  .22428725E+01
  -.17000000E+00  .22286903E+01
  -.10000000E+00  .22144392E+01
  -.30000000E-01  .22001184E+01
   .40000000E-01  .21857268E+01
   .11000000E+00  .21712639E+01
   .18000000E+00  .21567283E+01
   .25000000E+00  .21421198E+01
   .32000000E+00  .21274366E+01
   .39000000E+00  .21126782E+01
   .46000000E+00  .20978435E+01
   .53000000E+00  .20829315E+01
   .60000000E+00  .20679412E+01
   .67000000E+00  .20528715E+01
   .74000000E+00  .20377213E+01
   .81000000E+00  .20224896E+01
   .88000000E+00  .20071752E+01
   .95000000E+00  .19917770E+01
   .10200000E+01  .19762938E+01
   .10900000E+01  .19607245E+01
   .11600000E+01  .19450677E+01
   .12300000E+01  .19293223E+01
   .13000000E+01  .19134870E+01
   .13700000E+01  .18975605E+01
   .14400000E+01  .18815415E+01
   .15100000E+01  .18654287E+01
   .15800000E+01  .18492206E+01
   .16500000E+01  .18329158E+01
   .17200000E+01  .18165129E+01
   .17900000E+01  .18000104E+01
   .18600000E+01  .17834069E+01
   .19300000E+01  .17667007E+01
   .20000000E+01  .17498903E+01
KBPotential  L  =      1.00000  -9.75584
  -.50000000E+01  .58231338E+00
  -.49300000E+01 -.30652732E+00
  -.48600000E+01 -.34737631E+01
  -.47900000E+01  .20328958E+02
  -.47200000E+01  .55174443E+01
  -.46500000E+01  .39532699E+01
  -.45800000E+01  .33463213E+01
  -.45100000E+01  .30182263E+01
  -.44400000E+01  .28090774E+01
  -.43700000E+01  .26615745E+01
  -.43000000E+01  .25501015E+01
  -.42300000E+01  .24614859E+01
  -.41600000E+01  .23882602E+01
  -.40900000E+01  .23258752E+01
  -.40200000E+01  .22714004E+01
  -.39500000E+01  .22228628E+01
  -.38800000E+01  .21788849E+01
  -.38100000E+01  .21384759E+01
  -.37400000E+01  .21009038E+01
  -.36700000E+01  .20656170E+01
  -.36000000E+01  .20321905E+01
  -.35300000E+01  .20002925E+01
  -.34600000E+01  .19696594E+01
  -.33900000E+01  .19400790E+01
  -.33200000E+01  .19113781E+01
  -.32500000E+01  .18834146E+01
  -.31800000E+01  .18560700E+01
  -.31100000E+01  .18292447E+01
  -.30400000E+01  .18028545E+01
  -.29700000E+01  .17768270E+01
  -.29000000E+01  .17511002E+01
  -.28300000E+01  .17256200E+01
  -.27600000E+01  .17003394E+01
  -.26900000E+01  .16752167E+01
  -.26200000E+01  .16502150E+01
  -.25500000E+01  .16253014E+01
  -.24800000E+01  .16004464E+01
  -.24100000E+01  .15756231E+01
  -.23400000E+01  .15508071E+01
  -.22700000E+01  .15259760E+01
  -.22000000E+01  .15011092E+01
  -.21300000E+01  .14761876E+01
  -.20600000E+01  .14511933E+01
  -.19900000E+01  .14261095E+01
  -.19200000E+01  .14009203E+01
  -.18500000E+01  .13756105E+01
  -.17800000E+01  .13501658E+01
  -.17100000E+01  .13245722E+01
  -.16400000E+01  .12988163E+01
  -.15700000E+01  .12728850E+01
  -.15000000E+01  .12467655E+01
  -.14300000E+01  .12204453E+01
  -.13600000E+01  .11939119E+01
  -.12900000E+01  .11671532E+01
  -.12200000E+01  .11401570E+01
  -.11500000E+01  .11129109E+01
  -.10800000E+01  .10854029E+01
  -.10100000E+01  .10576206E+01
  -.94000000E+00  .10295515E+01
  -.87000000E+00  .10011832E+01
  -.80000000E+00  .97250275E+00
  -.73000000E+00  .94349726E+00
  -.66000000E+00  .91415339E+00
  -.59000000E+00  .88445761E+00
  -.52000000E+00  .85439597E+00
  -.45000000E+00  .82395420E+00
  -.38000000E+00  .79311753E+00
  -.31000000E+00  .76187081E+00
  -.24000000E+00  .73019836E+00
  -.17000000E+00  .69808397E+00
  -.10000000E+00  .66551081E+00
  -.30000000E-01  .63246149E+00
   .40000000E-01  .59891789E+00
   .11000000E+00  .56486119E+00
   .18000000E+00  .53027178E+00
   .25000000E+00  .49512922E+00
   .32000000E+00  .45941219E+00
   .39000000E+00  .42309840E+00
   .46000000E+00  .38616457E+00
   .53000000E+00  .34858629E+00
   .60000000E+00  .31033800E+00
   .67000000E+00  .27139288E+00
   .74000000E+00  .23172280E+00
   .81000000E+00  .19129819E+00
   .88000000E+00  .15008789E+00
   .95000000E+00  .10805915E+00
   .10200000E+01  .65177458E-01
   .10900000E+01  .21406391E-01
   .11600000E+01 -.23292507E-01
   .12300000E+01 -.68959886E-01
   .13000000E+01 -.11563874E+00
   .13700000E+01 -.16337459E+00
   .14400000E+01 -.21221568E+00
   .15100000E+01 -.26221322E+00
   .15800000E+01 -.31342158E+00
   .16500000E+01 -.36589854E+00
   .17200000E+01 -.41970566E+00
   .17900000E+01 -.47490847E+00
   .18600000E+01 -.53157681E+00
   .19300000E+01 -.58978556E+00
   .20000000E+01 -.64961442E+00
KBPotential  L  =      2.00000   -.68464
  -.50000000E+01  .22925805E+01
  -.49300000E+01  .22768623E+01
  -.48600000E+01  .22610192E+01
  -.47900000E+01  .22450477E+01
  -.47200000E+01  .22289443E+01
  -.46500000E+01  .22127054E+01
  -.45800000E+01  .21963268E+01
  -.45100000E+01  .21798045E+01
  -.44400000E+01  .21631341E+01
  -.43700000E+01  .21463110E+01
  -.43000000E+01  .21293303E+01
  -.42300000E+01  .21121868E+01
  -.41600000E+01  .20948751E+01
  -.40900000E+01  .20773894E+01
  -.40200000E+01  .20597236E+01
  -.39500000E+01  .20418712E+01
  -.38800000E+01  .20238252E+01
  -.38100000E+01  .20055784E+01
  -.37400000E+01  .19871229E+01
  -.36700000E+01  .19684502E+01
  -.36000000E+01  .19495514E+01
  -.35300000E+01  .19304169E+01
  -.34600000E+01  .19110364E+01
  -.33900000E+01  .18913987E+01
  -.33200000E+01  .18714920E+01
  -.32500000E+01  .18513034E+01
  -.31800000E+01  .18308189E+01
  -.31100000E+01  .18100235E+01
  -.30400000E+01  .17889008E+01
  -.29700000E+01  .17674329E+01
  -.29000000E+01  .17456005E+01
  -.28300000E+01  .17233824E+01
  -.27600000E+01  .17007553E+01
  -.26900000E+01  .16776936E+01
  -.26200000E+01  .16541693E+01
  -.25500000E+01  .16301512E+01
  -.24800000E+01  .16056051E+01
  -.24100000E+01  .15804926E+01
  -.23400000E+01  .15547711E+01
  -.22700000E+01  .15283929E+01
  -.22000000E+01  .15013045E+01
  -.21300000E+01  .14734455E+01
  -.20600000E+01  .14447474E+01
  -.19900000E+01  .14151326E+01
  -.19200000E+01  .13845123E+01
  -.18500000E+01  .13527845E+01
  -.17800000E+01  .13198316E+01
  -.17100000E+01  .12855171E+01
  -.16400000E+01  .12496815E+01
  -.15700000E+01  .12121372E+01
  -.15000000E+01  .11726624E+01
  -.14300000E+01  .11309920E+01
  -.13600000E+01  .10868071E+01
  -.12900000E+01  .10397205E+01
  -.12200000E+01  .98925673E+00
  -.11500000E+01  .93482552E+00
  -.10800000E+01  .87568493E+00
  -.10100000E+01  .81088879E+00
  -.94000000E+00  .73921113E+00
  -.87000000E+00  .65903412E+00
  -.80000000E+00  .56818243E+00
  -.73000000E+00  .46363609E+00
  -.66000000E+00  .34112055E+00
  -.59000000E+00  .19434141E+00
  -.52000000E+00  .13642778E-01
  -.45000000E+00 -.21658396E+00
  -.38000000E+00 -.52332541E+00
  -.31000000E+00 -.95762758E+00
  -.24000000E+00 -.16291039E+01
  -.17000000E+00 -.28237276E+01
  -.10000000E+00 -.55972175E+01
  -.30000000E-01 -.19693518E+02
   .40000000E-01  .20978214E+02
   .11000000E+00  .78913259E+01
   .18000000E+00  .51975921E+01
   .25000000E+00  .40238835E+01
   .32000000E+00  .33598215E+01
   .39000000E+00  .29279771E+01
   .46000000E+00  .26212831E+01
   .53000000E+00  .23896833E+01
   .60000000E+00  .22065957E+01
   .67000000E+00  .20566584E+01
   .74000000E+00  .19303242E+01
   .81000000E+00  .18213691E+01
   .88000000E+00  .17255491E+01
   .95000000E+00  .16398806E+01
   .10200000E+01  .15622032E+01
   .10900000E+01  .14908975E+01
   .11600000E+01  .14247411E+01
   .12300000E+01  .13628075E+01
   .13000000E+01  .13043362E+01
   .13700000E+01  .12487407E+01
   .14400000E+01  .11955410E+01
   .15100000E+01  .11443491E+01
   .15800000E+01  .10948368E+01
   .16500000E+01  .10467317E+01
   .17200000E+01  .99981363E+00
   .17900000E+01  .95387880E+00
   .18600000E+01  .90876264E+00
   .19300000E+01  .86431721E+00
   .20000000E+01  .82042291E+00
KBPotential  L  =       .00000   -.65969
  -.50000000E+01  .19625457E+01
  -.49300000E+01  .19450146E+01
  -.48600000E+01  .19273467E+01
  -.47900000E+01  .19095391E+01
  -.47200000E+01  .18915890E+01
  -.46500000E+01  .18734935E+01
  -.45800000E+01  .18552497E+01
  -.45100000E+01  .18368544E+01
  -.44400000E+01  .18183045E+01
  -.43700000E+01  .17995967E+01
  -.43000000E+01  .17807276E+01
  -.42300000E+01  .17616938E+01
  -.41600000E+01  .17424916E+01
  -.40900000E+01  .17231174E+01
  -.40200000E+01  .17035673E+01
  -.39500000E+01  .16838373E+01
  -.38800000E+01  .16639234E+01
  -.38100000E+01  .16438213E+01
  -.37400000E+01  .16235268E+01
  -.36700000E+01  .16030352E+01
  -.36000000E+01  .15823418E+01
  -.35300000E+01  .15614420E+01
  -.34600000E+01  .15403306E+01
  -.33900000E+01  .15190025E+01
  -.33200000E+01  .14974523E+01
  -.32500000E+01  .14756745E+01
  -.31800000E+01  .14536633E+01
  -.31100000E+01  .14314128E+01
  -.30400000E+01  .14089167E+01
  -.29700000E+01  .13861687E+01
  -.29000000E+01  .13631620E+01
  -.28300000E+01  .13398899E+01
  -.27600000E+01  .13163449E+01
  -.26900000E+01  .12925198E+01
  -.26200000E+01  .12684067E+01
  -.25500000E+01  .12439976E+01
  -.24800000E+01  .12192840E+01
  -.24100000E+01  .11942572E+01
  -.23400000E+01  .11689081E+01
  -.22700000E+01  .11432272E+01
  -.22000000E+01  .11172046E+01
  -.21300000E+01  .10908301E+01
  -.20600000E+01  .10640927E+01
  -.19900000E+01  .10369814E+01
  -.19200000E+01  .10094843E+01
  -.18500000E+01  .98158924E+00
  -.17800000E+01  .95328337E+00
  -.17100000E+01  .92455329E+00
  -.16400000E+01  .89538497E+00
  -.15700000E+01  .86576373E+00
  -.15000000E+01  .83567418E+00
  -.14300000E+01  .80510015E+00
  -.13600000E+01  .77402475E+00
  -.12900000E+01  .74243018E+00
  -.12200000E+01  .71029778E+00
  -.11500000E+01  .67760793E+00
  -.10800000E+01  .64434000E+00
  -.10100000E+01  .61047226E+00
  -.94000000E+00  .57598184E+00
  -.87000000E+00  .54084463E+00
  -.80000000E+00  .50503518E+00
  -.73000000E+00  .46852665E+00
  -.66000000E+00  .43129066E+00
  -.59000000E+00  .39329724E+00
  -.52000000E+00  .35451461E+00
  -.45000000E+00  .31490914E+00
  -.38000000E+00  .27444519E+00
  -.31000000E+00  .23308491E+00
  -.24000000E+00  .19078813E+00
  -.17000000E+00  .14751207E+00
  -.10000000E+00  .10321126E+00
  -.30000000E-01  .57837189E-01
   .40000000E-01  .11338151E-01
   .11000000E+00 -.36341144E-01
   .18000000E+00 -.85259786E-01
   .25000000E+00 -.13548108E+00
   .32000000E+00 -.18707290E+00
   .39000000E+00 -.24010815E+00
   .46000000E+00 -.29466527E+00
   .53000000E+00 -.35082874E+00
   .60000000E+00 -.40868975E+00
   .67000000E+00 -.46834691E+00
   .74000000E+00 -.52990704E+00
   .81000000E+00 -.59348613E+00
   .88000000E+00 -.65921041E+00
   .95000000E+00 -.72721758E+00
   .10200000E+01 -.79765828E+00
   .10900000E+01 -.87069787E+00
   .11600000E+01 -.94651839E+00
   .12300000E+01 -.10253210E+01
   .13000000E+01 -.11073293E+01
   .13700000E+01 -.11927926E+01
   .14400000E+01 -.12819909E+01
   .15100000E+01 -.13752408E+01
   .15800000E+01 -.14729037E+01
   .16500000E+01 -.15753961E+01
   .17200000E+01 -.16832048E+01
   .17900000E+01 -.17969086E+01
   .18600000E+01 -.19172109E+01
   .19300000E+01 -.20449917E+01
   .20000000E+01 -.21813953E+01
KBPotential  L  =      3.00000    .00000
  -.50000000E+01  .26776415E+01
  -.49300000E+01  .26649693E+01
  -.48600000E+01  .26522430E+01
  -.47900000E+01  .26394618E+01
  -.47200000E+01  .26266253E+01
  -.46500000E+01  .26137326E+01
  -.45800000E+01  .26007832E+01
  -.45100000E+01  .25877763E+01
  -.44400000E+01  .25747112E+01
  -.43700000E+01  .25615873E+01
  -.43000000E+01  .25484037E+01
  -.42300000E+01  .25351597E+01
  -.41600000E+01  .25218546E+01
  -.40900000E+01  .25084876E+01
  -.40200000E+01  .24950579E+01
  -.39500000E+01  .24815647E+01
  -.38800000E+01  .24680071E+01
  -.38100000E+01  .24543844E+01
  -.37400000E+01  .24406957E+01
  -.36700000E+01  .24269401E+01
  -.36000000E+01  .24131166E+01
  -.35300000E+01  .23992245E+01
  -.34600000E+01  .23852628E+01
  -.33900000E+01  .23712304E+01
  -.33200000E+01  .23571266E+01
  -.32500000E+01  .23429501E+01
  -.31800000E+01  .23287002E+01
  -.31100000E+01  .23143756E+01
  -.30400000E+01  .22999755E+01
  -.29700000E+01  .22854986E+01
  -.29000000E+01  .22709439E+01
  -.28300000E+01  .22563102E+01
  -.27600000E+01  .22415965E+01
  -.26900000E+01  .22268015E+01
  -.26200000E+01  .22119241E+01
  -.25500000E+01  .21969629E+01
  -.24800000E+01  .21819168E+01
  -.24100000E+01  .21667845E+01
  -.23400000E+01  .21515646E+01
  -.22700000E+01  .21362558E+01
  -.22000000E+01  .21208567E+01
  -.21300000E+01  .21053659E+01
  -.20600000E+01  .20897820E+01
  -.19900000E+01  .20741034E+01
  -.19200000E+01  .20583287E+01
  -.18500000E+01  .20424563E+01
  -.17800000E+01  .20264846E+01
  -.17100000E+01  .20104120E+01
  -.16400000E+01  .19942368E+01
  -.15700000E+01  .19779573E+01
  -.15000000E+01  .19615717E+01
  -.14300000E+01  .19450783E+01
  -.13600000E+01  .19284751E+01
  -.12900000E+01  .19117604E+01
  -.12200000E+01  .18949320E+01
  -.11500000E+01  .18779882E+01
  -.10800000E+01  .18609267E+01
  -.10100000E+01  .18437455E+01
  -.94000000E+00  .18264424E+01
  -.87000000E+00  .18090152E+01
  -.80000000E+00  .17914617E+01
  -.73000000E+00  .17737794E+01
  -.66000000E+00  .17559660E+01
  -.59000000E+00  .17380189E+01
  -.52000000E+00  .17199357E+01
  -.45000000E+00  .17017137E+01
  -.38000000E+00  .16833502E+01
  -.31000000E+00  .16648425E+01
  -.24000000E+00  .16461876E+01
  -.17000000E+00  .16273827E+01
  -.10000000E+00  .16084247E+01
  -.30000000E-01  .15893105E+01
   .40000000E-01  .15700368E+01
   .11000000E+00  .15506004E+01
   .18000000E+00  .15309979E+01
   .25000000E+00  .15112256E+01
   .32000000E+00  .14912801E+01
   .39000000E+00  .14711575E+01
   .46000000E+00  .14508539E+01
   .53000000E+00  .14303655E+01
   .60000000E+00  .14096879E+01
   .67000000E+00  .13888171E+01
   .74000000E+00  .13677486E+01
   .81000000E+00  .13464778E+01
   .88000000E+00  .13250000E+01
   .95000000E+00  .13033104E+01
   .10200000E+01  .12814039E+01
   .10900000E+01  .12592754E+01
   .11600000E+01  .12369194E+01
   .12300000E+01  .12143304E+01
   .13000000E+01  .11915026E+01
   .13700000E+01  .11684299E+01
   .14400000E+01  .11451062E+01
   .15100000E+01  .11215250E+01
   .15800000E+01  .10976797E+01
   .16500000E+01  .10735633E+01
   .17200000E+01  .10491686E+01
   .17900000E+01  .10244882E+01
   .18600000E+01  .99951419E+00
   .19300000E+01  .97423858E+00
   .20000000E+01  .94865296E+00
KBPotential  L  =      4.00000    .00000
  -.50000000E+01  .30813710E+01
  -.49300000E+01  .30704628E+01
  -.48600000E+01  .30595208E+01
  -.47900000E+01  .30485439E+01
  -.47200000E+01  .30375324E+01
  -.46500000E+01  .30264857E+01
  -.45800000E+01  .30154044E+01
  -.45100000E+01  .30042870E+01
  -.44400000E+01  .29931333E+01
  -.43700000E+01  .29819440E+01
  -.43000000E+01  .29707179E+01
  -.42300000E+01  .29594528E+01
  -.41600000E+01  .29481523E+01
  -.40900000E+01  .29368149E+01
  -.40200000E+01  .29254390E+01
  -.39500000E+01  .29140242E+01
  -.38800000E+01  .29025713E+01
  -.38100000E+01  .28910812E+01
  -.37400000E+01  .28795506E+01
  -.36700000E+01  .28679789E+01
  -.36000000E+01  .28563679E+01
  -.35300000E+01  .28447145E+01
  -.34600000E+01  .28330221E+01
  -.33900000E+01  .28212902E+01
  -.33200000E+01  .28095148E+01
  -.32500000E+01  .27976959E+01
  -.31800000E+01  .27858374E+01
  -.31100000E+01  .27739353E+01
  -.30400000E+01  .27619889E+01
  -.29700000E+01  .27499975E+01
  -.29000000E+01  .27379635E+01
  -.28300000E+01  .27258863E+01
  -.27600000E+01  .27137612E+01
  -.26900000E+01  .27015937E+01
  -.26200000E+01  .26893790E+01
  -.25500000E+01  .26771175E+01
  -.24800000E+01  .26648087E+01
  -.24100000E+01  .26524527E+01
  -.23400000E+01  .26400492E+01
  -.22700000E+01  .26275973E+01
  -.22000000E+01  .26150964E+01
  -.21300000E+01  .26025443E+01
  -.20600000E+01  .25899455E+01
  -.19900000E+01  .25772950E+01
  -.19200000E+01  .25645931E+01
  -.18500000E+01  .25518384E+01
  -.17800000E+01  .25390342E+01
  -.17100000E+01  .25261765E+01
  -.16400000E+01  .25132653E+01
  -.15700000E+01  .25002998E+01
  -.15000000E+01  .24872801E+01
  -.14300000E+01  .24742056E+01
  -.13600000E+01  .24610753E+01
  -.12900000E+01  .24478887E+01
  -.12200000E+01  .24346451E+01
  -.11500000E+01  .24213440E+01
  -.10800000E+01  .24079849E+01
  -.10100000E+01  .23945664E+01
  -.94000000E+00  .23810890E+01
  -.87000000E+00  .23675505E+01
  -.80000000E+00  .23539516E+01
  -.73000000E+00  .23402904E+01
  -.66000000E+00  .23265671E+01
  -.59000000E+00  .23127806E+01
  -.52000000E+00  .22989300E+01
  -.45000000E+00  .22850149E+01
  -.38000000E+00  .22710341E+01
  -.31000000E+00  .22569869E+01
  -.24000000E+00  .22428725E+01
  -.17000000E+00  .22286903E+01
  -.10000000E+00  .22144392E+01
  -.30000000E-01  .22001184E+01
   .40000000E-01  .21857268E+01
   .11000000E+00  .21712639E+01
   .18000000E+00  .21567283E+01
   .25000000E+00  .21421198E+01
   .32000000E+00  .21274366E+01
   .39000000E+00  .21126782E+01
   .46000000E+00  .20978435E+01
   .53000000E+00  .20829315E+01
   .60000000E+00  .20679412E+01
   .67000000E+00  .20528715E+01
   .74000000E+00  .20377213E+01
   .81000000E+00  .20224896E+01
   .88000000E+00  .20071752E+01
   .95000000E+00  .19917770E+01
   .10200000E+01  .19762938E+01
   .10900000E+01  .19607245E+01
   .11600000E+01  .19450677E+01
   .12300000E+01  .19293223E+01
   .13000000E+01  .19134870E+01
   .13700000E+01  .18975605E+01
   .14400000E+01  .18815415E+01
   .15100000E+01  .18654287E+01
   .15800000E+01  .18492206E+01
   .16500000E+01  .18329158E+01
   .17200000E+01  .18165129E+01
   .17900000E+01  .18000104E+01
   .18600000E+01  .17834069E+01
   .19300000E+01  .17667007E+01
   .20000000E+01  .17498903E+01
