Ni:                                     
  .177244189E-02  .180035070E-02  .182869839E-02  .185749184E-02  .188673806E-02
  .191644415E-02  .194661732E-02  .197726491E-02  .200839435E-02  .204001321E-02
  .207212916E-02  .210475001E-02  .213788368E-02  .217153820E-02  .220572175E-02
  .224044263E-02  .227570926E-02  .231153020E-02  .234791415E-02  .238486993E-02
  .242240652E-02  .246053301E-02  .249925866E-02  .253859286E-02  .257854515E-02
  .261912522E-02  .266034291E-02  .270220822E-02  .274473129E-02  .278792244E-02
  .283179214E-02  .287635101E-02  .292160987E-02  .296757966E-02  .301427155E-02
  .306169683E-02  .310986701E-02  .315879374E-02  .320848888E-02  .325896446E-02
  .331023271E-02  .336230605E-02  .341519708E-02  .346891860E-02  .352348362E-02
  .357890535E-02  .363519720E-02  .369237280E-02  .375044597E-02  .380943076E-02
  .386934146E-02  .393019254E-02  .399199872E-02  .405477496E-02  .411853643E-02
  .418329855E-02  .424907697E-02  .431588759E-02  .438374657E-02  .445267029E-02
  .452267541E-02  .459377886E-02  .466599780E-02  .473934967E-02  .481385220E-02
  .488952337E-02  .496638146E-02  .504444502E-02  .512373289E-02  .520426421E-02
  .528605842E-02  .536913526E-02  .545351476E-02  .553921728E-02  .562626349E-02
  .571467439E-02  .580447130E-02  .589567586E-02  .598831006E-02  .608239624E-02
  .617795706E-02  .627501555E-02  .637359509E-02  .647371945E-02  .657541272E-02
  .667869941E-02  .678360437E-02  .689015288E-02  .699837057E-02  .710828350E-02
  .721991811E-02  .733330127E-02  .744846025E-02  .756542275E-02  .768421690E-02
  .780487127E-02  .792741486E-02  .805187713E-02  .817828800E-02  .830667785E-02
  .843707751E-02  .856951832E-02  .870403208E-02  .884065110E-02  .897940818E-02
  .912033664E-02  .926347029E-02  .940884349E-02  .955649112E-02  .970644859E-02
  .985875188E-02  .100134375E-01  .101705426E-01  .103301047E-01  .104921622E-01
  .106567538E-01  .108239190E-01  .109936979E-01  .111661310E-01  .113412598E-01
  .115191261E-01  .116997725E-01  .118832421E-01  .120695790E-01  .122588277E-01
  .124510335E-01  .126462423E-01  .128445007E-01  .130458562E-01  .132503569E-01
  .134580516E-01  .136689900E-01  .138832224E-01  .141008000E-01  .143217748E-01
  .145461993E-01  .147741273E-01  .150056131E-01  .152407118E-01  .154794796E-01
  .157219734E-01  .159682509E-01  .162183708E-01  .164723928E-01  .167303773E-01
  .169923858E-01  .172584806E-01  .175287250E-01  .178031834E-01  .180819211E-01
  .183650043E-01  .186525003E-01  .189444775E-01  .192410053E-01  .195421541E-01
  .198479954E-01  .201586019E-01  .204740473E-01  .207944065E-01  .211197554E-01
  .214501713E-01  .217857325E-01  .221265186E-01  .224726103E-01  .228240896E-01
  .231810398E-01  .235435454E-01  .239116922E-01  .242855675E-01  .246652595E-01
  .250508582E-01  .254424547E-01  .258401415E-01  .262440128E-01  .266541638E-01
  .270706915E-01  .274936942E-01  .279232717E-01  .283595254E-01  .288025582E-01
  .292524746E-01  .297093807E-01  .301733840E-01  .306445940E-01  .311231216E-01
  .316090794E-01  .321025818E-01  .326037450E-01  .331126867E-01  .336295267E-01
  .341543864E-01  .346873891E-01  .352286601E-01  .357783263E-01  .363365168E-01
  .369033625E-01  .374789965E-01  .380635535E-01  .386571707E-01  .392599870E-01
  .398721437E-01  .404937841E-01  .411250535E-01  .417660997E-01  .424170726E-01
  .430781242E-01  .437494091E-01  .444310840E-01  .451233080E-01  .458262427E-01
  .465400520E-01  .472649024E-01  .480009628E-01  .487484046E-01  .495074019E-01
  .502781315E-01  .510607725E-01  .518555070E-01  .526625198E-01  .534819984E-01
  .543141331E-01  .551591171E-01  .560171464E-01  .568884202E-01  .577731403E-01
  .586715117E-01  .595837426E-01  .605100442E-01  .614506308E-01  .624057198E-01
  .633755323E-01  .643602921E-01  .653602268E-01  .663755671E-01  .674065474E-01
  .684534053E-01  .695163822E-01  .705957228E-01  .716916759E-01  .728044934E-01
  .739344315E-01  .750817498E-01  .762467120E-01  .774295856E-01  .786306420E-01
  .798501568E-01  .810884095E-01  .823456839E-01  .836222678E-01  .849184536E-01
  .862345375E-01  .875708205E-01  .889276080E-01  .903052097E-01  .917039399E-01
  .931241177E-01  .945660668E-01  .960301157E-01  .975165976E-01  .990258507E-01
  .100558218E+00  .102114048E+00  .103693694E+00  .105297514E+00  .106925873E+00
  .108579138E+00  .110257685E+00  .111961893E+00  .113692149E+00  .115448842E+00
  .117232371E+00  .119043136E+00  .120881548E+00  .122748020E+00  .124642972E+00
  .126566832E+00  .128520032E+00  .130503011E+00  .132516214E+00  .134560094E+00
  .136635108E+00  .138741722E+00  .140880407E+00  .143051642E+00  .145255912E+00
  .147493711E+00  .149765537E+00  .152071897E+00  .154413306E+00  .156790284E+00
  .159203361E+00  .161653074E+00  .164139966E+00  .166664589E+00  .169227504E+00
  .171829279E+00  .174470489E+00  .177151719E+00  .179873562E+00  .182636618E+00
  .185441498E+00  .188288819E+00  .191179209E+00  .194113304E+00  .197091749E+00
  .200115197E+00  .203184314E+00  .206299771E+00  .209462250E+00  .212672445E+00
  .215931056E+00  .219238795E+00  .222596385E+00  .226004556E+00  .229464051E+00
  .232975622E+00  .236540033E+00  .240158058E+00  .243830480E+00  .247558095E+00
  .251341711E+00  .255182145E+00  .259080226E+00  .263036795E+00  .267052705E+00
  .271128820E+00  .275266016E+00  .279465182E+00  .283727218E+00  .288053038E+00
  .292443568E+00  .296899745E+00  .301422522E+00  .306012863E+00  .310671746E+00
  .315400162E+00  .320199115E+00  .325069624E+00  .330012722E+00  .335029454E+00
  .340120882E+00  .345288081E+00  .350532140E+00  .355854164E+00  .361255272E+00
  .366736598E+00  .372299293E+00  .377944522E+00  .383673466E+00  .389487322E+00
  .395387303E+00  .401374637E+00  .407450572E+00  .413616368E+00  .419873305E+00
  .426222679E+00  .432665803E+00  .439204009E+00  .445838644E+00  .452571074E+00
  .459402685E+00  .466334878E+00  .473369074E+00  .480506714E+00  .487749254E+00
  .495098173E+00  .502554968E+00  .510121154E+00  .517798268E+00  .525587866E+00
  .533491524E+00  .541510838E+00  .549647425E+00  .557902923E+00  .566278992E+00
  .574777311E+00  .583399582E+00  .592147528E+00  .601022895E+00  .610027451E+00
  .619162986E+00  .628431312E+00  .637834264E+00  .647373703E+00  .657051509E+00
  .666869588E+00  .676829871E+00  .686934310E+00  .697184884E+00  .707583595E+00
  .718132470E+00  .728833563E+00  .739688950E+00  .750700736E+00  .761871048E+00
  .773202043E+00  .784695902E+00  .796354833E+00  .808181070E+00  .820176875E+00
  .832344538E+00  .844686375E+00  .857204730E+00  .869901977E+00  .882780515E+00
  .895842774E+00  .909091213E+00  .922528318E+00  .936156605E+00  .949978621E+00
  .963996941E+00  .978214172E+00  .992632949E+00  .100725594E+01  .102208584E+01
  .103712538E+01  .105237731E+01  .106784444E+01  .108352958E+01  .109943558E+01
  .111556534E+01  .113192178E+01  .114850784E+01  .116532651E+01  .118238081E+01
  .119967380E+01  .121720855E+01  .123498819E+01  .125301587E+01  .127129478E+01
  .128982814E+01  .130861920E+01  .132767127E+01  .134698766E+01  .136657174E+01
  .138642691E+01  .140655661E+01  .142696429E+01  .144765347E+01  .146862769E+01
  .148989053E+01  .151144561E+01  .153329657E+01  .155544711E+01  .157790096E+01
  .160066187E+01  .162373365E+01  .164712015E+01  .167082523E+01  .169485281E+01
  .171920685E+01  .174389134E+01  .176891030E+01  .179426782E+01  .181996798E+01
  .184601495E+01  .187241289E+01  .189916605E+01  .192627867E+01  .195375506E+01
  .198159956E+01  .200981655E+01  .203841044E+01  .206738570E+01  .209674681E+01
  .212649832E+01  .215664480E+01  .218719086E+01  .221814115E+01  .224950037E+01
  .228127324E+01  .231346454E+01  .234607906E+01  .237912167E+01  .241259723E+01
  .244651069E+01  .248086698E+01  .251567113E+01  .255092816E+01  .258664315E+01
  .262282121E+01  .265946749E+01  .269658718E+01  .273418551E+01  .277226773E+01
  .281083914E+01  .284990507E+01  .288947089E+01  .292954202E+01  .297012387E+01
  .301122194E+01  .305284171E+01  .309498875E+01  .313766862E+01  .318088692E+01
  .322464930E+01  .326896143E+01  .331382900E+01  .335925776E+01  .340525347E+01
  .345182191E+01  .349896892E+01  .354670033E+01  .359502202E+01  .364393990E+01
  .369345990E+01  .374358797E+01  .379433008E+01  .384569225E+01  .389768049E+01
  .395030085E+01  .400355939E+01  .405746221E+01  .411201541E+01  .416722510E+01
  .422309743E+01  .427963855E+01  .433685464E+01  .439475187E+01  .445333643E+01
  .451261453E+01  .457259239E+01  .463327622E+01  .469467226E+01  .475678673E+01
  .481962587E+01  .488319592E+01  .494750312E+01  .501255372E+01  .507835393E+01
  .514491001E+01  .521222816E+01  .528031462E+01  .534917558E+01  .541881725E+01
  .548924580E+01  .556046741E+01  .563248823E+01  .570531438E+01  .577895198E+01
  .585340711E+01  .592868583E+01  .600479418E+01  .608173815E+01  .615952372E+01
  .623815681E+01  .631764333E+01  .639798912E+01  .647920000E+01  .656128174E+01
  .664424005E+01  .672808061E+01  .681280902E+01  .689843084E+01  .698495156E+01
  .707237664E+01  .716071142E+01  .724996122E+01  .734013125E+01  .743122668E+01
  .752325258E+01  .761621393E+01  .771011565E+01  .780496255E+01  .790075937E+01
  .799751072E+01  .809522114E+01  .819389505E+01  .829353679E+01  .839415054E+01
  .849574042E+01  .859831038E+01  .870186429E+01  .880640587E+01  .891193871E+01
  .901846626E+01  .912599185E+01  .923451865E+01  .934404968E+01  .945458782E+01
  .956613577E+01  .967869609E+01  .979227117E+01  .990686321E+01  .100224743E+02
  .101391061E+02  .102567606E+02  .103754390E+02  .104951427E+02  .106158727E+02
  .107376300E+02  .108604152E+02  .109842287E+02  .111090707E+02  .112349413E+02
  .113618402E+02  .114897669E+02  .116187208E+02  .117487007E+02  .118797055E+02
  .120117338E+02  .121447837E+02  .122788532E+02  .124139400E+02  .125500415E+02
  .126871549E+02  .128252769E+02  .129644041E+02  .131045327E+02  .132456586E+02
  .133877774E+02  .135308842E+02  .136749742E+02  .138200418E+02  .139660812E+02
  .141130865E+02  .142610510E+02  .144099681E+02  .145598304E+02  .147106305E+02
  .148623604E+02  .150150117E+02  .151685758E+02  .153230435E+02  .154784053E+02
  .156346512E+02  .157917710E+02  .159497539E+02  .161085886E+02  .162682636E+02
  .164287668E+02  .165900856E+02  .167522072E+02  .169151181E+02  .170788044E+02
  .172432518E+02  .174084456E+02  .175743704E+02  .177410105E+02  .179083496E+02
  .180763710E+02  .182450576E+02  .184143914E+02  .185843544E+02  .187549278E+02
  .189260924E+02  .190978283E+02  .192701154E+02  .194429327E+02  .196162591E+02
  .197900726E+02  .199643508E+02  .201390708E+02  .203142093E+02  .204897421E+02
  .206656447E+02  .208418921E+02  .210184586E+02  .211953180E+02  .213724438E+02
  .215498084E+02  .217273843E+02  .219051429E+02  .220830554E+02  .222610924E+02
  .224392238E+02  .226174191E+02  .227956471E+02  .229738763E+02  .231520745E+02
  .233302090E+02  .235082464E+02  .236861531E+02  .238638947E+02  .240414365E+02
  .242187429E+02  .243957783E+02  .245725062E+02  .247488897E+02  .249248915E+02
  .251004737E+02  .252755980E+02  .254502256E+02  .256243172E+02  .257978331E+02
  .259707331E+02  .261429765E+02  .263145224E+02  .264853292E+02  .266553552E+02
  .268245580E+02  .269928951E+02  .271603235E+02  .273267997E+02  .274922802E+02
  .276567209E+02  .278200775E+02  .279823054E+02  .281433598E+02  .283031955E+02
  .284617672E+02  .286190293E+02  .287749360E+02  .289294414E+02  .290824993E+02
  .292340636E+02  .293840878E+02  .295325256E+02  .296793304E+02  .298244557E+02
  .299678549E+02  .301094814E+02  .302492889E+02  .303872307E+02  .305232605E+02
  .306573321E+02  .307893993E+02  .309194164E+02  .310473375E+02  .311731171E+02
  .312967101E+02  .314180716E+02  .315371569E+02  .316539220E+02  .317683230E+02
  .318803165E+02  .319898597E+02  .320969102E+02  .322014261E+02  .323033663E+02
  .324026900E+02  .324993573E+02  .325933290E+02  .326845665E+02  .327730320E+02
  .328586886E+02  .329415002E+02  .330214316E+02  .330984484E+02  .331725176E+02
  .332436066E+02  .333116844E+02  .333767209E+02  .334386870E+02  .334975550E+02
  .335532983E+02  .336058918E+02  .336553113E+02  .337015343E+02  .337445397E+02
  .337843076E+02  .338208198E+02  .338540595E+02  .338840115E+02  .339106624E+02
  .339340001E+02  .339540145E+02  .339706971E+02  .339840412E+02  .339940419E+02
  .340006962E+02  .340040030E+02  .340039630E+02  .340005791E+02  .339938560E+02
  .339838006E+02  .339704217E+02  .339537305E+02  .339337400E+02  .339104657E+02
  .338839250E+02  .338541379E+02  .338211263E+02  .337849147E+02  .337455297E+02
  .337030004E+02  .336573582E+02  .336086369E+02  .335568728E+02  .335021043E+02
  .334443728E+02  .333837216E+02  .333201969E+02  .332538471E+02  .331847232E+02
  .331128788E+02  .330383697E+02  .329612546E+02  .328815945E+02  .327994527E+02
  .327148954E+02  .326279910E+02  .325388105E+02  .324474273E+02  .323539173E+02
  .322583588E+02  .321608326E+02  .320614217E+02  .319602115E+02  .318572900E+02
  .317527472E+02  .316466753E+02  .315391692E+02  .314303253E+02  .313202428E+02
  .312090225E+02  .310967674E+02  .309835826E+02  .308695750E+02  .307548534E+02
  .306395283E+02  .305237121E+02  .304075188E+02  .302910639E+02  .301744645E+02
  .300578391E+02  .299413075E+02  .298249909E+02  .297090116E+02  .295934928E+02
  .294785590E+02  .293643353E+02  .292509477E+02  .291385229E+02  .290271880E+02
  .289170708E+02  .288082992E+02  .287010014E+02  .285953058E+02  .284913405E+02
  .283892337E+02  .282891133E+02  .281911066E+02  .280953406E+02  .280019414E+02
  .279110344E+02  .278227440E+02  .277371935E+02  .276545049E+02  .275747991E+02
  .274981950E+02  .274248101E+02  .273547602E+02  .272881587E+02  .272251173E+02
  .271657452E+02  .271101491E+02  .270584332E+02  .270106990E+02  .269670451E+02
  .269275669E+02  .268923569E+02  .268615038E+02  .268350933E+02  .268132070E+02
  .267959230E+02  .267833152E+02  .267754538E+02  .267724042E+02  .267742279E+02
  .267809816E+02  .267927175E+02  .268094828E+02  .268313199E+02  .268582661E+02
  .268903536E+02  .269276092E+02  .269700542E+02  .270177046E+02  .270705705E+02
  .271286563E+02  .271919607E+02  .272604763E+02  .273341896E+02  .274130812E+02
  .274971254E+02  .275862901E+02  .276805369E+02  .277798213E+02  .278840920E+02
  .279932914E+02  .281073553E+02  .282262130E+02  .283497871E+02  .284779938E+02
  .286107426E+02  .287479364E+02  .288894716E+02  .290352379E+02  .291851187E+02
  .293389907E+02  .294967242E+02  .296581833E+02  .298232255E+02  .299917023E+02
  .301634588E+02  .303383342E+02  .305161618E+02  .306967689E+02  .308799772E+02
  .310656026E+02  .312534557E+02  .314433419E+02  .316350613E+02  .318284091E+02
  .320231756E+02  .322191466E+02  .324161034E+02  .326138234E+02  .328120796E+02
  .330106414E+02  .332092749E+02  .334077425E+02  .336058039E+02  .338032159E+02
  .339997328E+02  .341951065E+02  .343890873E+02  .345814235E+02  .347718622E+02
  .349601493E+02  .351460300E+02  .353292491E+02  .355095512E+02  .356866811E+02
  .358603841E+02  .360304062E+02  .361964950E+02  .363583992E+02  .365158695E+02
  .366686589E+02  .368165229E+02  .369592199E+02  .370965116E+02  .372281633E+02
  .373539442E+02  .374736278E+02  .375869925E+02  .376938214E+02  .377939032E+02
  .378870321E+02  .379730085E+02  .380516391E+02  .381227375E+02  .381861239E+02
  .382416264E+02  .382890804E+02  .383283295E+02  .383592254E+02  .383816285E+02
  .383954081E+02  .384004425E+02  .383966197E+02  .383838370E+02  .383620018E+02
  .383310317E+02  .382908546E+02  .382414090E+02  .381826440E+02  .381145201E+02
  .380370084E+02  .379500917E+02  .378537639E+02  .377480308E+02  .376329095E+02
  .375084292E+02  .373746305E+02  .372315662E+02  .370793011E+02  .369179116E+02
  .367474863E+02  .365681257E+02  .363799422E+02  .361830599E+02  .359776150E+02
  .357637552E+02  .355416397E+02  .353114393E+02  .350733361E+02  .348275233E+02
  .345742051E+02  .343135963E+02  .340459224E+02  .337714192E+02  .334903323E+02
  .332029173E+02  .329094389E+02  .326101712E+02  .323053969E+02  .319954072E+02
  .316805012E+02  .313609857E+02  .310371749E+02  .307093896E+02  .303779570E+02
  .300432102E+02  .297054879E+02  .293651335E+02  .290224951E+02  .286779247E+02
  .283317776E+02  .279844122E+02  .276361892E+02  .272874711E+02  .269386216E+02
  .265900054E+02  .262419870E+02  .258949306E+02  .255491996E+02  .252051554E+02
  .248631577E+02  .245235632E+02  .241867254E+02  .238529937E+02  .235227133E+02
  .231962244E+02  .228738614E+02  .225559527E+02  .222428200E+02  .219347778E+02
  .216321328E+02  .213351836E+02  .210442198E+02  .207595219E+02  .204813607E+02
  .202099968E+02  .199456802E+02  .196886498E+02  .194391331E+02  .191973457E+02
  .189634912E+02  .187377606E+02  .185203318E+02  .183113698E+02  .181110261E+02
  .179194385E+02  .177367307E+02  .175630125E+02  .173983792E+02  .172429117E+02
  .170966761E+02  .169597238E+02  .168320913E+02  .167138002E+02  .166048571E+02
  .165052535E+02  .164149658E+02  .163339556E+02  .162621694E+02  .161995387E+02
  .161459804E+02  .161013966E+02  .160656749E+02  .160386886E+02  .160202968E+02
  .160103448E+02  .160086642E+02  .160150734E+02  .160293780E+02  .160513708E+02
  .160808326E+02  .161175325E+02  .161612286E+02  .162116681E+02  .162685882E+02
  .163317166E+02  .164007719E+02  .164754646E+02  .165554973E+02  .166405656E+02
  .167303586E+02  .168245596E+02  .169228468E+02  .170248938E+02  .171303703E+02
  .172389429E+02  .173502754E+02  .174640298E+02  .175798666E+02  .176974455E+02
  .178164262E+02  .179364689E+02  .180572348E+02  .181783868E+02  .182995901E+02
  .184205128E+02  .185408262E+02  .186602059E+02  .187783319E+02  .188948893E+02
  .190095688E+02  .191220674E+02  .192320884E+02  .193393425E+02  .194435479E+02
  .195444310E+02  .196417262E+02  .197351773E+02  .198245370E+02  .199095678E+02
  .199900421E+02  .200657425E+02  .201364622E+02  .202020054E+02  .202621869E+02
  .203168334E+02  .203657826E+02  .204088839E+02  .204459985E+02  .204769996E+02
  .205017721E+02  .205202129E+02  .205322311E+02  .205377476E+02  .205366953E+02
  .205290193E+02  .205146760E+02  .204936341E+02  .204658735E+02  .204313858E+02
  .203901739E+02  .203422516E+02  .202876437E+02  .202263856E+02  .201585233E+02
  .200841127E+02  .200032196E+02  .199159193E+02  .198222965E+02  .197224446E+02
  .196164657E+02  .195044699E+02  .193865755E+02  .192629080E+02  .191335999E+02
  .189987906E+02  .188586259E+02  .187132572E+02  .185628417E+02  .184075416E+02
  .182475238E+02  .180829595E+02  .179140239E+02  .177408956E+02  .175637564E+02
  .173827907E+02  .171981852E+02  .170101287E+02  .168188114E+02  .166244247E+02
  .164271609E+02  .162272126E+02  .160247726E+02  .158200334E+02  .156131869E+02
  .154044242E+02  .151939352E+02  .149819081E+02  .147685295E+02  .145539837E+02
  .143384531E+02  .141221168E+02  .139051518E+02  .136877314E+02  .134700263E+02
  .132522029E+02  .130344248E+02  .128168509E+02  .125996369E+02  .123829336E+02
  .121668880E+02  .119516425E+02  .117373351E+02  .115240988E+02  .113120624E+02
  .111013494E+02  .108920788E+02  .106843644E+02  .104783155E+02  .102740357E+02
  .100716244E+02  .987117529E+01  .967277762E+01  .947651518E+01  .928246719E+01
  .909070755E+01  .890130562E+01  .871432557E+01  .852982703E+01  .834786466E+01
  .816848868E+01  .799174449E+01  .781767320E+01  .764631127E+01  .747769107E+01
  .731184050E+01  .714878356E+01  .698854001E+01  .683112592E+01  .667655336E+01
  .652483092E+01  .637596344E+01  .622995254E+01  .608679632E+01  .594648991E+01
  .580902519E+01  .567439129E+01  .554257441E+01  .541355821E+01  .528732367E+01
  .516384948E+01  .504311178E+01  .492508515E+01  .480974099E+01  .469705061E+01
  .458698136E+01  .447950124E+01  .437457446E+01  .427216608E+01  .417223760E+01
  .407475161E+01  .397966735E+01  .388694544E+01  .379654326E+01  .370841982E+01
  .362253109E+01  .353883491E+01  .345728618E+01  .337784190E+01  .330045629E+01
  .322508588E+01  .315168452E+01  .308020855E+01  .301061177E+01  .294285064E+01
  .287687917E+01  .281265419E+01  .275013015E+01  .268926452E+01  .263001241E+01
  .257233207E+01  .251617951E+01  .246151398E+01  .240829252E+01  .235647549E+01
  .230602112E+01  .225689108E+01  .220904488E+01  .216244555E+01  .211705401E+01
  .207283478E+01  .202975025E+01  .198776646E+01  .194684735E+01  .190696055E+01
  .186807156E+01  .183014965E+01  .179316193E+01  .175707929E+01  .172187048E+01
  .168750801E+01  .165396227E+01  .162120741E+01  .158921540E+01  .155796203E+01
  .152742085E+01  .149756925E+01  .146838233E+01  .143983903E+01  .141191597E+01
  .138459361E+01  .135785004E+01  .133166719E+01  .130602458E+01  .128090555E+01
  .125629098E+01  .123216558E+01  .120851155E+01  .118531489E+01  .116255906E+01
  .114023128E+01  .111831624E+01  .109680233E+01  .107567534E+01  .105492480E+01
  .103453758E+01  .101450424E+01  .994812662E+00  .975454401E+00  .956418283E+00
  .937696794E+00  .919279639E+00  .901160167E+00  .883328918E+00  .865780048E+00
  .848504859E+00  .831498252E+00  .814752249E+00  .798262444E+00  .782021512E+00
  .766025679E+00  .750268234E+00  .734745991E+00  .719452785E+00  .704385964E+00
  .689539876E+00  .674912356E+00  .660498206E+00  .646295699E+00  .632300059E+00
  .618509958E+00  .604920984E+00  .591532162E+00  .578339420E+00  .565342100E+00
  .552536414E+00  .539921979E+00  .527495270E+00  .515256150E+00  .503201306E+00
  .491330805E+00  .479641531E+00  .468133729E+00  .456804429E+00  .445654023E+00
  .434679675E+00  .423881896E+00  .413257941E+00  .402808413E+00  .392530647E+00
  .382425317E+00  .372489798E+00  .362724810E+00  .353127763E+00  .343699008E+00
  .334437181E+00  .325341380E+00  .316410677E+00  .307644143E+00  .299040837E+00
  .290599803E+00  .282320066E+00  .274200631E+00  .266240478E+00  .258438563E+00
  .250793813E+00  .243305125E+00  .235971365E+00  .228791366E+00  .221763929E+00
  .214887817E+00  .208161760E+00  .201584452E+00  .195154549E+00  .188870674E+00
  .182731410E+00  .176735307E+00  .170880878E+00  .165166602E+00  .159590922E+00
  .154152250E+00  .148848963E+00  .143679409E+00  .138641903E+00  .133734734E+00
  .128956161E+00  .124304417E+00  .119777712E+00  .115374230E+00  .111092135E+00
  .106929570E+00  .102884661E+00  .989555134E-01  .951402210E-01  .914368619E-01
  .878435026E-01  .843581990E-01  .809789981E-01  .777039396E-01  .745310574E-01
  .714583813E-01  .684839382E-01  .656057539E-01  .628218543E-01  .601302667E-01
  .575290215E-01  .550161533E-01  .525897023E-01  .502477151E-01  .479882467E-01
  .458093608E-01  .437091316E-01  .416856445E-01  .397369971E-01  .378613006E-01
  .360566804E-01  .343212772E-01  .326532480E-01  .310507668E-01  .295120255E-01
  .280352348E-01  .266186252E-01  .252604473E-01  .239589729E-01  .227124957E-01
  .215193318E-01  .203778209E-01  .192863261E-01  .182432355E-01  .172469622E-01
  .162959450E-01  .153886489E-01  .145235660E-01  .136992157E-01  .129141451E-01
  .121669297E-01  .114561737E-01  .107805103E-01  .101386024E-01  .952914232E-02
  .895085278E-02  .840248663E-02  .788282728E-02  .739068885E-02  .692491625E-02
  .648438535E-02  .606800296E-02  .567470688E-02  .530346588E-02  .495327958E-02
  .462317840E-02  .431222336E-02  .401950591E-02  .374414771E-02  .348530035E-02
  .324214501E-02  .301389220E-02  .279978131E-02  .259908024E-02  .241108496E-02
  .223511901E-02  .207053307E-02  .191670437E-02  .177303617E-02  .163895721E-02
  .151392111E-02  .139740577E-02  .128891272E-02  .118796657E-02  .109411426E-02
  .100692450E-02  .925987043E-03  .850912065E-03  .781329473E-03  .716888244E-03
  .657255752E-03  .602117105E-03  .551174475E-03  .504146446E-03  .460767357E-03
  .420786660E-03  .383968288E-03  .350090023E-03  .318942892E-03  .290330558E-03
  .264068739E-03  .239984630E-03  .217916347E-03  .197712383E-03  .179231078E-03
  .162340110E-03  .146915999E-03  .132843627E-03  .120015779E-03  .108332697E-03
  .977016534E-04  .880365394E-04  .792574724E-04  .712904193E-04  .640668361E-04
  .575233245E-04  .516013041E-04  .462467007E-04  .414096501E-04  .370442168E-04
  .331081274E-04  .295625180E-04  .263716964E-04  .235029163E-04  .209261653E-04
  .186139656E-04  .165411852E-04  .146848625E-04  .130240403E-04  .115396113E-04
  .102141731E-04  .903189290E-05  .797838133E-05  .704057499E-05  .620662697E-05
  .546580520E-05  .480839819E-05  .422562756E-05  .370956711E-05  .325306806E-05
  .284968993E-05  .249363688E-05  .217969903E-05  .190319855E-05  .165994007E-05
  .144616525E-05  .125851114E-05  .109397204E-05  .949864691E-06  .823796498E-06
  .713636557E-06  .617489284E-06  .533670440E-06  .460685367E-06  .397209254E-06
  .342069262E-06  .294228368E-06  .252770764E-06  .216888692E-06  .185870590E-06
  .159090422E-06  .135998095E-06  .116110865E-06  .990056340E-07  .843120592E-07
  .717063986E-07  .609060170E-07  .516644924E-07  .437672619E-07  .370277527E-07
  .312839498E-07  .263953542E-07  .222402924E-07  .187135393E-07  .157242206E-07
  .131939656E-07  .110552819E-07  .925012784E-08  .772866044E-08  .644813910E-08
  .537196656E-08  .446885175E-08  .371207981E-08  .307887669E-08  .254985683E-08
  .210854386E-08  .174095528E-08  .143524309E-08  .118138346E-08  .970909008E-09
  .796678326E-09  .652677830E-09  .533851687E-09  .435956084E-09  .355434558E-09
  .289311511E-09  .235101422E-09  .190731556E-09  .154476290E-09  .124901390E-09
  .100816823E-09  .812368576E-10  .653463946E-10  .524725943E-10  .420610167E-10
  .336555895E-10  .268818206E-10  .214327540E-10  .170572431E-10  .135501757E-10
  .107443444E-10  .850368813E-11  .671770205E-11  .529679938E-11  .416849319E-11
  .327424231E-11  .256685885E-11  .200837988E-11  .156832345E-11  .122226239E-11
  .950660360E-12  .737923727E-12  .571630888E-12  .441907060E-12  .340918122E-12
  .262461696E-12  .201637456E-12  .154581888E-12  .118255336E-12  .902714025E-13
  .687605657E-13  .522613884E-13  .396339245E-13  .299909461E-13  .226434431E-13
  .170575311E-13  .128204544E-13  .961382638E-14  .719261390E-14  .536867086E-14
  .399786611E-14  .297004451E-14  .220121600E-14  .162749265E-14  .120039367E-14
  .883218554E-15  .648252167E-15  .474616121E-15  .346621141E-15  .252506716E-15
  .183479414E-15  .132980943E-15  .961324886E-16  .693139518E-16  .498461646E-16
  .357515016E-16  .255740229E-16  .182447000E-16  .129806948E-16  .921028835E-17
  .651708014E-17  .459862328E-17  .323584609E-17  .227050973E-17  .158863646E-17
  .110836144E-17  .771052621E-18  .534838020E-18  .369901431E-18  .255073295E-18
  .175367411E-18  .120206319E-18  .821466243E-19  .559661703E-19  .380123081E-19
  .257380079E-19  .173726802E-19  .116893135E-19  .784026010E-20  .524179609E-20
  .349322675E-20  .232038027E-20  .153626423E-20  .101376102E-20  .666740174E-21
  .437036177E-21  .285500025E-21  .185870763E-21  .120592490E-21  .779689486E-22
  .502346305E-22  .322517034E-22  .206327779E-22  .131524284E-22  .835381553E-23
  .528666630E-23  .333337591E-23  .209401242E-23  .131055084E-23  .817137479E-24
  .507562948E-24  .314068940E-24  .193591833E-24  .118867357E-24  .727006282E-25
  .442894260E-25  .268741359E-25  .162415570E-25  .977609751E-26  .586049100E-26
  .349879815E-26  .208020366E-26  .123163060E-26  .726153074E-27  .426318631E-27
  .249220684E-27  .145064981E-27  .840726617E-28  .485115970E-28  .278688884E-28
  .159390206E-28  .907519607E-29  .514383665E-29  .290228012E-29  .163003379E-29
  .911261446E-30  .507063506E-30  .280826711E-30  .154794232E-30  .849170515E-31
  .463598635E-31  .251871893E-31  .136172890E-31  .732584834E-32  .392160926E-32
  .208877905E-32  .110694235E-32  .583638862E-33  .306148651E-33  .159761287E-33
  .829361298E-34  .428282980E-34  .219995793E-34  .112402501E-34  .571211573E-35
  .288707906E-35  .145124956E-35  .725484608E-36  .360659827E-36  .178291827E-36
  .876414754E-37  .428363864E-37  .208171393E-37  .100580631E-37  .483139564E-38
  .230714819E-38  .109522299E-38  .516812681E-39  .242407769E-39  .113011260E-39
  .523645768E-40  .241142019E-40  .110358592E-40  .501898342E-41  .226819262E-41
  .101853677E-41  .454447763E-42  .201455628E-42  .887238831E-43  .388190345E-43
  .168721001E-43  .728434957E-44  .312382324E-44  .133055491E-44  .562867640E-45
  .236473874E-45  .986596451E-46  .408743946E-46  .168148981E-46  .686821377E-47
  .278532174E-47  .112140915E-47  .448213510E-48  .177833138E-48  .700360948E-49
  .273770736E-49  .106214104E-49  .408960548E-50  .156263843E-50  .592498216E-51
  .222915594E-51  .832131391E-52  .308187054E-52  .113234998E-52  .412727473E-53
  .149222668E-53  .535139907E-54  .190342203E-54  .671447146E-55  .234898666E-55
  .815025194E-56  .280509338E-56  .958309223E-57  .326230618E-57  .111164474E-57
  .390196004E-58  .148731167E-58  .692566659E-59  .523207809E-59  .000000000E+00
  .000000000E+00  .000000000E+00  .000000000E+00  .000000000E+00  .000000000E+00
  .000000000E+00  .000000000E+00  .000000000E+00  .000000000E+00  .000000000E+00
  .000000000E+00  .000000000E+00  .000000000E+00  .000000000E+00  .000000000E+00
  .000000000E+00  .000000000E+00  .000000000E+00  .000000000E+00  .000000000E+00
  .000000000E+00  .000000000E+00  .000000000E+00  .000000000E+00  .000000000E+00
  .000000000E+00  .000000000E+00  .000000000E+00  .000000000E+00  .000000000E+00
  .000000000E+00  .000000000E+00  .000000000E+00  .000000000E+00  .000000000E+00
  .000000000E+00  .000000000E+00  .000000000E+00  .000000000E+00  .000000000E+00
  .000000000E+00  .000000000E+00  .000000000E+00  .000000000E+00  .000000000E+00
  .000000000E+00  .000000000E+00  .000000000E+00  .000000000E+00  .000000000E+00
  .000000000E+00  .000000000E+00  .000000000E+00  .000000000E+00  .000000000E+00
  .000000000E+00  .000000000E+00  .000000000E+00  .000000000E+00  .000000000E+00
  .000000000E+00  .000000000E+00  .000000000E+00  .000000000E+00  .000000000E+00
  .000000000E+00  .000000000E+00  .000000000E+00  .000000000E+00  .000000000E+00
  .000000000E+00  .000000000E+00  .000000000E+00  .000000000E+00  .000000000E+00
  .000000000E+00  .000000000E+00  .000000000E+00  .000000000E+00  .000000000E+00
  .000000000E+00  .000000000E+00  .000000000E+00  .000000000E+00  .000000000E+00
  .000000000E+00  .000000000E+00  .000000000E+00  .000000000E+00  .000000000E+00
  .000000000E+00  .000000000E+00  .000000000E+00  .000000000E+00  .000000000E+00
  .000000000E+00  .000000000E+00  .000000000E+00  .000000000E+00  .000000000E+00
  .000000000E+00  .000000000E+00  .000000000E+00  .000000000E+00  .000000000E+00
  .000000000E+00  .000000000E+00  .000000000E+00  .000000000E+00  .000000000E+00
  .000000000E+00  .000000000E+00  .000000000E+00  .000000000E+00  .000000000E+00
  .000000000E+00  .000000000E+00  .000000000E+00  .000000000E+00  .000000000E+00
  .000000000E+00  .000000000E+00  .000000000E+00  .000000000E+00  .000000000E+00
  .000000000E+00  .000000000E+00  .000000000E+00  .000000000E+00  .000000000E+00
  .000000000E+00  .000000000E+00  .000000000E+00  .000000000E+00  .000000000E+00
  .000000000E+00  .000000000E+00  .000000000E+00  .000000000E+00  .000000000E+00
  .000000000E+00  .000000000E+00  .000000000E+00  .000000000E+00  .000000000E+00
  .000000000E+00  .000000000E+00  .000000000E+00  .000000000E+00  .000000000E+00
  .000000000E+00  .000000000E+00  .000000000E+00  .000000000E+00  .000000000E+00
  .000000000E+00  .000000000E+00  .000000000E+00  .000000000E+00  .000000000E+00
  .000000000E+00  .000000000E+00  .000000000E+00  .000000000E+00  .000000000E+00
  .000000000E+00  .000000000E+00  .000000000E+00  .000000000E+00  .000000000E+00
  .000000000E+00  .000000000E+00  .000000000E+00  .000000000E+00  .000000000E+00
  .000000000E+00  .000000000E+00  .000000000E+00  .000000000E+00  .000000000E+00
  .000000000E+00  .000000000E+00  .000000000E+00  .000000000E+00  .000000000E+00
  .000000000E+00  .000000000E+00  .000000000E+00  .000000000E+00  .000000000E+00
  .000000000E+00  .000000000E+00  .000000000E+00  .000000000E+00  .000000000E+00
  .000000000E+00  .000000000E+00  .000000000E+00  .000000000E+00  .000000000E+00
  .000000000E+00  .000000000E+00  .000000000E+00  .000000000E+00  .000000000E+00
  .000000000E+00  .000000000E+00  .000000000E+00  .000000000E+00  .000000000E+00
  .000000000E+00  .000000000E+00  .000000000E+00  .000000000E+00  .000000000E+00
  .000000000E+00  .000000000E+00  .000000000E+00  .000000000E+00  .000000000E+00
  .000000000E+00  .000000000E+00  .000000000E+00  .000000000E+00  .000000000E+00
