  PAW Ru                                 
 100
Core Pot   L  =         .00000   -.31095
  -.30000000E+01  .14493659E+01
  -.29500000E+01  .14318221E+01
  -.29000000E+01  .14141181E+01
  -.28500000E+01  .13962484E+01
  -.28000000E+01  .13782073E+01
  -.27500000E+01  .13599890E+01
  -.27000000E+01  .13415877E+01
  -.26500000E+01  .13229972E+01
  -.26000000E+01  .13042114E+01
  -.25500000E+01  .12852238E+01
  -.25000000E+01  .12660276E+01
  -.24500000E+01  .12466161E+01
  -.24000000E+01  .12269820E+01
  -.23500000E+01  .12071179E+01
  -.23000000E+01  .11870163E+01
  -.22500000E+01  .11666690E+01
  -.22000000E+01  .11460678E+01
  -.21500000E+01  .11252041E+01
  -.21000000E+01  .11040687E+01
  -.20500000E+01  .10826524E+01
  -.20000000E+01  .10609452E+01
  -.19500000E+01  .10389368E+01
  -.19000000E+01  .10166166E+01
  -.18500000E+01  .99397330E+00
  -.18000000E+01  .97099501E+00
  -.17500000E+01  .94766938E+00
  -.17000000E+01  .92398339E+00
  -.16500000E+01  .89992339E+00
  -.16000000E+01  .87547498E+00
  -.15500000E+01  .85062303E+00
  -.15000000E+01  .82535158E+00
  -.14500000E+01  .79964381E+00
  -.14000000E+01  .77348195E+00
  -.13500000E+01  .74684724E+00
  -.13000000E+01  .71971983E+00
  -.12500000E+01  .69207872E+00
  -.12000000E+01  .66390163E+00
  -.11500000E+01  .63516496E+00
  -.11000000E+01  .60584366E+00
  -.10500000E+01  .57591107E+00
  -.10000000E+01  .54533885E+00
  -.95000000E+00  .51409684E+00
  -.90000000E+00  .48215284E+00
  -.85000000E+00  .44947250E+00
  -.80000000E+00  .41601912E+00
  -.75000000E+00  .38175341E+00
  -.70000000E+00  .34663332E+00
  -.65000000E+00  .31061369E+00
  -.60000000E+00  .27364605E+00
  -.55000000E+00  .23567826E+00
  -.50000000E+00  .19665415E+00
  -.45000000E+00  .15651315E+00
  -.40000000E+00  .11518980E+00
  -.35000000E+00  .72613290E-01
  -.30000000E+00  .28706867E-01
  -.25000000E+00 -.16612802E-01
  -.20000000E+00 -.63436348E-01
  -.15000000E+00 -.11186253E+00
  -.10000000E+00 -.16199916E+00
  -.50000000E-01 -.21396419E+00
  -.22898350E-14 -.26788693E+00
   .50000000E-01 -.32390944E+00
   .10000000E+00 -.38218816E+00
   .15000000E+00 -.44289582E+00
   .20000000E+00 -.50622356E+00
   .25000000E+00 -.57238349E+00
   .30000000E+00 -.64161167E+00
   .35000000E+00 -.71417158E+00
   .40000000E+00 -.79035824E+00
   .45000000E+00 -.87050308E+00
   .50000000E+00 -.95497974E+00
   .55000000E+00 -.10442111E+01
   .60000000E+00 -.11386774E+01
   .65000000E+00 -.12389269E+01
   .70000000E+00 -.13455878E+01
   .75000000E+00 -.14593836E+01
   .80000000E+00 -.15811520E+01
   .85000000E+00 -.17118681E+01
   .90000000E+00 -.18526743E+01
   .95000000E+00 -.20049173E+01
   .10000000E+01 -.21701963E+01
   .10500000E+01 -.23504247E+01
   .11000000E+01 -.25479121E+01
   .11500000E+01 -.27654714E+01
   .12000000E+01 -.30065649E+01
   .12500000E+01 -.32755024E+01
   .13000000E+01 -.35777182E+01
   .13500000E+01 -.39201629E+01
   .14000000E+01 -.43118728E+01
   .14500000E+01 -.47648148E+01
   .15000000E+01 -.52951805E+01
   .15500000E+01 -.59254301E+01
   .16000000E+01 -.66876523E+01
   .16500000E+01 -.76293434E+01
   .17000000E+01 -.88239159E+01
   .17500000E+01 -.10391169E+02
   .18000000E+01 -.12540797E+02
   .18500000E+01 -.15676190E+02
   .19000000E+01 -.20685223E+02
   .19500000E+01 -.29979725E+02
   .20000000E+01 -.53222737E+02
Potential  L  =         .00000   -.31095
  -.30000000E+01  .14735396E+01
  -.29500000E+01  .14569712E+01
  -.29000000E+01  .14402321E+01
  -.28500000E+01  .14233173E+01
  -.28000000E+01  .14062217E+01
  -.27500000E+01  .13889399E+01
  -.27000000E+01  .13714663E+01
  -.26500000E+01  .13537949E+01
  -.26000000E+01  .13359195E+01
  -.25500000E+01  .13178337E+01
  -.25000000E+01  .12995307E+01
  -.24500000E+01  .12810032E+01
  -.24000000E+01  .12622437E+01
  -.23500000E+01  .12432443E+01
  -.23000000E+01  .12239966E+01
  -.22500000E+01  .12044918E+01
  -.22000000E+01  .11847207E+01
  -.21500000E+01  .11646734E+01
  -.21000000E+01  .11443395E+01
  -.20500000E+01  .11237081E+01
  -.20000000E+01  .11027675E+01
  -.19500000E+01  .10815055E+01
  -.19000000E+01  .10599088E+01
  -.18500000E+01  .10379637E+01
  -.18000000E+01  .10156554E+01
  -.17500000E+01  .99296804E+00
  -.17000000E+01  .96988495E+00
  -.16500000E+01  .94638820E+00
  -.16000000E+01  .92245862E+00
  -.15500000E+01  .89807576E+00
  -.15000000E+01  .87321764E+00
  -.14500000E+01  .84786070E+00
  -.14000000E+01  .82197964E+00
  -.13500000E+01  .79554718E+00
  -.13000000E+01  .76853394E+00
  -.12500000E+01  .74090818E+00
  -.12000000E+01  .71263559E+00
  -.11500000E+01  .68367895E+00
  -.11000000E+01  .65399788E+00
  -.10500000E+01  .62354843E+00
  -.10000000E+01  .59228273E+00
  -.95000000E+00  .56014846E+00
  -.90000000E+00  .52708836E+00
  -.85000000E+00  .49303961E+00
  -.80000000E+00  .45793308E+00
  -.75000000E+00  .42169260E+00
  -.70000000E+00  .38423390E+00
  -.65000000E+00  .34546359E+00
  -.60000000E+00  .30527781E+00
  -.55000000E+00  .26356070E+00
  -.50000000E+00  .22018263E+00
  -.45000000E+00  .17499802E+00
  -.40000000E+00  .12784278E+00
  -.35000000E+00  .78531266E-01
  -.30000000E+00  .26852534E-01
  -.25000000E+00 -.27434125E-01
  -.20000000E+00 -.84604707E-01
  -.15000000E+00 -.14497726E+00
  -.10000000E+00 -.20892027E+00
  -.50000000E-01 -.27686318E+00
  -.22898350E-14 -.34930957E+00
   .50000000E-01 -.42685403E+00
   .10000000E+00 -.51020382E+00
   .15000000E+00 -.60020695E+00
   .20000000E+00 -.69788926E+00
   .25000000E+00 -.80450379E+00
   .30000000E+00 -.92159753E+00
   .35000000E+00 -.10511033E+01
   .40000000E+00 -.11954684E+01
   .45000000E+00 -.13578384E+01
   .50000000E+00 -.15423253E+01
   .55000000E+00 -.17544112E+01
   .60000000E+00 -.20015705E+01
   .65000000E+00 -.22942666E+01
   .70000000E+00 -.26476139E+01
   .75000000E+00 -.30842857E+01
   .80000000E+00 -.36399181E+01
   .85000000E+00 -.43739214E+01
   .90000000E+00 -.53932800E+01
   .95000000E+00 -.69121003E+01
   .10000000E+01 -.94304698E+01
   .10500000E+01 -.14451351E+02
   .11000000E+01 -.29522265E+02
   .11500000E+01  .55107663E+04
   .12000000E+01  .30132632E+02
   .12500000E+01  .15303292E+02
   .13000000E+01  .10325667E+02
   .13500000E+01  .78206869E+01
   .14000000E+01  .63061392E+01
   .14500000E+01  .52870528E+01
   .15000000E+01  .45510709E+01
   .15500000E+01  .39919356E+01
   .16000000E+01  .35505796E+01
   .16500000E+01  .31915428E+01
   .17000000E+01  .28922471E+01
   .17500000E+01  .26376307E+01
   .18000000E+01  .24172581E+01
   .18500000E+01  .22236678E+01
   .19000000E+01  .20513816E+01
   .19500000E+01  .18962838E+01
   .20000000E+01  .17552210E+01
Core Pot   L  =        1.00000   -.20000
  -.30000000E+01  .20077213E+01
  -.29500000E+01  .19421523E+01
  -.29000000E+01  .18874282E+01
  -.28500000E+01  .18403303E+01
  -.28000000E+01  .17987857E+01
  -.27500000E+01  .17613988E+01
  -.27000000E+01  .17271954E+01
  -.26500000E+01  .16954741E+01
  -.26000000E+01  .16657173E+01
  -.25500000E+01  .16375338E+01
  -.25000000E+01  .16106228E+01
  -.24500000E+01  .15847487E+01
  -.24000000E+01  .15597239E+01
  -.23500000E+01  .15353974E+01
  -.23000000E+01  .15116458E+01
  -.22500000E+01  .14883672E+01
  -.22000000E+01  .14654765E+01
  -.21500000E+01  .14429020E+01
  -.21000000E+01  .14205824E+01
  -.20500000E+01  .13984651E+01
  -.20000000E+01  .13765046E+01
  -.19500000E+01  .13546609E+01
  -.19000000E+01  .13328988E+01
  -.18500000E+01  .13111870E+01
  -.18000000E+01  .12894972E+01
  -.17500000E+01  .12678042E+01
  -.17000000E+01  .12460846E+01
  -.16500000E+01  .12243171E+01
  -.16000000E+01  .12024820E+01
  -.15500000E+01  .11805609E+01
  -.15000000E+01  .11585363E+01
  -.14500000E+01  .11363919E+01
  -.14000000E+01  .11141119E+01
  -.13500000E+01  .10916812E+01
  -.13000000E+01  .10690852E+01
  -.12500000E+01  .10463096E+01
  -.12000000E+01  .10233405E+01
  -.11500000E+01  .10001640E+01
  -.11000000E+01  .97676644E+00
  -.10500000E+01  .95313416E+00
  -.10000000E+01  .92925345E+00
  -.95000000E+00  .90511051E+00
  -.90000000E+00  .88069139E+00
  -.85000000E+00  .85598190E+00
  -.80000000E+00  .83096757E+00
  -.75000000E+00  .80563361E+00
  -.70000000E+00  .77996483E+00
  -.65000000E+00  .75394560E+00
  -.60000000E+00  .72755977E+00
  -.55000000E+00  .70079063E+00
  -.50000000E+00  .67362087E+00
  -.45000000E+00  .64603244E+00
  -.40000000E+00  .61800658E+00
  -.35000000E+00  .58952368E+00
  -.30000000E+00  .56056323E+00
  -.25000000E+00  .53110377E+00
  -.20000000E+00  .50112273E+00
  -.15000000E+00  .47059642E+00
  -.10000000E+00  .43949989E+00
  -.50000000E-01  .40780685E+00
  -.22898350E-14  .37548949E+00
   .50000000E-01  .34251851E+00
   .10000000E+00  .30886276E+00
   .15000000E+00  .27448930E+00
   .20000000E+00  .23936312E+00
   .25000000E+00  .20344703E+00
   .30000000E+00  .16670143E+00
   .35000000E+00  .12908409E+00
   .40000000E+00  .90549949E-01
   .45000000E+00  .51050848E-01
   .50000000E+00  .10535228E-01
   .55000000E+00 -.31052170E-01
   .60000000E+00 -.73770666E-01
   .65000000E+00 -.11768403E+00
   .70000000E+00 -.16286092E+00
   .75000000E+00 -.20937537E+00
   .80000000E+00 -.25730736E+00
   .85000000E+00 -.30674337E+00
   .90000000E+00 -.35777718E+00
   .95000000E+00 -.41051056E+00
   .10000000E+01 -.46505420E+00
   .10500000E+01 -.52152873E+00
   .11000000E+01 -.58006586E+00
   .11500000E+01 -.64080969E+00
   .12000000E+01 -.70391821E+00
   .12500000E+01 -.76956506E+00
   .13000000E+01 -.83794150E+00
   .13500000E+01 -.90925871E+00
   .14000000E+01 -.98375050E+00
   .14500000E+01 -.10616764E+01
   .15000000E+01 -.11433254E+01
   .15500000E+01 -.12290201E+01
   .16000000E+01 -.13191220E+01
   .16500000E+01 -.14140372E+01
   .17000000E+01 -.15142240E+01
   .17500000E+01 -.16202012E+01
   .18000000E+01 -.17325584E+01
   .18500000E+01 -.18519691E+01
   .19000000E+01 -.19792054E+01
   .19500000E+01 -.21151575E+01
   .20000000E+01 -.22608565E+01
Potential  L  =        1.00000   -.20000
  -.30000000E+01  .16096489E+01
  -.29500000E+01  .15949387E+01
  -.29000000E+01  .15801158E+01
  -.28500000E+01  .15651777E+01
  -.28000000E+01  .15501223E+01
  -.27500000E+01  .15349469E+01
  -.27000000E+01  .15196490E+01
  -.26500000E+01  .15042261E+01
  -.26000000E+01  .14886754E+01
  -.25500000E+01  .14729942E+01
  -.25000000E+01  .14571795E+01
  -.24500000E+01  .14412283E+01
  -.24000000E+01  .14251377E+01
  -.23500000E+01  .14089043E+01
  -.23000000E+01  .13925249E+01
  -.22500000E+01  .13759960E+01
  -.22000000E+01  .13593142E+01
  -.21500000E+01  .13424757E+01
  -.21000000E+01  .13254768E+01
  -.20500000E+01  .13083135E+01
  -.20000000E+01  .12909817E+01
  -.19500000E+01  .12734771E+01
  -.19000000E+01  .12557955E+01
  -.18500000E+01  .12379321E+01
  -.18000000E+01  .12198823E+01
  -.17500000E+01  .12016411E+01
  -.17000000E+01  .11832033E+01
  -.16500000E+01  .11645637E+01
  -.16000000E+01  .11457167E+01
  -.15500000E+01  .11266564E+01
  -.15000000E+01  .11073769E+01
  -.14500000E+01  .10878718E+01
  -.14000000E+01  .10681347E+01
  -.13500000E+01  .10481587E+01
  -.13000000E+01  .10279366E+01
  -.12500000E+01  .10074609E+01
  -.12000000E+01  .98672401E+00
  -.11500000E+01  .96571763E+00
  -.11000000E+01  .94443329E+00
  -.10500000E+01  .92286206E+00
  -.10000000E+01  .90099460E+00
  -.95000000E+00  .87882112E+00
  -.90000000E+00  .85633135E+00
  -.85000000E+00  .83351451E+00
  -.80000000E+00  .81035930E+00
  -.75000000E+00  .78685381E+00
  -.70000000E+00  .76298555E+00
  -.65000000E+00  .73874136E+00
  -.60000000E+00  .71410739E+00
  -.55000000E+00  .68906903E+00
  -.50000000E+00  .66361089E+00
  -.45000000E+00  .63771672E+00
  -.40000000E+00  .61136933E+00
  -.35000000E+00  .58455060E+00
  -.30000000E+00  .55724130E+00
  -.25000000E+00  .52942110E+00
  -.20000000E+00  .50106843E+00
  -.15000000E+00  .47216043E+00
  -.10000000E+00  .44267278E+00
  -.50000000E-01  .41257966E+00
  -.22898350E-14  .38185356E+00
   .50000000E-01  .35046524E+00
   .10000000E+00  .31838343E+00
   .15000000E+00  .28557480E+00
   .20000000E+00  .25200369E+00
   .25000000E+00  .21763196E+00
   .30000000E+00  .18241873E+00
   .35000000E+00  .14632015E+00
   .40000000E+00  .10928908E+00
   .45000000E+00  .71274840E-01
   .50000000E+00  .32222816E-01
   .55000000E+00 -.79259449E-02
   .60000000E+00 -.49235120E-01
   .65000000E+00 -.91773644E-01
   .70000000E+00 -.13561626E+00
   .75000000E+00 -.18084414E+00
   .80000000E+00 -.22754560E+00
   .85000000E+00 -.27581693E+00
   .90000000E+00 -.32576330E+00
   .95000000E+00 -.37749981E+00
   .10000000E+01 -.43115271E+00
   .10500000E+01 -.48686080E+00
   .11000000E+01 -.54477704E+00
   .11500000E+01 -.60507039E+00
   .12000000E+01 -.66792798E+00
   .12500000E+01 -.73355764E+00
   .13000000E+01 -.80219087E+00
   .13500000E+01 -.87408628E+00
   .14000000E+01 -.94953375E+00
   .14500000E+01 -.10288593E+01
   .15000000E+01 -.11124308E+01
   .15500000E+01 -.12006653E+01
   .16000000E+01 -.12940370E+01
   .16500000E+01 -.13930879E+01
   .17000000E+01 -.14984403E+01
   .17500000E+01 -.16108119E+01
   .18000000E+01 -.17310354E+01
   .18500000E+01 -.18600822E+01
   .19000000E+01 -.19990925E+01
   .19500000E+01 -.21494142E+01
   .20000000E+01 -.23126518E+01
Core Pot   L  =        2.00000   -.38353
  -.30000000E+01  .16906005E+01
  -.29500000E+01  .16748493E+01
  -.29000000E+01  .16589122E+01
  -.28500000E+01  .16427818E+01
  -.28000000E+01  .16264501E+01
  -.27500000E+01  .16099090E+01
  -.27000000E+01  .15931492E+01
  -.26500000E+01  .15761614E+01
  -.26000000E+01  .15589351E+01
  -.25500000E+01  .15414592E+01
  -.25000000E+01  .15237220E+01
  -.24500000E+01  .15057105E+01
  -.24000000E+01  .14874109E+01
  -.23500000E+01  .14688082E+01
  -.23000000E+01  .14498861E+01
  -.22500000E+01  .14306271E+01
  -.22000000E+01  .14110119E+01
  -.21500000E+01  .13910196E+01
  -.21000000E+01  .13706272E+01
  -.20500000E+01  .13498098E+01
  -.20000000E+01  .13285397E+01
  -.19500000E+01  .13067867E+01
  -.19000000E+01  .12845172E+01
  -.18500000E+01  .12616940E+01
  -.18000000E+01  .12382761E+01
  -.17500000E+01  .12142174E+01
  -.17000000E+01  .11894666E+01
  -.16500000E+01  .11639660E+01
  -.16000000E+01  .11376507E+01
  -.15500000E+01  .11104473E+01
  -.15000000E+01  .10822724E+01
  -.14500000E+01  .10530310E+01
  -.14000000E+01  .10226141E+01
  -.13500000E+01  .99089603E+00
  -.13000000E+01  .95773141E+00
  -.12500000E+01  .92295077E+00
  -.12000000E+01  .88635536E+00
  -.11500000E+01  .84771053E+00
  -.11000000E+01  .80673711E+00
  -.10500000E+01  .76310031E+00
  -.10000000E+01  .71639501E+00
  -.95000000E+00  .66612615E+00
  -.90000000E+00  .61168222E+00
  -.85000000E+00  .55229865E+00
  -.80000000E+00  .48700667E+00
  -.75000000E+00  .41455993E+00
  -.70000000E+00  .33332718E+00
  -.65000000E+00  .24113101E+00
  -.60000000E+00  .13499786E+00
  -.55000000E+00  .10757154E-01
  -.50000000E+00 -.13762922E+00
  -.45000000E+00 -.31924465E+00
  -.40000000E+00 -.54841619E+00
  -.35000000E+00 -.84913802E+00
  -.30000000E+00 -.12648822E+01
  -.25000000E+00 -.18834000E+01
  -.20000000E+00 -.29123669E+01
  -.15000000E+00 -.49905887E+01
  -.10000000E+00 -.11514002E+02
  -.50000000E-01  .15959870E+03
  -.22898350E-14  .11803789E+02
   .50000000E-01  .65643891E+01
   .10000000E+00  .47219535E+01
   .15000000E+00  .37744127E+01
   .20000000E+00  .31924529E+01
   .25000000E+00  .27953771E+01
   .30000000E+00  .25046714E+01
   .35000000E+00  .22807198E+01
   .40000000E+00  .21013683E+01
   .45000000E+00  .19532577E+01
   .50000000E+00  .18278517E+01
   .55000000E+00  .17194400E+01
   .60000000E+00  .16240569E+01
   .65000000E+00  .15388618E+01
   .70000000E+00  .14617655E+01
   .75000000E+00  .13911965E+01
   .80000000E+00  .13259493E+01
   .85000000E+00  .12650829E+01
   .90000000E+00  .12078517E+01
   .95000000E+00  .11536563E+01
   .10000000E+01  .11020088E+01
   .10500000E+01  .10525077E+01
   .11000000E+01  .10048187E+01
   .11500000E+01  .95866089E+00
   .12000000E+01  .91379574E+00
   .12500000E+01  .87001906E+00
   .13000000E+01  .82715440E+00
   .13500000E+01  .78504802E+00
   .14000000E+01  .74356481E+00
   .14500000E+01  .70258507E+00
   .15000000E+01  .66200187E+00
   .15500000E+01  .62171889E+00
   .16000000E+01  .58164865E+00
   .16500000E+01  .54171104E+00
   .17000000E+01  .50183210E+00
   .17500000E+01  .46194295E+00
   .18000000E+01  .42197890E+00
   .18500000E+01  .38187869E+00
   .19000000E+01  .34158390E+00
   .19500000E+01  .30103818E+00
   .20000000E+01  .26018691E+00
Potential  L  =        2.00000   -.38353
  -.30000000E+01  .15755976E+01
  -.29500000E+01  .15574656E+01
  -.29000000E+01  .15390741E+01
  -.28500000E+01  .15204129E+01
  -.28000000E+01  .15014711E+01
  -.27500000E+01  .14822372E+01
  -.27000000E+01  .14626989E+01
  -.26500000E+01  .14428432E+01
  -.26000000E+01  .14226561E+01
  -.25500000E+01  .14021228E+01
  -.25000000E+01  .13812277E+01
  -.24500000E+01  .13599537E+01
  -.24000000E+01  .13382830E+01
  -.23500000E+01  .13161963E+01
  -.23000000E+01  .12936728E+01
  -.22500000E+01  .12706904E+01
  -.22000000E+01  .12472252E+01
  -.21500000E+01  .12232516E+01
  -.21000000E+01  .11987419E+01
  -.20500000E+01  .11736661E+01
  -.20000000E+01  .11479921E+01
  -.19500000E+01  .11216847E+01
  -.19000000E+01  .10947061E+01
  -.18500000E+01  .10670149E+01
  -.18000000E+01  .10385661E+01
  -.17500000E+01  .10093108E+01
  -.17000000E+01  .97919510E+00
  -.16500000E+01  .94816035E+00
  -.16000000E+01  .91614192E+00
  -.15500000E+01  .88306867E+00
  -.15000000E+01  .84886213E+00
  -.14500000E+01  .81343544E+00
  -.14000000E+01  .77669223E+00
  -.13500000E+01  .73852527E+00
  -.13000000E+01  .69881483E+00
  -.12500000E+01  .65742692E+00
  -.12000000E+01  .61421096E+00
  -.11500000E+01  .56899715E+00
  -.11000000E+01  .52159335E+00
  -.10500000E+01  .47178118E+00
  -.10000000E+01  .41931138E+00
  -.95000000E+00  .36389820E+00
  -.90000000E+00  .30521227E+00
  -.85000000E+00  .24287223E+00
  -.80000000E+00  .17643366E+00
  -.75000000E+00  .10537568E+00
  -.70000000E+00  .29083661E-01
  -.65000000E+00 -.53172872E-01
  -.60000000E+00 -.14226901E+00
  -.55000000E+00 -.23926211E+00
  -.50000000E+00 -.34544192E+00
  -.45000000E+00 -.46239824E+00
  -.40000000E+00 -.59211365E+00
  -.35000000E+00 -.73709289E+00
  -.30000000E+00 -.90054704E+00
  -.25000000E+00 -.10866615E+01
  -.20000000E+00 -.13009961E+01
  -.15000000E+00 -.15511000E+01
  -.10000000E+00 -.18474889E+01
  -.50000000E-01 -.22052617E+01
  -.22898350E-14 -.26469029E+01
   .50000000E-01 -.32074287E+01
   .10000000E+00 -.39445313E+01
   .15000000E+00 -.49604826E+01
   .20000000E+00 -.64555053E+01
   .25000000E+00 -.88819580E+01
   .30000000E+00 -.13523590E+02
   .35000000E+00 -.26029209E+02
   .40000000E+00 -.18014896E+03
   .45000000E+00  .39943433E+02
   .50000000E+00  .18637154E+02
   .55000000E+00  .12410418E+02
   .60000000E+00  .94317382E+01
   .65000000E+00  .76809296E+01
   .70000000E+00  .65253868E+01
   .75000000E+00  .57033356E+01
   .80000000E+00  .50868383E+01
   .85000000E+00  .46059536E+01
   .90000000E+00  .42192178E+01
   .95000000E+00  .39004893E+01
   .10000000E+01  .36324691E+01
   .10500000E+01  .34032531E+01
   .11000000E+01  .32043808E+01
   .11500000E+01  .30296734E+01
   .12000000E+01  .28745131E+01
   .12500000E+01  .27353790E+01
   .13000000E+01  .26095394E+01
   .13500000E+01  .24948420E+01
   .14000000E+01  .23895678E+01
   .14500000E+01  .22923272E+01
   .15000000E+01  .22019843E+01
   .15500000E+01  .21176012E+01
   .16000000E+01  .20383966E+01
   .16500000E+01  .19637141E+01
   .17000000E+01  .18929980E+01
   .17500000E+01  .18257747E+01
   .18000000E+01  .17616374E+01
   .18500000E+01  .17002351E+01
   .19000000E+01  .16412625E+01
   .19500000E+01  .15844533E+01
   .20000000E+01  .15295735E+01
Core Pot   L  =        3.00000    .00000
  -.30000000E+01  .19962000E+01
  -.29500000E+01  .19838781E+01
  -.29000000E+01  .19714836E+01
  -.28500000E+01  .19590152E+01
  -.28000000E+01  .19464716E+01
  -.27500000E+01  .19338516E+01
  -.27000000E+01  .19211537E+01
  -.26500000E+01  .19083765E+01
  -.26000000E+01  .18955186E+01
  -.25500000E+01  .18825786E+01
  -.25000000E+01  .18695549E+01
  -.24500000E+01  .18564459E+01
  -.24000000E+01  .18432501E+01
  -.23500000E+01  .18299657E+01
  -.23000000E+01  .18165911E+01
  -.22500000E+01  .18031244E+01
  -.22000000E+01  .17895639E+01
  -.21500000E+01  .17759077E+01
  -.21000000E+01  .17621537E+01
  -.20500000E+01  .17483001E+01
  -.20000000E+01  .17343446E+01
  -.19500000E+01  .17202853E+01
  -.19000000E+01  .17061197E+01
  -.18500000E+01  .16918458E+01
  -.18000000E+01  .16774610E+01
  -.17500000E+01  .16629629E+01
  -.17000000E+01  .16483490E+01
  -.16500000E+01  .16336166E+01
  -.16000000E+01  .16187630E+01
  -.15500000E+01  .16037853E+01
  -.15000000E+01  .15886806E+01
  -.14500000E+01  .15734459E+01
  -.14000000E+01  .15580780E+01
  -.13500000E+01  .15425735E+01
  -.13000000E+01  .15269291E+01
  -.12500000E+01  .15111412E+01
  -.12000000E+01  .14952060E+01
  -.11500000E+01  .14791198E+01
  -.11000000E+01  .14628785E+01
  -.10500000E+01  .14464779E+01
  -.10000000E+01  .14299136E+01
  -.95000000E+00  .14131811E+01
  -.90000000E+00  .13962757E+01
  -.85000000E+00  .13791923E+01
  -.80000000E+00  .13619258E+01
  -.75000000E+00  .13444708E+01
  -.70000000E+00  .13268214E+01
  -.65000000E+00  .13089719E+01
  -.60000000E+00  .12909160E+01
  -.55000000E+00  .12726471E+01
  -.50000000E+00  .12541583E+01
  -.45000000E+00  .12354426E+01
  -.40000000E+00  .12164921E+01
  -.35000000E+00  .11972991E+01
  -.30000000E+00  .11778552E+01
  -.25000000E+00  .11581513E+01
  -.20000000E+00  .11381784E+01
  -.15000000E+00  .11179265E+01
  -.10000000E+00  .10973852E+01
  -.50000000E-01  .10765436E+01
  -.22898350E-14  .10553900E+01
   .50000000E-01  .10339122E+01
   .10000000E+00  .10120970E+01
   .15000000E+00  .98993069E+00
   .20000000E+00  .96739843E+00
   .25000000E+00  .94448461E+00
   .30000000E+00  .92117253E+00
   .35000000E+00  .89744443E+00
   .40000000E+00  .87328130E+00
   .45000000E+00  .84866285E+00
   .50000000E+00  .82356737E+00
   .55000000E+00  .79797157E+00
   .60000000E+00  .77185047E+00
   .65000000E+00  .74517721E+00
   .70000000E+00  .71792290E+00
   .75000000E+00  .69005636E+00
   .80000000E+00  .66154395E+00
   .85000000E+00  .63234928E+00
   .90000000E+00  .60243290E+00
   .95000000E+00  .57175201E+00
   .10000000E+01  .54026005E+00
   .10500000E+01  .50790626E+00
   .11000000E+01  .47463526E+00
   .11500000E+01  .44038640E+00
   .12000000E+01  .40509318E+00
   .12500000E+01  .36868246E+00
   .13000000E+01  .33107369E+00
   .13500000E+01  .29217778E+00
   .14000000E+01  .25189606E+00
   .14500000E+01  .21011887E+00
   .15000000E+01  .16672399E+00
   .15500000E+01  .12157473E+00
   .16000000E+01  .74517762E-01
   .16500000E+01  .25380405E-01
   .17000000E+01 -.26032513E-01
   .17500000E+01 -.79942478E-01
   .18000000E+01 -.13660194E+00
   .18500000E+01 -.19629993E+00
   .19000000E+01 -.25936906E+00
   .19500000E+01 -.32619399E+00
   .20000000E+01 -.39722222E+00
Potential  L  =        3.00000    .00000
  -.30000000E+01  .19992938E+01
  -.29500000E+01  .19870697E+01
  -.29000000E+01  .19747766E+01
  -.28500000E+01  .19624135E+01
  -.28000000E+01  .19499792E+01
  -.27500000E+01  .19374726E+01
  -.27000000E+01  .19248926E+01
  -.26500000E+01  .19122378E+01
  -.26000000E+01  .18995072E+01
  -.25500000E+01  .18866994E+01
  -.25000000E+01  .18738131E+01
  -.24500000E+01  .18608470E+01
  -.24000000E+01  .18477998E+01
  -.23500000E+01  .18346699E+01
  -.23000000E+01  .18214561E+01
  -.22500000E+01  .18081568E+01
  -.22000000E+01  .17947704E+01
  -.21500000E+01  .17812955E+01
  -.21000000E+01  .17677304E+01
  -.20500000E+01  .17540734E+01
  -.20000000E+01  .17403229E+01
  -.19500000E+01  .17264771E+01
  -.19000000E+01  .17125342E+01
  -.18500000E+01  .16984924E+01
  -.18000000E+01  .16843498E+01
  -.17500000E+01  .16701043E+01
  -.17000000E+01  .16557541E+01
  -.16500000E+01  .16412969E+01
  -.16000000E+01  .16267307E+01
  -.15500000E+01  .16120532E+01
  -.15000000E+01  .15972621E+01
  -.14500000E+01  .15823552E+01
  -.14000000E+01  .15673299E+01
  -.13500000E+01  .15521838E+01
  -.13000000E+01  .15369143E+01
  -.12500000E+01  .15215187E+01
  -.12000000E+01  .15059943E+01
  -.11500000E+01  .14903382E+01
  -.11000000E+01  .14745474E+01
  -.10500000E+01  .14586189E+01
  -.10000000E+01  .14425496E+01
  -.95000000E+00  .14263362E+01
  -.90000000E+00  .14099753E+01
  -.85000000E+00  .13934634E+01
  -.80000000E+00  .13767969E+01
  -.75000000E+00  .13599721E+01
  -.70000000E+00  .13429851E+01
  -.65000000E+00  .13258317E+01
  -.60000000E+00  .13085079E+01
  -.55000000E+00  .12910093E+01
  -.50000000E+00  .12733314E+01
  -.45000000E+00  .12554695E+01
  -.40000000E+00  .12374187E+01
  -.35000000E+00  .12191740E+01
  -.30000000E+00  .12007301E+01
  -.25000000E+00  .11820816E+01
  -.20000000E+00  .11632227E+01
  -.15000000E+00  .11441475E+01
  -.10000000E+00  .11248497E+01
  -.50000000E-01  .11053231E+01
  -.22898350E-14  .10855608E+01
   .50000000E-01  .10655558E+01
   .10000000E+00  .10453008E+01
   .15000000E+00  .10247881E+01
   .20000000E+00  .10040098E+01
   .25000000E+00  .98295736E+00
   .30000000E+00  .96162216E+00
   .35000000E+00  .93999500E+00
   .40000000E+00  .91806627E+00
   .45000000E+00  .89582590E+00
   .50000000E+00  .87326332E+00
   .55000000E+00  .85036746E+00
   .60000000E+00  .82712667E+00
   .65000000E+00  .80352872E+00
   .70000000E+00  .77956074E+00
   .75000000E+00  .75520918E+00
   .80000000E+00  .73045979E+00
   .85000000E+00  .70529753E+00
   .90000000E+00  .67970654E+00
   .95000000E+00  .65367009E+00
   .10000000E+01  .62717050E+00
   .10500000E+01  .60018886E+00
   .11000000E+01  .57270578E+00
   .11500000E+01  .54470014E+00
   .12000000E+01  .51614969E+00
   .12500000E+01  .48703088E+00
   .13000000E+01  .45731866E+00
   .13500000E+01  .42698642E+00
   .14000000E+01  .39600583E+00
   .14500000E+01  .36434672E+00
   .15000000E+01  .33197690E+00
   .15500000E+01  .29886201E+00
   .16000000E+01  .26496534E+00
   .16500000E+01  .23024757E+00
   .17000000E+01  .19466659E+00
   .17500000E+01  .15817722E+00
   .18000000E+01  .12073093E+00
   .18500000E+01  .82275504E-01
   .19000000E+01  .42754995E-01
   .19500000E+01  .21081534E-02
   .20000000E+01 -.39730296E-01
Core Pot   L  =        4.00000    .00000
  -.30000000E+01  .23068435E+01
  -.29500000E+01  .22963755E+01
  -.29000000E+01  .22858648E+01
  -.28500000E+01  .22753108E+01
  -.28000000E+01  .22647130E+01
  -.27500000E+01  .22540709E+01
  -.27000000E+01  .22433840E+01
  -.26500000E+01  .22326518E+01
  -.26000000E+01  .22218737E+01
  -.25500000E+01  .22110493E+01
  -.25000000E+01  .22001778E+01
  -.24500000E+01  .21892589E+01
  -.24000000E+01  .21782918E+01
  -.23500000E+01  .21672760E+01
  -.23000000E+01  .21562110E+01
  -.22500000E+01  .21450960E+01
  -.22000000E+01  .21339305E+01
  -.21500000E+01  .21227139E+01
  -.21000000E+01  .21114454E+01
  -.20500000E+01  .21001244E+01
  -.20000000E+01  .20887503E+01
  -.19500000E+01  .20773223E+01
  -.19000000E+01  .20658399E+01
  -.18500000E+01  .20543021E+01
  -.18000000E+01  .20427084E+01
  -.17500000E+01  .20310579E+01
  -.17000000E+01  .20193499E+01
  -.16500000E+01  .20075837E+01
  -.16000000E+01  .19957583E+01
  -.15500000E+01  .19838731E+01
  -.15000000E+01  .19719272E+01
  -.14500000E+01  .19599198E+01
  -.14000000E+01  .19478499E+01
  -.13500000E+01  .19357167E+01
  -.13000000E+01  .19235192E+01
  -.12500000E+01  .19112567E+01
  -.12000000E+01  .18989281E+01
  -.11500000E+01  .18865324E+01
  -.11000000E+01  .18740687E+01
  -.10500000E+01  .18615360E+01
  -.10000000E+01  .18489332E+01
  -.95000000E+00  .18362592E+01
  -.90000000E+00  .18235131E+01
  -.85000000E+00  .18106936E+01
  -.80000000E+00  .17977996E+01
  -.75000000E+00  .17848301E+01
  -.70000000E+00  .17717837E+01
  -.65000000E+00  .17586593E+01
  -.60000000E+00  .17454557E+01
  -.55000000E+00  .17321715E+01
  -.50000000E+00  .17188054E+01
  -.45000000E+00  .17053562E+01
  -.40000000E+00  .16918223E+01
  -.35000000E+00  .16782025E+01
  -.30000000E+00  .16644952E+01
  -.25000000E+00  .16506990E+01
  -.20000000E+00  .16368124E+01
  -.15000000E+00  .16228337E+01
  -.10000000E+00  .16087615E+01
  -.50000000E-01  .15945939E+01
  -.22898350E-14  .15803294E+01
   .50000000E-01  .15659662E+01
   .10000000E+00  .15515026E+01
   .15000000E+00  .15369366E+01
   .20000000E+00  .15222663E+01
   .25000000E+00  .15074900E+01
   .30000000E+00  .14926055E+01
   .35000000E+00  .14776108E+01
   .40000000E+00  .14625038E+01
   .45000000E+00  .14472823E+01
   .50000000E+00  .14319441E+01
   .55000000E+00  .14164869E+01
   .60000000E+00  .14009083E+01
   .65000000E+00  .13852059E+01
   .70000000E+00  .13693771E+01
   .75000000E+00  .13534194E+01
   .80000000E+00  .13373300E+01
   .85000000E+00  .13211063E+01
   .90000000E+00  .13047454E+01
   .95000000E+00  .12882443E+01
   .10000000E+01  .12716000E+01
   .10500000E+01  .12548094E+01
   .11000000E+01  .12378693E+01
   .11500000E+01  .12207763E+01
   .12000000E+01  .12035269E+01
   .12500000E+01  .11861176E+01
   .13000000E+01  .11685448E+01
   .13500000E+01  .11508045E+01
   .14000000E+01  .11328930E+01
   .14500000E+01  .11148059E+01
   .15000000E+01  .10965392E+01
   .15500000E+01  .10780885E+01
   .16000000E+01  .10594491E+01
   .16500000E+01  .10406165E+01
   .17000000E+01  .10215856E+01
   .17500000E+01  .10023516E+01
   .18000000E+01  .98290899E+00
   .18500000E+01  .96325244E+00
   .19000000E+01  .94337626E+00
   .19500000E+01  .92327456E+00
   .20000000E+01  .90294122E+00
Potential  L  =        4.00000    .00000
  -.30000000E+01  .23074792E+01
  -.29500000E+01  .22970252E+01
  -.29000000E+01  .22865289E+01
  -.28500000E+01  .22759892E+01
  -.28000000E+01  .22654066E+01
  -.27500000E+01  .22547805E+01
  -.27000000E+01  .22441098E+01
  -.26500000E+01  .22333939E+01
  -.26000000E+01  .22226331E+01
  -.25500000E+01  .22118262E+01
  -.25000000E+01  .22009731E+01
  -.24500000E+01  .21900722E+01
  -.24000000E+01  .21791256E+01
  -.23500000E+01  .21681286E+01
  -.23000000E+01  .21570834E+01
  -.22500000E+01  .21459889E+01
  -.22000000E+01  .21348453E+01
  -.21500000E+01  .21236507E+01
  -.21000000E+01  .21124059E+01
  -.20500000E+01  .21011074E+01
  -.20000000E+01  .20897572E+01
  -.19500000E+01  .20783544E+01
  -.19000000E+01  .20668973E+01
  -.18500000E+01  .20553856E+01
  -.18000000E+01  .20438200E+01
  -.17500000E+01  .20321961E+01
  -.17000000E+01  .20205170E+01
  -.16500000E+01  .20087807E+01
  -.16000000E+01  .19969858E+01
  -.15500000E+01  .19851318E+01
  -.15000000E+01  .19732193E+01
  -.14500000E+01  .19612444E+01
  -.14000000E+01  .19492096E+01
  -.13500000E+01  .19371106E+01
  -.13000000E+01  .19249500E+01
  -.12500000E+01  .19127252E+01
  -.12000000E+01  .19004354E+01
  -.11500000E+01  .18880798E+01
  -.11000000E+01  .18756572E+01
  -.10500000E+01  .18631674E+01
  -.10000000E+01  .18506082E+01
  -.95000000E+00  .18379798E+01
  -.90000000E+00  .18252805E+01
  -.85000000E+00  .18125093E+01
  -.80000000E+00  .17996652E+01
  -.75000000E+00  .17867471E+01
  -.70000000E+00  .17737539E+01
  -.65000000E+00  .17606844E+01
  -.60000000E+00  .17475373E+01
  -.55000000E+00  .17343116E+01
  -.50000000E+00  .17210059E+01
  -.45000000E+00  .17076191E+01
  -.40000000E+00  .16941497E+01
  -.35000000E+00  .16805965E+01
  -.30000000E+00  .16669581E+01
  -.25000000E+00  .16532330E+01
  -.20000000E+00  .16394200E+01
  -.15000000E+00  .16255173E+01
  -.10000000E+00  .16115237E+01
  -.50000000E-01  .15974375E+01
  -.22898350E-14  .15832571E+01
   .50000000E-01  .15689809E+01
   .10000000E+00  .15546074E+01
   .15000000E+00  .15401346E+01
   .20000000E+00  .15255609E+01
   .25000000E+00  .15108844E+01
   .30000000E+00  .14961033E+01
   .35000000E+00  .14812158E+01
   .40000000E+00  .14662197E+01
   .45000000E+00  .14511132E+01
   .50000000E+00  .14358941E+01
   .55000000E+00  .14205603E+01
   .60000000E+00  .14051097E+01
   .65000000E+00  .13895399E+01
   .70000000E+00  .13738487E+01
   .75000000E+00  .13580336E+01
   .80000000E+00  .13420923E+01
   .85000000E+00  .13260222E+01
   .90000000E+00  .13098206E+01
   .95000000E+00  .12934850E+01
   .10000000E+01  .12770125E+01
   .10500000E+01  .12604003E+01
   .11000000E+01  .12436455E+01
   .11500000E+01  .12267450E+01
   .12000000E+01  .12096958E+01
   .12500000E+01  .11924945E+01
   .13000000E+01  .11751379E+01
   .13500000E+01  .11576225E+01
   .14000000E+01  .11399449E+01
   .14500000E+01  .11221012E+01
   .15000000E+01  .11040878E+01
   .15500000E+01  .10859007E+01
   .16000000E+01  .10675360E+01
   .16500000E+01  .10489893E+01
   .17000000E+01  .10302565E+01
   .17500000E+01  .10113329E+01
   .18000000E+01  .99221404E+00
   .18500000E+01  .97289503E+00
   .19000000E+01  .95337092E+00
   .19500000E+01  .93363654E+00
   .20000000E+01  .91368656E+00
KBPotential  L  =      2.00000   -.76706
  -.30000000E+01  .16902115E+01
  -.29500000E+01  .16744658E+01
  -.29000000E+01  .16585344E+01
  -.28500000E+01  .16424098E+01
  -.28000000E+01  .16260842E+01
  -.27500000E+01  .16095493E+01
  -.27000000E+01  .15927960E+01
  -.26500000E+01  .15758146E+01
  -.26000000E+01  .15585950E+01
  -.25500000E+01  .15411260E+01
  -.25000000E+01  .15233957E+01
  -.24500000E+01  .15053912E+01
  -.24000000E+01  .14870987E+01
  -.23500000E+01  .14685032E+01
  -.23000000E+01  .14495883E+01
  -.22500000E+01  .14303365E+01
  -.22000000E+01  .14107285E+01
  -.21500000E+01  .13907434E+01
  -.21000000E+01  .13703582E+01
  -.20500000E+01  .13495478E+01
  -.20000000E+01  .13282846E+01
  -.19500000E+01  .13065384E+01
  -.19000000E+01  .12842755E+01
  -.18500000E+01  .12614587E+01
  -.18000000E+01  .12380470E+01
  -.17500000E+01  .12139941E+01
  -.17000000E+01  .11892488E+01
  -.16500000E+01  .11637533E+01
  -.16000000E+01  .11374427E+01
  -.15500000E+01  .11102435E+01
  -.15000000E+01  .10820723E+01
  -.14500000E+01  .10528340E+01
  -.14000000E+01  .10224194E+01
  -.13500000E+01  .99070291E+00
  -.13000000E+01  .95753904E+00
  -.12500000E+01  .92275818E+00
  -.12000000E+01  .88616149E+00
  -.11500000E+01  .84761319E+00
  -.11000000E+01  .80664328E+00
  -.10500000E+01  .76300981E+00
  -.10000000E+01  .71630724E+00
  -.95000000E+00  .66603013E+00
  -.90000000E+00  .61158656E+00
  -.85000000E+00  .55220242E+00
  -.80000000E+00  .48690909E+00
  -.75000000E+00  .41445970E+00
  -.70000000E+00  .33321975E+00
  -.65000000E+00  .24101827E+00
  -.60000000E+00  .13487841E+00
  -.55000000E+00  .10626185E-01
  -.50000000E+00 -.13777056E+00
  -.45000000E+00 -.31939795E+00
  -.40000000E+00 -.54847497E+00
  -.35000000E+00 -.84919420E+00
  -.30000000E+00 -.12649320E+01
  -.25000000E+00 -.18834439E+01
  -.20000000E+00 -.29124047E+01
  -.15000000E+00 -.49906511E+01
  -.10000000E+00 -.11514591E+02
  -.50000000E-01  .15935907E+03
  -.22898350E-14  .11801426E+02
   .50000000E-01  .65632203E+01
   .10000000E+00  .47210623E+01
   .15000000E+00  .37736185E+01
   .20000000E+00  .31916908E+01
   .25000000E+00  .27946155E+01
   .30000000E+00  .25038915E+01
   .35000000E+00  .22799114E+01
   .40000000E+00  .21006174E+01
   .45000000E+00  .19524471E+01
   .50000000E+00  .18269765E+01
   .55000000E+00  .17184962E+01
   .60000000E+00  .16230374E+01
   .65000000E+00  .15377582E+01
   .70000000E+00  .14605727E+01
   .75000000E+00  .13899102E+01
   .80000000E+00  .13245618E+01
   .85000000E+00  .12635873E+01
   .90000000E+00  .12062377E+01
   .95000000E+00  .11519191E+01
   .10000000E+01  .11001405E+01
   .10500000E+01  .10504997E+01
   .11000000E+01  .10026620E+01
   .11500000E+01  .95634602E+00
   .12000000E+01  .91131276E+00
   .12500000E+01  .86735748E+00
   .13000000E+01  .82430315E+00
   .13500000E+01  .78199540E+00
   .14000000E+01  .74029851E+00
   .14500000E+01  .69909208E+00
   .15000000E+01  .65826845E+00
   .15500000E+01  .61773054E+00
   .16000000E+01  .57739005E+00
   .16500000E+01  .53716827E+00
   .17000000E+01  .49698575E+00
   .17500000E+01  .45677499E+00
   .18000000E+01  .41647018E+00
   .18500000E+01  .37600900E+00
   .19000000E+01  .33533174E+00
   .19500000E+01  .29438087E+00
   .20000000E+01  .25310065E+00
KBPotential  L  =       .00000   -.62189
  -.30000000E+01  .14411983E+01
  -.29500000E+01  .14240628E+01
  -.29000000E+01  .14067500E+01
  -.28500000E+01  .13892551E+01
  -.28000000E+01  .13715735E+01
  -.27500000E+01  .13537000E+01
  -.27000000E+01  .13356294E+01
  -.26500000E+01  .13173562E+01
  -.26000000E+01  .12988748E+01
  -.25500000E+01  .12801791E+01
  -.25000000E+01  .12612631E+01
  -.24500000E+01  .12421202E+01
  -.24000000E+01  .12227439E+01
  -.23500000E+01  .12031270E+01
  -.23000000E+01  .11832623E+01
  -.22500000E+01  .11631422E+01
  -.22000000E+01  .11427586E+01
  -.21500000E+01  .11221032E+01
  -.21000000E+01  .11011673E+01
  -.20500000E+01  .10799417E+01
  -.20000000E+01  .10584169E+01
  -.19500000E+01  .10365828E+01
  -.19000000E+01  .10144288E+01
  -.18500000E+01  .99194402E+00
  -.18000000E+01  .96911673E+00
  -.17500000E+01  .94593474E+00
  -.17000000E+01  .92238525E+00
  -.16500000E+01  .89845475E+00
  -.16000000E+01  .87412903E+00
  -.15500000E+01  .84939310E+00
  -.15000000E+01  .82423117E+00
  -.14500000E+01  .79862656E+00
  -.14000000E+01  .77256163E+00
  -.13500000E+01  .74601777E+00
  -.13000000E+01  .71897528E+00
  -.12500000E+01  .69141327E+00
  -.12000000E+01  .66330963E+00
  -.11500000E+01  .63464089E+00
  -.11000000E+01  .60538211E+00
  -.10500000E+01  .57550681E+00
  -.10000000E+01  .54498679E+00
  -.95000000E+00  .51379201E+00
  -.90000000E+00  .48189045E+00
  -.85000000E+00  .44924793E+00
  -.80000000E+00  .41582791E+00
  -.75000000E+00  .38159128E+00
  -.70000000E+00  .34649617E+00
  -.65000000E+00  .31049765E+00
  -.60000000E+00  .27354748E+00
  -.55000000E+00  .23559369E+00
  -.50000000E+00  .19658039E+00
  -.45000000E+00  .15644727E+00
  -.40000000E+00  .11512915E+00
  -.35000000E+00  .72555525E-01
  -.30000000E+00  .28649949E-01
  -.25000000E+00 -.16670573E-01
  -.20000000E+00 -.63496320E-01
  -.15000000E+00 -.11192568E+00
  -.10000000E+00 -.16206610E+00
  -.50000000E-01 -.21403513E+00
  -.22898350E-14 -.26796176E+00
   .50000000E-01 -.32398756E+00
   .10000000E+00 -.38226870E+00
   .15000000E+00 -.44297758E+00
   .20000000E+00 -.50630512E+00
   .25000000E+00 -.57246334E+00
   .30000000E+00 -.64168833E+00
   .35000000E+00 -.71424387E+00
   .40000000E+00 -.79042559E+00
   .45000000E+00 -.87056599E+00
   .50000000E+00 -.95504040E+00
   .55000000E+00 -.10442742E+01
   .60000000E+00 -.11387515E+01
   .65000000E+00 -.12390256E+01
   .70000000E+00 -.13457323E+01
   .75000000E+00 -.14596054E+01
   .80000000E+00 -.15814970E+01
   .85000000E+00 -.17124023E+01
   .90000000E+00 -.18534914E+01
   .95000000E+00 -.20061494E+01
   .10000000E+01 -.21720290E+01
   .10500000E+01 -.23531187E+01
   .11000000E+01 -.25518333E+01
   .11500000E+01 -.27711359E+01
   .12000000E+01 -.30147037E+01
   .12500000E+01 -.32871591E+01
   .13000000E+01 -.35943963E+01
   .13500000E+01 -.39440550E+01
   .14000000E+01 -.43462230E+01
   .14500000E+01 -.48145099E+01
   .15000000E+01 -.53677427E+01
   .15500000E+01 -.60327500E+01
   .16000000E+01 -.68491472E+01
   .16500000E+01 -.78780373E+01
   .17000000E+01 -.92189551E+01
   .17500000E+01 -.11045896E+02
   .18000000E+01 -.13693326E+02
   .18500000E+01 -.17897467E+02
   .19000000E+01 -.25660960E+02
   .19500000E+01 -.45041734E+02
   .20000000E+01 -.18420231E+03
KBPotential  L  =      1.00000   -.40000
  -.30000000E+01  .16564287E+01
  -.29500000E+01  .16413890E+01
  -.29000000E+01  .16262257E+01
  -.28500000E+01  .16109361E+01
  -.28000000E+01  .15955175E+01
  -.27500000E+01  .15799672E+01
  -.27000000E+01  .15642823E+01
  -.26500000E+01  .15484598E+01
  -.26000000E+01  .15324967E+01
  -.25500000E+01  .15163900E+01
  -.25000000E+01  .15001363E+01
  -.24500000E+01  .14837323E+01
  -.24000000E+01  .14671746E+01
  -.23500000E+01  .14504596E+01
  -.23000000E+01  .14335836E+01
  -.22500000E+01  .14165427E+01
  -.22000000E+01  .13993331E+01
  -.21500000E+01  .13819507E+01
  -.21000000E+01  .13643912E+01
  -.20500000E+01  .13466502E+01
  -.20000000E+01  .13287231E+01
  -.19500000E+01  .13106054E+01
  -.19000000E+01  .12922921E+01
  -.18500000E+01  .12737781E+01
  -.18000000E+01  .12550582E+01
  -.17500000E+01  .12361270E+01
  -.17000000E+01  .12169787E+01
  -.16500000E+01  .11976076E+01
  -.16000000E+01  .11780075E+01
  -.15500000E+01  .11581720E+01
  -.15000000E+01  .11380947E+01
  -.14500000E+01  .11177685E+01
  -.14000000E+01  .10971865E+01
  -.13500000E+01  .10763410E+01
  -.13000000E+01  .10552245E+01
  -.12500000E+01  .10338287E+01
  -.12000000E+01  .10121454E+01
  -.11500000E+01  .99016567E+00
  -.11000000E+01  .96788040E+00
  -.10500000E+01  .94528002E+00
  -.10000000E+01  .92235458E+00
  -.95000000E+00  .89909355E+00
  -.90000000E+00  .87548606E+00
  -.85000000E+00  .85152066E+00
  -.80000000E+00  .82718542E+00
  -.75000000E+00  .80246778E+00
  -.70000000E+00  .77735464E+00
  -.65000000E+00  .75183221E+00
  -.60000000E+00  .72588606E+00
  -.55000000E+00  .69950100E+00
  -.50000000E+00  .67266112E+00
  -.45000000E+00  .64534965E+00
  -.40000000E+00  .61754899E+00
  -.35000000E+00  .58924058E+00
  -.30000000E+00  .56040488E+00
  -.25000000E+00  .53102130E+00
  -.20000000E+00  .50106812E+00
  -.15000000E+00  .47052241E+00
  -.10000000E+00  .43935992E+00
  -.50000000E-01  .40755505E+00
  -.22898350E-14  .37508069E+00
   .50000000E-01  .34190812E+00
   .10000000E+00  .30800691E+00
   .15000000E+00  .27334476E+00
   .20000000E+00  .23788745E+00
   .25000000E+00  .20159847E+00
   .30000000E+00  .16443905E+00
   .35000000E+00  .12636790E+00
   .40000000E+00  .87341025E-01
   .45000000E+00  .47311426E-01
   .50000000E+00  .62289127E-02
   .55000000E+00 -.35960211E-01
   .60000000E+00 -.79313440E-01
   .65000000E+00 -.12389242E+00
   .70000000E+00 -.16976333E+00
   .75000000E+00 -.21699733E+00
   .80000000E+00 -.26567099E+00
   .85000000E+00 -.31586686E+00
   .90000000E+00 -.36767406E+00
   .95000000E+00 -.42118893E+00
   .10000000E+01 -.47651583E+00
   .10500000E+01 -.53376791E+00
   .11000000E+01 -.59306816E+00
   .11500000E+01 -.65455043E+00
   .12000000E+01 -.71836073E+00
   .12500000E+01 -.78465857E+00
   .13000000E+01 -.85361868E+00
   .13500000E+01 -.92543280E+00
   .14000000E+01 -.10003119E+01
   .14500000E+01 -.10784886E+01
   .15000000E+01 -.11602203E+01
   .15500000E+01 -.12457925E+01
   .16000000E+01 -.13355229E+01
   .16500000E+01 -.14297669E+01
   .17000000E+01 -.15289238E+01
   .17500000E+01 -.16334456E+01
   .18000000E+01 -.17438502E+01
   .18500000E+01 -.18607446E+01
   .19000000E+01 -.19848802E+01
   .19500000E+01 -.21173497E+01
   .20000000E+01 -.22609903E+01
KBPotential  L  =      3.00000    .00000
  -.30000000E+01  .19992938E+01
  -.29500000E+01  .19870697E+01
  -.29000000E+01  .19747766E+01
  -.28500000E+01  .19624135E+01
  -.28000000E+01  .19499792E+01
  -.27500000E+01  .19374726E+01
  -.27000000E+01  .19248926E+01
  -.26500000E+01  .19122378E+01
  -.26000000E+01  .18995072E+01
  -.25500000E+01  .18866994E+01
  -.25000000E+01  .18738131E+01
  -.24500000E+01  .18608470E+01
  -.24000000E+01  .18477998E+01
  -.23500000E+01  .18346699E+01
  -.23000000E+01  .18214561E+01
  -.22500000E+01  .18081568E+01
  -.22000000E+01  .17947704E+01
  -.21500000E+01  .17812955E+01
  -.21000000E+01  .17677304E+01
  -.20500000E+01  .17540734E+01
  -.20000000E+01  .17403229E+01
  -.19500000E+01  .17264771E+01
  -.19000000E+01  .17125342E+01
  -.18500000E+01  .16984924E+01
  -.18000000E+01  .16843498E+01
  -.17500000E+01  .16701043E+01
  -.17000000E+01  .16557541E+01
  -.16500000E+01  .16412969E+01
  -.16000000E+01  .16267307E+01
  -.15500000E+01  .16120532E+01
  -.15000000E+01  .15972621E+01
  -.14500000E+01  .15823552E+01
  -.14000000E+01  .15673299E+01
  -.13500000E+01  .15521838E+01
  -.13000000E+01  .15369143E+01
  -.12500000E+01  .15215187E+01
  -.12000000E+01  .15059943E+01
  -.11500000E+01  .14903382E+01
  -.11000000E+01  .14745474E+01
  -.10500000E+01  .14586189E+01
  -.10000000E+01  .14425496E+01
  -.95000000E+00  .14263362E+01
  -.90000000E+00  .14099753E+01
  -.85000000E+00  .13934634E+01
  -.80000000E+00  .13767969E+01
  -.75000000E+00  .13599721E+01
  -.70000000E+00  .13429851E+01
  -.65000000E+00  .13258317E+01
  -.60000000E+00  .13085079E+01
  -.55000000E+00  .12910093E+01
  -.50000000E+00  .12733314E+01
  -.45000000E+00  .12554695E+01
  -.40000000E+00  .12374187E+01
  -.35000000E+00  .12191740E+01
  -.30000000E+00  .12007301E+01
  -.25000000E+00  .11820816E+01
  -.20000000E+00  .11632227E+01
  -.15000000E+00  .11441475E+01
  -.10000000E+00  .11248497E+01
  -.50000000E-01  .11053231E+01
  -.22898350E-14  .10855608E+01
   .50000000E-01  .10655558E+01
   .10000000E+00  .10453008E+01
   .15000000E+00  .10247881E+01
   .20000000E+00  .10040098E+01
   .25000000E+00  .98295736E+00
   .30000000E+00  .96162216E+00
   .35000000E+00  .93999500E+00
   .40000000E+00  .91806627E+00
   .45000000E+00  .89582590E+00
   .50000000E+00  .87326332E+00
   .55000000E+00  .85036746E+00
   .60000000E+00  .82712667E+00
   .65000000E+00  .80352872E+00
   .70000000E+00  .77956074E+00
   .75000000E+00  .75520918E+00
   .80000000E+00  .73045979E+00
   .85000000E+00  .70529753E+00
   .90000000E+00  .67970654E+00
   .95000000E+00  .65367009E+00
   .10000000E+01  .62717050E+00
   .10500000E+01  .60018886E+00
   .11000000E+01  .57270578E+00
   .11500000E+01  .54470014E+00
   .12000000E+01  .51614969E+00
   .12500000E+01  .48703088E+00
   .13000000E+01  .45731866E+00
   .13500000E+01  .42698642E+00
   .14000000E+01  .39600583E+00
   .14500000E+01  .36434672E+00
   .15000000E+01  .33197690E+00
   .15500000E+01  .29886201E+00
   .16000000E+01  .26496534E+00
   .16500000E+01  .23024757E+00
   .17000000E+01  .19466659E+00
   .17500000E+01  .15817722E+00
   .18000000E+01  .12073093E+00
   .18500000E+01  .82275504E-01
   .19000000E+01  .42754995E-01
   .19500000E+01  .21081534E-02
   .20000000E+01 -.39730296E-01
KBPotential  L  =      4.00000    .00000
  -.30000000E+01  .23074792E+01
  -.29500000E+01  .22970252E+01
  -.29000000E+01  .22865289E+01
  -.28500000E+01  .22759892E+01
  -.28000000E+01  .22654066E+01
  -.27500000E+01  .22547805E+01
  -.27000000E+01  .22441098E+01
  -.26500000E+01  .22333939E+01
  -.26000000E+01  .22226331E+01
  -.25500000E+01  .22118262E+01
  -.25000000E+01  .22009731E+01
  -.24500000E+01  .21900722E+01
  -.24000000E+01  .21791256E+01
  -.23500000E+01  .21681286E+01
  -.23000000E+01  .21570834E+01
  -.22500000E+01  .21459889E+01
  -.22000000E+01  .21348453E+01
  -.21500000E+01  .21236507E+01
  -.21000000E+01  .21124059E+01
  -.20500000E+01  .21011074E+01
  -.20000000E+01  .20897572E+01
  -.19500000E+01  .20783544E+01
  -.19000000E+01  .20668973E+01
  -.18500000E+01  .20553856E+01
  -.18000000E+01  .20438200E+01
  -.17500000E+01  .20321961E+01
  -.17000000E+01  .20205170E+01
  -.16500000E+01  .20087807E+01
  -.16000000E+01  .19969858E+01
  -.15500000E+01  .19851318E+01
  -.15000000E+01  .19732193E+01
  -.14500000E+01  .19612444E+01
  -.14000000E+01  .19492096E+01
  -.13500000E+01  .19371106E+01
  -.13000000E+01  .19249500E+01
  -.12500000E+01  .19127252E+01
  -.12000000E+01  .19004354E+01
  -.11500000E+01  .18880798E+01
  -.11000000E+01  .18756572E+01
  -.10500000E+01  .18631674E+01
  -.10000000E+01  .18506082E+01
  -.95000000E+00  .18379798E+01
  -.90000000E+00  .18252805E+01
  -.85000000E+00  .18125093E+01
  -.80000000E+00  .17996652E+01
  -.75000000E+00  .17867471E+01
  -.70000000E+00  .17737539E+01
  -.65000000E+00  .17606844E+01
  -.60000000E+00  .17475373E+01
  -.55000000E+00  .17343116E+01
  -.50000000E+00  .17210059E+01
  -.45000000E+00  .17076191E+01
  -.40000000E+00  .16941497E+01
  -.35000000E+00  .16805965E+01
  -.30000000E+00  .16669581E+01
  -.25000000E+00  .16532330E+01
  -.20000000E+00  .16394200E+01
  -.15000000E+00  .16255173E+01
  -.10000000E+00  .16115237E+01
  -.50000000E-01  .15974375E+01
  -.22898350E-14  .15832571E+01
   .50000000E-01  .15689809E+01
   .10000000E+00  .15546074E+01
   .15000000E+00  .15401346E+01
   .20000000E+00  .15255609E+01
   .25000000E+00  .15108844E+01
   .30000000E+00  .14961033E+01
   .35000000E+00  .14812158E+01
   .40000000E+00  .14662197E+01
   .45000000E+00  .14511132E+01
   .50000000E+00  .14358941E+01
   .55000000E+00  .14205603E+01
   .60000000E+00  .14051097E+01
   .65000000E+00  .13895399E+01
   .70000000E+00  .13738487E+01
   .75000000E+00  .13580336E+01
   .80000000E+00  .13420923E+01
   .85000000E+00  .13260222E+01
   .90000000E+00  .13098206E+01
   .95000000E+00  .12934850E+01
   .10000000E+01  .12770125E+01
   .10500000E+01  .12604003E+01
   .11000000E+01  .12436455E+01
   .11500000E+01  .12267450E+01
   .12000000E+01  .12096958E+01
   .12500000E+01  .11924945E+01
   .13000000E+01  .11751379E+01
   .13500000E+01  .11576225E+01
   .14000000E+01  .11399449E+01
   .14500000E+01  .11221012E+01
   .15000000E+01  .11040878E+01
   .15500000E+01  .10859007E+01
   .16000000E+01  .10675360E+01
   .16500000E+01  .10489893E+01
   .17000000E+01  .10302565E+01
   .17500000E+01  .10113329E+01
   .18000000E+01  .99221404E+00
   .18500000E+01  .97289503E+00
   .19000000E+01  .95337092E+00
   .19500000E+01  .93363654E+00
   .20000000E+01  .91368656E+00
