  PAW F                                  
 100
Core Pot   L  =         .00000  -2.19554
  -.20000000E+01 -.17331555E+01
  -.19600000E+01 -.18773639E+01
  -.19200000E+01 -.20321220E+01
  -.18800000E+01 -.21987015E+01
  -.18400000E+01 -.23785878E+01
  -.18000000E+01 -.25735263E+01
  -.17600000E+01 -.27855823E+01
  -.17200000E+01 -.30172172E+01
  -.16800000E+01 -.32713889E+01
  -.16400000E+01 -.35516834E+01
  -.16000000E+01 -.38624905E+01
  -.15600000E+01 -.42092432E+01
  -.15200000E+01 -.45987464E+01
  -.14800000E+01 -.50396396E+01
  -.14400000E+01 -.55430595E+01
  -.14000000E+01 -.61236127E+01
  -.13600000E+01 -.68008416E+01
  -.13200000E+01 -.76015010E+01
  -.12800000E+01 -.85632243E+01
  -.12400000E+01 -.97406777E+01
  -.12000000E+01 -.11216426E+02
  -.11600000E+01 -.13121335E+02
  -.11200000E+01 -.15675936E+02
  -.10800000E+01 -.19283104E+02
  -.10400000E+01 -.24765623E+02
  -.10000000E+01 -.34106044E+02
  -.96000000E+00 -.53602089E+02
  -.92000000E+00 -.11962121E+03
  -.88000000E+00  .62804309E+03
  -.84000000E+00  .89112272E+02
  -.80000000E+00  .48663879E+02
  -.76000000E+00  .33791915E+02
  -.72000000E+00  .26061797E+02
  -.68000000E+00  .21323085E+02
  -.64000000E+00  .18119445E+02
  -.60000000E+00  .15807883E+02
  -.56000000E+00  .14060511E+02
  -.52000000E+00  .12692586E+02
  -.48000000E+00  .11592084E+02
  -.44000000E+00  .10687126E+02
  -.40000000E+00  .99294715E+01
  -.36000000E+00  .92855398E+01
  -.32000000E+00  .87312356E+01
  -.28000000E+00  .82488200E+01
  -.24000000E+00  .78249442E+01
  -.20000000E+00  .74493706E+01
  -.16000000E+00  .71141162E+01
  -.12000000E+00  .68128645E+01
  -.80000000E-01  .65405519E+01
  -.40000000E-01  .62930720E+01
   .12351231E-14  .60670594E+01
   .40000000E-01  .58597301E+01
   .80000000E-01  .56687607E+01
   .12000000E+00  .54921972E+01
   .16000000E+00  .53283843E+01
   .20000000E+00  .51759105E+01
   .24000000E+00  .50335647E+01
   .28000000E+00  .49003019E+01
   .32000000E+00  .47752157E+01
   .36000000E+00  .46575159E+01
   .40000000E+00  .45465107E+01
   .44000000E+00  .44415916E+01
   .48000000E+00  .43422213E+01
   .52000000E+00  .42479238E+01
   .56000000E+00  .41582755E+01
   .60000000E+00  .40728985E+01
   .64000000E+00  .39914545E+01
   .68000000E+00  .39136395E+01
   .72000000E+00  .38391801E+01
   .76000000E+00  .37678293E+01
   .80000000E+00  .36993633E+01
   .84000000E+00  .36335793E+01
   .88000000E+00  .35702928E+01
   .92000000E+00  .35093355E+01
   .96000000E+00  .34505537E+01
   .10000000E+01  .33938068E+01
   .10400000E+01  .33389658E+01
   .10800000E+01  .32859122E+01
   .11200000E+01  .32345368E+01
   .11600000E+01  .31847390E+01
   .12000000E+01  .31364261E+01
   .12400000E+01  .30895120E+01
   .12800000E+01  .30439171E+01
   .13200000E+01  .29995676E+01
   .13600000E+01  .29563948E+01
   .14000000E+01  .29143350E+01
   .14400000E+01  .28733287E+01
   .14800000E+01  .28333204E+01
   .15200000E+01  .27942583E+01
   .15600000E+01  .27560940E+01
   .16000000E+01  .27187821E+01
   .16400000E+01  .26822802E+01
   .16800000E+01  .26465484E+01
   .17200000E+01  .26115493E+01
   .17600000E+01  .25772477E+01
   .18000000E+01  .25436105E+01
   .18400000E+01  .25106064E+01
   .18800000E+01  .24782062E+01
   .19200000E+01  .24463820E+01
   .19600000E+01  .24151077E+01
   .20000000E+01  .23843584E+01
Potential  L  =         .00000  -2.19554
  -.20000000E+01 -.18685355E+01
  -.19600000E+01 -.20562971E+01
  -.19200000E+01 -.22626993E+01
  -.18800000E+01 -.24908104E+01
  -.18400000E+01 -.27444120E+01
  -.18000000E+01 -.30282194E+01
  -.17600000E+01 -.33481888E+01
  -.17200000E+01 -.37119538E+01
  -.16800000E+01 -.41294614E+01
  -.16400000E+01 -.46139193E+01
  -.16000000E+01 -.51832522E+01
  -.15600000E+01 -.58624134E+01
  -.15200000E+01 -.66872048E+01
  -.14800000E+01 -.77108912E+01
  -.14400000E+01 -.90163263E+01
  -.14000000E+01 -.10739812E+02
  -.13600000E+01 -.13122487E+02
  -.13200000E+01 -.16635110E+02
  -.12800000E+01 -.22336779E+02
  -.12400000E+01 -.33211687E+02
  -.12000000E+01 -.62186310E+02
  -.11600000E+01 -.37993345E+03
  -.11200000E+01  .97266952E+02
  -.10800000E+01  .44054805E+02
  -.10400000E+01  .28852605E+02
  -.10000000E+01  .21647673E+02
  -.96000000E+00  .17441063E+02
  -.92000000E+00  .14681740E+02
  -.88000000E+00  .12731121E+02
  -.84000000E+00  .11278130E+02
  -.80000000E+00  .10153098E+02
  -.76000000E+00  .92556109E+01
  -.72000000E+00  .85224494E+01
  -.68000000E+00  .79118244E+01
  -.64000000E+00  .73950065E+01
  -.60000000E+00  .69515941E+01
  -.56000000E+00  .65666995E+01
  -.52000000E+00  .62292043E+01
  -.48000000E+00  .59306372E+01
  -.44000000E+00  .56644306E+01
  -.40000000E+00  .54254143E+01
  -.36000000E+00  .52094626E+01
  -.32000000E+00  .50132430E+01
  -.28000000E+00  .48340344E+01
  -.24000000E+00  .46695933E+01
  -.20000000E+00  .45180530E+01
  -.16000000E+00  .43778479E+01
  -.12000000E+00  .42476550E+01
  -.80000000E-01  .41263489E+01
  -.40000000E-01  .40129658E+01
   .12351231E-14  .39066759E+01
   .40000000E-01  .38067608E+01
   .80000000E-01  .37125951E+01
   .12000000E+00  .36236323E+01
   .16000000E+00  .35393923E+01
   .20000000E+00  .34594503E+01
   .24000000E+00  .33834354E+01
   .28000000E+00  .33110123E+01
   .32000000E+00  .32418845E+01
   .36000000E+00  .31757867E+01
   .40000000E+00  .31124807E+01
   .44000000E+00  .30517524E+01
   .48000000E+00  .29934087E+01
   .52000000E+00  .29372747E+01
   .56000000E+00  .28831921E+01
   .60000000E+00  .28310167E+01
   .64000000E+00  .27806175E+01
   .68000000E+00  .27318728E+01
   .72000000E+00  .26846762E+01
   .76000000E+00  .26389256E+01
   .80000000E+00  .25945290E+01
   .84000000E+00  .25514012E+01
   .88000000E+00  .25094641E+01
   .92000000E+00  .24686454E+01
   .96000000E+00  .24288782E+01
   .10000000E+01  .23901006E+01
   .10400000E+01  .23522553E+01
   .10800000E+01  .23152888E+01
   .11200000E+01  .22791515E+01
   .11600000E+01  .22437971E+01
   .12000000E+01  .22091826E+01
   .12400000E+01  .21752676E+01
   .12800000E+01  .21420144E+01
   .13200000E+01  .21093877E+01
   .13600000E+01  .20773545E+01
   .14000000E+01  .20458837E+01
   .14400000E+01  .20149461E+01
   .14800000E+01  .19845143E+01
   .15200000E+01  .19545624E+01
   .15600000E+01  .19250661E+01
   .16000000E+01  .18960024E+01
   .16400000E+01  .18673495E+01
   .16800000E+01  .18390870E+01
   .17200000E+01  .18111954E+01
   .17600000E+01  .17836563E+01
   .18000000E+01  .17564523E+01
   .18400000E+01  .17295667E+01
   .18800000E+01  .17029840E+01
   .19200000E+01  .16766890E+01
   .19600000E+01  .16506676E+01
   .20000000E+01  .16249063E+01
Core Pot   L  =        1.00000   -.81667
  -.20000000E+01  .70150456E+00
  -.19600000E+01  .67175053E+00
  -.19200000E+01  .64124630E+00
  -.18800000E+01  .60995404E+00
  -.18400000E+01  .57783330E+00
  -.18000000E+01  .54484074E+00
  -.17600000E+01  .51092986E+00
  -.17200000E+01  .47605077E+00
  -.16800000E+01  .44014979E+00
  -.16400000E+01  .40316913E+00
  -.16000000E+01  .36504649E+00
  -.15600000E+01  .32571459E+00
  -.15200000E+01  .28510067E+00
  -.14800000E+01  .24312592E+00
  -.14400000E+01  .19970485E+00
  -.14000000E+01  .15474453E+00
  -.13600000E+01  .10814381E+00
  -.13200000E+01  .59792341E-01
  -.12800000E+01  .95695453E-02
  -.12400000E+01 -.42656630E-01
  -.12000000E+01 -.97031096E-01
  -.11600000E+01 -.15371323E+00
  -.11200000E+01 -.21287873E+00
  -.10800000E+01 -.27472178E+00
  -.10400000E+01 -.33945748E+00
  -.10000000E+01 -.40732486E+00
  -.96000000E+00 -.47859018E+00
  -.92000000E+00 -.55355100E+00
  -.88000000E+00 -.63254092E+00
  -.84000000E+00 -.71593518E+00
  -.80000000E+00 -.80415735E+00
  -.76000000E+00 -.89768746E+00
  -.72000000E+00 -.99707163E+00
  -.68000000E+00 -.11029339E+01
  -.64000000E+00 -.12159908E+01
  -.60000000E+00 -.13370687E+01
  -.56000000E+00 -.14671263E+01
  -.52000000E+00 -.16072816E+01
  -.48000000E+00 -.17588472E+01
  -.44000000E+00 -.19233737E+01
  -.40000000E+00 -.21027069E+01
  -.36000000E+00 -.22990612E+01
  -.32000000E+00 -.25151166E+01
  -.28000000E+00 -.27541477E+01
  -.24000000E+00 -.30201987E+01
  -.20000000E+00 -.33183231E+01
  -.16000000E+00 -.36549200E+01
  -.12000000E+00 -.40382134E+01
  -.80000000E-01 -.44789534E+01
  -.40000000E-01 -.49914662E+01
   .12351231E-14 -.55952759E+01
   .40000000E-01 -.63176982E+01
   .80000000E-01 -.71981567E+01
   .12000000E+00 -.82957283E+01
   .16000000E+00 -.97031342E+01
   .20000000E+00 -.11574665E+02
   .24000000E+00 -.14187462E+02
   .28000000E+00 -.18094168E+02
   .32000000E+00 -.24578496E+02
   .36000000E+00 -.37461448E+02
   .40000000E+00 -.75493386E+02
   .44000000E+00 -.33147020E+04
   .48000000E+00  .82126653E+02
   .52000000E+00  .41285660E+02
   .56000000E+00  .27882628E+02
   .60000000E+00  .21216119E+02
   .64000000E+00  .17224905E+02
   .68000000E+00  .14566003E+02
   .72000000E+00  .12666464E+02
   .76000000E+00  .11240665E+02
   .80000000E+00  .10130264E+02
   .84000000E+00  .92404041E+01
   .88000000E+00  .85107985E+01
   .92000000E+00  .79012949E+01
   .96000000E+00  .73841181E+01
   .10000000E+01  .69394422E+01
   .10400000E+01  .65527364E+01
   .10800000E+01  .62131081E+01
   .11200000E+01  .59122310E+01
   .11600000E+01  .56436315E+01
   .12000000E+01  .54022006E+01
   .12400000E+01  .51838521E+01
   .12800000E+01  .49852791E+01
   .13200000E+01  .48037765E+01
   .13600000E+01  .46371099E+01
   .14000000E+01  .44834179E+01
   .14400000E+01  .43411369E+01
   .14800000E+01  .42089442E+01
   .15200000E+01  .40857130E+01
   .15600000E+01  .39704778E+01
   .16000000E+01  .38624060E+01
   .16400000E+01  .37607764E+01
   .16800000E+01  .36649607E+01
   .17200000E+01  .35744090E+01
   .17600000E+01  .34886384E+01
   .18000000E+01  .34072226E+01
   .18400000E+01  .33297839E+01
   .18800000E+01  .32559867E+01
   .19200000E+01  .31855318E+01
   .19600000E+01  .31181511E+01
   .20000000E+01  .30536042E+01
Potential  L  =        1.00000   -.81667
  -.20000000E+01  .39064922E+00
  -.19600000E+01  .36188847E+00
  -.19200000E+01  .33262374E+00
  -.18800000E+01  .30283817E+00
  -.18400000E+01  .27251413E+00
  -.18000000E+01  .24163315E+00
  -.17600000E+01  .21017593E+00
  -.17200000E+01  .17812220E+00
  -.16800000E+01  .14545075E+00
  -.16400000E+01  .11213932E+00
  -.16000000E+01  .78164548E-01
  -.15600000E+01  .43501898E-01
  -.15200000E+01  .81255944E-02
  -.14800000E+01 -.27991465E-01
  -.14400000E+01 -.64877796E-01
  -.14000000E+01 -.10256342E+00
  -.13600000E+01 -.14107995E+00
  -.13200000E+01 -.18046074E+00
  -.12800000E+01 -.22074096E+00
  -.12400000E+01 -.26195775E+00
  -.12000000E+01 -.30415032E+00
  -.11600000E+01 -.34736018E+00
  -.11200000E+01 -.39163121E+00
  -.10800000E+01 -.43700991E+00
  -.10400000E+01 -.48354556E+00
  -.10000000E+01 -.53129043E+00
  -.96000000E+00 -.58030003E+00
  -.92000000E+00 -.63063336E+00
  -.88000000E+00 -.68235317E+00
  -.84000000E+00 -.73552629E+00
  -.80000000E+00 -.79022396E+00
  -.76000000E+00 -.84652218E+00
  -.72000000E+00 -.90450214E+00
  -.68000000E+00 -.96425065E+00
  -.64000000E+00 -.10258607E+01
  -.60000000E+00 -.10894318E+01
  -.56000000E+00 -.11550710E+01
  -.52000000E+00 -.12228931E+01
  -.48000000E+00 -.12930217E+01
  -.44000000E+00 -.13655901E+01
  -.40000000E+00 -.14407418E+01
  -.36000000E+00 -.15186323E+01
  -.32000000E+00 -.15994295E+01
  -.28000000E+00 -.16833155E+01
  -.24000000E+00 -.17704883E+01
  -.20000000E+00 -.18611627E+01
  -.16000000E+00 -.19555733E+01
  -.12000000E+00 -.20539759E+01
  -.80000000E-01 -.21566504E+01
  -.40000000E-01 -.22639034E+01
   .12351231E-14 -.23760720E+01
   .40000000E-01 -.24935270E+01
   .80000000E-01 -.26166779E+01
   .12000000E+00 -.27459775E+01
   .16000000E+00 -.28819281E+01
   .20000000E+00 -.30250884E+01
   .24000000E+00 -.31760817E+01
   .28000000E+00 -.33356054E+01
   .32000000E+00 -.35044422E+01
   .36000000E+00 -.36834740E+01
   .40000000E+00 -.38736980E+01
   .44000000E+00 -.40762457E+01
   .48000000E+00 -.42924069E+01
   .52000000E+00 -.45236582E+01
   .56000000E+00 -.47716978E+01
   .60000000E+00 -.50384893E+01
   .64000000E+00 -.53263149E+01
   .68000000E+00 -.56378434E+01
   .72000000E+00 -.59762154E+01
   .76000000E+00 -.63451524E+01
   .80000000E+00 -.67490976E+01
   .84000000E+00 -.71933999E+01
   .88000000E+00 -.76845569E+01
   .92000000E+00 -.82305409E+01
   .96000000E+00 -.88412422E+01
   .10000000E+01 -.95290834E+01
   .10400000E+01 -.10309884E+02
   .10800000E+01 -.11204110E+02
   .11200000E+01 -.12238708E+02
   .11600000E+01 -.13449901E+02
   .12000000E+01 -.14887548E+02
   .12400000E+01 -.16622226E+02
   .12800000E+01 -.18757252E+02
   .13200000E+01 -.21450138E+02
   .13600000E+01 -.24953508E+02
   .14000000E+01 -.29699643E+02
   .14400000E+01 -.36494720E+02
   .14800000E+01 -.47034601E+02
   .15200000E+01 -.65599733E+02
   .15600000E+01 -.10700984E+03
   .16000000E+01 -.28099596E+03
   .16400000E+01  .47183870E+03
   .16800000E+01  .12996996E+03
   .17200000E+01  .75931468E+02
   .17600000E+01  .53906593E+02
   .18000000E+01  .41945276E+02
   .18400000E+01  .34431082E+02
   .18800000E+01  .29271377E+02
   .19200000E+01  .25508451E+02
   .19600000E+01  .22641980E+02
   .20000000E+01  .20385106E+02
Core Pot   L  =        2.00000   -.80000
  -.20000000E+01  .19700321E+01
  -.19600000E+01  .19607793E+01
  -.19200000E+01  .19514939E+01
  -.18800000E+01  .19421753E+01
  -.18400000E+01  .19328235E+01
  -.18000000E+01  .19234379E+01
  -.17600000E+01  .19140184E+01
  -.17200000E+01  .19045647E+01
  -.16800000E+01  .18950763E+01
  -.16400000E+01  .18855531E+01
  -.16000000E+01  .18759946E+01
  -.15600000E+01  .18664006E+01
  -.15200000E+01  .18567707E+01
  -.14800000E+01  .18471047E+01
  -.14400000E+01  .18374020E+01
  -.14000000E+01  .18276625E+01
  -.13600000E+01  .18178857E+01
  -.13200000E+01  .18080714E+01
  -.12800000E+01  .17982191E+01
  -.12400000E+01  .17883285E+01
  -.12000000E+01  .17783992E+01
  -.11600000E+01  .17684308E+01
  -.11200000E+01  .17584230E+01
  -.10800000E+01  .17483754E+01
  -.10400000E+01  .17382875E+01
  -.10000000E+01  .17281591E+01
  -.96000000E+00  .17179897E+01
  -.92000000E+00  .17077788E+01
  -.88000000E+00  .16975261E+01
  -.84000000E+00  .16872311E+01
  -.80000000E+00  .16768935E+01
  -.76000000E+00  .16665128E+01
  -.72000000E+00  .16560885E+01
  -.68000000E+00  .16456202E+01
  -.64000000E+00  .16351075E+01
  -.60000000E+00  .16245499E+01
  -.56000000E+00  .16139470E+01
  -.52000000E+00  .16032982E+01
  -.48000000E+00  .15926030E+01
  -.44000000E+00  .15818611E+01
  -.40000000E+00  .15710719E+01
  -.36000000E+00  .15602348E+01
  -.32000000E+00  .15493495E+01
  -.28000000E+00  .15384153E+01
  -.24000000E+00  .15274318E+01
  -.20000000E+00  .15163984E+01
  -.16000000E+00  .15053146E+01
  -.12000000E+00  .14941798E+01
  -.80000000E-01  .14829934E+01
  -.40000000E-01  .14717549E+01
   .12351231E-14  .14604638E+01
   .40000000E-01  .14491194E+01
   .80000000E-01  .14377211E+01
   .12000000E+00  .14262683E+01
   .16000000E+00  .14147604E+01
   .20000000E+00  .14031968E+01
   .24000000E+00  .13915769E+01
   .28000000E+00  .13798999E+01
   .32000000E+00  .13681653E+01
   .36000000E+00  .13563724E+01
   .40000000E+00  .13445204E+01
   .44000000E+00  .13326088E+01
   .48000000E+00  .13206367E+01
   .52000000E+00  .13086035E+01
   .56000000E+00  .12965085E+01
   .60000000E+00  .12843509E+01
   .64000000E+00  .12721299E+01
   .68000000E+00  .12598448E+01
   .72000000E+00  .12474949E+01
   .76000000E+00  .12350792E+01
   .80000000E+00  .12225971E+01
   .84000000E+00  .12100476E+01
   .88000000E+00  .11974301E+01
   .92000000E+00  .11847435E+01
   .96000000E+00  .11719870E+01
   .10000000E+01  .11591598E+01
   .10400000E+01  .11462610E+01
   .10800000E+01  .11332895E+01
   .11200000E+01  .11202446E+01
   .11600000E+01  .11071253E+01
   .12000000E+01  .10939306E+01
   .12400000E+01  .10806595E+01
   .12800000E+01  .10673109E+01
   .13200000E+01  .10538840E+01
   .13600000E+01  .10403776E+01
   .14000000E+01  .10267908E+01
   .14400000E+01  .10131223E+01
   .14800000E+01  .99937111E+00
   .15200000E+01  .98553613E+00
   .15600000E+01  .97161620E+00
   .16000000E+01  .95761013E+00
   .16400000E+01  .94351676E+00
   .16800000E+01  .92933487E+00
   .17200000E+01  .91506321E+00
   .17600000E+01  .90070053E+00
   .18000000E+01  .88624554E+00
   .18400000E+01  .87169693E+00
   .18800000E+01  .85705337E+00
   .19200000E+01  .84231348E+00
   .19600000E+01  .82747587E+00
   .20000000E+01  .81253912E+00
Potential  L  =        2.00000   -.80000
  -.20000000E+01  .19703014E+01
  -.19600000E+01  .19610327E+01
  -.19200000E+01  .19517316E+01
  -.18800000E+01  .19423977E+01
  -.18400000E+01  .19330308E+01
  -.18000000E+01  .19236307E+01
  -.17600000E+01  .19141970E+01
  -.17200000E+01  .19047294E+01
  -.16800000E+01  .18952276E+01
  -.16400000E+01  .18856914E+01
  -.16000000E+01  .18761204E+01
  -.15600000E+01  .18665142E+01
  -.15200000E+01  .18568727E+01
  -.14800000E+01  .18471955E+01
  -.14400000E+01  .18374822E+01
  -.14000000E+01  .18277325E+01
  -.13600000E+01  .18179461E+01
  -.13200000E+01  .18081226E+01
  -.12800000E+01  .17982618E+01
  -.12400000E+01  .17883632E+01
  -.12000000E+01  .17784265E+01
  -.11600000E+01  .17684514E+01
  -.11200000E+01  .17584375E+01
  -.10800000E+01  .17483844E+01
  -.10400000E+01  .17382918E+01
  -.10000000E+01  .17281593E+01
  -.96000000E+00  .17179865E+01
  -.92000000E+00  .17077730E+01
  -.88000000E+00  .16975184E+01
  -.84000000E+00  .16872223E+01
  -.80000000E+00  .16768844E+01
  -.76000000E+00  .16665042E+01
  -.72000000E+00  .16560813E+01
  -.68000000E+00  .16456153E+01
  -.64000000E+00  .16351058E+01
  -.60000000E+00  .16245522E+01
  -.56000000E+00  .16139543E+01
  -.52000000E+00  .16033115E+01
  -.48000000E+00  .15926235E+01
  -.44000000E+00  .15818896E+01
  -.40000000E+00  .15711096E+01
  -.36000000E+00  .15602828E+01
  -.32000000E+00  .15494089E+01
  -.28000000E+00  .15384873E+01
  -.24000000E+00  .15275176E+01
  -.20000000E+00  .15164992E+01
  -.16000000E+00  .15054317E+01
  -.12000000E+00  .14943145E+01
  -.80000000E-01  .14831471E+01
  -.40000000E-01  .14719290E+01
   .12351231E-14  .14606596E+01
   .40000000E-01  .14493384E+01
   .80000000E-01  .14379649E+01
   .12000000E+00  .14265384E+01
   .16000000E+00  .14150584E+01
   .20000000E+00  .14035244E+01
   .24000000E+00  .13919357E+01
   .28000000E+00  .13802917E+01
   .32000000E+00  .13685919E+01
   .36000000E+00  .13568355E+01
   .40000000E+00  .13450220E+01
   .44000000E+00  .13331508E+01
   .48000000E+00  .13212212E+01
   .52000000E+00  .13092325E+01
   .56000000E+00  .12971840E+01
   .60000000E+00  .12850752E+01
   .64000000E+00  .12729052E+01
   .68000000E+00  .12606734E+01
   .72000000E+00  .12483791E+01
   .76000000E+00  .12360216E+01
   .80000000E+00  .12236000E+01
   .84000000E+00  .12111137E+01
   .88000000E+00  .11985619E+01
   .92000000E+00  .11859438E+01
   .96000000E+00  .11732587E+01
   .10000000E+01  .11605056E+01
   .10400000E+01  .11476839E+01
   .10800000E+01  .11347927E+01
   .11200000E+01  .11218311E+01
   .11600000E+01  .11087983E+01
   .12000000E+01  .10956933E+01
   .12400000E+01  .10825154E+01
   .12800000E+01  .10692636E+01
   .13200000E+01  .10559370E+01
   .13600000E+01  .10425346E+01
   .14000000E+01  .10290555E+01
   .14400000E+01  .10154988E+01
   .14800000E+01  .10018634E+01
   .15200000E+01  .98814826E+00
   .15600000E+01  .97435247E+00
   .16000000E+01  .96047494E+00
   .16400000E+01  .94651461E+00
   .16800000E+01  .93247039E+00
   .17200000E+01  .91834119E+00
   .17600000E+01  .90412587E+00
   .18000000E+01  .88982331E+00
   .18400000E+01  .87543232E+00
   .18800000E+01  .86095173E+00
   .19200000E+01  .84638033E+00
   .19600000E+01  .83171687E+00
   .20000000E+01  .81696012E+00
Core Pot   L  =        3.00000    .00000
  -.20000000E+01  .26839312E+01
  -.19600000E+01  .26771197E+01
  -.19200000E+01  .26702947E+01
  -.18800000E+01  .26634564E+01
  -.18400000E+01  .26566045E+01
  -.18000000E+01  .26497390E+01
  -.17600000E+01  .26428598E+01
  -.17200000E+01  .26359670E+01
  -.16800000E+01  .26290603E+01
  -.16400000E+01  .26221398E+01
  -.16000000E+01  .26152054E+01
  -.15600000E+01  .26082569E+01
  -.15200000E+01  .26012944E+01
  -.14800000E+01  .25943176E+01
  -.14400000E+01  .25873267E+01
  -.14000000E+01  .25803215E+01
  -.13600000E+01  .25733019E+01
  -.13200000E+01  .25662678E+01
  -.12800000E+01  .25592192E+01
  -.12400000E+01  .25521560E+01
  -.12000000E+01  .25450781E+01
  -.11600000E+01  .25379854E+01
  -.11200000E+01  .25308779E+01
  -.10800000E+01  .25237555E+01
  -.10400000E+01  .25166181E+01
  -.10000000E+01  .25094656E+01
  -.96000000E+00  .25022979E+01
  -.92000000E+00  .24951150E+01
  -.88000000E+00  .24879167E+01
  -.84000000E+00  .24807030E+01
  -.80000000E+00  .24734739E+01
  -.76000000E+00  .24662291E+01
  -.72000000E+00  .24589687E+01
  -.68000000E+00  .24516926E+01
  -.64000000E+00  .24444006E+01
  -.60000000E+00  .24370926E+01
  -.56000000E+00  .24297687E+01
  -.52000000E+00  .24224286E+01
  -.48000000E+00  .24150724E+01
  -.44000000E+00  .24076998E+01
  -.40000000E+00  .24003109E+01
  -.36000000E+00  .23929055E+01
  -.32000000E+00  .23854836E+01
  -.28000000E+00  .23780450E+01
  -.24000000E+00  .23705896E+01
  -.20000000E+00  .23631174E+01
  -.16000000E+00  .23556283E+01
  -.12000000E+00  .23481221E+01
  -.80000000E-01  .23405988E+01
  -.40000000E-01  .23330583E+01
   .12351231E-14  .23255004E+01
   .40000000E-01  .23179251E+01
   .80000000E-01  .23103322E+01
   .12000000E+00  .23027218E+01
   .16000000E+00  .22950935E+01
   .20000000E+00  .22874475E+01
   .24000000E+00  .22797835E+01
   .28000000E+00  .22721014E+01
   .32000000E+00  .22644012E+01
   .36000000E+00  .22566827E+01
   .40000000E+00  .22489458E+01
   .44000000E+00  .22411904E+01
   .48000000E+00  .22334165E+01
   .52000000E+00  .22256238E+01
   .56000000E+00  .22178124E+01
   .60000000E+00  .22099819E+01
   .64000000E+00  .22021325E+01
   .68000000E+00  .21942639E+01
   .72000000E+00  .21863760E+01
   .76000000E+00  .21784687E+01
   .80000000E+00  .21705419E+01
   .84000000E+00  .21625955E+01
   .88000000E+00  .21546293E+01
   .92000000E+00  .21466432E+01
   .96000000E+00  .21386371E+01
   .10000000E+01  .21306110E+01
   .10400000E+01  .21225645E+01
   .10800000E+01  .21144977E+01
   .11200000E+01  .21064104E+01
   .11600000E+01  .20983025E+01
   .12000000E+01  .20901738E+01
   .12400000E+01  .20820242E+01
   .12800000E+01  .20738536E+01
   .13200000E+01  .20656619E+01
   .13600000E+01  .20574488E+01
   .14000000E+01  .20492143E+01
   .14400000E+01  .20409583E+01
   .14800000E+01  .20326806E+01
   .15200000E+01  .20243810E+01
   .15600000E+01  .20160594E+01
   .16000000E+01  .20077157E+01
   .16400000E+01  .19993498E+01
   .16800000E+01  .19909614E+01
   .17200000E+01  .19825505E+01
   .17600000E+01  .19741168E+01
   .18000000E+01  .19656604E+01
   .18400000E+01  .19571809E+01
   .18800000E+01  .19486782E+01
   .19200000E+01  .19401522E+01
   .19600000E+01  .19316028E+01
   .20000000E+01  .19230297E+01
Potential  L  =        3.00000    .00000
  -.20000000E+01  .26858825E+01
  -.19600000E+01  .26790413E+01
  -.19200000E+01  .26721866E+01
  -.18800000E+01  .26653181E+01
  -.18400000E+01  .26584360E+01
  -.18000000E+01  .26515400E+01
  -.17600000E+01  .26446302E+01
  -.17200000E+01  .26377064E+01
  -.16800000E+01  .26307685E+01
  -.16400000E+01  .26238166E+01
  -.16000000E+01  .26168505E+01
  -.15600000E+01  .26098702E+01
  -.15200000E+01  .26028756E+01
  -.14800000E+01  .25958665E+01
  -.14400000E+01  .25888430E+01
  -.14000000E+01  .25818050E+01
  -.13600000E+01  .25747523E+01
  -.13200000E+01  .25676849E+01
  -.12800000E+01  .25606028E+01
  -.12400000E+01  .25535058E+01
  -.12000000E+01  .25463938E+01
  -.11600000E+01  .25392668E+01
  -.11200000E+01  .25321248E+01
  -.10800000E+01  .25249675E+01
  -.10400000E+01  .25177950E+01
  -.10000000E+01  .25106071E+01
  -.96000000E+00  .25034038E+01
  -.92000000E+00  .24961850E+01
  -.88000000E+00  .24889506E+01
  -.84000000E+00  .24817005E+01
  -.80000000E+00  .24744347E+01
  -.76000000E+00  .24671529E+01
  -.72000000E+00  .24598553E+01
  -.68000000E+00  .24525416E+01
  -.64000000E+00  .24452117E+01
  -.60000000E+00  .24378657E+01
  -.56000000E+00  .24305034E+01
  -.52000000E+00  .24231246E+01
  -.48000000E+00  .24157294E+01
  -.44000000E+00  .24083176E+01
  -.40000000E+00  .24008891E+01
  -.36000000E+00  .23934438E+01
  -.32000000E+00  .23859817E+01
  -.28000000E+00  .23785026E+01
  -.24000000E+00  .23710064E+01
  -.20000000E+00  .23634931E+01
  -.16000000E+00  .23559626E+01
  -.12000000E+00  .23484146E+01
  -.80000000E-01  .23408493E+01
  -.40000000E-01  .23332663E+01
   .12351231E-14  .23256657E+01
   .40000000E-01  .23180474E+01
   .80000000E-01  .23104111E+01
   .12000000E+00  .23027569E+01
   .16000000E+00  .22950847E+01
   .20000000E+00  .22873942E+01
   .24000000E+00  .22796854E+01
   .28000000E+00  .22719583E+01
   .32000000E+00  .22642126E+01
   .36000000E+00  .22564483E+01
   .40000000E+00  .22486653E+01
   .44000000E+00  .22408634E+01
   .48000000E+00  .22330426E+01
   .52000000E+00  .22252027E+01
   .56000000E+00  .22173436E+01
   .60000000E+00  .22094652E+01
   .64000000E+00  .22015674E+01
   .68000000E+00  .21936501E+01
   .72000000E+00  .21857131E+01
   .76000000E+00  .21777563E+01
   .80000000E+00  .21697796E+01
   .84000000E+00  .21617828E+01
   .88000000E+00  .21537660E+01
   .92000000E+00  .21457288E+01
   .96000000E+00  .21376712E+01
   .10000000E+01  .21295931E+01
   .10400000E+01  .21214944E+01
   .10800000E+01  .21133748E+01
   .11200000E+01  .21052344E+01
   .11600000E+01  .20970729E+01
   .12000000E+01  .20888902E+01
   .12400000E+01  .20806861E+01
   .12800000E+01  .20724607E+01
   .13200000E+01  .20642136E+01
   .13600000E+01  .20559448E+01
   .14000000E+01  .20476541E+01
   .14400000E+01  .20393414E+01
   .14800000E+01  .20310065E+01
   .15200000E+01  .20226494E+01
   .15600000E+01  .20142698E+01
   .16000000E+01  .20058676E+01
   .16400000E+01  .19974426E+01
   .16800000E+01  .19889948E+01
   .17200000E+01  .19805239E+01
   .17600000E+01  .19720298E+01
   .18000000E+01  .19635124E+01
   .18400000E+01  .19549714E+01
   .18800000E+01  .19464068E+01
   .19200000E+01  .19378184E+01
   .19600000E+01  .19292060E+01
   .20000000E+01  .19205695E+01
Core Pot   L  =        4.00000    .00000
  -.20000000E+01  .33617826E+01
  -.19600000E+01  .33562884E+01
  -.19200000E+01  .33507882E+01
  -.18800000E+01  .33452804E+01
  -.18400000E+01  .33397651E+01
  -.18000000E+01  .33342419E+01
  -.17600000E+01  .33287136E+01
  -.17200000E+01  .33231769E+01
  -.16800000E+01  .33176313E+01
  -.16400000E+01  .33120801E+01
  -.16000000E+01  .33065213E+01
  -.15600000E+01  .33009566E+01
  -.15200000E+01  .32953830E+01
  -.14800000E+01  .32898021E+01
  -.14400000E+01  .32842134E+01
  -.14000000E+01  .32786177E+01
  -.13600000E+01  .32730124E+01
  -.13200000E+01  .32674015E+01
  -.12800000E+01  .32617844E+01
  -.12400000E+01  .32561582E+01
  -.12000000E+01  .32505243E+01
  -.11600000E+01  .32448827E+01
  -.11200000E+01  .32392336E+01
  -.10800000E+01  .32335765E+01
  -.10400000E+01  .32279118E+01
  -.10000000E+01  .32222396E+01
  -.96000000E+00  .32165594E+01
  -.92000000E+00  .32108697E+01
  -.88000000E+00  .32051738E+01
  -.84000000E+00  .31994716E+01
  -.80000000E+00  .31937597E+01
  -.76000000E+00  .31880403E+01
  -.72000000E+00  .31823127E+01
  -.68000000E+00  .31765772E+01
  -.64000000E+00  .31708318E+01
  -.60000000E+00  .31650802E+01
  -.56000000E+00  .31593224E+01
  -.52000000E+00  .31535545E+01
  -.48000000E+00  .31477784E+01
  -.44000000E+00  .31419942E+01
  -.40000000E+00  .31362016E+01
  -.36000000E+00  .31304013E+01
  -.32000000E+00  .31245924E+01
  -.28000000E+00  .31187735E+01
  -.24000000E+00  .31129500E+01
  -.20000000E+00  .31071159E+01
  -.16000000E+00  .31012737E+01
  -.12000000E+00  .30954233E+01
  -.80000000E-01  .30895639E+01
  -.40000000E-01  .30836963E+01
   .12351231E-14  .30778205E+01
   .40000000E-01  .30719360E+01
   .80000000E-01  .30660427E+01
   .12000000E+00  .30601395E+01
   .16000000E+00  .30542305E+01
   .20000000E+00  .30483113E+01
   .24000000E+00  .30423836E+01
   .28000000E+00  .30364474E+01
   .32000000E+00  .30305020E+01
   .36000000E+00  .30245464E+01
   .40000000E+00  .30185848E+01
   .44000000E+00  .30126134E+01
   .48000000E+00  .30066325E+01
   .52000000E+00  .30006426E+01
   .56000000E+00  .29946442E+01
   .60000000E+00  .29886363E+01
   .64000000E+00  .29826199E+01
   .68000000E+00  .29765943E+01
   .72000000E+00  .29705591E+01
   .76000000E+00  .29645151E+01
   .80000000E+00  .29584618E+01
   .84000000E+00  .29523995E+01
   .88000000E+00  .29463278E+01
   .92000000E+00  .29402468E+01
   .96000000E+00  .29341551E+01
   .10000000E+01  .29280569E+01
   .10400000E+01  .29219479E+01
   .10800000E+01  .29158293E+01
   .11200000E+01  .29097012E+01
   .11600000E+01  .29035641E+01
   .12000000E+01  .28974169E+01
   .12400000E+01  .28912602E+01
   .12800000E+01  .28850938E+01
   .13200000E+01  .28789178E+01
   .13600000E+01  .28727321E+01
   .14000000E+01  .28665367E+01
   .14400000E+01  .28603315E+01
   .14800000E+01  .28541164E+01
   .15200000E+01  .28478917E+01
   .15600000E+01  .28416568E+01
   .16000000E+01  .28354121E+01
   .16400000E+01  .28291576E+01
   .16800000E+01  .28228926E+01
   .17200000E+01  .28166178E+01
   .17600000E+01  .28103328E+01
   .18000000E+01  .28040378E+01
   .18400000E+01  .27977324E+01
   .18800000E+01  .27914170E+01
   .19200000E+01  .27850912E+01
   .19600000E+01  .27787552E+01
   .20000000E+01  .27724090E+01
Potential  L  =        4.00000    .00000
  -.20000000E+01  .33666227E+01
  -.19600000E+01  .33611200E+01
  -.19200000E+01  .33556106E+01
  -.18800000E+01  .33500947E+01
  -.18400000E+01  .33445681E+01
  -.18000000E+01  .33390367E+01
  -.17600000E+01  .33334979E+01
  -.17200000E+01  .33279506E+01
  -.16800000E+01  .33223967E+01
  -.16400000E+01  .33168358E+01
  -.16000000E+01  .33112672E+01
  -.15600000E+01  .33056924E+01
  -.15200000E+01  .33001086E+01
  -.14800000E+01  .32945161E+01
  -.14400000E+01  .32889171E+01
  -.14000000E+01  .32833108E+01
  -.13600000E+01  .32776973E+01
  -.13200000E+01  .32720758E+01
  -.12800000E+01  .32664461E+01
  -.12400000E+01  .32608092E+01
  -.12000000E+01  .32551650E+01
  -.11600000E+01  .32495129E+01
  -.11200000E+01  .32438543E+01
  -.10800000E+01  .32381848E+01
  -.10400000E+01  .32325092E+01
  -.10000000E+01  .32268256E+01
  -.96000000E+00  .32211343E+01
  -.92000000E+00  .32154352E+01
  -.88000000E+00  .32097277E+01
  -.84000000E+00  .32040126E+01
  -.80000000E+00  .31982910E+01
  -.76000000E+00  .31925601E+01
  -.72000000E+00  .31868191E+01
  -.68000000E+00  .31810718E+01
  -.64000000E+00  .31753162E+01
  -.60000000E+00  .31695531E+01
  -.56000000E+00  .31637812E+01
  -.52000000E+00  .31580013E+01
  -.48000000E+00  .31522130E+01
  -.44000000E+00  .31464183E+01
  -.40000000E+00  .31406117E+01
  -.36000000E+00  .31347994E+01
  -.32000000E+00  .31289777E+01
  -.28000000E+00  .31231480E+01
  -.24000000E+00  .31173100E+01
  -.20000000E+00  .31114631E+01
  -.16000000E+00  .31056085E+01
  -.12000000E+00  .30997445E+01
  -.80000000E-01  .30938724E+01
  -.40000000E-01  .30879918E+01
   .12351231E-14  .30821028E+01
   .40000000E-01  .30762048E+01
   .80000000E-01  .30702983E+01
   .12000000E+00  .30643827E+01
   .16000000E+00  .30584588E+01
   .20000000E+00  .30525261E+01
   .24000000E+00  .30465844E+01
   .28000000E+00  .30406339E+01
   .32000000E+00  .30346746E+01
   .36000000E+00  .30287068E+01
   .40000000E+00  .30227293E+01
   .44000000E+00  .30167435E+01
   .48000000E+00  .30107482E+01
   .52000000E+00  .30047455E+01
   .56000000E+00  .29987306E+01
   .60000000E+00  .29927083E+01
   .64000000E+00  .29866767E+01
   .68000000E+00  .29806360E+01
   .72000000E+00  .29745862E+01
   .76000000E+00  .29685269E+01
   .80000000E+00  .29624583E+01
   .84000000E+00  .29563806E+01
   .88000000E+00  .29502934E+01
   .92000000E+00  .29441969E+01
   .96000000E+00  .29380910E+01
   .10000000E+01  .29319756E+01
   .10400000E+01  .29258507E+01
   .10800000E+01  .29197157E+01
   .11200000E+01  .29135716E+01
   .11600000E+01  .29074178E+01
   .12000000E+01  .29012542E+01
   .12400000E+01  .28950812E+01
   .12800000E+01  .28888984E+01
   .13200000E+01  .28827053E+01
   .13600000E+01  .28765029E+01
   .14000000E+01  .28702904E+01
   .14400000E+01  .28640681E+01
   .14800000E+01  .28578358E+01
   .15200000E+01  .28515938E+01
   .15600000E+01  .28453411E+01
   .16000000E+01  .28390788E+01
   .16400000E+01  .28328065E+01
   .16800000E+01  .28265237E+01
   .17200000E+01  .28202309E+01
   .17600000E+01  .28139278E+01
   .18000000E+01  .28076144E+01
   .18400000E+01  .28012907E+01
   .18800000E+01  .27949567E+01
   .19200000E+01  .27886123E+01
   .19600000E+01  .27822574E+01
   .20000000E+01  .27758918E+01
KBPotential  L  =       .00000  -4.39108
  -.20000000E+01 -.17332177E+01
  -.19600000E+01 -.18774374E+01
  -.19200000E+01 -.20322076E+01
  -.18800000E+01 -.21988006E+01
  -.18400000E+01 -.23787017E+01
  -.18000000E+01 -.25736567E+01
  -.17600000E+01 -.27857312E+01
  -.17200000E+01 -.30173870E+01
  -.16800000E+01 -.32715826E+01
  -.16400000E+01 -.35519044E+01
  -.16000000E+01 -.38627433E+01
  -.15600000E+01 -.42095335E+01
  -.15200000E+01 -.45990802E+01
  -.14800000E+01 -.50400266E+01
  -.14400000E+01 -.55435107E+01
  -.14000000E+01 -.61241430E+01
  -.13600000E+01 -.68014711E+01
  -.13200000E+01 -.76022572E+01
  -.12800000E+01 -.85641462E+01
  -.12400000E+01 -.97418224E+01
  -.12000000E+01 -.11217881E+02
  -.11600000E+01 -.13123240E+02
  -.11200000E+01 -.15678534E+02
  -.10800000E+01 -.19286853E+02
  -.10400000E+01 -.24771505E+02
  -.10000000E+01 -.34116622E+02
  -.96000000E+00 -.53626780E+02
  -.92000000E+00 -.11973695E+03
  -.88000000E+00  .62507445E+03
  -.84000000E+00  .89056471E+02
  -.80000000E+00  .48648523E+02
  -.76000000E+00  .33785152E+02
  -.72000000E+00  .26058169E+02
  -.68000000E+00  .21320930E+02
  -.64000000E+00  .18118096E+02
  -.60000000E+00  .15807020E+02
  -.56000000E+00  .14059962E+02
  -.52000000E+00  .12692254E+02
  -.48000000E+00  .11591909E+02
  -.44000000E+00  .10687068E+02
  -.40000000E+00  .99295027E+01
  -.36000000E+00  .92856424E+01
  -.32000000E+00  .87313966E+01
  -.28000000E+00  .82490297E+01
  -.24000000E+00  .78251956E+01
  -.20000000E+00  .74496584E+01
  -.16000000E+00  .71144363E+01
  -.12000000E+00  .68132139E+01
  -.80000000E-01  .65409281E+01
  -.40000000E-01  .62934733E+01
   .12351231E-14  .60674844E+01
   .40000000E-01  .58601777E+01
   .80000000E-01  .56692300E+01
   .12000000E+00  .54926876E+01
   .16000000E+00  .53288955E+01
   .20000000E+00  .51764421E+01
   .24000000E+00  .50341165E+01
   .28000000E+00  .49008739E+01
   .32000000E+00  .47758077E+01
   .36000000E+00  .46581282E+01
   .40000000E+00  .45471433E+01
   .44000000E+00  .44422446E+01
   .48000000E+00  .43428950E+01
   .52000000E+00  .42486183E+01
   .56000000E+00  .41589912E+01
   .60000000E+00  .40736356E+01
   .64000000E+00  .39922133E+01
   .68000000E+00  .39144205E+01
   .72000000E+00  .38399835E+01
   .76000000E+00  .37686555E+01
   .80000000E+00  .37002128E+01
   .84000000E+00  .36344524E+01
   .88000000E+00  .35711900E+01
   .92000000E+00  .35102572E+01
   .96000000E+00  .34515004E+01
   .10000000E+01  .33947790E+01
   .10400000E+01  .33399639E+01
   .10800000E+01  .32869367E+01
   .11200000E+01  .32355882E+01
   .11600000E+01  .31858179E+01
   .12000000E+01  .31375329E+01
   .12400000E+01  .30906472E+01
   .12800000E+01  .30446352E+01
   .13200000E+01  .30003182E+01
   .13600000E+01  .29571783E+01
   .14000000E+01  .29151518E+01
   .14400000E+01  .28741793E+01
   .14800000E+01  .28342051E+01
   .15200000E+01  .27951777E+01
   .15600000E+01  .27570485E+01
   .16000000E+01  .27197722E+01
   .16400000E+01  .26833065E+01
   .16800000E+01  .26476113E+01
   .17200000E+01  .26126494E+01
   .17600000E+01  .25783855E+01
   .18000000E+01  .25447866E+01
   .18400000E+01  .25118214E+01
   .18800000E+01  .24794606E+01
   .19200000E+01  .24476765E+01
   .19600000E+01  .24164428E+01
   .20000000E+01  .23857348E+01
KBPotential  L  =      1.00000  -1.63333
  -.20000000E+01  .70140723E+00
  -.19600000E+01  .67163006E+00
  -.19200000E+01  .64110337E+00
  -.18800000E+01  .60978934E+00
  -.18400000E+01  .57764752E+00
  -.18000000E+01  .54463459E+00
  -.17600000E+01  .51070408E+00
  -.17200000E+01  .47580608E+00
  -.16800000E+01  .43988692E+00
  -.16400000E+01  .40288885E+00
  -.16000000E+01  .36474955E+00
  -.15600000E+01  .32540176E+00
  -.15200000E+01  .28477273E+00
  -.14800000E+01  .24278366E+00
  -.14400000E+01  .19934907E+00
  -.14000000E+01  .15437603E+00
  -.13600000E+01  .10776340E+00
  -.13200000E+01  .59400847E-01
  -.12800000E+01  .91677869E-02
  -.12400000E+01 -.43067824E-01
  -.12000000E+01 -.97450891E-01
  -.11600000E+01 -.15414079E+00
  -.11200000E+01 -.21331322E+00
  -.10800000E+01 -.27516235E+00
  -.10400000E+01 -.33990331E+00
  -.10000000E+01 -.40777510E+00
  -.96000000E+00 -.47904401E+00
  -.92000000E+00 -.55400760E+00
  -.88000000E+00 -.63299947E+00
  -.84000000E+00 -.71639487E+00
  -.80000000E+00 -.80461741E+00
  -.76000000E+00 -.89814711E+00
  -.72000000E+00 -.99753014E+00
  -.68000000E+00 -.11033906E+01
  -.64000000E+00 -.12164449E+01
  -.60000000E+00 -.13375196E+01
  -.56000000E+00 -.14675733E+01
  -.52000000E+00 -.16077243E+01
  -.48000000E+00 -.17592850E+01
  -.44000000E+00 -.19238062E+01
  -.40000000E+00 -.21031337E+01
  -.36000000E+00 -.22994819E+01
  -.32000000E+00 -.25155310E+01
  -.28000000E+00 -.27545556E+01
  -.24000000E+00 -.30205999E+01
  -.20000000E+00 -.33187176E+01
  -.16000000E+00 -.36553075E+01
  -.12000000E+00 -.40385936E+01
  -.80000000E-01 -.44793256E+01
  -.40000000E-01 -.49918288E+01
   .12351231E-14 -.55956262E+01
   .40000000E-01 -.63180309E+01
   .80000000E-01 -.71984616E+01
   .12000000E+00 -.82959864E+01
   .16000000E+00 -.97033080E+01
   .20000000E+00 -.11574679E+02
   .24000000E+00 -.14187149E+02
   .28000000E+00 -.18093128E+02
   .32000000E+00 -.24575584E+02
   .36000000E+00 -.37452269E+02
   .40000000E+00 -.75445606E+02
   .44000000E+00 -.32041825E+04
   .48000000E+00  .82211980E+02
   .52000000E+00  .41311460E+02
   .56000000E+00  .27896562E+02
   .60000000E+00  .21225595E+02
   .64000000E+00  .17232191E+02
   .68000000E+00  .14572047E+02
   .72000000E+00  .12671738E+02
   .76000000E+00  .11245436E+02
   .80000000E+00  .10134695E+02
   .84000000E+00  .92446040E+01
   .88000000E+00  .85148414E+01
   .92000000E+00  .79052347E+01
   .96000000E+00  .73879953E+01
   .10000000E+01  .69432882E+01
   .10400000E+01  .65565761E+01
   .10800000E+01  .62169618E+01
   .11200000E+01  .59161156E+01
   .11600000E+01  .56475616E+01
   .12000000E+01  .54061886E+01
   .12400000E+01  .51879092E+01
   .12800000E+01  .49894151E+01
   .13200000E+01  .48080004E+01
   .13600000E+01  .46414301E+01
   .14000000E+01  .44878420E+01
   .14400000E+01  .43456722E+01
   .14800000E+01  .42135975E+01
   .15200000E+01  .40904910E+01
   .15600000E+01  .39753868E+01
   .16000000E+01  .38674522E+01
   .16400000E+01  .37659658E+01
   .16800000E+01  .36702991E+01
   .17200000E+01  .35799023E+01
   .17600000E+01  .34942923E+01
   .18000000E+01  .34130427E+01
   .18400000E+01  .33357759E+01
   .18800000E+01  .32621563E+01
   .19200000E+01  .31918846E+01
   .19600000E+01  .31246927E+01
   .20000000E+01  .30603404E+01
KBPotential  L  =      2.00000    .00000
  -.20000000E+01  .19703014E+01
  -.19600000E+01  .19610327E+01
  -.19200000E+01  .19517316E+01
  -.18800000E+01  .19423977E+01
  -.18400000E+01  .19330308E+01
  -.18000000E+01  .19236307E+01
  -.17600000E+01  .19141970E+01
  -.17200000E+01  .19047294E+01
  -.16800000E+01  .18952276E+01
  -.16400000E+01  .18856914E+01
  -.16000000E+01  .18761204E+01
  -.15600000E+01  .18665142E+01
  -.15200000E+01  .18568727E+01
  -.14800000E+01  .18471955E+01
  -.14400000E+01  .18374822E+01
  -.14000000E+01  .18277325E+01
  -.13600000E+01  .18179461E+01
  -.13200000E+01  .18081226E+01
  -.12800000E+01  .17982618E+01
  -.12400000E+01  .17883632E+01
  -.12000000E+01  .17784265E+01
  -.11600000E+01  .17684514E+01
  -.11200000E+01  .17584375E+01
  -.10800000E+01  .17483844E+01
  -.10400000E+01  .17382918E+01
  -.10000000E+01  .17281593E+01
  -.96000000E+00  .17179865E+01
  -.92000000E+00  .17077730E+01
  -.88000000E+00  .16975184E+01
  -.84000000E+00  .16872223E+01
  -.80000000E+00  .16768844E+01
  -.76000000E+00  .16665042E+01
  -.72000000E+00  .16560813E+01
  -.68000000E+00  .16456153E+01
  -.64000000E+00  .16351058E+01
  -.60000000E+00  .16245522E+01
  -.56000000E+00  .16139543E+01
  -.52000000E+00  .16033115E+01
  -.48000000E+00  .15926235E+01
  -.44000000E+00  .15818896E+01
  -.40000000E+00  .15711096E+01
  -.36000000E+00  .15602828E+01
  -.32000000E+00  .15494089E+01
  -.28000000E+00  .15384873E+01
  -.24000000E+00  .15275176E+01
  -.20000000E+00  .15164992E+01
  -.16000000E+00  .15054317E+01
  -.12000000E+00  .14943145E+01
  -.80000000E-01  .14831471E+01
  -.40000000E-01  .14719290E+01
   .12351231E-14  .14606596E+01
   .40000000E-01  .14493384E+01
   .80000000E-01  .14379649E+01
   .12000000E+00  .14265384E+01
   .16000000E+00  .14150584E+01
   .20000000E+00  .14035244E+01
   .24000000E+00  .13919357E+01
   .28000000E+00  .13802917E+01
   .32000000E+00  .13685919E+01
   .36000000E+00  .13568355E+01
   .40000000E+00  .13450220E+01
   .44000000E+00  .13331508E+01
   .48000000E+00  .13212212E+01
   .52000000E+00  .13092325E+01
   .56000000E+00  .12971840E+01
   .60000000E+00  .12850752E+01
   .64000000E+00  .12729052E+01
   .68000000E+00  .12606734E+01
   .72000000E+00  .12483791E+01
   .76000000E+00  .12360216E+01
   .80000000E+00  .12236000E+01
   .84000000E+00  .12111137E+01
   .88000000E+00  .11985619E+01
   .92000000E+00  .11859438E+01
   .96000000E+00  .11732587E+01
   .10000000E+01  .11605056E+01
   .10400000E+01  .11476839E+01
   .10800000E+01  .11347927E+01
   .11200000E+01  .11218311E+01
   .11600000E+01  .11087983E+01
   .12000000E+01  .10956933E+01
   .12400000E+01  .10825154E+01
   .12800000E+01  .10692636E+01
   .13200000E+01  .10559370E+01
   .13600000E+01  .10425346E+01
   .14000000E+01  .10290555E+01
   .14400000E+01  .10154988E+01
   .14800000E+01  .10018634E+01
   .15200000E+01  .98814826E+00
   .15600000E+01  .97435247E+00
   .16000000E+01  .96047494E+00
   .16400000E+01  .94651461E+00
   .16800000E+01  .93247039E+00
   .17200000E+01  .91834119E+00
   .17600000E+01  .90412587E+00
   .18000000E+01  .88982331E+00
   .18400000E+01  .87543232E+00
   .18800000E+01  .86095173E+00
   .19200000E+01  .84638033E+00
   .19600000E+01  .83171687E+00
   .20000000E+01  .81696012E+00
KBPotential  L  =      3.00000    .00000
  -.20000000E+01  .26858825E+01
  -.19600000E+01  .26790413E+01
  -.19200000E+01  .26721866E+01
  -.18800000E+01  .26653181E+01
  -.18400000E+01  .26584360E+01
  -.18000000E+01  .26515400E+01
  -.17600000E+01  .26446302E+01
  -.17200000E+01  .26377064E+01
  -.16800000E+01  .26307685E+01
  -.16400000E+01  .26238166E+01
  -.16000000E+01  .26168505E+01
  -.15600000E+01  .26098702E+01
  -.15200000E+01  .26028756E+01
  -.14800000E+01  .25958665E+01
  -.14400000E+01  .25888430E+01
  -.14000000E+01  .25818050E+01
  -.13600000E+01  .25747523E+01
  -.13200000E+01  .25676849E+01
  -.12800000E+01  .25606028E+01
  -.12400000E+01  .25535058E+01
  -.12000000E+01  .25463938E+01
  -.11600000E+01  .25392668E+01
  -.11200000E+01  .25321248E+01
  -.10800000E+01  .25249675E+01
  -.10400000E+01  .25177950E+01
  -.10000000E+01  .25106071E+01
  -.96000000E+00  .25034038E+01
  -.92000000E+00  .24961850E+01
  -.88000000E+00  .24889506E+01
  -.84000000E+00  .24817005E+01
  -.80000000E+00  .24744347E+01
  -.76000000E+00  .24671529E+01
  -.72000000E+00  .24598553E+01
  -.68000000E+00  .24525416E+01
  -.64000000E+00  .24452117E+01
  -.60000000E+00  .24378657E+01
  -.56000000E+00  .24305034E+01
  -.52000000E+00  .24231246E+01
  -.48000000E+00  .24157294E+01
  -.44000000E+00  .24083176E+01
  -.40000000E+00  .24008891E+01
  -.36000000E+00  .23934438E+01
  -.32000000E+00  .23859817E+01
  -.28000000E+00  .23785026E+01
  -.24000000E+00  .23710064E+01
  -.20000000E+00  .23634931E+01
  -.16000000E+00  .23559626E+01
  -.12000000E+00  .23484146E+01
  -.80000000E-01  .23408493E+01
  -.40000000E-01  .23332663E+01
   .12351231E-14  .23256657E+01
   .40000000E-01  .23180474E+01
   .80000000E-01  .23104111E+01
   .12000000E+00  .23027569E+01
   .16000000E+00  .22950847E+01
   .20000000E+00  .22873942E+01
   .24000000E+00  .22796854E+01
   .28000000E+00  .22719583E+01
   .32000000E+00  .22642126E+01
   .36000000E+00  .22564483E+01
   .40000000E+00  .22486653E+01
   .44000000E+00  .22408634E+01
   .48000000E+00  .22330426E+01
   .52000000E+00  .22252027E+01
   .56000000E+00  .22173436E+01
   .60000000E+00  .22094652E+01
   .64000000E+00  .22015674E+01
   .68000000E+00  .21936501E+01
   .72000000E+00  .21857131E+01
   .76000000E+00  .21777563E+01
   .80000000E+00  .21697796E+01
   .84000000E+00  .21617828E+01
   .88000000E+00  .21537660E+01
   .92000000E+00  .21457288E+01
   .96000000E+00  .21376712E+01
   .10000000E+01  .21295931E+01
   .10400000E+01  .21214944E+01
   .10800000E+01  .21133748E+01
   .11200000E+01  .21052344E+01
   .11600000E+01  .20970729E+01
   .12000000E+01  .20888902E+01
   .12400000E+01  .20806861E+01
   .12800000E+01  .20724607E+01
   .13200000E+01  .20642136E+01
   .13600000E+01  .20559448E+01
   .14000000E+01  .20476541E+01
   .14400000E+01  .20393414E+01
   .14800000E+01  .20310065E+01
   .15200000E+01  .20226494E+01
   .15600000E+01  .20142698E+01
   .16000000E+01  .20058676E+01
   .16400000E+01  .19974426E+01
   .16800000E+01  .19889948E+01
   .17200000E+01  .19805239E+01
   .17600000E+01  .19720298E+01
   .18000000E+01  .19635124E+01
   .18400000E+01  .19549714E+01
   .18800000E+01  .19464068E+01
   .19200000E+01  .19378184E+01
   .19600000E+01  .19292060E+01
   .20000000E+01  .19205695E+01
KBPotential  L  =      4.00000    .00000
  -.20000000E+01  .33666227E+01
  -.19600000E+01  .33611200E+01
  -.19200000E+01  .33556106E+01
  -.18800000E+01  .33500947E+01
  -.18400000E+01  .33445681E+01
  -.18000000E+01  .33390367E+01
  -.17600000E+01  .33334979E+01
  -.17200000E+01  .33279506E+01
  -.16800000E+01  .33223967E+01
  -.16400000E+01  .33168358E+01
  -.16000000E+01  .33112672E+01
  -.15600000E+01  .33056924E+01
  -.15200000E+01  .33001086E+01
  -.14800000E+01  .32945161E+01
  -.14400000E+01  .32889171E+01
  -.14000000E+01  .32833108E+01
  -.13600000E+01  .32776973E+01
  -.13200000E+01  .32720758E+01
  -.12800000E+01  .32664461E+01
  -.12400000E+01  .32608092E+01
  -.12000000E+01  .32551650E+01
  -.11600000E+01  .32495129E+01
  -.11200000E+01  .32438543E+01
  -.10800000E+01  .32381848E+01
  -.10400000E+01  .32325092E+01
  -.10000000E+01  .32268256E+01
  -.96000000E+00  .32211343E+01
  -.92000000E+00  .32154352E+01
  -.88000000E+00  .32097277E+01
  -.84000000E+00  .32040126E+01
  -.80000000E+00  .31982910E+01
  -.76000000E+00  .31925601E+01
  -.72000000E+00  .31868191E+01
  -.68000000E+00  .31810718E+01
  -.64000000E+00  .31753162E+01
  -.60000000E+00  .31695531E+01
  -.56000000E+00  .31637812E+01
  -.52000000E+00  .31580013E+01
  -.48000000E+00  .31522130E+01
  -.44000000E+00  .31464183E+01
  -.40000000E+00  .31406117E+01
  -.36000000E+00  .31347994E+01
  -.32000000E+00  .31289777E+01
  -.28000000E+00  .31231480E+01
  -.24000000E+00  .31173100E+01
  -.20000000E+00  .31114631E+01
  -.16000000E+00  .31056085E+01
  -.12000000E+00  .30997445E+01
  -.80000000E-01  .30938724E+01
  -.40000000E-01  .30879918E+01
   .12351231E-14  .30821028E+01
   .40000000E-01  .30762048E+01
   .80000000E-01  .30702983E+01
   .12000000E+00  .30643827E+01
   .16000000E+00  .30584588E+01
   .20000000E+00  .30525261E+01
   .24000000E+00  .30465844E+01
   .28000000E+00  .30406339E+01
   .32000000E+00  .30346746E+01
   .36000000E+00  .30287068E+01
   .40000000E+00  .30227293E+01
   .44000000E+00  .30167435E+01
   .48000000E+00  .30107482E+01
   .52000000E+00  .30047455E+01
   .56000000E+00  .29987306E+01
   .60000000E+00  .29927083E+01
   .64000000E+00  .29866767E+01
   .68000000E+00  .29806360E+01
   .72000000E+00  .29745862E+01
   .76000000E+00  .29685269E+01
   .80000000E+00  .29624583E+01
   .84000000E+00  .29563806E+01
   .88000000E+00  .29502934E+01
   .92000000E+00  .29441969E+01
   .96000000E+00  .29380910E+01
   .10000000E+01  .29319756E+01
   .10400000E+01  .29258507E+01
   .10800000E+01  .29197157E+01
   .11200000E+01  .29135716E+01
   .11600000E+01  .29074178E+01
   .12000000E+01  .29012542E+01
   .12400000E+01  .28950812E+01
   .12800000E+01  .28888984E+01
   .13200000E+01  .28827053E+01
   .13600000E+01  .28765029E+01
   .14000000E+01  .28702904E+01
   .14400000E+01  .28640681E+01
   .14800000E+01  .28578358E+01
   .15200000E+01  .28515938E+01
   .15600000E+01  .28453411E+01
   .16000000E+01  .28390788E+01
   .16400000E+01  .28328065E+01
   .16800000E+01  .28265237E+01
   .17200000E+01  .28202309E+01
   .17600000E+01  .28139278E+01
   .18000000E+01  .28076144E+01
   .18400000E+01  .28012907E+01
   .18800000E+01  .27949567E+01
   .19200000E+01  .27886123E+01
   .19600000E+01  .27822574E+01
   .20000000E+01  .27758918E+01
